### Run with WimpAnn version = wimpann-2.08                            
###   Using Pythia version   = Pythia 6.400    
###   Using nusigma version  = nusigma-1.15-pyr                        
###   Using DarkSUSY version = ds-4.1.6                                
###   WimpAnn run started at date 2007-09-10; time 17:02:00
### Neutrino oscillation parameters
#      theta_12 =  0.00000000E+00
#      theta_13 =  0.00000000E+00
#      theta_23 =  0.00000000E+00
#         delta =  0.00000000E+00
#  delta_m^2_21 =  0.81000000E-04
#  delta_m^2_31 =  0.22000000E-02
### WimpAnn run parameters
#  Annihilation channel =         4
#  Generated particles =  tau-             tau+            
#  WIMP mass =  0.50000000E+02
#  Number of annihilations =   2500000
#  Source = Earth
#...dPhi/dz in  200 bins from 0 to 1
#...Line  1- 6: flux at centre of Earth for neutrino 1-6
 0.351280E+00 0.363360E+00 0.360960E+00 0.362000E+00 0.371680E+00 0.362320E+00 0.362800E+00 0.354400E+00 0.365440E+00 0.371200E+00 0.347360E+00 0.359760E+00 0.366480E+00 0.359280E+00 0.360480E+00 0.363760E+00 0.358960E+00 0.360560E+00 0.356240E+00 0.347280E+00 0.348800E+00 0.344400E+00 0.361040E+00 0.343760E+00 0.350640E+00 0.343920E+00 0.344720E+00 0.348400E+00 0.343680E+00 0.335040E+00 0.336320E+00 0.335600E+00 0.324640E+00 0.326640E+00 0.327520E+00 0.326960E+00 0.334880E+00 0.334080E+00 0.326080E+00 0.320320E+00 0.320480E+00 0.330960E+00 0.314640E+00 0.310720E+00 0.306480E+00 0.310480E+00 0.317920E+00 0.308320E+00 0.303200E+00 0.300080E+00 0.298720E+00 0.300960E+00 0.295520E+00 0.287760E+00 0.284640E+00 0.288160E+00 0.285440E+00 0.291120E+00 0.275680E+00 0.297040E+00 0.276800E+00 0.277200E+00 0.269440E+00 0.272160E+00 0.269280E+00 0.270080E+00 0.265600E+00 0.261920E+00 0.258000E+00 0.256000E+00 0.257680E+00 0.255040E+00 0.249440E+00 0.255760E+00 0.243360E+00 0.238720E+00 0.239200E+00 0.241280E+00 0.229360E+00 0.230000E+00 0.232160E+00 0.222080E+00 0.222960E+00 0.216880E+00 0.217040E+00 0.220560E+00 0.212720E+00 0.210720E+00 0.208320E+00 0.198880E+00 0.203920E+00 0.197120E+00 0.202720E+00 0.190640E+00 0.191040E+00 0.189360E+00 0.189200E+00 0.183120E+00 0.179200E+00 0.184640E+00 0.169360E+00 0.171040E+00 0.169200E+00 0.160000E+00 0.169520E+00 0.160640E+00 0.158080E+00 0.153200E+00 0.151760E+00 0.146640E+00 0.146320E+00 0.143360E+00 0.144400E+00 0.149840E+00 0.135760E+00 0.138560E+00 0.131840E+00 0.135120E+00 0.127920E+00 0.120000E+00 0.119120E+00 0.115920E+00 0.114400E+00 0.112720E+00 0.116400E+00 0.111840E+00 0.104000E+00 0.105520E+00 0.993600E-01 0.100960E+00 0.947200E-01 0.953600E-01 0.920800E-01 0.909600E-01 0.868800E-01 0.839200E-01 0.830400E-01 0.833600E-01 0.780800E-01 0.756000E-01 0.729600E-01 0.712800E-01 0.732000E-01 0.674400E-01 0.644800E-01 0.636000E-01 0.611200E-01 0.616000E-01 0.557600E-01 0.531200E-01 0.548800E-01 0.527200E-01 0.483200E-01 0.473600E-01 0.455200E-01 0.415200E-01 0.436800E-01 0.393600E-01 0.380000E-01 0.388000E-01 0.352000E-01 0.325600E-01 0.308800E-01 0.286400E-01 0.286400E-01 0.270400E-01 0.250400E-01 0.248000E-01 0.227200E-01 0.214400E-01 0.202400E-01 0.189600E-01 0.174400E-01 0.168000E-01 0.148800E-01 0.149600E-01 0.138400E-01 0.120000E-01 0.105600E-01 0.101600E-01 0.840000E-02 0.832000E-02 0.792000E-02 0.656000E-02 0.480000E-02 0.448000E-02 0.504000E-02 0.464000E-02 0.344000E-02 0.248000E-02 0.280000E-02 0.168000E-02 0.104000E-02 0.960000E-03 0.104000E-02 0.720000E-03 0.240000E-03 0.000000E+00 0.000000E+00 0.000000E+00
 0.347120E+00 0.364480E+00 0.360880E+00 0.353280E+00 0.358480E+00 0.366080E+00 0.363680E+00 0.351680E+00 0.355520E+00 0.367120E+00 0.369040E+00 0.350880E+00 0.358000E+00 0.361200E+00 0.353760E+00 0.352080E+00 0.354880E+00 0.356320E+00 0.350960E+00 0.343200E+00 0.343600E+00 0.345040E+00 0.347920E+00 0.333040E+00 0.334720E+00 0.340320E+00 0.345280E+00 0.343360E+00 0.355360E+00 0.334480E+00 0.334640E+00 0.334160E+00 0.326320E+00 0.337440E+00 0.328960E+00 0.321760E+00 0.335120E+00 0.329920E+00 0.327200E+00 0.324960E+00 0.314880E+00 0.315440E+00 0.315440E+00 0.317680E+00 0.316320E+00 0.311520E+00 0.307440E+00 0.312640E+00 0.300640E+00 0.306960E+00 0.294720E+00 0.296960E+00 0.296000E+00 0.294800E+00 0.295120E+00 0.292640E+00 0.286640E+00 0.290560E+00 0.280000E+00 0.287040E+00 0.280080E+00 0.277840E+00 0.276800E+00 0.272000E+00 0.278960E+00 0.264560E+00 0.262400E+00 0.261040E+00 0.261280E+00 0.257440E+00 0.248800E+00 0.251840E+00 0.243760E+00 0.241520E+00 0.240640E+00 0.249120E+00 0.242080E+00 0.239840E+00 0.235760E+00 0.230640E+00 0.229280E+00 0.224640E+00 0.219920E+00 0.221120E+00 0.220560E+00 0.218560E+00 0.216320E+00 0.208320E+00 0.208560E+00 0.208960E+00 0.197360E+00 0.196640E+00 0.199680E+00 0.198400E+00 0.186960E+00 0.192240E+00 0.187760E+00 0.179040E+00 0.178880E+00 0.184240E+00 0.171120E+00 0.175760E+00 0.163440E+00 0.168160E+00 0.162560E+00 0.157200E+00 0.157200E+00 0.158000E+00 0.151920E+00 0.148640E+00 0.152080E+00 0.141040E+00 0.143920E+00 0.139840E+00 0.134400E+00 0.139200E+00 0.131440E+00 0.131840E+00 0.126320E+00 0.123840E+00 0.119600E+00 0.131280E+00 0.119360E+00 0.116400E+00 0.111040E+00 0.107760E+00 0.113360E+00 0.103200E+00 0.100160E+00 0.963200E-01 0.988000E-01 0.955200E-01 0.922400E-01 0.917600E-01 0.856000E-01 0.859200E-01 0.824000E-01 0.805600E-01 0.766400E-01 0.753600E-01 0.753600E-01 0.704000E-01 0.663200E-01 0.670400E-01 0.615200E-01 0.627200E-01 0.620000E-01 0.573600E-01 0.530400E-01 0.546400E-01 0.519200E-01 0.475200E-01 0.462400E-01 0.472800E-01 0.454400E-01 0.452800E-01 0.414400E-01 0.389600E-01 0.367200E-01 0.363200E-01 0.353600E-01 0.318400E-01 0.320000E-01 0.302400E-01 0.294400E-01 0.291200E-01 0.241600E-01 0.231200E-01 0.204000E-01 0.211200E-01 0.188000E-01 0.190400E-01 0.172800E-01 0.164800E-01 0.166400E-01 0.140800E-01 0.132800E-01 0.119200E-01 0.115200E-01 0.100800E-01 0.944000E-02 0.792000E-02 0.696000E-02 0.584000E-02 0.456000E-02 0.456000E-02 0.368000E-02 0.384000E-02 0.280000E-02 0.264000E-02 0.264000E-02 0.208000E-02 0.104000E-02 0.960000E-03 0.400000E-03 0.320000E-03 0.320000E-03 0.800000E-04 0.800000E-04 0.000000E+00
 0.352400E+00 0.356080E+00 0.355920E+00 0.360720E+00 0.356240E+00 0.350960E+00 0.351440E+00 0.354160E+00 0.363520E+00 0.351840E+00 0.355520E+00 0.348960E+00 0.353840E+00 0.356080E+00 0.350880E+00 0.354400E+00 0.349040E+00 0.352160E+00 0.345840E+00 0.342240E+00 0.337360E+00 0.336320E+00 0.342800E+00 0.348320E+00 0.335440E+00 0.333840E+00 0.339120E+00 0.337440E+00 0.326400E+00 0.327840E+00 0.328560E+00 0.327760E+00 0.323680E+00 0.335040E+00 0.331360E+00 0.309600E+00 0.319280E+00 0.319200E+00 0.330240E+00 0.314080E+00 0.322160E+00 0.321760E+00 0.316000E+00 0.305040E+00 0.305600E+00 0.313200E+00 0.305760E+00 0.301120E+00 0.303200E+00 0.299280E+00 0.291440E+00 0.291120E+00 0.283680E+00 0.273200E+00 0.284320E+00 0.289360E+00 0.275920E+00 0.275920E+00 0.272800E+00 0.271760E+00 0.271760E+00 0.269920E+00 0.263840E+00 0.269360E+00 0.260560E+00 0.260720E+00 0.259920E+00 0.257280E+00 0.243840E+00 0.256800E+00 0.248720E+00 0.238560E+00 0.234560E+00 0.238160E+00 0.231680E+00 0.229600E+00 0.232480E+00 0.233680E+00 0.224560E+00 0.229120E+00 0.219680E+00 0.215600E+00 0.222320E+00 0.206800E+00 0.214320E+00 0.215360E+00 0.198080E+00 0.201600E+00 0.203040E+00 0.203440E+00 0.194480E+00 0.193680E+00 0.189600E+00 0.192880E+00 0.191760E+00 0.181440E+00 0.180640E+00 0.168960E+00 0.169040E+00 0.169040E+00 0.166480E+00 0.169360E+00 0.164640E+00 0.153120E+00 0.162000E+00 0.149760E+00 0.152400E+00 0.158400E+00 0.146720E+00 0.146960E+00 0.145520E+00 0.145280E+00 0.142480E+00 0.140560E+00 0.136080E+00 0.124160E+00 0.127040E+00 0.125680E+00 0.126320E+00 0.118000E+00 0.125840E+00 0.117920E+00 0.122240E+00 0.110560E+00 0.104000E+00 0.984800E-01 0.988000E-01 0.100640E+00 0.945600E-01 0.905600E-01 0.938400E-01 0.880000E-01 0.846400E-01 0.855200E-01 0.884800E-01 0.816800E-01 0.724800E-01 0.749600E-01 0.787200E-01 0.732000E-01 0.740000E-01 0.713600E-01 0.656800E-01 0.612000E-01 0.624000E-01 0.611200E-01 0.571200E-01 0.578400E-01 0.509600E-01 0.524800E-01 0.510400E-01 0.515200E-01 0.468800E-01 0.409600E-01 0.400800E-01 0.436800E-01 0.390400E-01 0.376000E-01 0.354400E-01 0.324000E-01 0.336800E-01 0.294400E-01 0.277600E-01 0.273600E-01 0.245600E-01 0.250400E-01 0.246400E-01 0.224800E-01 0.218400E-01 0.186400E-01 0.184000E-01 0.157600E-01 0.148000E-01 0.152800E-01 0.131200E-01 0.126400E-01 0.128000E-01 0.101600E-01 0.944000E-02 0.800000E-02 0.664000E-02 0.704000E-02 0.648000E-02 0.696000E-02 0.400000E-02 0.448000E-02 0.376000E-02 0.352000E-02 0.240000E-02 0.200000E-02 0.200000E-02 0.144000E-02 0.720000E-03 0.480000E-03 0.320000E-03 0.160000E-03 0.800000E-04 0.000000E+00 0.000000E+00 0.000000E+00
 0.343040E+00 0.356560E+00 0.351520E+00 0.359280E+00 0.355360E+00 0.360160E+00 0.362000E+00 0.354560E+00 0.354240E+00 0.355440E+00 0.364800E+00 0.345680E+00 0.343120E+00 0.350720E+00 0.347840E+00 0.348240E+00 0.348240E+00 0.345920E+00 0.353600E+00 0.354400E+00 0.347600E+00 0.341040E+00 0.333280E+00 0.347040E+00 0.343680E+00 0.340720E+00 0.334640E+00 0.330000E+00 0.335520E+00 0.324960E+00 0.332480E+00 0.327440E+00 0.333360E+00 0.323520E+00 0.327120E+00 0.325280E+00 0.324480E+00 0.322480E+00 0.318560E+00 0.307760E+00 0.320080E+00 0.305440E+00 0.313840E+00 0.305200E+00 0.305920E+00 0.299200E+00 0.298240E+00 0.304480E+00 0.300160E+00 0.290400E+00 0.292480E+00 0.300160E+00 0.287920E+00 0.289040E+00 0.290960E+00 0.280320E+00 0.274240E+00 0.282080E+00 0.281360E+00 0.274080E+00 0.270080E+00 0.262240E+00 0.267520E+00 0.276560E+00 0.257280E+00 0.255440E+00 0.253280E+00 0.254640E+00 0.257200E+00 0.245920E+00 0.246240E+00 0.243680E+00 0.248800E+00 0.239840E+00 0.241040E+00 0.237600E+00 0.229440E+00 0.227200E+00 0.223520E+00 0.222880E+00 0.224240E+00 0.216560E+00 0.222960E+00 0.219200E+00 0.207120E+00 0.204400E+00 0.207520E+00 0.199840E+00 0.201200E+00 0.202800E+00 0.194560E+00 0.188160E+00 0.192080E+00 0.191200E+00 0.185760E+00 0.186160E+00 0.179360E+00 0.180400E+00 0.176960E+00 0.174640E+00 0.162160E+00 0.167040E+00 0.163840E+00 0.158640E+00 0.157520E+00 0.154320E+00 0.153920E+00 0.150960E+00 0.150000E+00 0.144400E+00 0.136480E+00 0.144480E+00 0.134560E+00 0.140960E+00 0.123280E+00 0.127520E+00 0.128000E+00 0.127280E+00 0.120080E+00 0.119280E+00 0.120720E+00 0.114560E+00 0.108560E+00 0.111360E+00 0.104400E+00 0.101280E+00 0.101200E+00 0.102000E+00 0.100000E+00 0.973600E-01 0.915200E-01 0.858400E-01 0.918400E-01 0.842400E-01 0.792000E-01 0.771200E-01 0.740800E-01 0.800800E-01 0.748000E-01 0.706400E-01 0.671200E-01 0.676000E-01 0.651200E-01 0.656800E-01 0.623200E-01 0.593600E-01 0.582400E-01 0.606400E-01 0.564000E-01 0.516800E-01 0.490400E-01 0.479200E-01 0.488000E-01 0.436800E-01 0.412000E-01 0.376800E-01 0.395200E-01 0.367200E-01 0.359200E-01 0.338400E-01 0.328800E-01 0.317600E-01 0.285600E-01 0.282400E-01 0.273600E-01 0.235200E-01 0.216000E-01 0.201600E-01 0.205600E-01 0.196800E-01 0.154400E-01 0.180000E-01 0.144000E-01 0.144800E-01 0.133600E-01 0.131200E-01 0.116800E-01 0.115200E-01 0.984000E-02 0.888000E-02 0.776000E-02 0.712000E-02 0.608000E-02 0.640000E-02 0.440000E-02 0.448000E-02 0.360000E-02 0.320000E-02 0.280000E-02 0.248000E-02 0.200000E-02 0.192000E-02 0.104000E-02 0.480000E-03 0.400000E-03 0.160000E-03 0.160000E-03 0.000000E+00 0.000000E+00 0.000000E+00
 0.187544E+01 0.190712E+01 0.189168E+01 0.188272E+01 0.186672E+01 0.186080E+01 0.181624E+01 0.184824E+01 0.182136E+01 0.182424E+01 0.181064E+01 0.181232E+01 0.178920E+01 0.178256E+01 0.179848E+01 0.178376E+01 0.177648E+01 0.177000E+01 0.175000E+01 0.174296E+01 0.174408E+01 0.170328E+01 0.174376E+01 0.171352E+01 0.172456E+01 0.169520E+01 0.169816E+01 0.168736E+01 0.167496E+01 0.166552E+01 0.165464E+01 0.163960E+01 0.164344E+01 0.161056E+01 0.160352E+01 0.161264E+01 0.160368E+01 0.159912E+01 0.158728E+01 0.158496E+01 0.157832E+01 0.156224E+01 0.154792E+01 0.154112E+01 0.154072E+01 0.151792E+01 0.149704E+01 0.150744E+01 0.150704E+01 0.149672E+01 0.148128E+01 0.146696E+01 0.147496E+01 0.144144E+01 0.143992E+01 0.144752E+01 0.140648E+01 0.139096E+01 0.140728E+01 0.137808E+01 0.136880E+01 0.136336E+01 0.135368E+01 0.137544E+01 0.133328E+01 0.132000E+01 0.133104E+01 0.131504E+01 0.130600E+01 0.127944E+01 0.129104E+01 0.126680E+01 0.125784E+01 0.127056E+01 0.124112E+01 0.123832E+01 0.122040E+01 0.121192E+01 0.120912E+01 0.120712E+01 0.118464E+01 0.116456E+01 0.113984E+01 0.115816E+01 0.114600E+01 0.112152E+01 0.111712E+01 0.111728E+01 0.110864E+01 0.109552E+01 0.110456E+01 0.108440E+01 0.106360E+01 0.106384E+01 0.104600E+01 0.102728E+01 0.102656E+01 0.101200E+01 0.102488E+01 0.100184E+01 0.985920E+00 0.985760E+00 0.978720E+00 0.958400E+00 0.964720E+00 0.952000E+00 0.950320E+00 0.933520E+00 0.927600E+00 0.909360E+00 0.902400E+00 0.901760E+00 0.885760E+00 0.878800E+00 0.868560E+00 0.861680E+00 0.836320E+00 0.842960E+00 0.840880E+00 0.847200E+00 0.818800E+00 0.814080E+00 0.810640E+00 0.794000E+00 0.783440E+00 0.786240E+00 0.766560E+00 0.772320E+00 0.757920E+00 0.745120E+00 0.738400E+00 0.741200E+00 0.716000E+00 0.721840E+00 0.722400E+00 0.698960E+00 0.688080E+00 0.683760E+00 0.681680E+00 0.662400E+00 0.666800E+00 0.650400E+00 0.643200E+00 0.629680E+00 0.625760E+00 0.633120E+00 0.608160E+00 0.592240E+00 0.591440E+00 0.591920E+00 0.576720E+00 0.560320E+00 0.550160E+00 0.529440E+00 0.517600E+00 0.507600E+00 0.496240E+00 0.484480E+00 0.462000E+00 0.458720E+00 0.430240E+00 0.420640E+00 0.400320E+00 0.391200E+00 0.366480E+00 0.348080E+00 0.328880E+00 0.312640E+00 0.303760E+00 0.284240E+00 0.285200E+00 0.264160E+00 0.257120E+00 0.251760E+00 0.246240E+00 0.223120E+00 0.223280E+00 0.221360E+00 0.206800E+00 0.196320E+00 0.197120E+00 0.188240E+00 0.183680E+00 0.175200E+00 0.170560E+00 0.160800E+00 0.155040E+00 0.154720E+00 0.152000E+00 0.142960E+00 0.140000E+00 0.130320E+00 0.130080E+00 0.128160E+00 0.118640E+00 0.118880E+00 0.115440E+00 0.110560E+00 0.716800E-01 0.880000E-03
 0.191152E+01 0.192120E+01 0.189016E+01 0.188360E+01 0.186752E+01 0.185432E+01 0.183600E+01 0.183176E+01 0.182792E+01 0.181272E+01 0.180192E+01 0.182400E+01 0.179992E+01 0.176576E+01 0.178816E+01 0.175360E+01 0.176376E+01 0.177024E+01 0.175832E+01 0.175440E+01 0.174000E+01 0.174616E+01 0.171736E+01 0.169880E+01 0.170512E+01 0.171512E+01 0.169976E+01 0.167608E+01 0.167568E+01 0.165168E+01 0.164040E+01 0.163536E+01 0.162328E+01 0.162864E+01 0.160568E+01 0.161840E+01 0.159456E+01 0.162048E+01 0.159208E+01 0.156312E+01 0.157136E+01 0.156064E+01 0.153568E+01 0.154448E+01 0.153032E+01 0.152816E+01 0.150624E+01 0.149336E+01 0.149128E+01 0.148384E+01 0.146448E+01 0.146392E+01 0.145480E+01 0.143760E+01 0.141704E+01 0.144336E+01 0.140896E+01 0.142008E+01 0.140144E+01 0.139416E+01 0.137856E+01 0.138360E+01 0.136208E+01 0.137408E+01 0.133728E+01 0.132800E+01 0.132032E+01 0.132264E+01 0.129536E+01 0.130744E+01 0.127032E+01 0.128216E+01 0.126376E+01 0.122824E+01 0.123440E+01 0.123600E+01 0.122944E+01 0.121424E+01 0.121520E+01 0.119336E+01 0.119448E+01 0.115792E+01 0.116304E+01 0.116800E+01 0.113912E+01 0.113736E+01 0.113056E+01 0.110440E+01 0.111392E+01 0.110056E+01 0.110344E+01 0.107424E+01 0.107184E+01 0.105776E+01 0.105272E+01 0.105512E+01 0.102752E+01 0.102320E+01 0.101760E+01 0.101040E+01 0.981840E+00 0.976320E+00 0.998400E+00 0.971600E+00 0.955120E+00 0.949600E+00 0.958960E+00 0.944080E+00 0.925680E+00 0.927360E+00 0.912720E+00 0.898640E+00 0.880320E+00 0.882880E+00 0.876640E+00 0.873520E+00 0.874880E+00 0.834880E+00 0.833200E+00 0.824640E+00 0.837360E+00 0.825120E+00 0.804800E+00 0.779680E+00 0.782080E+00 0.791120E+00 0.765040E+00 0.760000E+00 0.750560E+00 0.740720E+00 0.750960E+00 0.730880E+00 0.729600E+00 0.715600E+00 0.704880E+00 0.714000E+00 0.692640E+00 0.674800E+00 0.679600E+00 0.662160E+00 0.654800E+00 0.664400E+00 0.640640E+00 0.640640E+00 0.614000E+00 0.616480E+00 0.603520E+00 0.588720E+00 0.588000E+00 0.575680E+00 0.563120E+00 0.572720E+00 0.547920E+00 0.521200E+00 0.528240E+00 0.516160E+00 0.498080E+00 0.489600E+00 0.478960E+00 0.452880E+00 0.438400E+00 0.418400E+00 0.397600E+00 0.383760E+00 0.362720E+00 0.343680E+00 0.332000E+00 0.302240E+00 0.291600E+00 0.287200E+00 0.285040E+00 0.272160E+00 0.246800E+00 0.239840E+00 0.241440E+00 0.230400E+00 0.222240E+00 0.217760E+00 0.208320E+00 0.196480E+00 0.198080E+00 0.196880E+00 0.185840E+00 0.182960E+00 0.168560E+00 0.164560E+00 0.154880E+00 0.152640E+00 0.144960E+00 0.144880E+00 0.139520E+00 0.132720E+00 0.127600E+00 0.122000E+00 0.126320E+00 0.118880E+00 0.116720E+00 0.107600E+00 0.716800E-01 0.560000E-03
