### Run with WimpAnn version = wimpann-2.08                            
###   Using Pythia version   = Pythia 6.400    
###   Using nusigma version  = nusigma-1.15-pyr                        
###   Using DarkSUSY version = ds-4.1.6                                
###   WimpAnn run started at date 2007-09-07; time 02:14:22
### Neutrino oscillation parameters
#      theta_12 =  0.00000000E+00
#      theta_13 =  0.00000000E+00
#      theta_23 =  0.00000000E+00
#         delta =  0.00000000E+00
#  delta_m^2_21 =  0.81000000E-04
#  delta_m^2_31 =  0.22000000E-02
### WimpAnn run parameters
#  Annihilation channel =         1
#  Generated particles =  c                cbar            
#  WIMP mass =  0.15000000E+03
#  Number of annihilations =   2500000
#  Source = Earth
#...dPhi/dz in  200 bins from 0 to 1
#...Line  1- 6: flux at centre of Earth for neutrino 1-6
 0.102648E+01 0.983920E+00 0.885920E+00 0.813600E+00 0.770480E+00 0.710560E+00 0.675200E+00 0.631200E+00 0.610080E+00 0.578800E+00 0.546320E+00 0.531040E+00 0.506160E+00 0.477600E+00 0.463040E+00 0.441600E+00 0.423600E+00 0.408640E+00 0.382640E+00 0.361760E+00 0.347120E+00 0.330800E+00 0.311360E+00 0.308720E+00 0.291200E+00 0.280560E+00 0.274960E+00 0.252880E+00 0.251440E+00 0.230560E+00 0.226560E+00 0.206640E+00 0.200160E+00 0.189760E+00 0.189520E+00 0.178080E+00 0.169120E+00 0.166560E+00 0.152640E+00 0.149440E+00 0.138240E+00 0.131760E+00 0.130560E+00 0.122880E+00 0.118720E+00 0.110640E+00 0.104720E+00 0.977600E-01 0.992000E-01 0.918400E-01 0.860800E-01 0.855200E-01 0.776800E-01 0.708000E-01 0.676000E-01 0.688800E-01 0.675200E-01 0.619200E-01 0.558400E-01 0.561600E-01 0.517600E-01 0.483200E-01 0.456000E-01 0.432800E-01 0.404800E-01 0.366400E-01 0.373600E-01 0.350400E-01 0.333600E-01 0.320800E-01 0.316000E-01 0.280000E-01 0.268000E-01 0.220000E-01 0.236800E-01 0.220000E-01 0.206400E-01 0.208000E-01 0.206400E-01 0.185600E-01 0.164000E-01 0.136000E-01 0.167200E-01 0.136800E-01 0.115200E-01 0.112800E-01 0.118400E-01 0.113600E-01 0.112000E-01 0.960000E-02 0.800000E-02 0.872000E-02 0.896000E-02 0.632000E-02 0.576000E-02 0.656000E-02 0.560000E-02 0.592000E-02 0.488000E-02 0.472000E-02 0.424000E-02 0.472000E-02 0.296000E-02 0.400000E-02 0.432000E-02 0.280000E-02 0.248000E-02 0.296000E-02 0.240000E-02 0.208000E-02 0.272000E-02 0.240000E-02 0.216000E-02 0.144000E-02 0.184000E-02 0.192000E-02 0.112000E-02 0.144000E-02 0.128000E-02 0.960000E-03 0.112000E-02 0.640000E-03 0.720000E-03 0.720000E-03 0.880000E-03 0.240000E-03 0.320000E-03 0.800000E-03 0.560000E-03 0.240000E-03 0.240000E-03 0.240000E-03 0.240000E-03 0.480000E-03 0.800000E-04 0.000000E+00 0.400000E-03 0.160000E-03 0.800000E-04 0.000000E+00 0.000000E+00 0.800000E-04 0.800000E-04 0.000000E+00 0.800000E-04 0.160000E-03 0.800000E-04 0.800000E-04 0.800000E-04 0.800000E-04 0.800000E-04 0.000000E+00 0.000000E+00 0.000000E+00 0.000000E+00 0.800000E-04 0.000000E+00 0.000000E+00 0.000000E+00 0.000000E+00 0.000000E+00 0.000000E+00 0.000000E+00 0.000000E+00 0.000000E+00 0.000000E+00 0.000000E+00 0.000000E+00 0.000000E+00 0.000000E+00 0.000000E+00 0.000000E+00 0.000000E+00 0.000000E+00 0.000000E+00 0.000000E+00 0.000000E+00 0.000000E+00 0.000000E+00 0.000000E+00 0.000000E+00 0.000000E+00 0.000000E+00 0.000000E+00 0.000000E+00 0.000000E+00 0.000000E+00 0.000000E+00 0.000000E+00 0.000000E+00 0.000000E+00 0.000000E+00 0.000000E+00 0.000000E+00 0.000000E+00 0.000000E+00 0.000000E+00 0.000000E+00 0.000000E+00 0.000000E+00
 0.100256E+01 0.949200E+00 0.877440E+00 0.817920E+00 0.755680E+00 0.723120E+00 0.691360E+00 0.633280E+00 0.601760E+00 0.577440E+00 0.548400E+00 0.533760E+00 0.496640E+00 0.478400E+00 0.464000E+00 0.438960E+00 0.420160E+00 0.398480E+00 0.387360E+00 0.358160E+00 0.347680E+00 0.334080E+00 0.320560E+00 0.302560E+00 0.294560E+00 0.285200E+00 0.266240E+00 0.252880E+00 0.243680E+00 0.239680E+00 0.225040E+00 0.216960E+00 0.209520E+00 0.193920E+00 0.189840E+00 0.185440E+00 0.164160E+00 0.159520E+00 0.155680E+00 0.150960E+00 0.138960E+00 0.136880E+00 0.123520E+00 0.120480E+00 0.120320E+00 0.111040E+00 0.106560E+00 0.101120E+00 0.942400E-01 0.915200E-01 0.869600E-01 0.817600E-01 0.773600E-01 0.765600E-01 0.725600E-01 0.645600E-01 0.658400E-01 0.620000E-01 0.542400E-01 0.567200E-01 0.496000E-01 0.440000E-01 0.502400E-01 0.458400E-01 0.408800E-01 0.389600E-01 0.402400E-01 0.379200E-01 0.330400E-01 0.316800E-01 0.288000E-01 0.280800E-01 0.276000E-01 0.259200E-01 0.249600E-01 0.228800E-01 0.204000E-01 0.179200E-01 0.168000E-01 0.178400E-01 0.148000E-01 0.153600E-01 0.169600E-01 0.146400E-01 0.132800E-01 0.130400E-01 0.124800E-01 0.105600E-01 0.110400E-01 0.968000E-02 0.912000E-02 0.768000E-02 0.688000E-02 0.824000E-02 0.672000E-02 0.520000E-02 0.720000E-02 0.552000E-02 0.600000E-02 0.496000E-02 0.408000E-02 0.472000E-02 0.392000E-02 0.312000E-02 0.264000E-02 0.256000E-02 0.312000E-02 0.288000E-02 0.256000E-02 0.184000E-02 0.248000E-02 0.248000E-02 0.128000E-02 0.136000E-02 0.128000E-02 0.184000E-02 0.120000E-02 0.960000E-03 0.136000E-02 0.960000E-03 0.720000E-03 0.640000E-03 0.560000E-03 0.960000E-03 0.320000E-03 0.560000E-03 0.640000E-03 0.560000E-03 0.640000E-03 0.480000E-03 0.480000E-03 0.240000E-03 0.320000E-03 0.320000E-03 0.240000E-03 0.240000E-03 0.240000E-03 0.160000E-03 0.800000E-04 0.000000E+00 0.800000E-04 0.240000E-03 0.800000E-04 0.800000E-04 0.160000E-03 0.000000E+00 0.160000E-03 0.800000E-04 0.000000E+00 0.000000E+00 0.160000E-03 0.000000E+00 0.000000E+00 0.000000E+00 0.000000E+00 0.000000E+00 0.000000E+00 0.000000E+00 0.000000E+00 0.000000E+00 0.000000E+00 0.000000E+00 0.000000E+00 0.000000E+00 0.000000E+00 0.000000E+00 0.000000E+00 0.000000E+00 0.000000E+00 0.000000E+00 0.000000E+00 0.000000E+00 0.000000E+00 0.000000E+00 0.000000E+00 0.000000E+00 0.000000E+00 0.000000E+00 0.000000E+00 0.000000E+00 0.000000E+00 0.000000E+00 0.000000E+00 0.000000E+00 0.000000E+00 0.000000E+00 0.000000E+00 0.000000E+00 0.000000E+00 0.000000E+00 0.000000E+00 0.000000E+00 0.000000E+00 0.000000E+00 0.000000E+00 0.000000E+00 0.000000E+00 0.000000E+00 0.000000E+00 0.000000E+00
 0.102920E+01 0.100568E+01 0.897440E+00 0.813600E+00 0.785440E+00 0.745680E+00 0.677200E+00 0.641120E+00 0.600000E+00 0.572720E+00 0.562240E+00 0.528240E+00 0.517360E+00 0.488720E+00 0.455760E+00 0.439120E+00 0.418080E+00 0.408080E+00 0.383680E+00 0.366000E+00 0.343440E+00 0.335280E+00 0.320000E+00 0.308880E+00 0.289920E+00 0.280640E+00 0.268400E+00 0.256240E+00 0.246000E+00 0.229920E+00 0.223680E+00 0.213040E+00 0.201440E+00 0.190560E+00 0.186000E+00 0.178000E+00 0.161680E+00 0.159360E+00 0.153760E+00 0.146560E+00 0.140160E+00 0.131760E+00 0.122720E+00 0.116560E+00 0.118960E+00 0.105440E+00 0.104400E+00 0.985600E-01 0.964000E-01 0.900800E-01 0.876000E-01 0.811200E-01 0.747200E-01 0.695200E-01 0.682400E-01 0.637600E-01 0.643200E-01 0.595200E-01 0.522400E-01 0.546400E-01 0.514400E-01 0.482400E-01 0.464000E-01 0.425600E-01 0.398400E-01 0.382400E-01 0.328800E-01 0.330400E-01 0.312000E-01 0.299200E-01 0.281600E-01 0.272000E-01 0.246400E-01 0.250400E-01 0.238400E-01 0.200800E-01 0.210400E-01 0.192800E-01 0.178400E-01 0.157600E-01 0.158400E-01 0.160800E-01 0.128800E-01 0.126400E-01 0.109600E-01 0.112000E-01 0.104800E-01 0.992000E-02 0.912000E-02 0.904000E-02 0.808000E-02 0.512000E-02 0.656000E-02 0.776000E-02 0.544000E-02 0.536000E-02 0.456000E-02 0.416000E-02 0.416000E-02 0.448000E-02 0.392000E-02 0.328000E-02 0.320000E-02 0.352000E-02 0.296000E-02 0.240000E-02 0.272000E-02 0.288000E-02 0.240000E-02 0.136000E-02 0.200000E-02 0.144000E-02 0.800000E-03 0.224000E-02 0.152000E-02 0.176000E-02 0.104000E-02 0.112000E-02 0.720000E-03 0.112000E-02 0.128000E-02 0.560000E-03 0.720000E-03 0.720000E-03 0.480000E-03 0.880000E-03 0.560000E-03 0.240000E-03 0.240000E-03 0.240000E-03 0.320000E-03 0.240000E-03 0.240000E-03 0.320000E-03 0.800000E-04 0.240000E-03 0.000000E+00 0.000000E+00 0.800000E-04 0.160000E-03 0.000000E+00 0.000000E+00 0.800000E-04 0.240000E-03 0.000000E+00 0.000000E+00 0.000000E+00 0.800000E-04 0.000000E+00 0.000000E+00 0.000000E+00 0.000000E+00 0.000000E+00 0.000000E+00 0.000000E+00 0.000000E+00 0.000000E+00 0.000000E+00 0.800000E-04 0.000000E+00 0.000000E+00 0.000000E+00 0.000000E+00 0.000000E+00 0.000000E+00 0.000000E+00 0.000000E+00 0.000000E+00 0.000000E+00 0.000000E+00 0.000000E+00 0.000000E+00 0.000000E+00 0.000000E+00 0.000000E+00 0.000000E+00 0.000000E+00 0.000000E+00 0.000000E+00 0.000000E+00 0.000000E+00 0.000000E+00 0.000000E+00 0.000000E+00 0.000000E+00 0.000000E+00 0.000000E+00 0.000000E+00 0.000000E+00 0.000000E+00 0.000000E+00 0.000000E+00 0.000000E+00 0.000000E+00 0.000000E+00 0.000000E+00 0.000000E+00 0.000000E+00 0.000000E+00 0.000000E+00
 0.104624E+01 0.991920E+00 0.905760E+00 0.826880E+00 0.789520E+00 0.734880E+00 0.691520E+00 0.643200E+00 0.613920E+00 0.586000E+00 0.549440E+00 0.521840E+00 0.510000E+00 0.481360E+00 0.454960E+00 0.449600E+00 0.418480E+00 0.389440E+00 0.382560E+00 0.363360E+00 0.355440E+00 0.333520E+00 0.327280E+00 0.304400E+00 0.288000E+00 0.273680E+00 0.265120E+00 0.261040E+00 0.236880E+00 0.231040E+00 0.223840E+00 0.209920E+00 0.206720E+00 0.191360E+00 0.179200E+00 0.178560E+00 0.172720E+00 0.160800E+00 0.148160E+00 0.147600E+00 0.139280E+00 0.128800E+00 0.121200E+00 0.122640E+00 0.114640E+00 0.108000E+00 0.102000E+00 0.980000E-01 0.919200E-01 0.894400E-01 0.892000E-01 0.814400E-01 0.740000E-01 0.732000E-01 0.711200E-01 0.659200E-01 0.611200E-01 0.583200E-01 0.558400E-01 0.516000E-01 0.505600E-01 0.460000E-01 0.428800E-01 0.431200E-01 0.417600E-01 0.403200E-01 0.376000E-01 0.363200E-01 0.310400E-01 0.287200E-01 0.260000E-01 0.272800E-01 0.234400E-01 0.245600E-01 0.214400E-01 0.187200E-01 0.200000E-01 0.176800E-01 0.177600E-01 0.162400E-01 0.161600E-01 0.140800E-01 0.147200E-01 0.135200E-01 0.119200E-01 0.109600E-01 0.944000E-02 0.992000E-02 0.848000E-02 0.904000E-02 0.792000E-02 0.704000E-02 0.856000E-02 0.664000E-02 0.712000E-02 0.592000E-02 0.552000E-02 0.480000E-02 0.496000E-02 0.432000E-02 0.432000E-02 0.464000E-02 0.384000E-02 0.336000E-02 0.304000E-02 0.296000E-02 0.240000E-02 0.264000E-02 0.200000E-02 0.216000E-02 0.960000E-03 0.248000E-02 0.176000E-02 0.112000E-02 0.144000E-02 0.104000E-02 0.120000E-02 0.112000E-02 0.960000E-03 0.800000E-03 0.720000E-03 0.104000E-02 0.112000E-02 0.480000E-03 0.960000E-03 0.400000E-03 0.480000E-03 0.400000E-03 0.320000E-03 0.160000E-03 0.320000E-03 0.320000E-03 0.160000E-03 0.800000E-04 0.480000E-03 0.800000E-04 0.480000E-03 0.160000E-03 0.800000E-04 0.000000E+00 0.800000E-04 0.160000E-03 0.800000E-04 0.000000E+00 0.800000E-04 0.800000E-04 0.160000E-03 0.000000E+00 0.000000E+00 0.800000E-04 0.000000E+00 0.000000E+00 0.800000E-04 0.000000E+00 0.000000E+00 0.000000E+00 0.000000E+00 0.000000E+00 0.000000E+00 0.000000E+00 0.000000E+00 0.000000E+00 0.000000E+00 0.000000E+00 0.000000E+00 0.000000E+00 0.000000E+00 0.000000E+00 0.000000E+00 0.000000E+00 0.000000E+00 0.000000E+00 0.000000E+00 0.000000E+00 0.000000E+00 0.000000E+00 0.000000E+00 0.000000E+00 0.000000E+00 0.000000E+00 0.000000E+00 0.000000E+00 0.000000E+00 0.000000E+00 0.000000E+00 0.000000E+00 0.000000E+00 0.000000E+00 0.000000E+00 0.000000E+00 0.000000E+00 0.000000E+00 0.000000E+00 0.000000E+00 0.000000E+00 0.000000E+00 0.000000E+00 0.000000E+00 0.000000E+00 0.000000E+00
 0.553600E-01 0.496000E-01 0.425600E-01 0.392800E-01 0.323200E-01 0.338400E-01 0.270400E-01 0.276000E-01 0.224800E-01 0.212000E-01 0.186400E-01 0.176800E-01 0.148000E-01 0.160800E-01 0.128800E-01 0.127200E-01 0.120800E-01 0.888000E-02 0.800000E-02 0.792000E-02 0.752000E-02 0.664000E-02 0.576000E-02 0.568000E-02 0.400000E-02 0.512000E-02 0.432000E-02 0.376000E-02 0.472000E-02 0.328000E-02 0.288000E-02 0.360000E-02 0.264000E-02 0.232000E-02 0.304000E-02 0.232000E-02 0.232000E-02 0.224000E-02 0.208000E-02 0.232000E-02 0.264000E-02 0.208000E-02 0.224000E-02 0.240000E-02 0.224000E-02 0.160000E-02 0.224000E-02 0.160000E-02 0.184000E-02 0.144000E-02 0.152000E-02 0.184000E-02 0.176000E-02 0.184000E-02 0.176000E-02 0.144000E-02 0.144000E-02 0.112000E-02 0.144000E-02 0.960000E-03 0.112000E-02 0.640000E-03 0.960000E-03 0.136000E-02 0.960000E-03 0.800000E-03 0.880000E-03 0.800000E-03 0.960000E-03 0.800000E-03 0.640000E-03 0.880000E-03 0.720000E-03 0.400000E-03 0.480000E-03 0.480000E-03 0.480000E-03 0.400000E-03 0.800000E-03 0.160000E-03 0.640000E-03 0.320000E-03 0.560000E-03 0.480000E-03 0.160000E-03 0.320000E-03 0.160000E-03 0.400000E-03 0.560000E-03 0.240000E-03 0.320000E-03 0.240000E-03 0.800000E-04 0.720000E-03 0.400000E-03 0.800000E-04 0.800000E-04 0.640000E-03 0.240000E-03 0.000000E+00 0.240000E-03 0.240000E-03 0.000000E+00 0.800000E-04 0.800000E-04 0.800000E-04 0.240000E-03 0.800000E-04 0.800000E-04 0.000000E+00 0.000000E+00 0.800000E-04 0.000000E+00 0.800000E-04 0.800000E-04 0.000000E+00 0.800000E-04 0.800000E-04 0.160000E-03 0.800000E-04 0.800000E-04 0.800000E-04 0.000000E+00 0.800000E-04 0.800000E-04 0.000000E+00 0.000000E+00 0.000000E+00 0.000000E+00 0.000000E+00 0.000000E+00 0.000000E+00 0.000000E+00 0.000000E+00 0.000000E+00 0.000000E+00 0.000000E+00 0.000000E+00 0.800000E-04 0.000000E+00 0.000000E+00 0.000000E+00 0.000000E+00 0.000000E+00 0.000000E+00 0.000000E+00 0.000000E+00 0.000000E+00 0.000000E+00 0.000000E+00 0.000000E+00 0.000000E+00 0.000000E+00 0.000000E+00 0.000000E+00 0.000000E+00 0.000000E+00 0.000000E+00 0.000000E+00 0.000000E+00 0.000000E+00 0.000000E+00 0.000000E+00 0.000000E+00 0.000000E+00 0.000000E+00 0.000000E+00 0.000000E+00 0.000000E+00 0.000000E+00 0.000000E+00 0.000000E+00 0.000000E+00 0.000000E+00 0.000000E+00 0.000000E+00 0.000000E+00 0.000000E+00 0.000000E+00 0.000000E+00 0.000000E+00 0.000000E+00 0.000000E+00 0.000000E+00 0.000000E+00 0.000000E+00 0.000000E+00 0.000000E+00 0.000000E+00 0.000000E+00 0.000000E+00 0.000000E+00 0.000000E+00 0.000000E+00 0.000000E+00 0.000000E+00 0.000000E+00 0.000000E+00 0.000000E+00 0.000000E+00
 0.538400E-01 0.484800E-01 0.428000E-01 0.374400E-01 0.324000E-01 0.298400E-01 0.291200E-01 0.258400E-01 0.256800E-01 0.220000E-01 0.201600E-01 0.164000E-01 0.156000E-01 0.165600E-01 0.113600E-01 0.108800E-01 0.108000E-01 0.104800E-01 0.101600E-01 0.792000E-02 0.872000E-02 0.616000E-02 0.648000E-02 0.552000E-02 0.528000E-02 0.512000E-02 0.496000E-02 0.432000E-02 0.384000E-02 0.352000E-02 0.360000E-02 0.280000E-02 0.280000E-02 0.280000E-02 0.312000E-02 0.280000E-02 0.184000E-02 0.328000E-02 0.168000E-02 0.160000E-02 0.136000E-02 0.232000E-02 0.248000E-02 0.216000E-02 0.232000E-02 0.144000E-02 0.176000E-02 0.168000E-02 0.216000E-02 0.176000E-02 0.184000E-02 0.160000E-02 0.168000E-02 0.216000E-02 0.184000E-02 0.144000E-02 0.960000E-03 0.800000E-03 0.128000E-02 0.112000E-02 0.800000E-03 0.120000E-02 0.104000E-02 0.560000E-03 0.480000E-03 0.960000E-03 0.104000E-02 0.720000E-03 0.640000E-03 0.400000E-03 0.960000E-03 0.800000E-03 0.800000E-03 0.112000E-02 0.104000E-02 0.720000E-03 0.400000E-03 0.400000E-03 0.560000E-03 0.320000E-03 0.160000E-03 0.560000E-03 0.480000E-03 0.560000E-03 0.400000E-03 0.720000E-03 0.400000E-03 0.240000E-03 0.400000E-03 0.800000E-04 0.320000E-03 0.320000E-03 0.160000E-03 0.400000E-03 0.320000E-03 0.320000E-03 0.480000E-03 0.400000E-03 0.800000E-04 0.240000E-03 0.000000E+00 0.000000E+00 0.000000E+00 0.320000E-03 0.160000E-03 0.160000E-03 0.000000E+00 0.800000E-04 0.320000E-03 0.160000E-03 0.160000E-03 0.800000E-04 0.800000E-04 0.800000E-04 0.160000E-03 0.800000E-04 0.240000E-03 0.000000E+00 0.000000E+00 0.800000E-04 0.000000E+00 0.000000E+00 0.000000E+00 0.000000E+00 0.000000E+00 0.800000E-04 0.000000E+00 0.000000E+00 0.000000E+00 0.000000E+00 0.000000E+00 0.000000E+00 0.000000E+00 0.000000E+00 0.000000E+00 0.000000E+00 0.000000E+00 0.000000E+00 0.000000E+00 0.000000E+00 0.000000E+00 0.000000E+00 0.000000E+00 0.000000E+00 0.000000E+00 0.000000E+00 0.000000E+00 0.000000E+00 0.000000E+00 0.000000E+00 0.000000E+00 0.000000E+00 0.000000E+00 0.000000E+00 0.800000E-04 0.000000E+00 0.000000E+00 0.000000E+00 0.000000E+00 0.000000E+00 0.000000E+00 0.000000E+00 0.000000E+00 0.000000E+00 0.000000E+00 0.000000E+00 0.000000E+00 0.000000E+00 0.000000E+00 0.000000E+00 0.000000E+00 0.000000E+00 0.000000E+00 0.000000E+00 0.000000E+00 0.000000E+00 0.000000E+00 0.000000E+00 0.000000E+00 0.000000E+00 0.000000E+00 0.000000E+00 0.000000E+00 0.000000E+00 0.000000E+00 0.000000E+00 0.000000E+00 0.000000E+00 0.000000E+00 0.000000E+00 0.000000E+00 0.000000E+00 0.000000E+00 0.000000E+00 0.000000E+00 0.000000E+00 0.000000E+00 0.000000E+00 0.000000E+00 0.000000E+00
