### Run with WimpAnn version = wimpann-2.08                            
###   Using Pythia version   = Pythia 6.400    
###   Using nusigma version  = nusigma-1.15-pyr                        
###   Using DarkSUSY version = ds-4.1.6                                
###   WimpAnn run started at date 2007-09-07; time 03:16:56
### Neutrino oscillation parameters
#      theta_12 =  0.00000000E+00
#      theta_13 =  0.00000000E+00
#      theta_23 =  0.00000000E+00
#         delta =  0.00000000E+00
#  delta_m^2_21 =  0.81000000E-04
#  delta_m^2_31 =  0.22000000E-02
### WimpAnn run parameters
#  Annihilation channel =        12
#  Generated particles =  g                g               
#  WIMP mass =  0.15000000E+03
#  Number of annihilations =   2500000
#  Source = Earth
#...dPhi/dz in  200 bins from 0 to 1
#...Line  1- 6: flux at centre of Earth for neutrino 1-6
 0.820720E+00 0.756240E+00 0.628880E+00 0.502880E+00 0.432480E+00 0.367520E+00 0.306560E+00 0.276560E+00 0.248400E+00 0.214000E+00 0.194640E+00 0.172240E+00 0.153440E+00 0.139760E+00 0.125120E+00 0.117360E+00 0.108720E+00 0.976000E-01 0.900000E-01 0.835200E-01 0.762400E-01 0.717600E-01 0.624000E-01 0.588000E-01 0.525600E-01 0.492800E-01 0.460800E-01 0.428800E-01 0.392000E-01 0.347200E-01 0.340800E-01 0.340000E-01 0.330400E-01 0.276000E-01 0.278400E-01 0.213600E-01 0.210400E-01 0.201600E-01 0.192800E-01 0.189600E-01 0.193600E-01 0.156000E-01 0.145600E-01 0.148000E-01 0.131200E-01 0.112800E-01 0.113600E-01 0.944000E-02 0.904000E-02 0.880000E-02 0.116000E-01 0.816000E-02 0.792000E-02 0.696000E-02 0.576000E-02 0.552000E-02 0.648000E-02 0.496000E-02 0.520000E-02 0.416000E-02 0.440000E-02 0.328000E-02 0.360000E-02 0.288000E-02 0.232000E-02 0.216000E-02 0.312000E-02 0.320000E-02 0.224000E-02 0.232000E-02 0.264000E-02 0.152000E-02 0.176000E-02 0.120000E-02 0.136000E-02 0.104000E-02 0.176000E-02 0.168000E-02 0.184000E-02 0.176000E-02 0.120000E-02 0.120000E-02 0.640000E-03 0.104000E-02 0.112000E-02 0.800000E-03 0.480000E-03 0.480000E-03 0.480000E-03 0.240000E-03 0.480000E-03 0.480000E-03 0.160000E-03 0.320000E-03 0.320000E-03 0.240000E-03 0.400000E-03 0.400000E-03 0.160000E-03 0.560000E-03 0.320000E-03 0.160000E-03 0.800000E-04 0.800000E-04 0.800000E-04 0.160000E-03 0.000000E+00 0.800000E-04 0.160000E-03 0.000000E+00 0.000000E+00 0.000000E+00 0.800000E-04 0.000000E+00 0.000000E+00 0.000000E+00 0.000000E+00 0.000000E+00 0.000000E+00 0.000000E+00 0.800000E-04 0.000000E+00 0.000000E+00 0.000000E+00 0.000000E+00 0.000000E+00 0.000000E+00 0.000000E+00 0.000000E+00 0.000000E+00 0.000000E+00 0.000000E+00 0.000000E+00 0.000000E+00 0.000000E+00 0.000000E+00 0.000000E+00 0.000000E+00 0.000000E+00 0.000000E+00 0.000000E+00 0.000000E+00 0.000000E+00 0.000000E+00 0.000000E+00 0.000000E+00 0.000000E+00 0.000000E+00 0.000000E+00 0.000000E+00 0.000000E+00 0.000000E+00 0.000000E+00 0.000000E+00 0.000000E+00 0.000000E+00 0.000000E+00 0.000000E+00 0.000000E+00 0.000000E+00 0.000000E+00 0.000000E+00 0.000000E+00 0.000000E+00 0.000000E+00 0.000000E+00 0.000000E+00 0.000000E+00 0.000000E+00 0.000000E+00 0.000000E+00 0.000000E+00 0.000000E+00 0.000000E+00 0.000000E+00 0.000000E+00 0.000000E+00 0.000000E+00 0.000000E+00 0.000000E+00 0.000000E+00 0.000000E+00 0.000000E+00 0.000000E+00 0.000000E+00 0.000000E+00 0.000000E+00 0.000000E+00 0.000000E+00 0.000000E+00 0.000000E+00 0.000000E+00 0.000000E+00 0.000000E+00 0.000000E+00 0.000000E+00 0.000000E+00 0.000000E+00 0.000000E+00 0.000000E+00
 0.847840E+00 0.780640E+00 0.615920E+00 0.509280E+00 0.439760E+00 0.363280E+00 0.317920E+00 0.287200E+00 0.239600E+00 0.223600E+00 0.184000E+00 0.170240E+00 0.155760E+00 0.143760E+00 0.122160E+00 0.111200E+00 0.104240E+00 0.976800E-01 0.869600E-01 0.799200E-01 0.678400E-01 0.695200E-01 0.622400E-01 0.564800E-01 0.557600E-01 0.495200E-01 0.443200E-01 0.456000E-01 0.416000E-01 0.380800E-01 0.320800E-01 0.350400E-01 0.292000E-01 0.288000E-01 0.244000E-01 0.248000E-01 0.212800E-01 0.200000E-01 0.196000E-01 0.187200E-01 0.157600E-01 0.167200E-01 0.144000E-01 0.124000E-01 0.140000E-01 0.113600E-01 0.100000E-01 0.944000E-02 0.928000E-02 0.872000E-02 0.736000E-02 0.760000E-02 0.808000E-02 0.640000E-02 0.656000E-02 0.504000E-02 0.576000E-02 0.432000E-02 0.552000E-02 0.520000E-02 0.488000E-02 0.344000E-02 0.352000E-02 0.376000E-02 0.304000E-02 0.304000E-02 0.232000E-02 0.272000E-02 0.264000E-02 0.256000E-02 0.216000E-02 0.176000E-02 0.112000E-02 0.128000E-02 0.160000E-02 0.880000E-03 0.104000E-02 0.800000E-03 0.480000E-03 0.128000E-02 0.112000E-02 0.112000E-02 0.560000E-03 0.800000E-03 0.128000E-02 0.640000E-03 0.560000E-03 0.480000E-03 0.640000E-03 0.400000E-03 0.720000E-03 0.480000E-03 0.240000E-03 0.320000E-03 0.800000E-04 0.160000E-03 0.160000E-03 0.160000E-03 0.240000E-03 0.000000E+00 0.160000E-03 0.320000E-03 0.160000E-03 0.320000E-03 0.240000E-03 0.160000E-03 0.800000E-04 0.800000E-04 0.800000E-04 0.160000E-03 0.800000E-04 0.000000E+00 0.160000E-03 0.800000E-04 0.160000E-03 0.000000E+00 0.000000E+00 0.000000E+00 0.800000E-04 0.000000E+00 0.000000E+00 0.800000E-04 0.000000E+00 0.000000E+00 0.000000E+00 0.000000E+00 0.000000E+00 0.000000E+00 0.000000E+00 0.000000E+00 0.800000E-04 0.000000E+00 0.000000E+00 0.000000E+00 0.000000E+00 0.000000E+00 0.000000E+00 0.000000E+00 0.000000E+00 0.000000E+00 0.000000E+00 0.000000E+00 0.000000E+00 0.000000E+00 0.000000E+00 0.000000E+00 0.000000E+00 0.000000E+00 0.000000E+00 0.000000E+00 0.000000E+00 0.000000E+00 0.000000E+00 0.000000E+00 0.000000E+00 0.000000E+00 0.000000E+00 0.000000E+00 0.000000E+00 0.000000E+00 0.000000E+00 0.000000E+00 0.000000E+00 0.000000E+00 0.000000E+00 0.000000E+00 0.000000E+00 0.000000E+00 0.000000E+00 0.000000E+00 0.000000E+00 0.000000E+00 0.000000E+00 0.000000E+00 0.000000E+00 0.000000E+00 0.000000E+00 0.000000E+00 0.000000E+00 0.000000E+00 0.000000E+00 0.000000E+00 0.000000E+00 0.000000E+00 0.000000E+00 0.000000E+00 0.000000E+00 0.000000E+00 0.000000E+00 0.000000E+00 0.000000E+00 0.000000E+00 0.000000E+00 0.000000E+00 0.000000E+00 0.000000E+00 0.000000E+00 0.000000E+00 0.000000E+00 0.000000E+00
 0.865840E+00 0.780400E+00 0.618080E+00 0.522400E+00 0.439120E+00 0.374960E+00 0.318800E+00 0.275040E+00 0.244080E+00 0.213760E+00 0.190240E+00 0.177360E+00 0.156880E+00 0.133120E+00 0.122480E+00 0.113760E+00 0.104000E+00 0.952800E-01 0.881600E-01 0.806400E-01 0.746400E-01 0.670400E-01 0.636000E-01 0.559200E-01 0.516800E-01 0.486400E-01 0.438400E-01 0.411200E-01 0.374400E-01 0.351200E-01 0.344000E-01 0.310400E-01 0.308800E-01 0.288800E-01 0.231200E-01 0.244800E-01 0.231200E-01 0.197600E-01 0.194400E-01 0.188800E-01 0.172800E-01 0.141600E-01 0.128800E-01 0.136000E-01 0.116800E-01 0.115200E-01 0.120000E-01 0.101600E-01 0.808000E-02 0.912000E-02 0.632000E-02 0.728000E-02 0.592000E-02 0.640000E-02 0.600000E-02 0.608000E-02 0.656000E-02 0.496000E-02 0.440000E-02 0.440000E-02 0.512000E-02 0.320000E-02 0.304000E-02 0.376000E-02 0.280000E-02 0.344000E-02 0.280000E-02 0.224000E-02 0.240000E-02 0.248000E-02 0.216000E-02 0.176000E-02 0.176000E-02 0.152000E-02 0.128000E-02 0.800000E-03 0.960000E-03 0.136000E-02 0.960000E-03 0.880000E-03 0.104000E-02 0.800000E-03 0.720000E-03 0.800000E-03 0.880000E-03 0.480000E-03 0.720000E-03 0.560000E-03 0.480000E-03 0.160000E-03 0.640000E-03 0.320000E-03 0.160000E-03 0.160000E-03 0.800000E-04 0.160000E-03 0.240000E-03 0.240000E-03 0.240000E-03 0.800000E-04 0.800000E-04 0.800000E-04 0.000000E+00 0.000000E+00 0.800000E-04 0.000000E+00 0.800000E-04 0.000000E+00 0.800000E-04 0.800000E-04 0.000000E+00 0.800000E-04 0.160000E-03 0.000000E+00 0.000000E+00 0.000000E+00 0.800000E-04 0.000000E+00 0.000000E+00 0.000000E+00 0.000000E+00 0.000000E+00 0.000000E+00 0.000000E+00 0.000000E+00 0.000000E+00 0.000000E+00 0.000000E+00 0.800000E-04 0.800000E-04 0.000000E+00 0.000000E+00 0.000000E+00 0.000000E+00 0.000000E+00 0.000000E+00 0.000000E+00 0.000000E+00 0.000000E+00 0.000000E+00 0.000000E+00 0.000000E+00 0.000000E+00 0.000000E+00 0.000000E+00 0.000000E+00 0.000000E+00 0.000000E+00 0.000000E+00 0.000000E+00 0.000000E+00 0.000000E+00 0.000000E+00 0.000000E+00 0.000000E+00 0.000000E+00 0.000000E+00 0.000000E+00 0.000000E+00 0.000000E+00 0.000000E+00 0.000000E+00 0.000000E+00 0.000000E+00 0.000000E+00 0.000000E+00 0.000000E+00 0.000000E+00 0.000000E+00 0.000000E+00 0.000000E+00 0.000000E+00 0.000000E+00 0.000000E+00 0.000000E+00 0.000000E+00 0.000000E+00 0.000000E+00 0.000000E+00 0.000000E+00 0.000000E+00 0.000000E+00 0.000000E+00 0.000000E+00 0.000000E+00 0.000000E+00 0.000000E+00 0.000000E+00 0.000000E+00 0.000000E+00 0.000000E+00 0.000000E+00 0.000000E+00 0.000000E+00 0.000000E+00 0.000000E+00 0.000000E+00 0.000000E+00 0.000000E+00 0.000000E+00
 0.845520E+00 0.775520E+00 0.622080E+00 0.521680E+00 0.448800E+00 0.371200E+00 0.319760E+00 0.278080E+00 0.250880E+00 0.210080E+00 0.192880E+00 0.177280E+00 0.160080E+00 0.144560E+00 0.120080E+00 0.116720E+00 0.100320E+00 0.920000E-01 0.862400E-01 0.828800E-01 0.706400E-01 0.636000E-01 0.604800E-01 0.532800E-01 0.508000E-01 0.492800E-01 0.441600E-01 0.410400E-01 0.409600E-01 0.367200E-01 0.297600E-01 0.306400E-01 0.299200E-01 0.269600E-01 0.229600E-01 0.213600E-01 0.216000E-01 0.193600E-01 0.187200E-01 0.175200E-01 0.152800E-01 0.164000E-01 0.132000E-01 0.135200E-01 0.113600E-01 0.118400E-01 0.904000E-02 0.104000E-01 0.960000E-02 0.888000E-02 0.784000E-02 0.736000E-02 0.688000E-02 0.680000E-02 0.656000E-02 0.600000E-02 0.552000E-02 0.520000E-02 0.584000E-02 0.400000E-02 0.336000E-02 0.352000E-02 0.416000E-02 0.352000E-02 0.416000E-02 0.232000E-02 0.216000E-02 0.208000E-02 0.264000E-02 0.128000E-02 0.216000E-02 0.136000E-02 0.136000E-02 0.160000E-02 0.216000E-02 0.160000E-02 0.104000E-02 0.160000E-02 0.112000E-02 0.720000E-03 0.128000E-02 0.560000E-03 0.320000E-03 0.560000E-03 0.880000E-03 0.720000E-03 0.400000E-03 0.480000E-03 0.400000E-03 0.560000E-03 0.480000E-03 0.400000E-03 0.640000E-03 0.240000E-03 0.800000E-04 0.160000E-03 0.000000E+00 0.160000E-03 0.160000E-03 0.800000E-04 0.000000E+00 0.800000E-04 0.160000E-03 0.000000E+00 0.000000E+00 0.000000E+00 0.000000E+00 0.800000E-04 0.800000E-04 0.160000E-03 0.800000E-04 0.800000E-04 0.800000E-04 0.000000E+00 0.800000E-04 0.000000E+00 0.800000E-04 0.800000E-04 0.800000E-04 0.000000E+00 0.000000E+00 0.000000E+00 0.800000E-04 0.000000E+00 0.000000E+00 0.000000E+00 0.000000E+00 0.000000E+00 0.000000E+00 0.000000E+00 0.000000E+00 0.000000E+00 0.000000E+00 0.000000E+00 0.000000E+00 0.000000E+00 0.000000E+00 0.000000E+00 0.000000E+00 0.000000E+00 0.000000E+00 0.000000E+00 0.000000E+00 0.000000E+00 0.000000E+00 0.000000E+00 0.000000E+00 0.000000E+00 0.000000E+00 0.000000E+00 0.000000E+00 0.000000E+00 0.000000E+00 0.000000E+00 0.000000E+00 0.000000E+00 0.000000E+00 0.000000E+00 0.000000E+00 0.000000E+00 0.000000E+00 0.000000E+00 0.000000E+00 0.000000E+00 0.000000E+00 0.000000E+00 0.000000E+00 0.000000E+00 0.000000E+00 0.000000E+00 0.000000E+00 0.000000E+00 0.000000E+00 0.000000E+00 0.000000E+00 0.000000E+00 0.000000E+00 0.000000E+00 0.000000E+00 0.000000E+00 0.000000E+00 0.000000E+00 0.000000E+00 0.000000E+00 0.000000E+00 0.000000E+00 0.000000E+00 0.000000E+00 0.000000E+00 0.000000E+00 0.000000E+00 0.000000E+00 0.000000E+00 0.000000E+00 0.000000E+00 0.000000E+00 0.000000E+00 0.000000E+00 0.000000E+00 0.000000E+00
 0.175520E+00 0.173280E+00 0.143440E+00 0.120320E+00 0.996000E-01 0.892800E-01 0.744000E-01 0.649600E-01 0.599200E-01 0.511200E-01 0.428800E-01 0.410400E-01 0.363200E-01 0.323200E-01 0.279200E-01 0.301600E-01 0.248800E-01 0.240000E-01 0.188800E-01 0.187200E-01 0.156000E-01 0.153600E-01 0.137600E-01 0.132000E-01 0.111200E-01 0.111200E-01 0.120800E-01 0.936000E-02 0.688000E-02 0.688000E-02 0.672000E-02 0.688000E-02 0.600000E-02 0.624000E-02 0.424000E-02 0.400000E-02 0.320000E-02 0.360000E-02 0.344000E-02 0.320000E-02 0.320000E-02 0.208000E-02 0.168000E-02 0.224000E-02 0.232000E-02 0.136000E-02 0.120000E-02 0.144000E-02 0.104000E-02 0.880000E-03 0.104000E-02 0.112000E-02 0.960000E-03 0.720000E-03 0.960000E-03 0.480000E-03 0.240000E-03 0.160000E-03 0.800000E-03 0.720000E-03 0.320000E-03 0.800000E-03 0.800000E-04 0.400000E-03 0.400000E-03 0.240000E-03 0.400000E-03 0.240000E-03 0.160000E-03 0.800000E-04 0.320000E-03 0.160000E-03 0.800000E-04 0.000000E+00 0.160000E-03 0.000000E+00 0.000000E+00 0.800000E-04 0.000000E+00 0.800000E-04 0.000000E+00 0.000000E+00 0.000000E+00 0.800000E-04 0.000000E+00 0.000000E+00 0.000000E+00 0.000000E+00 0.000000E+00 0.000000E+00 0.000000E+00 0.000000E+00 0.000000E+00 0.000000E+00 0.000000E+00 0.000000E+00 0.000000E+00 0.000000E+00 0.000000E+00 0.000000E+00 0.000000E+00 0.000000E+00 0.000000E+00 0.000000E+00 0.000000E+00 0.000000E+00 0.000000E+00 0.000000E+00 0.000000E+00 0.000000E+00 0.000000E+00 0.000000E+00 0.000000E+00 0.000000E+00 0.000000E+00 0.000000E+00 0.000000E+00 0.000000E+00 0.000000E+00 0.000000E+00 0.000000E+00 0.000000E+00 0.000000E+00 0.000000E+00 0.000000E+00 0.000000E+00 0.000000E+00 0.000000E+00 0.000000E+00 0.000000E+00 0.000000E+00 0.000000E+00 0.000000E+00 0.000000E+00 0.000000E+00 0.000000E+00 0.000000E+00 0.000000E+00 0.000000E+00 0.000000E+00 0.000000E+00 0.000000E+00 0.000000E+00 0.000000E+00 0.000000E+00 0.000000E+00 0.000000E+00 0.000000E+00 0.000000E+00 0.000000E+00 0.000000E+00 0.000000E+00 0.000000E+00 0.000000E+00 0.000000E+00 0.000000E+00 0.000000E+00 0.000000E+00 0.000000E+00 0.000000E+00 0.000000E+00 0.000000E+00 0.000000E+00 0.000000E+00 0.000000E+00 0.000000E+00 0.000000E+00 0.000000E+00 0.000000E+00 0.000000E+00 0.000000E+00 0.000000E+00 0.000000E+00 0.000000E+00 0.000000E+00 0.000000E+00 0.000000E+00 0.000000E+00 0.000000E+00 0.000000E+00 0.000000E+00 0.000000E+00 0.000000E+00 0.000000E+00 0.000000E+00 0.000000E+00 0.000000E+00 0.000000E+00 0.000000E+00 0.000000E+00 0.000000E+00 0.000000E+00 0.000000E+00 0.000000E+00 0.000000E+00 0.000000E+00 0.000000E+00 0.000000E+00 0.000000E+00 0.000000E+00
 0.174640E+00 0.171120E+00 0.140000E+00 0.122080E+00 0.103520E+00 0.843200E-01 0.784000E-01 0.651200E-01 0.585600E-01 0.522400E-01 0.452000E-01 0.398400E-01 0.384000E-01 0.300000E-01 0.299200E-01 0.267200E-01 0.248000E-01 0.206400E-01 0.208000E-01 0.192800E-01 0.155200E-01 0.138400E-01 0.146400E-01 0.129600E-01 0.117600E-01 0.114400E-01 0.112000E-01 0.888000E-02 0.952000E-02 0.760000E-02 0.736000E-02 0.648000E-02 0.584000E-02 0.544000E-02 0.472000E-02 0.424000E-02 0.400000E-02 0.432000E-02 0.360000E-02 0.264000E-02 0.280000E-02 0.304000E-02 0.152000E-02 0.264000E-02 0.160000E-02 0.208000E-02 0.208000E-02 0.168000E-02 0.136000E-02 0.112000E-02 0.800000E-03 0.560000E-03 0.560000E-03 0.720000E-03 0.560000E-03 0.400000E-03 0.480000E-03 0.104000E-02 0.400000E-03 0.160000E-03 0.240000E-03 0.240000E-03 0.320000E-03 0.240000E-03 0.800000E-04 0.240000E-03 0.160000E-03 0.160000E-03 0.240000E-03 0.240000E-03 0.160000E-03 0.160000E-03 0.000000E+00 0.800000E-04 0.800000E-04 0.800000E-04 0.000000E+00 0.800000E-04 0.000000E+00 0.000000E+00 0.160000E-03 0.800000E-04 0.000000E+00 0.000000E+00 0.000000E+00 0.000000E+00 0.000000E+00 0.800000E-04 0.800000E-04 0.000000E+00 0.800000E-04 0.000000E+00 0.000000E+00 0.000000E+00 0.000000E+00 0.000000E+00 0.800000E-04 0.000000E+00 0.000000E+00 0.000000E+00 0.000000E+00 0.000000E+00 0.000000E+00 0.000000E+00 0.000000E+00 0.000000E+00 0.000000E+00 0.000000E+00 0.000000E+00 0.000000E+00 0.000000E+00 0.000000E+00 0.000000E+00 0.000000E+00 0.000000E+00 0.000000E+00 0.000000E+00 0.000000E+00 0.000000E+00 0.000000E+00 0.000000E+00 0.000000E+00 0.000000E+00 0.000000E+00 0.000000E+00 0.000000E+00 0.000000E+00 0.000000E+00 0.000000E+00 0.000000E+00 0.000000E+00 0.000000E+00 0.000000E+00 0.000000E+00 0.000000E+00 0.000000E+00 0.000000E+00 0.000000E+00 0.000000E+00 0.000000E+00 0.000000E+00 0.000000E+00 0.000000E+00 0.000000E+00 0.000000E+00 0.000000E+00 0.000000E+00 0.000000E+00 0.000000E+00 0.000000E+00 0.000000E+00 0.000000E+00 0.000000E+00 0.000000E+00 0.000000E+00 0.000000E+00 0.000000E+00 0.000000E+00 0.000000E+00 0.000000E+00 0.000000E+00 0.000000E+00 0.000000E+00 0.000000E+00 0.000000E+00 0.000000E+00 0.000000E+00 0.000000E+00 0.000000E+00 0.000000E+00 0.000000E+00 0.000000E+00 0.000000E+00 0.000000E+00 0.000000E+00 0.000000E+00 0.000000E+00 0.000000E+00 0.000000E+00 0.000000E+00 0.000000E+00 0.000000E+00 0.000000E+00 0.000000E+00 0.000000E+00 0.000000E+00 0.000000E+00 0.000000E+00 0.000000E+00 0.000000E+00 0.000000E+00 0.000000E+00 0.000000E+00 0.000000E+00 0.000000E+00 0.000000E+00 0.000000E+00 0.000000E+00 0.000000E+00 0.000000E+00
