### Run with WimpAnn version = wimpann-2.08                            
###   Using Pythia version   = Pythia 6.400    
###   Using nusigma version  = nusigma-1.15-pyr                        
###   Using DarkSUSY version = ds-4.1.6                                
###   WimpAnn run started at date 2007-09-08; time 03:51:05
### Neutrino oscillation parameters
#      theta_12 =  0.00000000E+00
#      theta_13 =  0.00000000E+00
#      theta_23 =  0.00000000E+00
#         delta =  0.00000000E+00
#  delta_m^2_21 =  0.81000000E-04
#  delta_m^2_31 =  0.22000000E-02
### WimpAnn run parameters
#  Annihilation channel =         3
#  Generated particles =  t                tbar            
#  WIMP mass =  0.17600000E+03
#  Number of annihilations =   2500000
#  Source = Sun
#...dPhi/dz in  200 bins from 0 to 1
#...Line  1- 6: flux at centre of Sun for neutrino 1-6
#...Line  7-12: flux at surface of Sun for neutrino 1-6
#...Line 13-18: flux at 1 AU from the Sun for neutrino 1-6
#...Line 19-24: flux at surface of Sun for secondary neutrino 1-6
#...Line 25-30: flux at 1 AU from the Sun for secondary neutrino 1-6
 0.636320E+01 0.583480E+01 0.498424E+01 0.428176E+01 0.367232E+01 0.318488E+01 0.272768E+01 0.239264E+01 0.209760E+01 0.184888E+01 0.165696E+01 0.145608E+01 0.128840E+01 0.115680E+01 0.104752E+01 0.941040E+00 0.836720E+00 0.776480E+00 0.686480E+00 0.631920E+00 0.561360E+00 0.524800E+00 0.498640E+00 0.465920E+00 0.431040E+00 0.390560E+00 0.384880E+00 0.369360E+00 0.349440E+00 0.335680E+00 0.327040E+00 0.320160E+00 0.315200E+00 0.303280E+00 0.312640E+00 0.299360E+00 0.303760E+00 0.296880E+00 0.307600E+00 0.299680E+00 0.311520E+00 0.303440E+00 0.305360E+00 0.303360E+00 0.313760E+00 0.319280E+00 0.327440E+00 0.324560E+00 0.326160E+00 0.327040E+00 0.343120E+00 0.347520E+00 0.346560E+00 0.339040E+00 0.344240E+00 0.342240E+00 0.358560E+00 0.356400E+00 0.362880E+00 0.355680E+00 0.364000E+00 0.368400E+00 0.369360E+00 0.359120E+00 0.366800E+00 0.367600E+00 0.369760E+00 0.364480E+00 0.364720E+00 0.362320E+00 0.364560E+00 0.364800E+00 0.365120E+00 0.355280E+00 0.351280E+00 0.355840E+00 0.359440E+00 0.344320E+00 0.340080E+00 0.342960E+00 0.323920E+00 0.334560E+00 0.321440E+00 0.325520E+00 0.308400E+00 0.302720E+00 0.294560E+00 0.288720E+00 0.269520E+00 0.258880E+00 0.241760E+00 0.232080E+00 0.219200E+00 0.207360E+00 0.191920E+00 0.179360E+00 0.157280E+00 0.154720E+00 0.143600E+00 0.134240E+00 0.112560E+00 0.101360E+00 0.903200E-01 0.801600E-01 0.740000E-01 0.592800E-01 0.540800E-01 0.465600E-01 0.425600E-01 0.299200E-01 0.290400E-01 0.234400E-01 0.195200E-01 0.184800E-01 0.164000E-01 0.141600E-01 0.108800E-01 0.920000E-02 0.752000E-02 0.840000E-02 0.904000E-02 0.664000E-02 0.616000E-02 0.472000E-02 0.552000E-02 0.656000E-02 0.352000E-02 0.336000E-02 0.296000E-02 0.248000E-02 0.232000E-02 0.232000E-02 0.200000E-02 0.288000E-02 0.160000E-02 0.200000E-02 0.160000E-02 0.112000E-02 0.960000E-03 0.120000E-02 0.640000E-03 0.168000E-02 0.560000E-03 0.480000E-03 0.800000E-03 0.320000E-03 0.640000E-03 0.800000E-03 0.480000E-03 0.400000E-03 0.240000E-03 0.240000E-03 0.320000E-03 0.160000E-03 0.160000E-03 0.240000E-03 0.160000E-03 0.160000E-03 0.400000E-03 0.800000E-04 0.160000E-03 0.800000E-04 0.240000E-03 0.160000E-03 0.000000E+00 0.000000E+00 0.800000E-04 0.800000E-04 0.000000E+00 0.800000E-04 0.000000E+00 0.000000E+00 0.000000E+00 0.800000E-04 0.000000E+00 0.000000E+00 0.000000E+00 0.000000E+00 0.000000E+00 0.000000E+00 0.000000E+00 0.000000E+00 0.000000E+00 0.000000E+00 0.000000E+00 0.000000E+00 0.000000E+00 0.000000E+00 0.000000E+00 0.000000E+00 0.000000E+00 0.000000E+00 0.000000E+00 0.000000E+00 0.000000E+00 0.000000E+00 0.000000E+00 0.000000E+00 0.000000E+00 0.000000E+00
 0.635688E+01 0.585792E+01 0.501824E+01 0.427104E+01 0.366056E+01 0.316136E+01 0.272568E+01 0.238960E+01 0.210888E+01 0.183112E+01 0.163424E+01 0.145440E+01 0.127568E+01 0.116744E+01 0.104672E+01 0.942160E+00 0.834880E+00 0.747120E+00 0.672080E+00 0.624640E+00 0.557360E+00 0.524080E+00 0.483280E+00 0.447440E+00 0.421760E+00 0.388000E+00 0.369600E+00 0.350880E+00 0.352400E+00 0.341520E+00 0.324880E+00 0.311280E+00 0.314320E+00 0.302480E+00 0.300160E+00 0.300480E+00 0.306560E+00 0.302320E+00 0.297360E+00 0.292960E+00 0.294080E+00 0.297280E+00 0.311760E+00 0.294560E+00 0.305920E+00 0.311200E+00 0.324560E+00 0.322800E+00 0.327840E+00 0.336800E+00 0.330240E+00 0.337120E+00 0.338960E+00 0.335280E+00 0.342080E+00 0.350400E+00 0.348320E+00 0.350880E+00 0.363120E+00 0.356320E+00 0.370160E+00 0.372000E+00 0.361120E+00 0.366320E+00 0.365120E+00 0.366400E+00 0.379680E+00 0.380000E+00 0.365760E+00 0.370560E+00 0.361120E+00 0.370960E+00 0.358880E+00 0.361200E+00 0.360880E+00 0.356080E+00 0.345920E+00 0.341680E+00 0.341120E+00 0.340320E+00 0.340320E+00 0.327600E+00 0.316880E+00 0.320160E+00 0.303360E+00 0.298480E+00 0.281440E+00 0.277440E+00 0.264560E+00 0.259840E+00 0.243280E+00 0.225440E+00 0.219520E+00 0.201840E+00 0.192960E+00 0.181440E+00 0.164480E+00 0.153520E+00 0.140000E+00 0.122560E+00 0.118080E+00 0.106240E+00 0.928800E-01 0.830400E-01 0.712000E-01 0.612000E-01 0.550400E-01 0.461600E-01 0.390400E-01 0.321600E-01 0.271200E-01 0.248800E-01 0.206400E-01 0.179200E-01 0.149600E-01 0.109600E-01 0.117600E-01 0.920000E-02 0.114400E-01 0.880000E-02 0.680000E-02 0.600000E-02 0.624000E-02 0.608000E-02 0.552000E-02 0.496000E-02 0.360000E-02 0.424000E-02 0.384000E-02 0.208000E-02 0.320000E-02 0.304000E-02 0.200000E-02 0.312000E-02 0.224000E-02 0.960000E-03 0.136000E-02 0.152000E-02 0.800000E-03 0.128000E-02 0.880000E-03 0.560000E-03 0.720000E-03 0.960000E-03 0.720000E-03 0.560000E-03 0.400000E-03 0.400000E-03 0.480000E-03 0.240000E-03 0.160000E-03 0.400000E-03 0.160000E-03 0.240000E-03 0.800000E-04 0.560000E-03 0.000000E+00 0.000000E+00 0.240000E-03 0.800000E-04 0.800000E-04 0.800000E-04 0.000000E+00 0.000000E+00 0.160000E-03 0.800000E-04 0.800000E-04 0.000000E+00 0.000000E+00 0.000000E+00 0.000000E+00 0.000000E+00 0.000000E+00 0.000000E+00 0.000000E+00 0.800000E-04 0.000000E+00 0.000000E+00 0.000000E+00 0.000000E+00 0.000000E+00 0.000000E+00 0.000000E+00 0.000000E+00 0.000000E+00 0.000000E+00 0.000000E+00 0.000000E+00 0.000000E+00 0.000000E+00 0.000000E+00 0.000000E+00 0.000000E+00 0.000000E+00 0.000000E+00 0.000000E+00 0.000000E+00 0.000000E+00 0.000000E+00 0.000000E+00
 0.640608E+01 0.593840E+01 0.503448E+01 0.428768E+01 0.363800E+01 0.311976E+01 0.271840E+01 0.236680E+01 0.208472E+01 0.181992E+01 0.161152E+01 0.143808E+01 0.128080E+01 0.115016E+01 0.103264E+01 0.924560E+00 0.830480E+00 0.751600E+00 0.684240E+00 0.623680E+00 0.565920E+00 0.513680E+00 0.458880E+00 0.446800E+00 0.409680E+00 0.400400E+00 0.377280E+00 0.353520E+00 0.345200E+00 0.326000E+00 0.324000E+00 0.308240E+00 0.315520E+00 0.300400E+00 0.296000E+00 0.300800E+00 0.297360E+00 0.295440E+00 0.302640E+00 0.299920E+00 0.298880E+00 0.302400E+00 0.298160E+00 0.307200E+00 0.319280E+00 0.305120E+00 0.324400E+00 0.321040E+00 0.323120E+00 0.325040E+00 0.325120E+00 0.332880E+00 0.337520E+00 0.346640E+00 0.335040E+00 0.356480E+00 0.352800E+00 0.344800E+00 0.359840E+00 0.360880E+00 0.355120E+00 0.370400E+00 0.356800E+00 0.366640E+00 0.362960E+00 0.362240E+00 0.371760E+00 0.362480E+00 0.368960E+00 0.365040E+00 0.364640E+00 0.359520E+00 0.360720E+00 0.359440E+00 0.348560E+00 0.353360E+00 0.348640E+00 0.346400E+00 0.346000E+00 0.334640E+00 0.327040E+00 0.321520E+00 0.326960E+00 0.325440E+00 0.304640E+00 0.307280E+00 0.294000E+00 0.277600E+00 0.275840E+00 0.260800E+00 0.241920E+00 0.228960E+00 0.210720E+00 0.203040E+00 0.194000E+00 0.179600E+00 0.170000E+00 0.154000E+00 0.137680E+00 0.128400E+00 0.119680E+00 0.106560E+00 0.904800E-01 0.828000E-01 0.761600E-01 0.631200E-01 0.582400E-01 0.450400E-01 0.409600E-01 0.336000E-01 0.282400E-01 0.230400E-01 0.174400E-01 0.178400E-01 0.144800E-01 0.139200E-01 0.112800E-01 0.920000E-02 0.944000E-02 0.840000E-02 0.768000E-02 0.688000E-02 0.696000E-02 0.504000E-02 0.496000E-02 0.432000E-02 0.528000E-02 0.304000E-02 0.272000E-02 0.376000E-02 0.280000E-02 0.240000E-02 0.136000E-02 0.208000E-02 0.160000E-02 0.144000E-02 0.136000E-02 0.160000E-02 0.112000E-02 0.800000E-03 0.720000E-03 0.480000E-03 0.960000E-03 0.120000E-02 0.320000E-03 0.800000E-03 0.400000E-03 0.480000E-03 0.640000E-03 0.480000E-03 0.640000E-03 0.400000E-03 0.400000E-03 0.160000E-03 0.160000E-03 0.400000E-03 0.800000E-04 0.800000E-04 0.800000E-04 0.800000E-04 0.240000E-03 0.160000E-03 0.000000E+00 0.800000E-04 0.800000E-04 0.000000E+00 0.000000E+00 0.800000E-04 0.000000E+00 0.800000E-04 0.800000E-04 0.000000E+00 0.000000E+00 0.800000E-04 0.000000E+00 0.000000E+00 0.000000E+00 0.000000E+00 0.800000E-04 0.000000E+00 0.000000E+00 0.000000E+00 0.000000E+00 0.000000E+00 0.000000E+00 0.000000E+00 0.000000E+00 0.000000E+00 0.000000E+00 0.000000E+00 0.000000E+00 0.000000E+00 0.000000E+00 0.000000E+00 0.000000E+00 0.000000E+00 0.000000E+00 0.000000E+00 0.000000E+00 0.000000E+00
 0.644552E+01 0.591256E+01 0.503832E+01 0.427400E+01 0.368808E+01 0.313680E+01 0.272808E+01 0.238776E+01 0.207728E+01 0.184008E+01 0.161792E+01 0.143360E+01 0.128656E+01 0.114752E+01 0.103200E+01 0.922160E+00 0.834720E+00 0.759040E+00 0.686560E+00 0.615280E+00 0.550240E+00 0.524080E+00 0.465920E+00 0.427360E+00 0.414000E+00 0.382160E+00 0.374160E+00 0.366320E+00 0.334720E+00 0.326880E+00 0.321840E+00 0.321760E+00 0.308080E+00 0.299920E+00 0.291920E+00 0.297200E+00 0.300640E+00 0.294480E+00 0.306800E+00 0.292320E+00 0.300960E+00 0.299200E+00 0.302480E+00 0.310080E+00 0.308800E+00 0.323520E+00 0.323040E+00 0.328720E+00 0.331840E+00 0.324800E+00 0.333680E+00 0.338320E+00 0.336400E+00 0.347440E+00 0.342480E+00 0.354880E+00 0.343920E+00 0.360720E+00 0.356720E+00 0.360720E+00 0.372960E+00 0.355680E+00 0.352160E+00 0.366480E+00 0.369680E+00 0.356880E+00 0.363520E+00 0.372320E+00 0.361280E+00 0.365440E+00 0.360400E+00 0.370000E+00 0.362080E+00 0.360400E+00 0.358000E+00 0.351680E+00 0.352960E+00 0.344960E+00 0.348240E+00 0.330080E+00 0.333520E+00 0.320640E+00 0.327920E+00 0.306480E+00 0.310240E+00 0.303600E+00 0.293040E+00 0.272720E+00 0.271600E+00 0.255200E+00 0.242720E+00 0.235920E+00 0.212320E+00 0.204480E+00 0.197520E+00 0.179120E+00 0.167040E+00 0.152720E+00 0.139120E+00 0.125200E+00 0.119040E+00 0.106400E+00 0.919200E-01 0.812800E-01 0.754400E-01 0.629600E-01 0.537600E-01 0.447200E-01 0.400800E-01 0.347200E-01 0.278400E-01 0.232000E-01 0.196000E-01 0.166400E-01 0.149600E-01 0.128800E-01 0.115200E-01 0.106400E-01 0.952000E-02 0.768000E-02 0.824000E-02 0.704000E-02 0.496000E-02 0.528000E-02 0.408000E-02 0.408000E-02 0.432000E-02 0.384000E-02 0.320000E-02 0.360000E-02 0.272000E-02 0.216000E-02 0.216000E-02 0.184000E-02 0.248000E-02 0.200000E-02 0.152000E-02 0.168000E-02 0.104000E-02 0.152000E-02 0.112000E-02 0.880000E-03 0.800000E-03 0.880000E-03 0.640000E-03 0.640000E-03 0.640000E-03 0.640000E-03 0.640000E-03 0.480000E-03 0.400000E-03 0.480000E-03 0.800000E-03 0.800000E-04 0.160000E-03 0.320000E-03 0.800000E-04 0.800000E-04 0.800000E-04 0.160000E-03 0.800000E-04 0.800000E-04 0.160000E-03 0.000000E+00 0.800000E-04 0.000000E+00 0.000000E+00 0.000000E+00 0.800000E-04 0.000000E+00 0.000000E+00 0.000000E+00 0.000000E+00 0.000000E+00 0.000000E+00 0.800000E-04 0.000000E+00 0.000000E+00 0.000000E+00 0.000000E+00 0.000000E+00 0.000000E+00 0.000000E+00 0.000000E+00 0.000000E+00 0.000000E+00 0.000000E+00 0.000000E+00 0.000000E+00 0.000000E+00 0.000000E+00 0.000000E+00 0.000000E+00 0.000000E+00 0.000000E+00 0.000000E+00 0.000000E+00 0.000000E+00 0.000000E+00 0.000000E+00
 0.284776E+01 0.273464E+01 0.248176E+01 0.228088E+01 0.208520E+01 0.190840E+01 0.176144E+01 0.163056E+01 0.148560E+01 0.136816E+01 0.128520E+01 0.117264E+01 0.108056E+01 0.101176E+01 0.920240E+00 0.859840E+00 0.787760E+00 0.748240E+00 0.681120E+00 0.641440E+00 0.591440E+00 0.552960E+00 0.538560E+00 0.498720E+00 0.492320E+00 0.469920E+00 0.471120E+00 0.453040E+00 0.435200E+00 0.427360E+00 0.418000E+00 0.417360E+00 0.410080E+00 0.408000E+00 0.412400E+00 0.410320E+00 0.396080E+00 0.405200E+00 0.401920E+00 0.394240E+00 0.402320E+00 0.409840E+00 0.396800E+00 0.401680E+00 0.399680E+00 0.400480E+00 0.396560E+00 0.404080E+00 0.405600E+00 0.399280E+00 0.407840E+00 0.403040E+00 0.410240E+00 0.408480E+00 0.397040E+00 0.407520E+00 0.404240E+00 0.402560E+00 0.402000E+00 0.398800E+00 0.401520E+00 0.397280E+00 0.395040E+00 0.399280E+00 0.399760E+00 0.377360E+00 0.385920E+00 0.386960E+00 0.393600E+00 0.375200E+00 0.384400E+00 0.372480E+00 0.366800E+00 0.365760E+00 0.360800E+00 0.369440E+00 0.357120E+00 0.355840E+00 0.343840E+00 0.345520E+00 0.332720E+00 0.332000E+00 0.335200E+00 0.318800E+00 0.307360E+00 0.297440E+00 0.295040E+00 0.276080E+00 0.279280E+00 0.254320E+00 0.239600E+00 0.233280E+00 0.216400E+00 0.203200E+00 0.185600E+00 0.179920E+00 0.159040E+00 0.152880E+00 0.138400E+00 0.128400E+00 0.111360E+00 0.103120E+00 0.941600E-01 0.843200E-01 0.692800E-01 0.613600E-01 0.534400E-01 0.491200E-01 0.408800E-01 0.289600E-01 0.301600E-01 0.258400E-01 0.185600E-01 0.168800E-01 0.152800E-01 0.152800E-01 0.125600E-01 0.111200E-01 0.880000E-02 0.856000E-02 0.680000E-02 0.680000E-02 0.480000E-02 0.592000E-02 0.472000E-02 0.352000E-02 0.384000E-02 0.472000E-02 0.336000E-02 0.256000E-02 0.264000E-02 0.264000E-02 0.248000E-02 0.248000E-02 0.168000E-02 0.184000E-02 0.128000E-02 0.800000E-03 0.640000E-03 0.120000E-02 0.960000E-03 0.960000E-03 0.120000E-02 0.640000E-03 0.960000E-03 0.400000E-03 0.720000E-03 0.560000E-03 0.480000E-03 0.560000E-03 0.160000E-03 0.800000E-04 0.400000E-03 0.560000E-03 0.400000E-03 0.240000E-03 0.160000E-03 0.800000E-04 0.400000E-03 0.800000E-04 0.800000E-04 0.800000E-04 0.800000E-04 0.800000E-04 0.000000E+00 0.000000E+00 0.160000E-03 0.000000E+00 0.800000E-04 0.160000E-03 0.000000E+00 0.000000E+00 0.000000E+00 0.160000E-03 0.000000E+00 0.800000E-04 0.000000E+00 0.000000E+00 0.000000E+00 0.000000E+00 0.000000E+00 0.000000E+00 0.000000E+00 0.000000E+00 0.000000E+00 0.000000E+00 0.000000E+00 0.000000E+00 0.000000E+00 0.000000E+00 0.000000E+00 0.000000E+00 0.000000E+00 0.000000E+00 0.000000E+00 0.000000E+00 0.000000E+00 0.000000E+00 0.000000E+00 0.000000E+00
 0.284512E+01 0.274640E+01 0.248320E+01 0.225864E+01 0.207064E+01 0.192200E+01 0.175136E+01 0.163584E+01 0.149952E+01 0.138792E+01 0.125160E+01 0.117696E+01 0.109416E+01 0.986000E+00 0.937840E+00 0.865680E+00 0.781120E+00 0.728880E+00 0.685920E+00 0.629600E+00 0.592480E+00 0.562160E+00 0.533200E+00 0.514320E+00 0.488960E+00 0.461200E+00 0.463520E+00 0.456000E+00 0.438720E+00 0.444560E+00 0.422240E+00 0.416160E+00 0.421840E+00 0.415760E+00 0.416000E+00 0.400960E+00 0.410240E+00 0.413120E+00 0.394400E+00 0.396400E+00 0.405920E+00 0.404080E+00 0.400720E+00 0.410880E+00 0.402800E+00 0.406240E+00 0.411360E+00 0.408320E+00 0.408000E+00 0.398880E+00 0.400480E+00 0.403280E+00 0.395120E+00 0.392560E+00 0.404800E+00 0.402080E+00 0.392560E+00 0.396480E+00 0.388400E+00 0.397840E+00 0.401280E+00 0.399280E+00 0.397280E+00 0.393840E+00 0.386160E+00 0.408720E+00 0.392240E+00 0.378320E+00 0.381280E+00 0.384320E+00 0.373840E+00 0.383520E+00 0.366480E+00 0.360320E+00 0.363760E+00 0.361440E+00 0.354320E+00 0.355760E+00 0.348240E+00 0.338880E+00 0.329680E+00 0.329520E+00 0.325600E+00 0.318880E+00 0.314400E+00 0.309360E+00 0.297920E+00 0.275840E+00 0.265440E+00 0.249760E+00 0.248640E+00 0.234160E+00 0.215840E+00 0.204400E+00 0.194240E+00 0.176800E+00 0.168880E+00 0.152000E+00 0.138720E+00 0.129760E+00 0.118560E+00 0.103600E+00 0.896800E-01 0.812800E-01 0.706400E-01 0.636800E-01 0.522400E-01 0.474400E-01 0.383200E-01 0.327200E-01 0.262400E-01 0.239200E-01 0.200000E-01 0.150400E-01 0.165600E-01 0.121600E-01 0.124800E-01 0.116800E-01 0.960000E-02 0.856000E-02 0.616000E-02 0.600000E-02 0.456000E-02 0.576000E-02 0.440000E-02 0.408000E-02 0.408000E-02 0.360000E-02 0.296000E-02 0.376000E-02 0.232000E-02 0.240000E-02 0.280000E-02 0.288000E-02 0.128000E-02 0.168000E-02 0.144000E-02 0.144000E-02 0.136000E-02 0.720000E-03 0.128000E-02 0.400000E-03 0.800000E-03 0.128000E-02 0.400000E-03 0.720000E-03 0.240000E-03 0.400000E-03 0.320000E-03 0.640000E-03 0.720000E-03 0.400000E-03 0.160000E-03 0.320000E-03 0.320000E-03 0.160000E-03 0.160000E-03 0.800000E-04 0.160000E-03 0.320000E-03 0.240000E-03 0.160000E-03 0.000000E+00 0.800000E-04 0.160000E-03 0.000000E+00 0.160000E-03 0.800000E-04 0.000000E+00 0.240000E-03 0.800000E-04 0.000000E+00 0.000000E+00 0.000000E+00 0.000000E+00 0.000000E+00 0.000000E+00 0.000000E+00 0.000000E+00 0.000000E+00 0.000000E+00 0.000000E+00 0.000000E+00 0.000000E+00 0.000000E+00 0.000000E+00 0.000000E+00 0.000000E+00 0.000000E+00 0.000000E+00 0.000000E+00 0.000000E+00 0.000000E+00 0.000000E+00 0.000000E+00 0.000000E+00 0.000000E+00 0.000000E+00 0.000000E+00 0.000000E+00
 0.647992E+01 0.590792E+01 0.501920E+01 0.429432E+01 0.366624E+01 0.316184E+01 0.270424E+01 0.236056E+01 0.205984E+01 0.180072E+01 0.161512E+01 0.141880E+01 0.124360E+01 0.112096E+01 0.100928E+01 0.901360E+00 0.801760E+00 0.741360E+00 0.652560E+00 0.597280E+00 0.532960E+00 0.495920E+00 0.467040E+00 0.434560E+00 0.408880E+00 0.369680E+00 0.357360E+00 0.345680E+00 0.323440E+00 0.312880E+00 0.298720E+00 0.292400E+00 0.288960E+00 0.275600E+00 0.282400E+00 0.266160E+00 0.270320E+00 0.257680E+00 0.261200E+00 0.259360E+00 0.265920E+00 0.257440E+00 0.258960E+00 0.253920E+00 0.258640E+00 0.260560E+00 0.264560E+00 0.260480E+00 0.259600E+00 0.261600E+00 0.273440E+00 0.269520E+00 0.267760E+00 0.258480E+00 0.257760E+00 0.261600E+00 0.265360E+00 0.263280E+00 0.261600E+00 0.258160E+00 0.266400E+00 0.262640E+00 0.258240E+00 0.253120E+00 0.256240E+00 0.255920E+00 0.254720E+00 0.247520E+00 0.248880E+00 0.241840E+00 0.244560E+00 0.241120E+00 0.240960E+00 0.234160E+00 0.226640E+00 0.231840E+00 0.235280E+00 0.217520E+00 0.215280E+00 0.215120E+00 0.198800E+00 0.208960E+00 0.193200E+00 0.203520E+00 0.184080E+00 0.183520E+00 0.175360E+00 0.172800E+00 0.157520E+00 0.153600E+00 0.141520E+00 0.130960E+00 0.124320E+00 0.115680E+00 0.105040E+00 0.995200E-01 0.859200E-01 0.852800E-01 0.788000E-01 0.721600E-01 0.600000E-01 0.552000E-01 0.481600E-01 0.423200E-01 0.404800E-01 0.312800E-01 0.279200E-01 0.235200E-01 0.235200E-01 0.148800E-01 0.151200E-01 0.124800E-01 0.880000E-02 0.936000E-02 0.904000E-02 0.712000E-02 0.464000E-02 0.440000E-02 0.344000E-02 0.440000E-02 0.472000E-02 0.320000E-02 0.336000E-02 0.256000E-02 0.240000E-02 0.352000E-02 0.168000E-02 0.192000E-02 0.144000E-02 0.104000E-02 0.104000E-02 0.112000E-02 0.800000E-03 0.104000E-02 0.560000E-03 0.880000E-03 0.720000E-03 0.880000E-03 0.560000E-03 0.400000E-03 0.320000E-03 0.560000E-03 0.800000E-04 0.240000E-03 0.800000E-04 0.800000E-04 0.240000E-03 0.400000E-03 0.160000E-03 0.160000E-03 0.800000E-04 0.000000E+00 0.000000E+00 0.800000E-04 0.000000E+00 0.800000E-04 0.000000E+00 0.800000E-04 0.000000E+00 0.800000E-04 0.160000E-03 0.000000E+00 0.800000E-04 0.000000E+00 0.000000E+00 0.000000E+00 0.000000E+00 0.800000E-04 0.000000E+00 0.000000E+00 0.000000E+00 0.000000E+00 0.000000E+00 0.000000E+00 0.000000E+00 0.000000E+00 0.000000E+00 0.000000E+00 0.000000E+00 0.000000E+00 0.000000E+00 0.000000E+00 0.000000E+00 0.000000E+00 0.000000E+00 0.000000E+00 0.000000E+00 0.000000E+00 0.000000E+00 0.000000E+00 0.000000E+00 0.000000E+00 0.000000E+00 0.000000E+00 0.000000E+00 0.000000E+00 0.000000E+00 0.000000E+00 0.000000E+00 0.000000E+00
 0.647256E+01 0.594984E+01 0.507784E+01 0.430728E+01 0.367952E+01 0.316712E+01 0.272624E+01 0.238512E+01 0.209320E+01 0.181728E+01 0.161592E+01 0.143872E+01 0.125760E+01 0.114376E+01 0.102376E+01 0.922080E+00 0.815040E+00 0.729920E+00 0.654400E+00 0.606400E+00 0.543440E+00 0.504320E+00 0.466000E+00 0.430400E+00 0.406400E+00 0.378160E+00 0.355520E+00 0.331280E+00 0.337040E+00 0.328800E+00 0.309120E+00 0.297200E+00 0.299760E+00 0.287040E+00 0.284160E+00 0.280000E+00 0.284560E+00 0.280480E+00 0.275200E+00 0.265920E+00 0.270640E+00 0.270640E+00 0.280960E+00 0.266800E+00 0.270960E+00 0.274960E+00 0.288880E+00 0.285520E+00 0.286560E+00 0.293760E+00 0.283520E+00 0.288960E+00 0.288640E+00 0.288400E+00 0.289920E+00 0.297520E+00 0.287600E+00 0.294560E+00 0.303280E+00 0.292800E+00 0.303600E+00 0.304000E+00 0.296320E+00 0.300160E+00 0.296080E+00 0.297120E+00 0.301680E+00 0.299040E+00 0.293120E+00 0.294160E+00 0.289360E+00 0.288560E+00 0.282320E+00 0.278320E+00 0.278400E+00 0.274960E+00 0.264640E+00 0.262320E+00 0.256800E+00 0.250880E+00 0.257680E+00 0.241360E+00 0.236400E+00 0.237120E+00 0.223120E+00 0.217280E+00 0.206080E+00 0.196320E+00 0.189120E+00 0.185440E+00 0.177440E+00 0.158880E+00 0.158560E+00 0.141120E+00 0.135520E+00 0.127760E+00 0.114480E+00 0.106640E+00 0.940000E-01 0.832000E-01 0.808000E-01 0.692800E-01 0.642400E-01 0.574400E-01 0.470400E-01 0.408800E-01 0.390400E-01 0.320800E-01 0.250400E-01 0.208000E-01 0.181600E-01 0.166400E-01 0.143200E-01 0.109600E-01 0.944000E-02 0.688000E-02 0.744000E-02 0.624000E-02 0.736000E-02 0.488000E-02 0.416000E-02 0.360000E-02 0.408000E-02 0.392000E-02 0.312000E-02 0.328000E-02 0.248000E-02 0.256000E-02 0.232000E-02 0.112000E-02 0.168000E-02 0.216000E-02 0.960000E-03 0.152000E-02 0.120000E-02 0.560000E-03 0.880000E-03 0.800000E-03 0.480000E-03 0.960000E-03 0.480000E-03 0.320000E-03 0.320000E-03 0.800000E-03 0.240000E-03 0.320000E-03 0.800000E-04 0.240000E-03 0.320000E-03 0.800000E-04 0.800000E-04 0.400000E-03 0.800000E-04 0.160000E-03 0.800000E-04 0.480000E-03 0.000000E+00 0.000000E+00 0.240000E-03 0.800000E-04 0.800000E-04 0.000000E+00 0.000000E+00 0.000000E+00 0.160000E-03 0.800000E-04 0.000000E+00 0.000000E+00 0.000000E+00 0.000000E+00 0.000000E+00 0.000000E+00 0.000000E+00 0.000000E+00 0.000000E+00 0.000000E+00 0.000000E+00 0.000000E+00 0.000000E+00 0.000000E+00 0.000000E+00 0.000000E+00 0.000000E+00 0.000000E+00 0.000000E+00 0.000000E+00 0.000000E+00 0.000000E+00 0.000000E+00 0.000000E+00 0.000000E+00 0.000000E+00 0.000000E+00 0.000000E+00 0.000000E+00 0.000000E+00 0.000000E+00 0.000000E+00 0.000000E+00 0.000000E+00
 0.652328E+01 0.601904E+01 0.507016E+01 0.429040E+01 0.363664E+01 0.309344E+01 0.269208E+01 0.233624E+01 0.204096E+01 0.177736E+01 0.156952E+01 0.139128E+01 0.123520E+01 0.110520E+01 0.989280E+00 0.888160E+00 0.794080E+00 0.716080E+00 0.647360E+00 0.589920E+00 0.536720E+00 0.486320E+00 0.431920E+00 0.420480E+00 0.383840E+00 0.372800E+00 0.354000E+00 0.326480E+00 0.319680E+00 0.301680E+00 0.297680E+00 0.278480E+00 0.280160E+00 0.270320E+00 0.268400E+00 0.271120E+00 0.262800E+00 0.257520E+00 0.261120E+00 0.260480E+00 0.257840E+00 0.254000E+00 0.248240E+00 0.257680E+00 0.263360E+00 0.250160E+00 0.263200E+00 0.262560E+00 0.261600E+00 0.255760E+00 0.260640E+00 0.253120E+00 0.258960E+00 0.268000E+00 0.251120E+00 0.269360E+00 0.260640E+00 0.255520E+00 0.270320E+00 0.260720E+00 0.258160E+00 0.266000E+00 0.253200E+00 0.258720E+00 0.256560E+00 0.250480E+00 0.259200E+00 0.248160E+00 0.250000E+00 0.247440E+00 0.241920E+00 0.235520E+00 0.238560E+00 0.230320E+00 0.226320E+00 0.222640E+00 0.226640E+00 0.222560E+00 0.219280E+00 0.208480E+00 0.201360E+00 0.196240E+00 0.202720E+00 0.201360E+00 0.185600E+00 0.184640E+00 0.178080E+00 0.165600E+00 0.159920E+00 0.147440E+00 0.139120E+00 0.131520E+00 0.123200E+00 0.110000E+00 0.111040E+00 0.105200E+00 0.963200E-01 0.828000E-01 0.758400E-01 0.688000E-01 0.662400E-01 0.608800E-01 0.508800E-01 0.444000E-01 0.392800E-01 0.331200E-01 0.299200E-01 0.226400E-01 0.220800E-01 0.184800E-01 0.135200E-01 0.104800E-01 0.872000E-02 0.848000E-02 0.680000E-02 0.648000E-02 0.536000E-02 0.576000E-02 0.480000E-02 0.400000E-02 0.376000E-02 0.352000E-02 0.360000E-02 0.200000E-02 0.264000E-02 0.208000E-02 0.208000E-02 0.112000E-02 0.960000E-03 0.200000E-02 0.800000E-03 0.144000E-02 0.640000E-03 0.120000E-02 0.720000E-03 0.640000E-03 0.560000E-03 0.560000E-03 0.400000E-03 0.400000E-03 0.400000E-03 0.800000E-04 0.240000E-03 0.400000E-03 0.240000E-03 0.320000E-03 0.240000E-03 0.320000E-03 0.320000E-03 0.320000E-03 0.240000E-03 0.800000E-04 0.160000E-03 0.000000E+00 0.800000E-04 0.400000E-03 0.800000E-04 0.000000E+00 0.800000E-04 0.800000E-04 0.160000E-03 0.800000E-04 0.000000E+00 0.800000E-04 0.000000E+00 0.000000E+00 0.000000E+00 0.800000E-04 0.000000E+00 0.800000E-04 0.000000E+00 0.000000E+00 0.000000E+00 0.000000E+00 0.000000E+00 0.000000E+00 0.000000E+00 0.000000E+00 0.000000E+00 0.000000E+00 0.000000E+00 0.000000E+00 0.000000E+00 0.000000E+00 0.000000E+00 0.000000E+00 0.000000E+00 0.000000E+00 0.000000E+00 0.000000E+00 0.000000E+00 0.000000E+00 0.000000E+00 0.000000E+00 0.000000E+00 0.000000E+00 0.000000E+00 0.000000E+00 0.000000E+00 0.000000E+00
 0.655824E+01 0.600248E+01 0.509440E+01 0.430648E+01 0.369560E+01 0.314424E+01 0.272456E+01 0.237968E+01 0.205728E+01 0.181960E+01 0.160080E+01 0.141624E+01 0.126632E+01 0.112672E+01 0.101528E+01 0.901040E+00 0.818240E+00 0.741760E+00 0.669760E+00 0.600480E+00 0.533680E+00 0.507440E+00 0.451840E+00 0.415200E+00 0.399760E+00 0.369840E+00 0.358480E+00 0.352480E+00 0.322000E+00 0.312240E+00 0.307600E+00 0.305680E+00 0.289760E+00 0.278480E+00 0.279280E+00 0.278240E+00 0.279440E+00 0.275120E+00 0.284160E+00 0.264640E+00 0.270880E+00 0.271040E+00 0.276080E+00 0.278720E+00 0.278240E+00 0.284960E+00 0.285760E+00 0.282160E+00 0.294320E+00 0.283840E+00 0.289360E+00 0.290960E+00 0.288320E+00 0.299040E+00 0.289520E+00 0.300480E+00 0.290640E+00 0.302640E+00 0.300960E+00 0.301600E+00 0.308480E+00 0.294480E+00 0.288720E+00 0.295120E+00 0.302240E+00 0.288720E+00 0.292720E+00 0.297840E+00 0.289520E+00 0.293520E+00 0.282800E+00 0.284640E+00 0.279920E+00 0.281440E+00 0.276240E+00 0.270080E+00 0.268800E+00 0.261680E+00 0.264720E+00 0.247600E+00 0.249760E+00 0.237840E+00 0.238800E+00 0.227200E+00 0.227760E+00 0.221600E+00 0.216080E+00 0.197360E+00 0.195360E+00 0.183440E+00 0.169520E+00 0.166960E+00 0.152160E+00 0.145920E+00 0.135280E+00 0.124640E+00 0.115360E+00 0.103520E+00 0.934400E-01 0.852000E-01 0.826400E-01 0.717600E-01 0.637600E-01 0.531200E-01 0.492000E-01 0.420800E-01 0.356800E-01 0.281600E-01 0.268000E-01 0.228000E-01 0.186400E-01 0.152800E-01 0.129600E-01 0.115200E-01 0.936000E-02 0.864000E-02 0.752000E-02 0.696000E-02 0.656000E-02 0.512000E-02 0.504000E-02 0.464000E-02 0.336000E-02 0.304000E-02 0.264000E-02 0.288000E-02 0.264000E-02 0.208000E-02 0.232000E-02 0.224000E-02 0.160000E-02 0.128000E-02 0.152000E-02 0.960000E-03 0.136000E-02 0.112000E-02 0.960000E-03 0.104000E-02 0.640000E-03 0.880000E-03 0.720000E-03 0.480000E-03 0.560000E-03 0.640000E-03 0.320000E-03 0.320000E-03 0.400000E-03 0.320000E-03 0.480000E-03 0.160000E-03 0.160000E-03 0.320000E-03 0.560000E-03 0.000000E+00 0.160000E-03 0.800000E-04 0.000000E+00 0.000000E+00 0.000000E+00 0.240000E-03 0.000000E+00 0.000000E+00 0.800000E-04 0.000000E+00 0.800000E-04 0.000000E+00 0.000000E+00 0.000000E+00 0.000000E+00 0.000000E+00 0.000000E+00 0.000000E+00 0.000000E+00 0.000000E+00 0.000000E+00 0.800000E-04 0.000000E+00 0.000000E+00 0.000000E+00 0.000000E+00 0.000000E+00 0.000000E+00 0.000000E+00 0.000000E+00 0.000000E+00 0.000000E+00 0.000000E+00 0.000000E+00 0.000000E+00 0.000000E+00 0.000000E+00 0.000000E+00 0.000000E+00 0.000000E+00 0.000000E+00 0.000000E+00 0.000000E+00 0.000000E+00 0.000000E+00 0.000000E+00
 0.371920E+01 0.338912E+01 0.290520E+01 0.261672E+01 0.237736E+01 0.216224E+01 0.198944E+01 0.183000E+01 0.166240E+01 0.153072E+01 0.142264E+01 0.130864E+01 0.119656E+01 0.110784E+01 0.102032E+01 0.946480E+00 0.866800E+00 0.821200E+00 0.746960E+00 0.702400E+00 0.647440E+00 0.605280E+00 0.585040E+00 0.537760E+00 0.530160E+00 0.510720E+00 0.497520E+00 0.477920E+00 0.452880E+00 0.449840E+00 0.438240E+00 0.422160E+00 0.412880E+00 0.412800E+00 0.407920E+00 0.408160E+00 0.388640E+00 0.396560E+00 0.390080E+00 0.377680E+00 0.375920E+00 0.382960E+00 0.366240E+00 0.374960E+00 0.364400E+00 0.360800E+00 0.354640E+00 0.359040E+00 0.362000E+00 0.352480E+00 0.354080E+00 0.346240E+00 0.350880E+00 0.348000E+00 0.330560E+00 0.343120E+00 0.334000E+00 0.326320E+00 0.329760E+00 0.324080E+00 0.324640E+00 0.317840E+00 0.311840E+00 0.314080E+00 0.312400E+00 0.297760E+00 0.294320E+00 0.297760E+00 0.300240E+00 0.281040E+00 0.284080E+00 0.278240E+00 0.273040E+00 0.274720E+00 0.265600E+00 0.265840E+00 0.257200E+00 0.253360E+00 0.244080E+00 0.243920E+00 0.232800E+00 0.228400E+00 0.230480E+00 0.218720E+00 0.206880E+00 0.200880E+00 0.197040E+00 0.185520E+00 0.186000E+00 0.165360E+00 0.153200E+00 0.150480E+00 0.138160E+00 0.128880E+00 0.117760E+00 0.115680E+00 0.100800E+00 0.936000E-01 0.880000E-01 0.788000E-01 0.713600E-01 0.605600E-01 0.572800E-01 0.528800E-01 0.411200E-01 0.365600E-01 0.333600E-01 0.297600E-01 0.234400E-01 0.182400E-01 0.172800E-01 0.151200E-01 0.968000E-02 0.952000E-02 0.904000E-02 0.824000E-02 0.744000E-02 0.608000E-02 0.384000E-02 0.456000E-02 0.376000E-02 0.296000E-02 0.224000E-02 0.312000E-02 0.296000E-02 0.216000E-02 0.168000E-02 0.224000E-02 0.168000E-02 0.144000E-02 0.112000E-02 0.128000E-02 0.800000E-03 0.160000E-02 0.960000E-03 0.880000E-03 0.640000E-03 0.320000E-03 0.400000E-03 0.960000E-03 0.560000E-03 0.400000E-03 0.720000E-03 0.240000E-03 0.400000E-03 0.160000E-03 0.400000E-03 0.320000E-03 0.320000E-03 0.400000E-03 0.160000E-03 0.800000E-04 0.800000E-04 0.480000E-03 0.240000E-03 0.800000E-04 0.800000E-04 0.000000E+00 0.800000E-04 0.000000E+00 0.000000E+00 0.800000E-04 0.000000E+00 0.000000E+00 0.000000E+00 0.000000E+00 0.160000E-03 0.000000E+00 0.000000E+00 0.800000E-04 0.000000E+00 0.000000E+00 0.000000E+00 0.800000E-04 0.000000E+00 0.800000E-04 0.000000E+00 0.000000E+00 0.000000E+00 0.000000E+00 0.000000E+00 0.000000E+00 0.000000E+00 0.000000E+00 0.000000E+00 0.000000E+00 0.000000E+00 0.000000E+00 0.000000E+00 0.000000E+00 0.000000E+00 0.000000E+00 0.000000E+00 0.000000E+00 0.000000E+00 0.000000E+00 0.000000E+00 0.000000E+00 0.000000E+00 0.000000E+00
 0.317360E+01 0.303192E+01 0.270336E+01 0.245048E+01 0.224784E+01 0.207888E+01 0.189688E+01 0.176712E+01 0.162000E+01 0.149704E+01 0.134552E+01 0.126696E+01 0.118064E+01 0.106352E+01 0.100368E+01 0.929600E+00 0.834080E+00 0.786640E+00 0.734560E+00 0.679040E+00 0.642720E+00 0.608240E+00 0.574640E+00 0.554080E+00 0.529360E+00 0.492720E+00 0.488480E+00 0.483120E+00 0.462480E+00 0.465360E+00 0.445280E+00 0.431840E+00 0.431360E+00 0.428080E+00 0.426720E+00 0.407520E+00 0.409120E+00 0.416080E+00 0.392800E+00 0.394160E+00 0.401120E+00 0.394000E+00 0.389920E+00 0.397120E+00 0.389840E+00 0.389680E+00 0.394640E+00 0.388160E+00 0.382320E+00 0.375520E+00 0.373760E+00 0.372320E+00 0.363520E+00 0.364240E+00 0.368240E+00 0.366320E+00 0.356400E+00 0.359760E+00 0.346480E+00 0.354560E+00 0.354000E+00 0.350400E+00 0.346400E+00 0.344560E+00 0.336960E+00 0.353120E+00 0.342480E+00 0.324080E+00 0.325520E+00 0.324560E+00 0.320000E+00 0.320240E+00 0.310320E+00 0.300800E+00 0.302480E+00 0.298880E+00 0.290800E+00 0.292320E+00 0.286000E+00 0.276800E+00 0.264480E+00 0.265360E+00 0.260160E+00 0.254640E+00 0.248480E+00 0.246320E+00 0.230320E+00 0.212080E+00 0.205520E+00 0.196400E+00 0.196560E+00 0.180720E+00 0.164800E+00 0.155680E+00 0.145440E+00 0.133120E+00 0.126800E+00 0.112480E+00 0.101920E+00 0.962400E-01 0.886400E-01 0.738400E-01 0.658400E-01 0.589600E-01 0.525600E-01 0.459200E-01 0.372000E-01 0.344800E-01 0.292000E-01 0.228800E-01 0.188000E-01 0.180800E-01 0.145600E-01 0.108800E-01 0.120800E-01 0.824000E-02 0.960000E-02 0.784000E-02 0.688000E-02 0.600000E-02 0.416000E-02 0.472000E-02 0.304000E-02 0.376000E-02 0.280000E-02 0.312000E-02 0.336000E-02 0.208000E-02 0.200000E-02 0.280000E-02 0.176000E-02 0.184000E-02 0.168000E-02 0.184000E-02 0.640000E-03 0.136000E-02 0.960000E-03 0.800000E-03 0.104000E-02 0.560000E-03 0.960000E-03 0.160000E-03 0.560000E-03 0.560000E-03 0.160000E-03 0.400000E-03 0.160000E-03 0.240000E-03 0.240000E-03 0.400000E-03 0.400000E-03 0.320000E-03 0.160000E-03 0.800000E-04 0.160000E-03 0.800000E-04 0.000000E+00 0.800000E-04 0.000000E+00 0.320000E-03 0.160000E-03 0.800000E-04 0.000000E+00 0.800000E-04 0.000000E+00 0.000000E+00 0.800000E-04 0.800000E-04 0.000000E+00 0.000000E+00 0.000000E+00 0.000000E+00 0.000000E+00 0.000000E+00 0.000000E+00 0.000000E+00 0.000000E+00 0.000000E+00 0.000000E+00 0.000000E+00 0.000000E+00 0.000000E+00 0.000000E+00 0.000000E+00 0.000000E+00 0.000000E+00 0.000000E+00 0.000000E+00 0.000000E+00 0.000000E+00 0.000000E+00 0.000000E+00 0.000000E+00 0.000000E+00 0.000000E+00 0.000000E+00 0.000000E+00 0.000000E+00 0.000000E+00 0.000000E+00
 0.647992E+01 0.590792E+01 0.501920E+01 0.429432E+01 0.366624E+01 0.316184E+01 0.270424E+01 0.236056E+01 0.205984E+01 0.180072E+01 0.161512E+01 0.141880E+01 0.124360E+01 0.112096E+01 0.100928E+01 0.901360E+00 0.801760E+00 0.741360E+00 0.652560E+00 0.597280E+00 0.532960E+00 0.495920E+00 0.467040E+00 0.434560E+00 0.408880E+00 0.369680E+00 0.357360E+00 0.345680E+00 0.323440E+00 0.312880E+00 0.298720E+00 0.292400E+00 0.288960E+00 0.275600E+00 0.282400E+00 0.266160E+00 0.270320E+00 0.257680E+00 0.261200E+00 0.259360E+00 0.265920E+00 0.257440E+00 0.258960E+00 0.253920E+00 0.258640E+00 0.260560E+00 0.264560E+00 0.260480E+00 0.259600E+00 0.261600E+00 0.273440E+00 0.269520E+00 0.267760E+00 0.258480E+00 0.257760E+00 0.261600E+00 0.265360E+00 0.263280E+00 0.261600E+00 0.258160E+00 0.266400E+00 0.262640E+00 0.258240E+00 0.253120E+00 0.256240E+00 0.255920E+00 0.254720E+00 0.247520E+00 0.248880E+00 0.241840E+00 0.244560E+00 0.241120E+00 0.240960E+00 0.234160E+00 0.226640E+00 0.231840E+00 0.235280E+00 0.217520E+00 0.215280E+00 0.215120E+00 0.198800E+00 0.208960E+00 0.193200E+00 0.203520E+00 0.184080E+00 0.183520E+00 0.175360E+00 0.172800E+00 0.157520E+00 0.153600E+00 0.141520E+00 0.130960E+00 0.124320E+00 0.115680E+00 0.105040E+00 0.995200E-01 0.859200E-01 0.852800E-01 0.788000E-01 0.721600E-01 0.600000E-01 0.552000E-01 0.481600E-01 0.423200E-01 0.404800E-01 0.312800E-01 0.279200E-01 0.235200E-01 0.235200E-01 0.148800E-01 0.151200E-01 0.124800E-01 0.880000E-02 0.936000E-02 0.904000E-02 0.712000E-02 0.464000E-02 0.440000E-02 0.344000E-02 0.440000E-02 0.472000E-02 0.320000E-02 0.336000E-02 0.256000E-02 0.240000E-02 0.352000E-02 0.168000E-02 0.192000E-02 0.144000E-02 0.104000E-02 0.104000E-02 0.112000E-02 0.800000E-03 0.104000E-02 0.560000E-03 0.880000E-03 0.720000E-03 0.880000E-03 0.560000E-03 0.400000E-03 0.320000E-03 0.560000E-03 0.800000E-04 0.240000E-03 0.800000E-04 0.800000E-04 0.240000E-03 0.400000E-03 0.160000E-03 0.160000E-03 0.800000E-04 0.000000E+00 0.000000E+00 0.800000E-04 0.000000E+00 0.800000E-04 0.000000E+00 0.800000E-04 0.000000E+00 0.800000E-04 0.160000E-03 0.000000E+00 0.800000E-04 0.000000E+00 0.000000E+00 0.000000E+00 0.000000E+00 0.800000E-04 0.000000E+00 0.000000E+00 0.000000E+00 0.000000E+00 0.000000E+00 0.000000E+00 0.000000E+00 0.000000E+00 0.000000E+00 0.000000E+00 0.000000E+00 0.000000E+00 0.000000E+00 0.000000E+00 0.000000E+00 0.000000E+00 0.000000E+00 0.000000E+00 0.000000E+00 0.000000E+00 0.000000E+00 0.000000E+00 0.000000E+00 0.000000E+00 0.000000E+00 0.000000E+00 0.000000E+00 0.000000E+00 0.000000E+00 0.000000E+00 0.000000E+00 0.000000E+00
 0.647256E+01 0.594984E+01 0.507784E+01 0.430728E+01 0.367952E+01 0.316712E+01 0.272624E+01 0.238512E+01 0.209320E+01 0.181728E+01 0.161592E+01 0.143872E+01 0.125760E+01 0.114376E+01 0.102376E+01 0.922080E+00 0.815040E+00 0.729920E+00 0.654400E+00 0.606400E+00 0.543440E+00 0.504320E+00 0.466000E+00 0.430400E+00 0.406400E+00 0.378160E+00 0.355520E+00 0.331280E+00 0.337040E+00 0.328800E+00 0.309120E+00 0.297200E+00 0.299760E+00 0.287040E+00 0.284160E+00 0.280000E+00 0.284560E+00 0.280480E+00 0.275200E+00 0.265920E+00 0.270640E+00 0.270640E+00 0.280960E+00 0.266800E+00 0.270960E+00 0.274960E+00 0.288880E+00 0.285520E+00 0.286560E+00 0.293760E+00 0.283520E+00 0.288960E+00 0.288640E+00 0.288400E+00 0.289920E+00 0.297520E+00 0.287600E+00 0.294560E+00 0.303280E+00 0.292800E+00 0.303600E+00 0.304000E+00 0.296320E+00 0.300160E+00 0.296080E+00 0.297120E+00 0.301680E+00 0.299040E+00 0.293120E+00 0.294160E+00 0.289360E+00 0.288560E+00 0.282320E+00 0.278320E+00 0.278400E+00 0.274960E+00 0.264640E+00 0.262320E+00 0.256800E+00 0.250880E+00 0.257680E+00 0.241360E+00 0.236400E+00 0.237120E+00 0.223120E+00 0.217280E+00 0.206080E+00 0.196320E+00 0.189120E+00 0.185440E+00 0.177440E+00 0.158880E+00 0.158560E+00 0.141120E+00 0.135520E+00 0.127760E+00 0.114480E+00 0.106640E+00 0.940000E-01 0.832000E-01 0.808000E-01 0.692800E-01 0.642400E-01 0.574400E-01 0.470400E-01 0.408800E-01 0.390400E-01 0.320800E-01 0.250400E-01 0.208000E-01 0.181600E-01 0.166400E-01 0.143200E-01 0.109600E-01 0.944000E-02 0.688000E-02 0.744000E-02 0.624000E-02 0.736000E-02 0.488000E-02 0.416000E-02 0.360000E-02 0.408000E-02 0.392000E-02 0.312000E-02 0.328000E-02 0.248000E-02 0.256000E-02 0.232000E-02 0.112000E-02 0.168000E-02 0.216000E-02 0.960000E-03 0.152000E-02 0.120000E-02 0.560000E-03 0.880000E-03 0.800000E-03 0.480000E-03 0.960000E-03 0.480000E-03 0.320000E-03 0.320000E-03 0.800000E-03 0.240000E-03 0.320000E-03 0.800000E-04 0.240000E-03 0.320000E-03 0.800000E-04 0.800000E-04 0.400000E-03 0.800000E-04 0.160000E-03 0.800000E-04 0.480000E-03 0.000000E+00 0.000000E+00 0.240000E-03 0.800000E-04 0.800000E-04 0.000000E+00 0.000000E+00 0.000000E+00 0.160000E-03 0.800000E-04 0.000000E+00 0.000000E+00 0.000000E+00 0.000000E+00 0.000000E+00 0.000000E+00 0.000000E+00 0.000000E+00 0.000000E+00 0.000000E+00 0.000000E+00 0.000000E+00 0.000000E+00 0.000000E+00 0.000000E+00 0.000000E+00 0.000000E+00 0.000000E+00 0.000000E+00 0.000000E+00 0.000000E+00 0.000000E+00 0.000000E+00 0.000000E+00 0.000000E+00 0.000000E+00 0.000000E+00 0.000000E+00 0.000000E+00 0.000000E+00 0.000000E+00 0.000000E+00 0.000000E+00 0.000000E+00
 0.652328E+01 0.601904E+01 0.507016E+01 0.429040E+01 0.363664E+01 0.309344E+01 0.269208E+01 0.233624E+01 0.204096E+01 0.177736E+01 0.156952E+01 0.139128E+01 0.123520E+01 0.110520E+01 0.989280E+00 0.888160E+00 0.794080E+00 0.716080E+00 0.647360E+00 0.589920E+00 0.536720E+00 0.486320E+00 0.431920E+00 0.420480E+00 0.383840E+00 0.372800E+00 0.354000E+00 0.326480E+00 0.319680E+00 0.301680E+00 0.297680E+00 0.278480E+00 0.280160E+00 0.270320E+00 0.268400E+00 0.271120E+00 0.262800E+00 0.257520E+00 0.261120E+00 0.260480E+00 0.257840E+00 0.254000E+00 0.248240E+00 0.257680E+00 0.263360E+00 0.250160E+00 0.263200E+00 0.262560E+00 0.261600E+00 0.255760E+00 0.260640E+00 0.253120E+00 0.258960E+00 0.268000E+00 0.251120E+00 0.269360E+00 0.260640E+00 0.255520E+00 0.270320E+00 0.260720E+00 0.258160E+00 0.266000E+00 0.253200E+00 0.258720E+00 0.256560E+00 0.250480E+00 0.259200E+00 0.248160E+00 0.250000E+00 0.247440E+00 0.241920E+00 0.235520E+00 0.238560E+00 0.230320E+00 0.226320E+00 0.222640E+00 0.226640E+00 0.222560E+00 0.219280E+00 0.208480E+00 0.201360E+00 0.196240E+00 0.202720E+00 0.201360E+00 0.185600E+00 0.184640E+00 0.178080E+00 0.165600E+00 0.159920E+00 0.147440E+00 0.139120E+00 0.131520E+00 0.123200E+00 0.110000E+00 0.111040E+00 0.105200E+00 0.963200E-01 0.828000E-01 0.758400E-01 0.688000E-01 0.662400E-01 0.608800E-01 0.508800E-01 0.444000E-01 0.392800E-01 0.331200E-01 0.299200E-01 0.226400E-01 0.220800E-01 0.184800E-01 0.135200E-01 0.104800E-01 0.872000E-02 0.848000E-02 0.680000E-02 0.648000E-02 0.536000E-02 0.576000E-02 0.480000E-02 0.400000E-02 0.376000E-02 0.352000E-02 0.360000E-02 0.200000E-02 0.264000E-02 0.208000E-02 0.208000E-02 0.112000E-02 0.960000E-03 0.200000E-02 0.800000E-03 0.144000E-02 0.640000E-03 0.120000E-02 0.720000E-03 0.640000E-03 0.560000E-03 0.560000E-03 0.400000E-03 0.400000E-03 0.400000E-03 0.800000E-04 0.240000E-03 0.400000E-03 0.240000E-03 0.320000E-03 0.240000E-03 0.320000E-03 0.320000E-03 0.320000E-03 0.240000E-03 0.800000E-04 0.160000E-03 0.000000E+00 0.800000E-04 0.400000E-03 0.800000E-04 0.000000E+00 0.800000E-04 0.800000E-04 0.160000E-03 0.800000E-04 0.000000E+00 0.800000E-04 0.000000E+00 0.000000E+00 0.000000E+00 0.800000E-04 0.000000E+00 0.800000E-04 0.000000E+00 0.000000E+00 0.000000E+00 0.000000E+00 0.000000E+00 0.000000E+00 0.000000E+00 0.000000E+00 0.000000E+00 0.000000E+00 0.000000E+00 0.000000E+00 0.000000E+00 0.000000E+00 0.000000E+00 0.000000E+00 0.000000E+00 0.000000E+00 0.000000E+00 0.000000E+00 0.000000E+00 0.000000E+00 0.000000E+00 0.000000E+00 0.000000E+00 0.000000E+00 0.000000E+00 0.000000E+00 0.000000E+00 0.000000E+00
 0.655824E+01 0.600248E+01 0.509440E+01 0.430648E+01 0.369560E+01 0.314424E+01 0.272456E+01 0.237968E+01 0.205728E+01 0.181960E+01 0.160080E+01 0.141624E+01 0.126632E+01 0.112672E+01 0.101528E+01 0.901040E+00 0.818240E+00 0.741760E+00 0.669760E+00 0.600480E+00 0.533680E+00 0.507440E+00 0.451840E+00 0.415200E+00 0.399760E+00 0.369840E+00 0.358480E+00 0.352480E+00 0.322000E+00 0.312240E+00 0.307600E+00 0.305680E+00 0.289760E+00 0.278480E+00 0.279280E+00 0.278240E+00 0.279440E+00 0.275120E+00 0.284160E+00 0.264640E+00 0.270880E+00 0.271040E+00 0.276080E+00 0.278720E+00 0.278240E+00 0.284960E+00 0.285760E+00 0.282160E+00 0.294320E+00 0.283840E+00 0.289360E+00 0.290960E+00 0.288320E+00 0.299040E+00 0.289520E+00 0.300480E+00 0.290640E+00 0.302640E+00 0.300960E+00 0.301600E+00 0.308480E+00 0.294480E+00 0.288720E+00 0.295120E+00 0.302240E+00 0.288720E+00 0.292720E+00 0.297840E+00 0.289520E+00 0.293520E+00 0.282800E+00 0.284640E+00 0.279920E+00 0.281440E+00 0.276240E+00 0.270080E+00 0.268800E+00 0.261680E+00 0.264720E+00 0.247600E+00 0.249760E+00 0.237840E+00 0.238800E+00 0.227200E+00 0.227760E+00 0.221600E+00 0.216080E+00 0.197360E+00 0.195360E+00 0.183440E+00 0.169520E+00 0.166960E+00 0.152160E+00 0.145920E+00 0.135280E+00 0.124640E+00 0.115360E+00 0.103520E+00 0.934400E-01 0.852000E-01 0.826400E-01 0.717600E-01 0.637600E-01 0.531200E-01 0.492000E-01 0.420800E-01 0.356800E-01 0.281600E-01 0.268000E-01 0.228000E-01 0.186400E-01 0.152800E-01 0.129600E-01 0.115200E-01 0.936000E-02 0.864000E-02 0.752000E-02 0.696000E-02 0.656000E-02 0.512000E-02 0.504000E-02 0.464000E-02 0.336000E-02 0.304000E-02 0.264000E-02 0.288000E-02 0.264000E-02 0.208000E-02 0.232000E-02 0.224000E-02 0.160000E-02 0.128000E-02 0.152000E-02 0.960000E-03 0.136000E-02 0.112000E-02 0.960000E-03 0.104000E-02 0.640000E-03 0.880000E-03 0.720000E-03 0.480000E-03 0.560000E-03 0.640000E-03 0.320000E-03 0.320000E-03 0.400000E-03 0.320000E-03 0.480000E-03 0.160000E-03 0.160000E-03 0.320000E-03 0.560000E-03 0.000000E+00 0.160000E-03 0.800000E-04 0.000000E+00 0.000000E+00 0.000000E+00 0.240000E-03 0.000000E+00 0.000000E+00 0.800000E-04 0.000000E+00 0.800000E-04 0.000000E+00 0.000000E+00 0.000000E+00 0.000000E+00 0.000000E+00 0.000000E+00 0.000000E+00 0.000000E+00 0.000000E+00 0.000000E+00 0.800000E-04 0.000000E+00 0.000000E+00 0.000000E+00 0.000000E+00 0.000000E+00 0.000000E+00 0.000000E+00 0.000000E+00 0.000000E+00 0.000000E+00 0.000000E+00 0.000000E+00 0.000000E+00 0.000000E+00 0.000000E+00 0.000000E+00 0.000000E+00 0.000000E+00 0.000000E+00 0.000000E+00 0.000000E+00 0.000000E+00 0.000000E+00 0.000000E+00
 0.371920E+01 0.338912E+01 0.290520E+01 0.261672E+01 0.237736E+01 0.216224E+01 0.198944E+01 0.183000E+01 0.166240E+01 0.153072E+01 0.142264E+01 0.130864E+01 0.119656E+01 0.110784E+01 0.102032E+01 0.946480E+00 0.866800E+00 0.821200E+00 0.746960E+00 0.702400E+00 0.647440E+00 0.605280E+00 0.585040E+00 0.537760E+00 0.530160E+00 0.510720E+00 0.497520E+00 0.477920E+00 0.452880E+00 0.449840E+00 0.438240E+00 0.422160E+00 0.412880E+00 0.412800E+00 0.407920E+00 0.408160E+00 0.388640E+00 0.396560E+00 0.390080E+00 0.377680E+00 0.375920E+00 0.382960E+00 0.366240E+00 0.374960E+00 0.364400E+00 0.360800E+00 0.354640E+00 0.359040E+00 0.362000E+00 0.352480E+00 0.354080E+00 0.346240E+00 0.350880E+00 0.348000E+00 0.330560E+00 0.343120E+00 0.334000E+00 0.326320E+00 0.329760E+00 0.324080E+00 0.324640E+00 0.317840E+00 0.311840E+00 0.314080E+00 0.312400E+00 0.297760E+00 0.294320E+00 0.297760E+00 0.300240E+00 0.281040E+00 0.284080E+00 0.278240E+00 0.273040E+00 0.274720E+00 0.265600E+00 0.265840E+00 0.257200E+00 0.253360E+00 0.244080E+00 0.243920E+00 0.232800E+00 0.228400E+00 0.230480E+00 0.218720E+00 0.206880E+00 0.200880E+00 0.197040E+00 0.185520E+00 0.186000E+00 0.165360E+00 0.153200E+00 0.150480E+00 0.138160E+00 0.128880E+00 0.117760E+00 0.115680E+00 0.100800E+00 0.936000E-01 0.880000E-01 0.788000E-01 0.713600E-01 0.605600E-01 0.572800E-01 0.528800E-01 0.411200E-01 0.365600E-01 0.333600E-01 0.297600E-01 0.234400E-01 0.182400E-01 0.172800E-01 0.151200E-01 0.968000E-02 0.952000E-02 0.904000E-02 0.824000E-02 0.744000E-02 0.608000E-02 0.384000E-02 0.456000E-02 0.376000E-02 0.296000E-02 0.224000E-02 0.312000E-02 0.296000E-02 0.216000E-02 0.168000E-02 0.224000E-02 0.168000E-02 0.144000E-02 0.112000E-02 0.128000E-02 0.800000E-03 0.160000E-02 0.960000E-03 0.880000E-03 0.640000E-03 0.320000E-03 0.400000E-03 0.960000E-03 0.560000E-03 0.400000E-03 0.720000E-03 0.240000E-03 0.400000E-03 0.160000E-03 0.400000E-03 0.320000E-03 0.320000E-03 0.400000E-03 0.160000E-03 0.800000E-04 0.800000E-04 0.480000E-03 0.240000E-03 0.800000E-04 0.800000E-04 0.000000E+00 0.800000E-04 0.000000E+00 0.000000E+00 0.800000E-04 0.000000E+00 0.000000E+00 0.000000E+00 0.000000E+00 0.160000E-03 0.000000E+00 0.000000E+00 0.800000E-04 0.000000E+00 0.000000E+00 0.000000E+00 0.800000E-04 0.000000E+00 0.800000E-04 0.000000E+00 0.000000E+00 0.000000E+00 0.000000E+00 0.000000E+00 0.000000E+00 0.000000E+00 0.000000E+00 0.000000E+00 0.000000E+00 0.000000E+00 0.000000E+00 0.000000E+00 0.000000E+00 0.000000E+00 0.000000E+00 0.000000E+00 0.000000E+00 0.000000E+00 0.000000E+00 0.000000E+00 0.000000E+00 0.000000E+00 0.000000E+00
 0.317360E+01 0.303192E+01 0.270336E+01 0.245048E+01 0.224784E+01 0.207888E+01 0.189688E+01 0.176712E+01 0.162000E+01 0.149704E+01 0.134552E+01 0.126696E+01 0.118064E+01 0.106352E+01 0.100368E+01 0.929600E+00 0.834080E+00 0.786640E+00 0.734560E+00 0.679040E+00 0.642720E+00 0.608240E+00 0.574640E+00 0.554080E+00 0.529360E+00 0.492720E+00 0.488480E+00 0.483120E+00 0.462480E+00 0.465360E+00 0.445280E+00 0.431840E+00 0.431360E+00 0.428080E+00 0.426720E+00 0.407520E+00 0.409120E+00 0.416080E+00 0.392800E+00 0.394160E+00 0.401120E+00 0.394000E+00 0.389920E+00 0.397120E+00 0.389840E+00 0.389680E+00 0.394640E+00 0.388160E+00 0.382320E+00 0.375520E+00 0.373760E+00 0.372320E+00 0.363520E+00 0.364240E+00 0.368240E+00 0.366320E+00 0.356400E+00 0.359760E+00 0.346480E+00 0.354560E+00 0.354000E+00 0.350400E+00 0.346400E+00 0.344560E+00 0.336960E+00 0.353120E+00 0.342480E+00 0.324080E+00 0.325520E+00 0.324560E+00 0.320000E+00 0.320240E+00 0.310320E+00 0.300800E+00 0.302480E+00 0.298880E+00 0.290800E+00 0.292320E+00 0.286000E+00 0.276800E+00 0.264480E+00 0.265360E+00 0.260160E+00 0.254640E+00 0.248480E+00 0.246320E+00 0.230320E+00 0.212080E+00 0.205520E+00 0.196400E+00 0.196560E+00 0.180720E+00 0.164800E+00 0.155680E+00 0.145440E+00 0.133120E+00 0.126800E+00 0.112480E+00 0.101920E+00 0.962400E-01 0.886400E-01 0.738400E-01 0.658400E-01 0.589600E-01 0.525600E-01 0.459200E-01 0.372000E-01 0.344800E-01 0.292000E-01 0.228800E-01 0.188000E-01 0.180800E-01 0.145600E-01 0.108800E-01 0.120800E-01 0.824000E-02 0.960000E-02 0.784000E-02 0.688000E-02 0.600000E-02 0.416000E-02 0.472000E-02 0.304000E-02 0.376000E-02 0.280000E-02 0.312000E-02 0.336000E-02 0.208000E-02 0.200000E-02 0.280000E-02 0.176000E-02 0.184000E-02 0.168000E-02 0.184000E-02 0.640000E-03 0.136000E-02 0.960000E-03 0.800000E-03 0.104000E-02 0.560000E-03 0.960000E-03 0.160000E-03 0.560000E-03 0.560000E-03 0.160000E-03 0.400000E-03 0.160000E-03 0.240000E-03 0.240000E-03 0.400000E-03 0.400000E-03 0.320000E-03 0.160000E-03 0.800000E-04 0.160000E-03 0.800000E-04 0.000000E+00 0.800000E-04 0.000000E+00 0.320000E-03 0.160000E-03 0.800000E-04 0.000000E+00 0.800000E-04 0.000000E+00 0.000000E+00 0.800000E-04 0.800000E-04 0.000000E+00 0.000000E+00 0.000000E+00 0.000000E+00 0.000000E+00 0.000000E+00 0.000000E+00 0.000000E+00 0.000000E+00 0.000000E+00 0.000000E+00 0.000000E+00 0.000000E+00 0.000000E+00 0.000000E+00 0.000000E+00 0.000000E+00 0.000000E+00 0.000000E+00 0.000000E+00 0.000000E+00 0.000000E+00 0.000000E+00 0.000000E+00 0.000000E+00 0.000000E+00 0.000000E+00 0.000000E+00 0.000000E+00 0.000000E+00 0.000000E+00 0.000000E+00
 0.510400E-01 0.459200E-01 0.374400E-01 0.320800E-01 0.304800E-01 0.293600E-01 0.266400E-01 0.233600E-01 0.234400E-01 0.172000E-01 0.202400E-01 0.162400E-01 0.174400E-01 0.160800E-01 0.142400E-01 0.120000E-01 0.116800E-01 0.106400E-01 0.112000E-01 0.104800E-01 0.816000E-02 0.824000E-02 0.792000E-02 0.744000E-02 0.768000E-02 0.712000E-02 0.520000E-02 0.592000E-02 0.592000E-02 0.416000E-02 0.456000E-02 0.472000E-02 0.448000E-02 0.376000E-02 0.360000E-02 0.248000E-02 0.336000E-02 0.304000E-02 0.152000E-02 0.248000E-02 0.208000E-02 0.312000E-02 0.200000E-02 0.128000E-02 0.160000E-02 0.160000E-02 0.112000E-02 0.160000E-02 0.960000E-03 0.640000E-03 0.880000E-03 0.880000E-03 0.800000E-03 0.880000E-03 0.480000E-03 0.240000E-03 0.880000E-03 0.320000E-03 0.640000E-03 0.400000E-03 0.320000E-03 0.400000E-03 0.320000E-03 0.000000E+00 0.000000E+00 0.240000E-03 0.800000E-04 0.160000E-03 0.800000E-04 0.000000E+00 0.240000E-03 0.000000E+00 0.800000E-04 0.000000E+00 0.160000E-03 0.800000E-04 0.000000E+00 0.160000E-03 0.160000E-03 0.000000E+00 0.800000E-04 0.000000E+00 0.000000E+00 0.000000E+00 0.000000E+00 0.000000E+00 0.000000E+00 0.000000E+00 0.800000E-04 0.000000E+00 0.000000E+00 0.000000E+00 0.000000E+00 0.000000E+00 0.000000E+00 0.800000E-04 0.000000E+00 0.000000E+00 0.000000E+00 0.000000E+00 0.000000E+00 0.000000E+00 0.000000E+00 0.000000E+00 0.000000E+00 0.000000E+00 0.000000E+00 0.000000E+00 0.000000E+00 0.000000E+00 0.000000E+00 0.000000E+00 0.000000E+00 0.000000E+00 0.000000E+00 0.000000E+00 0.000000E+00 0.000000E+00 0.000000E+00 0.000000E+00 0.000000E+00 0.000000E+00 0.000000E+00 0.000000E+00 0.000000E+00 0.000000E+00 0.000000E+00 0.000000E+00 0.000000E+00 0.000000E+00 0.000000E+00 0.000000E+00 0.000000E+00 0.000000E+00 0.000000E+00 0.000000E+00 0.000000E+00 0.000000E+00 0.000000E+00 0.000000E+00 0.000000E+00 0.000000E+00 0.000000E+00 0.000000E+00 0.000000E+00 0.000000E+00 0.000000E+00 0.000000E+00 0.000000E+00 0.000000E+00 0.000000E+00 0.000000E+00 0.000000E+00 0.000000E+00 0.000000E+00 0.000000E+00 0.000000E+00 0.000000E+00 0.000000E+00 0.000000E+00 0.000000E+00 0.000000E+00 0.000000E+00 0.000000E+00 0.000000E+00 0.000000E+00 0.000000E+00 0.000000E+00 0.000000E+00 0.000000E+00 0.000000E+00 0.000000E+00 0.000000E+00 0.000000E+00 0.000000E+00 0.000000E+00 0.000000E+00 0.000000E+00 0.000000E+00 0.000000E+00 0.000000E+00 0.000000E+00 0.000000E+00 0.000000E+00 0.000000E+00 0.000000E+00 0.000000E+00 0.000000E+00 0.000000E+00 0.000000E+00 0.000000E+00 0.000000E+00 0.000000E+00 0.000000E+00 0.000000E+00 0.000000E+00 0.000000E+00 0.000000E+00 0.000000E+00 0.000000E+00
 0.110320E+00 0.916800E-01 0.733600E-01 0.579200E-01 0.490400E-01 0.426400E-01 0.396800E-01 0.348000E-01 0.305600E-01 0.263200E-01 0.232800E-01 0.227200E-01 0.207200E-01 0.184800E-01 0.175200E-01 0.148800E-01 0.143200E-01 0.130400E-01 0.113600E-01 0.120000E-01 0.960000E-02 0.720000E-02 0.792000E-02 0.688000E-02 0.808000E-02 0.688000E-02 0.616000E-02 0.480000E-02 0.472000E-02 0.480000E-02 0.416000E-02 0.432000E-02 0.344000E-02 0.408000E-02 0.336000E-02 0.272000E-02 0.216000E-02 0.248000E-02 0.216000E-02 0.224000E-02 0.184000E-02 0.176000E-02 0.160000E-02 0.136000E-02 0.152000E-02 0.112000E-02 0.960000E-03 0.120000E-02 0.960000E-03 0.480000E-03 0.720000E-03 0.480000E-03 0.560000E-03 0.104000E-02 0.320000E-03 0.160000E-03 0.400000E-03 0.160000E-03 0.160000E-03 0.400000E-03 0.320000E-03 0.240000E-03 0.000000E+00 0.400000E-03 0.240000E-03 0.800000E-04 0.240000E-03 0.800000E-04 0.800000E-04 0.000000E+00 0.800000E-04 0.000000E+00 0.000000E+00 0.160000E-03 0.160000E-03 0.000000E+00 0.160000E-03 0.000000E+00 0.000000E+00 0.000000E+00 0.000000E+00 0.000000E+00 0.000000E+00 0.000000E+00 0.000000E+00 0.000000E+00 0.000000E+00 0.000000E+00 0.000000E+00 0.000000E+00 0.000000E+00 0.000000E+00 0.000000E+00 0.000000E+00 0.000000E+00 0.000000E+00 0.000000E+00 0.000000E+00 0.000000E+00 0.000000E+00 0.800000E-04 0.000000E+00 0.000000E+00 0.000000E+00 0.000000E+00 0.000000E+00 0.000000E+00 0.000000E+00 0.000000E+00 0.000000E+00 0.000000E+00 0.000000E+00 0.000000E+00 0.000000E+00 0.000000E+00 0.000000E+00 0.000000E+00 0.000000E+00 0.000000E+00 0.000000E+00 0.000000E+00 0.000000E+00 0.000000E+00 0.000000E+00 0.000000E+00 0.000000E+00 0.000000E+00 0.000000E+00 0.000000E+00 0.000000E+00 0.000000E+00 0.000000E+00 0.000000E+00 0.000000E+00 0.000000E+00 0.000000E+00 0.000000E+00 0.000000E+00 0.000000E+00 0.000000E+00 0.000000E+00 0.000000E+00 0.000000E+00 0.000000E+00 0.000000E+00 0.000000E+00 0.000000E+00 0.000000E+00 0.000000E+00 0.000000E+00 0.000000E+00 0.000000E+00 0.000000E+00 0.000000E+00 0.000000E+00 0.000000E+00 0.000000E+00 0.000000E+00 0.000000E+00 0.000000E+00 0.000000E+00 0.000000E+00 0.000000E+00 0.000000E+00 0.000000E+00 0.000000E+00 0.000000E+00 0.000000E+00 0.000000E+00 0.000000E+00 0.000000E+00 0.000000E+00 0.000000E+00 0.000000E+00 0.000000E+00 0.000000E+00 0.000000E+00 0.000000E+00 0.000000E+00 0.000000E+00 0.000000E+00 0.000000E+00 0.000000E+00 0.000000E+00 0.000000E+00 0.000000E+00 0.000000E+00 0.000000E+00 0.000000E+00 0.000000E+00 0.000000E+00 0.000000E+00 0.000000E+00 0.000000E+00 0.000000E+00 0.000000E+00 0.000000E+00 0.000000E+00 0.000000E+00 0.000000E+00
 0.499200E-01 0.485600E-01 0.388800E-01 0.332800E-01 0.326400E-01 0.266400E-01 0.269600E-01 0.224000E-01 0.204800E-01 0.206400E-01 0.172800E-01 0.162400E-01 0.170400E-01 0.152800E-01 0.132000E-01 0.124800E-01 0.120000E-01 0.108000E-01 0.880000E-02 0.976000E-02 0.904000E-02 0.792000E-02 0.672000E-02 0.896000E-02 0.696000E-02 0.632000E-02 0.672000E-02 0.504000E-02 0.488000E-02 0.456000E-02 0.384000E-02 0.368000E-02 0.328000E-02 0.368000E-02 0.376000E-02 0.320000E-02 0.360000E-02 0.328000E-02 0.192000E-02 0.256000E-02 0.240000E-02 0.200000E-02 0.168000E-02 0.152000E-02 0.120000E-02 0.104000E-02 0.128000E-02 0.720000E-03 0.128000E-02 0.800000E-03 0.112000E-02 0.480000E-03 0.640000E-03 0.400000E-03 0.560000E-03 0.240000E-03 0.400000E-03 0.400000E-03 0.240000E-03 0.240000E-03 0.160000E-03 0.800000E-04 0.800000E-04 0.320000E-03 0.800000E-04 0.240000E-03 0.000000E+00 0.000000E+00 0.000000E+00 0.160000E-03 0.800000E-04 0.240000E-03 0.000000E+00 0.000000E+00 0.000000E+00 0.320000E-03 0.000000E+00 0.800000E-04 0.000000E+00 0.000000E+00 0.000000E+00 0.800000E-04 0.000000E+00 0.800000E-04 0.000000E+00 0.800000E-04 0.000000E+00 0.000000E+00 0.000000E+00 0.000000E+00 0.000000E+00 0.000000E+00 0.000000E+00 0.000000E+00 0.000000E+00 0.000000E+00 0.000000E+00 0.000000E+00 0.000000E+00 0.000000E+00 0.000000E+00 0.000000E+00 0.000000E+00 0.000000E+00 0.000000E+00 0.000000E+00 0.000000E+00 0.000000E+00 0.000000E+00 0.000000E+00 0.000000E+00 0.000000E+00 0.000000E+00 0.000000E+00 0.000000E+00 0.000000E+00 0.000000E+00 0.000000E+00 0.000000E+00 0.000000E+00 0.000000E+00 0.000000E+00 0.000000E+00 0.000000E+00 0.000000E+00 0.000000E+00 0.000000E+00 0.000000E+00 0.000000E+00 0.000000E+00 0.000000E+00 0.000000E+00 0.000000E+00 0.000000E+00 0.000000E+00 0.000000E+00 0.000000E+00 0.000000E+00 0.000000E+00 0.000000E+00 0.000000E+00 0.000000E+00 0.000000E+00 0.000000E+00 0.000000E+00 0.000000E+00 0.000000E+00 0.000000E+00 0.000000E+00 0.000000E+00 0.000000E+00 0.000000E+00 0.000000E+00 0.000000E+00 0.000000E+00 0.000000E+00 0.000000E+00 0.000000E+00 0.000000E+00 0.000000E+00 0.000000E+00 0.000000E+00 0.000000E+00 0.000000E+00 0.000000E+00 0.000000E+00 0.000000E+00 0.000000E+00 0.000000E+00 0.000000E+00 0.000000E+00 0.000000E+00 0.000000E+00 0.000000E+00 0.000000E+00 0.000000E+00 0.000000E+00 0.000000E+00 0.000000E+00 0.000000E+00 0.000000E+00 0.000000E+00 0.000000E+00 0.000000E+00 0.000000E+00 0.000000E+00 0.000000E+00 0.000000E+00 0.000000E+00 0.000000E+00 0.000000E+00 0.000000E+00 0.000000E+00 0.000000E+00 0.000000E+00 0.000000E+00 0.000000E+00 0.000000E+00 0.000000E+00 0.000000E+00
 0.107440E+00 0.900000E-01 0.696000E-01 0.584000E-01 0.477600E-01 0.436000E-01 0.369600E-01 0.320800E-01 0.252800E-01 0.238400E-01 0.231200E-01 0.210400E-01 0.197600E-01 0.180800E-01 0.155200E-01 0.145600E-01 0.144800E-01 0.134400E-01 0.119200E-01 0.113600E-01 0.101600E-01 0.880000E-02 0.792000E-02 0.760000E-02 0.624000E-02 0.696000E-02 0.544000E-02 0.664000E-02 0.440000E-02 0.464000E-02 0.472000E-02 0.376000E-02 0.248000E-02 0.264000E-02 0.304000E-02 0.336000E-02 0.336000E-02 0.336000E-02 0.232000E-02 0.176000E-02 0.192000E-02 0.152000E-02 0.144000E-02 0.176000E-02 0.144000E-02 0.136000E-02 0.120000E-02 0.120000E-02 0.128000E-02 0.640000E-03 0.400000E-03 0.560000E-03 0.400000E-03 0.560000E-03 0.480000E-03 0.640000E-03 0.400000E-03 0.240000E-03 0.320000E-03 0.160000E-03 0.240000E-03 0.000000E+00 0.160000E-03 0.320000E-03 0.000000E+00 0.000000E+00 0.000000E+00 0.800000E-04 0.160000E-03 0.160000E-03 0.800000E-04 0.800000E-04 0.000000E+00 0.160000E-03 0.800000E-04 0.800000E-04 0.000000E+00 0.000000E+00 0.000000E+00 0.000000E+00 0.000000E+00 0.000000E+00 0.800000E-04 0.160000E-03 0.000000E+00 0.000000E+00 0.000000E+00 0.800000E-04 0.000000E+00 0.800000E-04 0.000000E+00 0.000000E+00 0.000000E+00 0.000000E+00 0.000000E+00 0.000000E+00 0.000000E+00 0.000000E+00 0.000000E+00 0.000000E+00 0.000000E+00 0.000000E+00 0.000000E+00 0.000000E+00 0.000000E+00 0.000000E+00 0.000000E+00 0.000000E+00 0.000000E+00 0.000000E+00 0.000000E+00 0.000000E+00 0.000000E+00 0.000000E+00 0.000000E+00 0.000000E+00 0.000000E+00 0.000000E+00 0.000000E+00 0.000000E+00 0.000000E+00 0.000000E+00 0.000000E+00 0.000000E+00 0.000000E+00 0.000000E+00 0.000000E+00 0.000000E+00 0.000000E+00 0.000000E+00 0.000000E+00 0.000000E+00 0.000000E+00 0.000000E+00 0.000000E+00 0.000000E+00 0.000000E+00 0.000000E+00 0.000000E+00 0.000000E+00 0.000000E+00 0.000000E+00 0.000000E+00 0.000000E+00 0.000000E+00 0.000000E+00 0.000000E+00 0.000000E+00 0.000000E+00 0.000000E+00 0.000000E+00 0.000000E+00 0.000000E+00 0.000000E+00 0.000000E+00 0.000000E+00 0.000000E+00 0.000000E+00 0.000000E+00 0.000000E+00 0.000000E+00 0.000000E+00 0.000000E+00 0.000000E+00 0.000000E+00 0.000000E+00 0.000000E+00 0.000000E+00 0.000000E+00 0.000000E+00 0.000000E+00 0.000000E+00 0.000000E+00 0.000000E+00 0.000000E+00 0.000000E+00 0.000000E+00 0.000000E+00 0.000000E+00 0.000000E+00 0.000000E+00 0.000000E+00 0.000000E+00 0.000000E+00 0.000000E+00 0.000000E+00 0.000000E+00 0.000000E+00 0.000000E+00 0.000000E+00 0.000000E+00 0.000000E+00 0.000000E+00 0.000000E+00 0.000000E+00 0.000000E+00 0.000000E+00 0.000000E+00 0.000000E+00 0.000000E+00
 0.801120E+00 0.581440E+00 0.353760E+00 0.273760E+00 0.233280E+00 0.206240E+00 0.185920E+00 0.161200E+00 0.145280E+00 0.135200E+00 0.117600E+00 0.115680E+00 0.984800E-01 0.865600E-01 0.882400E-01 0.816800E-01 0.737600E-01 0.729600E-01 0.628000E-01 0.605600E-01 0.560800E-01 0.514400E-01 0.444000E-01 0.435200E-01 0.404000E-01 0.426400E-01 0.353600E-01 0.340000E-01 0.283200E-01 0.300800E-01 0.280800E-01 0.233600E-01 0.220000E-01 0.240800E-01 0.200800E-01 0.199200E-01 0.183200E-01 0.158400E-01 0.159200E-01 0.148800E-01 0.113600E-01 0.124800E-01 0.108800E-01 0.101600E-01 0.100000E-01 0.952000E-02 0.872000E-02 0.752000E-02 0.840000E-02 0.728000E-02 0.624000E-02 0.560000E-02 0.624000E-02 0.448000E-02 0.448000E-02 0.384000E-02 0.424000E-02 0.288000E-02 0.304000E-02 0.288000E-02 0.232000E-02 0.168000E-02 0.216000E-02 0.144000E-02 0.256000E-02 0.160000E-02 0.192000E-02 0.176000E-02 0.112000E-02 0.208000E-02 0.120000E-02 0.800000E-03 0.880000E-03 0.128000E-02 0.104000E-02 0.720000E-03 0.400000E-03 0.640000E-03 0.720000E-03 0.480000E-03 0.880000E-03 0.320000E-03 0.160000E-03 0.800000E-04 0.400000E-03 0.320000E-03 0.320000E-03 0.240000E-03 0.000000E+00 0.160000E-03 0.800000E-04 0.800000E-04 0.240000E-03 0.800000E-04 0.160000E-03 0.000000E+00 0.800000E-04 0.000000E+00 0.800000E-04 0.800000E-04 0.000000E+00 0.000000E+00 0.000000E+00 0.000000E+00 0.000000E+00 0.000000E+00 0.000000E+00 0.000000E+00 0.000000E+00 0.000000E+00 0.000000E+00 0.000000E+00 0.000000E+00 0.000000E+00 0.000000E+00 0.000000E+00 0.000000E+00 0.000000E+00 0.000000E+00 0.000000E+00 0.000000E+00 0.000000E+00 0.000000E+00 0.000000E+00 0.000000E+00 0.000000E+00 0.000000E+00 0.000000E+00 0.000000E+00 0.000000E+00 0.000000E+00 0.000000E+00 0.000000E+00 0.000000E+00 0.000000E+00 0.000000E+00 0.000000E+00 0.000000E+00 0.000000E+00 0.000000E+00 0.000000E+00 0.000000E+00 0.000000E+00 0.000000E+00 0.000000E+00 0.000000E+00 0.000000E+00 0.000000E+00 0.000000E+00 0.000000E+00 0.000000E+00 0.000000E+00 0.000000E+00 0.000000E+00 0.000000E+00 0.000000E+00 0.000000E+00 0.000000E+00 0.000000E+00 0.000000E+00 0.000000E+00 0.000000E+00 0.000000E+00 0.000000E+00 0.000000E+00 0.000000E+00 0.000000E+00 0.000000E+00 0.000000E+00 0.000000E+00 0.000000E+00 0.000000E+00 0.000000E+00 0.000000E+00 0.000000E+00 0.000000E+00 0.000000E+00 0.000000E+00 0.000000E+00 0.000000E+00 0.000000E+00 0.000000E+00 0.000000E+00 0.000000E+00 0.000000E+00 0.000000E+00 0.000000E+00 0.000000E+00 0.000000E+00 0.000000E+00 0.000000E+00 0.000000E+00 0.000000E+00 0.000000E+00 0.000000E+00 0.000000E+00 0.000000E+00 0.000000E+00 0.000000E+00 0.000000E+00
 0.314320E+00 0.263760E+00 0.198640E+00 0.172480E+00 0.157120E+00 0.137040E+00 0.130480E+00 0.119840E+00 0.112720E+00 0.102880E+00 0.932000E-01 0.887200E-01 0.845600E-01 0.782400E-01 0.700000E-01 0.670400E-01 0.573600E-01 0.613600E-01 0.548800E-01 0.560000E-01 0.538400E-01 0.508000E-01 0.464800E-01 0.440000E-01 0.440800E-01 0.376800E-01 0.373600E-01 0.344000E-01 0.323200E-01 0.300800E-01 0.303200E-01 0.260800E-01 0.236000E-01 0.240800E-01 0.249600E-01 0.228800E-01 0.198400E-01 0.203200E-01 0.190400E-01 0.181600E-01 0.151200E-01 0.135200E-01 0.140800E-01 0.114400E-01 0.116000E-01 0.108800E-01 0.113600E-01 0.936000E-02 0.920000E-02 0.888000E-02 0.808000E-02 0.776000E-02 0.712000E-02 0.592000E-02 0.720000E-02 0.624000E-02 0.544000E-02 0.464000E-02 0.392000E-02 0.624000E-02 0.392000E-02 0.360000E-02 0.352000E-02 0.312000E-02 0.296000E-02 0.216000E-02 0.200000E-02 0.192000E-02 0.200000E-02 0.168000E-02 0.184000E-02 0.152000E-02 0.720000E-03 0.152000E-02 0.880000E-03 0.720000E-03 0.640000E-03 0.720000E-03 0.560000E-03 0.320000E-03 0.880000E-03 0.400000E-03 0.240000E-03 0.320000E-03 0.640000E-03 0.320000E-03 0.160000E-03 0.800000E-04 0.240000E-03 0.320000E-03 0.800000E-04 0.240000E-03 0.000000E+00 0.800000E-04 0.240000E-03 0.240000E-03 0.800000E-04 0.160000E-03 0.800000E-04 0.000000E+00 0.160000E-03 0.000000E+00 0.000000E+00 0.160000E-03 0.000000E+00 0.800000E-04 0.800000E-04 0.000000E+00 0.800000E-04 0.000000E+00 0.800000E-04 0.000000E+00 0.000000E+00 0.000000E+00 0.800000E-04 0.000000E+00 0.000000E+00 0.000000E+00 0.000000E+00 0.000000E+00 0.000000E+00 0.000000E+00 0.000000E+00 0.000000E+00 0.000000E+00 0.000000E+00 0.000000E+00 0.000000E+00 0.000000E+00 0.000000E+00 0.000000E+00 0.000000E+00 0.000000E+00 0.000000E+00 0.000000E+00 0.000000E+00 0.000000E+00 0.000000E+00 0.000000E+00 0.000000E+00 0.000000E+00 0.000000E+00 0.000000E+00 0.000000E+00 0.000000E+00 0.000000E+00 0.000000E+00 0.000000E+00 0.000000E+00 0.000000E+00 0.000000E+00 0.000000E+00 0.000000E+00 0.000000E+00 0.000000E+00 0.000000E+00 0.000000E+00 0.000000E+00 0.000000E+00 0.000000E+00 0.000000E+00 0.000000E+00 0.000000E+00 0.000000E+00 0.000000E+00 0.000000E+00 0.000000E+00 0.000000E+00 0.000000E+00 0.000000E+00 0.000000E+00 0.000000E+00 0.000000E+00 0.000000E+00 0.000000E+00 0.000000E+00 0.000000E+00 0.000000E+00 0.000000E+00 0.000000E+00 0.000000E+00 0.000000E+00 0.000000E+00 0.000000E+00 0.000000E+00 0.000000E+00 0.000000E+00 0.000000E+00 0.000000E+00 0.000000E+00 0.000000E+00 0.000000E+00 0.000000E+00 0.000000E+00 0.000000E+00 0.000000E+00 0.000000E+00 0.000000E+00 0.000000E+00 0.000000E+00
 0.510400E-01 0.459200E-01 0.374400E-01 0.320800E-01 0.304800E-01 0.293600E-01 0.266400E-01 0.233600E-01 0.234400E-01 0.172000E-01 0.202400E-01 0.162400E-01 0.174400E-01 0.160800E-01 0.142400E-01 0.120000E-01 0.116800E-01 0.106400E-01 0.112000E-01 0.104800E-01 0.816000E-02 0.824000E-02 0.792000E-02 0.744000E-02 0.768000E-02 0.712000E-02 0.520000E-02 0.592000E-02 0.592000E-02 0.416000E-02 0.456000E-02 0.472000E-02 0.448000E-02 0.376000E-02 0.360000E-02 0.248000E-02 0.336000E-02 0.304000E-02 0.152000E-02 0.248000E-02 0.208000E-02 0.312000E-02 0.200000E-02 0.128000E-02 0.160000E-02 0.160000E-02 0.112000E-02 0.160000E-02 0.960000E-03 0.640000E-03 0.880000E-03 0.880000E-03 0.800000E-03 0.880000E-03 0.480000E-03 0.240000E-03 0.880000E-03 0.320000E-03 0.640000E-03 0.400000E-03 0.320000E-03 0.400000E-03 0.320000E-03 0.000000E+00 0.000000E+00 0.240000E-03 0.800000E-04 0.160000E-03 0.800000E-04 0.000000E+00 0.240000E-03 0.000000E+00 0.800000E-04 0.000000E+00 0.160000E-03 0.800000E-04 0.000000E+00 0.160000E-03 0.160000E-03 0.000000E+00 0.800000E-04 0.000000E+00 0.000000E+00 0.000000E+00 0.000000E+00 0.000000E+00 0.000000E+00 0.000000E+00 0.800000E-04 0.000000E+00 0.000000E+00 0.000000E+00 0.000000E+00 0.000000E+00 0.000000E+00 0.800000E-04 0.000000E+00 0.000000E+00 0.000000E+00 0.000000E+00 0.000000E+00 0.000000E+00 0.000000E+00 0.000000E+00 0.000000E+00 0.000000E+00 0.000000E+00 0.000000E+00 0.000000E+00 0.000000E+00 0.000000E+00 0.000000E+00 0.000000E+00 0.000000E+00 0.000000E+00 0.000000E+00 0.000000E+00 0.000000E+00 0.000000E+00 0.000000E+00 0.000000E+00 0.000000E+00 0.000000E+00 0.000000E+00 0.000000E+00 0.000000E+00 0.000000E+00 0.000000E+00 0.000000E+00 0.000000E+00 0.000000E+00 0.000000E+00 0.000000E+00 0.000000E+00 0.000000E+00 0.000000E+00 0.000000E+00 0.000000E+00 0.000000E+00 0.000000E+00 0.000000E+00 0.000000E+00 0.000000E+00 0.000000E+00 0.000000E+00 0.000000E+00 0.000000E+00 0.000000E+00 0.000000E+00 0.000000E+00 0.000000E+00 0.000000E+00 0.000000E+00 0.000000E+00 0.000000E+00 0.000000E+00 0.000000E+00 0.000000E+00 0.000000E+00 0.000000E+00 0.000000E+00 0.000000E+00 0.000000E+00 0.000000E+00 0.000000E+00 0.000000E+00 0.000000E+00 0.000000E+00 0.000000E+00 0.000000E+00 0.000000E+00 0.000000E+00 0.000000E+00 0.000000E+00 0.000000E+00 0.000000E+00 0.000000E+00 0.000000E+00 0.000000E+00 0.000000E+00 0.000000E+00 0.000000E+00 0.000000E+00 0.000000E+00 0.000000E+00 0.000000E+00 0.000000E+00 0.000000E+00 0.000000E+00 0.000000E+00 0.000000E+00 0.000000E+00 0.000000E+00 0.000000E+00 0.000000E+00 0.000000E+00 0.000000E+00 0.000000E+00 0.000000E+00 0.000000E+00
 0.110320E+00 0.916800E-01 0.733600E-01 0.579200E-01 0.490400E-01 0.426400E-01 0.396800E-01 0.348000E-01 0.305600E-01 0.263200E-01 0.232800E-01 0.227200E-01 0.207200E-01 0.184800E-01 0.175200E-01 0.148800E-01 0.143200E-01 0.130400E-01 0.113600E-01 0.120000E-01 0.960000E-02 0.720000E-02 0.792000E-02 0.688000E-02 0.808000E-02 0.688000E-02 0.616000E-02 0.480000E-02 0.472000E-02 0.480000E-02 0.416000E-02 0.432000E-02 0.344000E-02 0.408000E-02 0.336000E-02 0.272000E-02 0.216000E-02 0.248000E-02 0.216000E-02 0.224000E-02 0.184000E-02 0.176000E-02 0.160000E-02 0.136000E-02 0.152000E-02 0.112000E-02 0.960000E-03 0.120000E-02 0.960000E-03 0.480000E-03 0.720000E-03 0.480000E-03 0.560000E-03 0.104000E-02 0.320000E-03 0.160000E-03 0.400000E-03 0.160000E-03 0.160000E-03 0.400000E-03 0.320000E-03 0.240000E-03 0.000000E+00 0.400000E-03 0.240000E-03 0.800000E-04 0.240000E-03 0.800000E-04 0.800000E-04 0.000000E+00 0.800000E-04 0.000000E+00 0.000000E+00 0.160000E-03 0.160000E-03 0.000000E+00 0.160000E-03 0.000000E+00 0.000000E+00 0.000000E+00 0.000000E+00 0.000000E+00 0.000000E+00 0.000000E+00 0.000000E+00 0.000000E+00 0.000000E+00 0.000000E+00 0.000000E+00 0.000000E+00 0.000000E+00 0.000000E+00 0.000000E+00 0.000000E+00 0.000000E+00 0.000000E+00 0.000000E+00 0.000000E+00 0.000000E+00 0.000000E+00 0.800000E-04 0.000000E+00 0.000000E+00 0.000000E+00 0.000000E+00 0.000000E+00 0.000000E+00 0.000000E+00 0.000000E+00 0.000000E+00 0.000000E+00 0.000000E+00 0.000000E+00 0.000000E+00 0.000000E+00 0.000000E+00 0.000000E+00 0.000000E+00 0.000000E+00 0.000000E+00 0.000000E+00 0.000000E+00 0.000000E+00 0.000000E+00 0.000000E+00 0.000000E+00 0.000000E+00 0.000000E+00 0.000000E+00 0.000000E+00 0.000000E+00 0.000000E+00 0.000000E+00 0.000000E+00 0.000000E+00 0.000000E+00 0.000000E+00 0.000000E+00 0.000000E+00 0.000000E+00 0.000000E+00 0.000000E+00 0.000000E+00 0.000000E+00 0.000000E+00 0.000000E+00 0.000000E+00 0.000000E+00 0.000000E+00 0.000000E+00 0.000000E+00 0.000000E+00 0.000000E+00 0.000000E+00 0.000000E+00 0.000000E+00 0.000000E+00 0.000000E+00 0.000000E+00 0.000000E+00 0.000000E+00 0.000000E+00 0.000000E+00 0.000000E+00 0.000000E+00 0.000000E+00 0.000000E+00 0.000000E+00 0.000000E+00 0.000000E+00 0.000000E+00 0.000000E+00 0.000000E+00 0.000000E+00 0.000000E+00 0.000000E+00 0.000000E+00 0.000000E+00 0.000000E+00 0.000000E+00 0.000000E+00 0.000000E+00 0.000000E+00 0.000000E+00 0.000000E+00 0.000000E+00 0.000000E+00 0.000000E+00 0.000000E+00 0.000000E+00 0.000000E+00 0.000000E+00 0.000000E+00 0.000000E+00 0.000000E+00 0.000000E+00 0.000000E+00 0.000000E+00 0.000000E+00 0.000000E+00
 0.499200E-01 0.485600E-01 0.388800E-01 0.332800E-01 0.326400E-01 0.266400E-01 0.269600E-01 0.224000E-01 0.204800E-01 0.206400E-01 0.172800E-01 0.162400E-01 0.170400E-01 0.152800E-01 0.132000E-01 0.124800E-01 0.120000E-01 0.108000E-01 0.880000E-02 0.976000E-02 0.904000E-02 0.792000E-02 0.672000E-02 0.896000E-02 0.696000E-02 0.632000E-02 0.672000E-02 0.504000E-02 0.488000E-02 0.456000E-02 0.384000E-02 0.368000E-02 0.328000E-02 0.368000E-02 0.376000E-02 0.320000E-02 0.360000E-02 0.328000E-02 0.192000E-02 0.256000E-02 0.240000E-02 0.200000E-02 0.168000E-02 0.152000E-02 0.120000E-02 0.104000E-02 0.128000E-02 0.720000E-03 0.128000E-02 0.800000E-03 0.112000E-02 0.480000E-03 0.640000E-03 0.400000E-03 0.560000E-03 0.240000E-03 0.400000E-03 0.400000E-03 0.240000E-03 0.240000E-03 0.160000E-03 0.800000E-04 0.800000E-04 0.320000E-03 0.800000E-04 0.240000E-03 0.000000E+00 0.000000E+00 0.000000E+00 0.160000E-03 0.800000E-04 0.240000E-03 0.000000E+00 0.000000E+00 0.000000E+00 0.320000E-03 0.000000E+00 0.800000E-04 0.000000E+00 0.000000E+00 0.000000E+00 0.800000E-04 0.000000E+00 0.800000E-04 0.000000E+00 0.800000E-04 0.000000E+00 0.000000E+00 0.000000E+00 0.000000E+00 0.000000E+00 0.000000E+00 0.000000E+00 0.000000E+00 0.000000E+00 0.000000E+00 0.000000E+00 0.000000E+00 0.000000E+00 0.000000E+00 0.000000E+00 0.000000E+00 0.000000E+00 0.000000E+00 0.000000E+00 0.000000E+00 0.000000E+00 0.000000E+00 0.000000E+00 0.000000E+00 0.000000E+00 0.000000E+00 0.000000E+00 0.000000E+00 0.000000E+00 0.000000E+00 0.000000E+00 0.000000E+00 0.000000E+00 0.000000E+00 0.000000E+00 0.000000E+00 0.000000E+00 0.000000E+00 0.000000E+00 0.000000E+00 0.000000E+00 0.000000E+00 0.000000E+00 0.000000E+00 0.000000E+00 0.000000E+00 0.000000E+00 0.000000E+00 0.000000E+00 0.000000E+00 0.000000E+00 0.000000E+00 0.000000E+00 0.000000E+00 0.000000E+00 0.000000E+00 0.000000E+00 0.000000E+00 0.000000E+00 0.000000E+00 0.000000E+00 0.000000E+00 0.000000E+00 0.000000E+00 0.000000E+00 0.000000E+00 0.000000E+00 0.000000E+00 0.000000E+00 0.000000E+00 0.000000E+00 0.000000E+00 0.000000E+00 0.000000E+00 0.000000E+00 0.000000E+00 0.000000E+00 0.000000E+00 0.000000E+00 0.000000E+00 0.000000E+00 0.000000E+00 0.000000E+00 0.000000E+00 0.000000E+00 0.000000E+00 0.000000E+00 0.000000E+00 0.000000E+00 0.000000E+00 0.000000E+00 0.000000E+00 0.000000E+00 0.000000E+00 0.000000E+00 0.000000E+00 0.000000E+00 0.000000E+00 0.000000E+00 0.000000E+00 0.000000E+00 0.000000E+00 0.000000E+00 0.000000E+00 0.000000E+00 0.000000E+00 0.000000E+00 0.000000E+00 0.000000E+00 0.000000E+00 0.000000E+00 0.000000E+00 0.000000E+00 0.000000E+00
 0.107440E+00 0.900000E-01 0.696000E-01 0.584000E-01 0.477600E-01 0.436000E-01 0.369600E-01 0.320800E-01 0.252800E-01 0.238400E-01 0.231200E-01 0.210400E-01 0.197600E-01 0.180800E-01 0.155200E-01 0.145600E-01 0.144800E-01 0.134400E-01 0.119200E-01 0.113600E-01 0.101600E-01 0.880000E-02 0.792000E-02 0.760000E-02 0.624000E-02 0.696000E-02 0.544000E-02 0.664000E-02 0.440000E-02 0.464000E-02 0.472000E-02 0.376000E-02 0.248000E-02 0.264000E-02 0.304000E-02 0.336000E-02 0.336000E-02 0.336000E-02 0.232000E-02 0.176000E-02 0.192000E-02 0.152000E-02 0.144000E-02 0.176000E-02 0.144000E-02 0.136000E-02 0.120000E-02 0.120000E-02 0.128000E-02 0.640000E-03 0.400000E-03 0.560000E-03 0.400000E-03 0.560000E-03 0.480000E-03 0.640000E-03 0.400000E-03 0.240000E-03 0.320000E-03 0.160000E-03 0.240000E-03 0.000000E+00 0.160000E-03 0.320000E-03 0.000000E+00 0.000000E+00 0.000000E+00 0.800000E-04 0.160000E-03 0.160000E-03 0.800000E-04 0.800000E-04 0.000000E+00 0.160000E-03 0.800000E-04 0.800000E-04 0.000000E+00 0.000000E+00 0.000000E+00 0.000000E+00 0.000000E+00 0.000000E+00 0.800000E-04 0.160000E-03 0.000000E+00 0.000000E+00 0.000000E+00 0.800000E-04 0.000000E+00 0.800000E-04 0.000000E+00 0.000000E+00 0.000000E+00 0.000000E+00 0.000000E+00 0.000000E+00 0.000000E+00 0.000000E+00 0.000000E+00 0.000000E+00 0.000000E+00 0.000000E+00 0.000000E+00 0.000000E+00 0.000000E+00 0.000000E+00 0.000000E+00 0.000000E+00 0.000000E+00 0.000000E+00 0.000000E+00 0.000000E+00 0.000000E+00 0.000000E+00 0.000000E+00 0.000000E+00 0.000000E+00 0.000000E+00 0.000000E+00 0.000000E+00 0.000000E+00 0.000000E+00 0.000000E+00 0.000000E+00 0.000000E+00 0.000000E+00 0.000000E+00 0.000000E+00 0.000000E+00 0.000000E+00 0.000000E+00 0.000000E+00 0.000000E+00 0.000000E+00 0.000000E+00 0.000000E+00 0.000000E+00 0.000000E+00 0.000000E+00 0.000000E+00 0.000000E+00 0.000000E+00 0.000000E+00 0.000000E+00 0.000000E+00 0.000000E+00 0.000000E+00 0.000000E+00 0.000000E+00 0.000000E+00 0.000000E+00 0.000000E+00 0.000000E+00 0.000000E+00 0.000000E+00 0.000000E+00 0.000000E+00 0.000000E+00 0.000000E+00 0.000000E+00 0.000000E+00 0.000000E+00 0.000000E+00 0.000000E+00 0.000000E+00 0.000000E+00 0.000000E+00 0.000000E+00 0.000000E+00 0.000000E+00 0.000000E+00 0.000000E+00 0.000000E+00 0.000000E+00 0.000000E+00 0.000000E+00 0.000000E+00 0.000000E+00 0.000000E+00 0.000000E+00 0.000000E+00 0.000000E+00 0.000000E+00 0.000000E+00 0.000000E+00 0.000000E+00 0.000000E+00 0.000000E+00 0.000000E+00 0.000000E+00 0.000000E+00 0.000000E+00 0.000000E+00 0.000000E+00 0.000000E+00 0.000000E+00 0.000000E+00 0.000000E+00 0.000000E+00 0.000000E+00
 0.801120E+00 0.581440E+00 0.353760E+00 0.273760E+00 0.233280E+00 0.206240E+00 0.185920E+00 0.161200E+00 0.145280E+00 0.135200E+00 0.117600E+00 0.115680E+00 0.984800E-01 0.865600E-01 0.882400E-01 0.816800E-01 0.737600E-01 0.729600E-01 0.628000E-01 0.605600E-01 0.560800E-01 0.514400E-01 0.444000E-01 0.435200E-01 0.404000E-01 0.426400E-01 0.353600E-01 0.340000E-01 0.283200E-01 0.300800E-01 0.280800E-01 0.233600E-01 0.220000E-01 0.240800E-01 0.200800E-01 0.199200E-01 0.183200E-01 0.158400E-01 0.159200E-01 0.148800E-01 0.113600E-01 0.124800E-01 0.108800E-01 0.101600E-01 0.100000E-01 0.952000E-02 0.872000E-02 0.752000E-02 0.840000E-02 0.728000E-02 0.624000E-02 0.560000E-02 0.624000E-02 0.448000E-02 0.448000E-02 0.384000E-02 0.424000E-02 0.288000E-02 0.304000E-02 0.288000E-02 0.232000E-02 0.168000E-02 0.216000E-02 0.144000E-02 0.256000E-02 0.160000E-02 0.192000E-02 0.176000E-02 0.112000E-02 0.208000E-02 0.120000E-02 0.800000E-03 0.880000E-03 0.128000E-02 0.104000E-02 0.720000E-03 0.400000E-03 0.640000E-03 0.720000E-03 0.480000E-03 0.880000E-03 0.320000E-03 0.160000E-03 0.800000E-04 0.400000E-03 0.320000E-03 0.320000E-03 0.240000E-03 0.000000E+00 0.160000E-03 0.800000E-04 0.800000E-04 0.240000E-03 0.800000E-04 0.160000E-03 0.000000E+00 0.800000E-04 0.000000E+00 0.800000E-04 0.800000E-04 0.000000E+00 0.000000E+00 0.000000E+00 0.000000E+00 0.000000E+00 0.000000E+00 0.000000E+00 0.000000E+00 0.000000E+00 0.000000E+00 0.000000E+00 0.000000E+00 0.000000E+00 0.000000E+00 0.000000E+00 0.000000E+00 0.000000E+00 0.000000E+00 0.000000E+00 0.000000E+00 0.000000E+00 0.000000E+00 0.000000E+00 0.000000E+00 0.000000E+00 0.000000E+00 0.000000E+00 0.000000E+00 0.000000E+00 0.000000E+00 0.000000E+00 0.000000E+00 0.000000E+00 0.000000E+00 0.000000E+00 0.000000E+00 0.000000E+00 0.000000E+00 0.000000E+00 0.000000E+00 0.000000E+00 0.000000E+00 0.000000E+00 0.000000E+00 0.000000E+00 0.000000E+00 0.000000E+00 0.000000E+00 0.000000E+00 0.000000E+00 0.000000E+00 0.000000E+00 0.000000E+00 0.000000E+00 0.000000E+00 0.000000E+00 0.000000E+00 0.000000E+00 0.000000E+00 0.000000E+00 0.000000E+00 0.000000E+00 0.000000E+00 0.000000E+00 0.000000E+00 0.000000E+00 0.000000E+00 0.000000E+00 0.000000E+00 0.000000E+00 0.000000E+00 0.000000E+00 0.000000E+00 0.000000E+00 0.000000E+00 0.000000E+00 0.000000E+00 0.000000E+00 0.000000E+00 0.000000E+00 0.000000E+00 0.000000E+00 0.000000E+00 0.000000E+00 0.000000E+00 0.000000E+00 0.000000E+00 0.000000E+00 0.000000E+00 0.000000E+00 0.000000E+00 0.000000E+00 0.000000E+00 0.000000E+00 0.000000E+00 0.000000E+00 0.000000E+00 0.000000E+00 0.000000E+00 0.000000E+00
 0.314320E+00 0.263760E+00 0.198640E+00 0.172480E+00 0.157120E+00 0.137040E+00 0.130480E+00 0.119840E+00 0.112720E+00 0.102880E+00 0.932000E-01 0.887200E-01 0.845600E-01 0.782400E-01 0.700000E-01 0.670400E-01 0.573600E-01 0.613600E-01 0.548800E-01 0.560000E-01 0.538400E-01 0.508000E-01 0.464800E-01 0.440000E-01 0.440800E-01 0.376800E-01 0.373600E-01 0.344000E-01 0.323200E-01 0.300800E-01 0.303200E-01 0.260800E-01 0.236000E-01 0.240800E-01 0.249600E-01 0.228800E-01 0.198400E-01 0.203200E-01 0.190400E-01 0.181600E-01 0.151200E-01 0.135200E-01 0.140800E-01 0.114400E-01 0.116000E-01 0.108800E-01 0.113600E-01 0.936000E-02 0.920000E-02 0.888000E-02 0.808000E-02 0.776000E-02 0.712000E-02 0.592000E-02 0.720000E-02 0.624000E-02 0.544000E-02 0.464000E-02 0.392000E-02 0.624000E-02 0.392000E-02 0.360000E-02 0.352000E-02 0.312000E-02 0.296000E-02 0.216000E-02 0.200000E-02 0.192000E-02 0.200000E-02 0.168000E-02 0.184000E-02 0.152000E-02 0.720000E-03 0.152000E-02 0.880000E-03 0.720000E-03 0.640000E-03 0.720000E-03 0.560000E-03 0.320000E-03 0.880000E-03 0.400000E-03 0.240000E-03 0.320000E-03 0.640000E-03 0.320000E-03 0.160000E-03 0.800000E-04 0.240000E-03 0.320000E-03 0.800000E-04 0.240000E-03 0.000000E+00 0.800000E-04 0.240000E-03 0.240000E-03 0.800000E-04 0.160000E-03 0.800000E-04 0.000000E+00 0.160000E-03 0.000000E+00 0.000000E+00 0.160000E-03 0.000000E+00 0.800000E-04 0.800000E-04 0.000000E+00 0.800000E-04 0.000000E+00 0.800000E-04 0.000000E+00 0.000000E+00 0.000000E+00 0.800000E-04 0.000000E+00 0.000000E+00 0.000000E+00 0.000000E+00 0.000000E+00 0.000000E+00 0.000000E+00 0.000000E+00 0.000000E+00 0.000000E+00 0.000000E+00 0.000000E+00 0.000000E+00 0.000000E+00 0.000000E+00 0.000000E+00 0.000000E+00 0.000000E+00 0.000000E+00 0.000000E+00 0.000000E+00 0.000000E+00 0.000000E+00 0.000000E+00 0.000000E+00 0.000000E+00 0.000000E+00 0.000000E+00 0.000000E+00 0.000000E+00 0.000000E+00 0.000000E+00 0.000000E+00 0.000000E+00 0.000000E+00 0.000000E+00 0.000000E+00 0.000000E+00 0.000000E+00 0.000000E+00 0.000000E+00 0.000000E+00 0.000000E+00 0.000000E+00 0.000000E+00 0.000000E+00 0.000000E+00 0.000000E+00 0.000000E+00 0.000000E+00 0.000000E+00 0.000000E+00 0.000000E+00 0.000000E+00 0.000000E+00 0.000000E+00 0.000000E+00 0.000000E+00 0.000000E+00 0.000000E+00 0.000000E+00 0.000000E+00 0.000000E+00 0.000000E+00 0.000000E+00 0.000000E+00 0.000000E+00 0.000000E+00 0.000000E+00 0.000000E+00 0.000000E+00 0.000000E+00 0.000000E+00 0.000000E+00 0.000000E+00 0.000000E+00 0.000000E+00 0.000000E+00 0.000000E+00 0.000000E+00 0.000000E+00 0.000000E+00 0.000000E+00 0.000000E+00 0.000000E+00
