### Run with WimpAnn version = wimpann-2.08                            
###   Using Pythia version   = Pythia 6.400    
###   Using nusigma version  = nusigma-1.15-pyr                        
###   Using DarkSUSY version = ds-4.1.6                                
###   WimpAnn run started at date 2007-09-11; time 11:56:52
### Neutrino oscillation parameters
#      theta_12 =  0.00000000E+00
#      theta_13 =  0.00000000E+00
#      theta_23 =  0.00000000E+00
#         delta =  0.00000000E+00
#  delta_m^2_21 =  0.81000000E-04
#  delta_m^2_31 =  0.22000000E-02
### WimpAnn run parameters
#  Annihilation channel =         3
#  Generated particles =  t                tbar            
#  WIMP mass =  0.50000000E+04
#  Number of annihilations =   2500000
#  Source = Sun
#...dPhi/dz in  200 bins from 0 to 1
#...Line  1- 6: flux at centre of Sun for neutrino 1-6
#...Line  7-12: flux at surface of Sun for neutrino 1-6
#...Line 13-18: flux at 1 AU from the Sun for neutrino 1-6
#...Line 19-24: flux at surface of Sun for secondary neutrino 1-6
#...Line 25-30: flux at 1 AU from the Sun for secondary neutrino 1-6
 0.353999E+02 0.959784E+01 0.482512E+01 0.292904E+01 0.200240E+01 0.148944E+01 0.116920E+01 0.954160E+00 0.820480E+00 0.721360E+00 0.629040E+00 0.574160E+00 0.519040E+00 0.465280E+00 0.442320E+00 0.417760E+00 0.387440E+00 0.377680E+00 0.367200E+00 0.342640E+00 0.335520E+00 0.336960E+00 0.308480E+00 0.306320E+00 0.300080E+00 0.291600E+00 0.283280E+00 0.286800E+00 0.271920E+00 0.270480E+00 0.262000E+00 0.265440E+00 0.256320E+00 0.249920E+00 0.248080E+00 0.242080E+00 0.240000E+00 0.245520E+00 0.232800E+00 0.228640E+00 0.227520E+00 0.218880E+00 0.219600E+00 0.216640E+00 0.212960E+00 0.214240E+00 0.213760E+00 0.199360E+00 0.206480E+00 0.205680E+00 0.210800E+00 0.198160E+00 0.190640E+00 0.193760E+00 0.188640E+00 0.191600E+00 0.186640E+00 0.189120E+00 0.174880E+00 0.186400E+00 0.179440E+00 0.164640E+00 0.172960E+00 0.172240E+00 0.172000E+00 0.164800E+00 0.154160E+00 0.158640E+00 0.161280E+00 0.161200E+00 0.153440E+00 0.154480E+00 0.144080E+00 0.147120E+00 0.143280E+00 0.140000E+00 0.143680E+00 0.148800E+00 0.133200E+00 0.134320E+00 0.128480E+00 0.131040E+00 0.127760E+00 0.127120E+00 0.119200E+00 0.117280E+00 0.115040E+00 0.112560E+00 0.111840E+00 0.113600E+00 0.109360E+00 0.104800E+00 0.100720E+00 0.106240E+00 0.100000E+00 0.973600E-01 0.992800E-01 0.961600E-01 0.912000E-01 0.936000E-01 0.861600E-01 0.832800E-01 0.879200E-01 0.812000E-01 0.840800E-01 0.837600E-01 0.778400E-01 0.731200E-01 0.738400E-01 0.761600E-01 0.715200E-01 0.730400E-01 0.703200E-01 0.661600E-01 0.724000E-01 0.651200E-01 0.647200E-01 0.594400E-01 0.587200E-01 0.584000E-01 0.550400E-01 0.559200E-01 0.556800E-01 0.509600E-01 0.516800E-01 0.492000E-01 0.474400E-01 0.506400E-01 0.454400E-01 0.456000E-01 0.458400E-01 0.417600E-01 0.428000E-01 0.404800E-01 0.403200E-01 0.362400E-01 0.352000E-01 0.386400E-01 0.354400E-01 0.327200E-01 0.320800E-01 0.306400E-01 0.306400E-01 0.300800E-01 0.276000E-01 0.297600E-01 0.248000E-01 0.280000E-01 0.236000E-01 0.260000E-01 0.220000E-01 0.224800E-01 0.199200E-01 0.217600E-01 0.186400E-01 0.199200E-01 0.180000E-01 0.176800E-01 0.150400E-01 0.160800E-01 0.150400E-01 0.147200E-01 0.145600E-01 0.128000E-01 0.124000E-01 0.111200E-01 0.101600E-01 0.984000E-02 0.808000E-02 0.960000E-02 0.808000E-02 0.680000E-02 0.800000E-02 0.656000E-02 0.592000E-02 0.616000E-02 0.552000E-02 0.544000E-02 0.336000E-02 0.328000E-02 0.344000E-02 0.304000E-02 0.264000E-02 0.312000E-02 0.240000E-02 0.128000E-02 0.192000E-02 0.136000E-02 0.104000E-02 0.800000E-03 0.880000E-03 0.480000E-03 0.160000E-03 0.320000E-03 0.320000E-03 0.800000E-04 0.000000E+00 0.000000E+00 0.000000E+00 0.000000E+00
 0.354115E+02 0.962208E+01 0.476328E+01 0.292440E+01 0.201192E+01 0.149856E+01 0.116760E+01 0.967280E+00 0.816880E+00 0.710480E+00 0.624400E+00 0.559120E+00 0.516240E+00 0.485840E+00 0.457200E+00 0.420720E+00 0.388880E+00 0.386000E+00 0.372000E+00 0.354880E+00 0.340960E+00 0.323120E+00 0.302640E+00 0.301600E+00 0.311760E+00 0.290720E+00 0.283680E+00 0.276640E+00 0.273360E+00 0.274400E+00 0.268560E+00 0.255360E+00 0.251040E+00 0.255120E+00 0.250160E+00 0.249840E+00 0.236560E+00 0.232640E+00 0.236000E+00 0.234080E+00 0.225120E+00 0.223520E+00 0.215520E+00 0.214800E+00 0.217040E+00 0.215920E+00 0.214560E+00 0.210000E+00 0.204080E+00 0.196480E+00 0.204080E+00 0.193440E+00 0.196240E+00 0.192000E+00 0.187600E+00 0.186720E+00 0.186400E+00 0.187200E+00 0.178240E+00 0.181680E+00 0.175040E+00 0.170480E+00 0.168080E+00 0.164160E+00 0.162640E+00 0.163760E+00 0.165280E+00 0.151600E+00 0.155360E+00 0.149840E+00 0.154080E+00 0.152960E+00 0.148320E+00 0.142720E+00 0.146160E+00 0.135520E+00 0.135840E+00 0.136640E+00 0.135680E+00 0.133760E+00 0.124400E+00 0.133600E+00 0.129360E+00 0.121840E+00 0.118720E+00 0.123440E+00 0.113520E+00 0.117360E+00 0.107520E+00 0.111280E+00 0.109360E+00 0.101760E+00 0.980000E-01 0.101600E+00 0.934400E-01 0.991200E-01 0.966400E-01 0.969600E-01 0.931200E-01 0.890400E-01 0.901600E-01 0.892800E-01 0.864800E-01 0.876000E-01 0.856000E-01 0.794400E-01 0.793600E-01 0.770400E-01 0.756800E-01 0.789600E-01 0.749600E-01 0.696000E-01 0.715200E-01 0.697600E-01 0.636800E-01 0.628800E-01 0.646400E-01 0.643200E-01 0.623200E-01 0.595200E-01 0.579200E-01 0.544000E-01 0.541600E-01 0.524800E-01 0.499200E-01 0.529600E-01 0.499200E-01 0.485600E-01 0.496000E-01 0.456800E-01 0.445600E-01 0.445600E-01 0.412000E-01 0.436800E-01 0.391200E-01 0.388000E-01 0.353600E-01 0.368000E-01 0.335200E-01 0.340800E-01 0.320000E-01 0.332800E-01 0.308800E-01 0.283200E-01 0.268800E-01 0.284800E-01 0.254400E-01 0.232800E-01 0.249600E-01 0.237600E-01 0.220800E-01 0.213600E-01 0.204800E-01 0.192000E-01 0.215200E-01 0.163200E-01 0.184800E-01 0.151200E-01 0.176800E-01 0.141600E-01 0.145600E-01 0.135200E-01 0.131200E-01 0.132800E-01 0.117600E-01 0.992000E-02 0.107200E-01 0.101600E-01 0.904000E-02 0.712000E-02 0.832000E-02 0.616000E-02 0.696000E-02 0.720000E-02 0.672000E-02 0.584000E-02 0.488000E-02 0.448000E-02 0.344000E-02 0.448000E-02 0.384000E-02 0.256000E-02 0.280000E-02 0.232000E-02 0.208000E-02 0.120000E-02 0.136000E-02 0.120000E-02 0.136000E-02 0.640000E-03 0.800000E-03 0.560000E-03 0.720000E-03 0.320000E-03 0.320000E-03 0.800000E-04 0.000000E+00 0.000000E+00 0.000000E+00 0.000000E+00
 0.354653E+02 0.954432E+01 0.470400E+01 0.290608E+01 0.195488E+01 0.146176E+01 0.116000E+01 0.945600E+00 0.808640E+00 0.704640E+00 0.617280E+00 0.558720E+00 0.512160E+00 0.482880E+00 0.446000E+00 0.411600E+00 0.391680E+00 0.374960E+00 0.359600E+00 0.343520E+00 0.324000E+00 0.319200E+00 0.310560E+00 0.302400E+00 0.300800E+00 0.294080E+00 0.276400E+00 0.275440E+00 0.271280E+00 0.271920E+00 0.265920E+00 0.258880E+00 0.256800E+00 0.253280E+00 0.237920E+00 0.241520E+00 0.235760E+00 0.242880E+00 0.230480E+00 0.223120E+00 0.229520E+00 0.223520E+00 0.218960E+00 0.224080E+00 0.213200E+00 0.208720E+00 0.210720E+00 0.206560E+00 0.213600E+00 0.199680E+00 0.203360E+00 0.200480E+00 0.188240E+00 0.193840E+00 0.193520E+00 0.189680E+00 0.187440E+00 0.181440E+00 0.175840E+00 0.184400E+00 0.170160E+00 0.168320E+00 0.172320E+00 0.165520E+00 0.166880E+00 0.165920E+00 0.167440E+00 0.152240E+00 0.153360E+00 0.149920E+00 0.147600E+00 0.156560E+00 0.145840E+00 0.144320E+00 0.144640E+00 0.139040E+00 0.135520E+00 0.136880E+00 0.130800E+00 0.132560E+00 0.133760E+00 0.133120E+00 0.119680E+00 0.124240E+00 0.122480E+00 0.116000E+00 0.121920E+00 0.115600E+00 0.113520E+00 0.110000E+00 0.113040E+00 0.108800E+00 0.106640E+00 0.103920E+00 0.995200E-01 0.982400E-01 0.972000E-01 0.968000E-01 0.925600E-01 0.909600E-01 0.884000E-01 0.887200E-01 0.852000E-01 0.848800E-01 0.855200E-01 0.807200E-01 0.797600E-01 0.761600E-01 0.752800E-01 0.760000E-01 0.738400E-01 0.684800E-01 0.740000E-01 0.717600E-01 0.651200E-01 0.665600E-01 0.651200E-01 0.595200E-01 0.613600E-01 0.626400E-01 0.615200E-01 0.562400E-01 0.564000E-01 0.527200E-01 0.532800E-01 0.506400E-01 0.472800E-01 0.489600E-01 0.463200E-01 0.455200E-01 0.445600E-01 0.419200E-01 0.450400E-01 0.396000E-01 0.406400E-01 0.360800E-01 0.331200E-01 0.364000E-01 0.317600E-01 0.339200E-01 0.312000E-01 0.292000E-01 0.311200E-01 0.300000E-01 0.299200E-01 0.280800E-01 0.255200E-01 0.256800E-01 0.250400E-01 0.216800E-01 0.216800E-01 0.200800E-01 0.194400E-01 0.218400E-01 0.185600E-01 0.202400E-01 0.176000E-01 0.163200E-01 0.144800E-01 0.164800E-01 0.136000E-01 0.124800E-01 0.130400E-01 0.121600E-01 0.109600E-01 0.104000E-01 0.936000E-02 0.832000E-02 0.936000E-02 0.888000E-02 0.792000E-02 0.656000E-02 0.760000E-02 0.720000E-02 0.640000E-02 0.608000E-02 0.520000E-02 0.432000E-02 0.400000E-02 0.376000E-02 0.264000E-02 0.304000E-02 0.248000E-02 0.184000E-02 0.184000E-02 0.200000E-02 0.160000E-02 0.800000E-03 0.120000E-02 0.880000E-03 0.720000E-03 0.560000E-03 0.000000E+00 0.160000E-03 0.160000E-03 0.800000E-04 0.000000E+00 0.000000E+00 0.000000E+00 0.000000E+00
 0.354887E+02 0.958624E+01 0.473952E+01 0.289608E+01 0.199536E+01 0.148176E+01 0.116976E+01 0.934240E+00 0.800480E+00 0.699520E+00 0.626160E+00 0.567840E+00 0.505600E+00 0.468080E+00 0.442640E+00 0.410880E+00 0.387440E+00 0.370480E+00 0.365840E+00 0.354080E+00 0.334800E+00 0.323920E+00 0.306240E+00 0.296960E+00 0.292560E+00 0.292800E+00 0.279840E+00 0.279120E+00 0.265200E+00 0.267600E+00 0.254640E+00 0.257120E+00 0.249360E+00 0.261680E+00 0.245120E+00 0.235280E+00 0.231760E+00 0.234400E+00 0.229040E+00 0.231680E+00 0.230000E+00 0.228640E+00 0.219120E+00 0.218240E+00 0.206000E+00 0.207280E+00 0.212400E+00 0.206400E+00 0.203200E+00 0.208640E+00 0.199520E+00 0.190080E+00 0.196880E+00 0.192000E+00 0.191440E+00 0.188320E+00 0.185360E+00 0.180560E+00 0.170480E+00 0.182160E+00 0.174320E+00 0.180320E+00 0.173520E+00 0.168160E+00 0.165520E+00 0.159680E+00 0.160560E+00 0.159120E+00 0.157680E+00 0.153840E+00 0.153440E+00 0.148480E+00 0.143600E+00 0.142320E+00 0.141360E+00 0.140560E+00 0.137600E+00 0.145680E+00 0.135200E+00 0.130880E+00 0.131040E+00 0.125200E+00 0.128000E+00 0.122160E+00 0.120880E+00 0.122720E+00 0.115920E+00 0.116080E+00 0.116480E+00 0.109200E+00 0.110880E+00 0.106960E+00 0.107840E+00 0.104160E+00 0.101360E+00 0.106240E+00 0.104320E+00 0.982400E-01 0.938400E-01 0.925600E-01 0.877600E-01 0.878400E-01 0.848000E-01 0.846400E-01 0.849600E-01 0.888000E-01 0.787200E-01 0.830400E-01 0.800800E-01 0.728800E-01 0.701600E-01 0.699200E-01 0.705600E-01 0.697600E-01 0.669600E-01 0.647200E-01 0.611200E-01 0.652800E-01 0.585600E-01 0.568800E-01 0.528800E-01 0.572000E-01 0.556800E-01 0.517600E-01 0.532800E-01 0.516000E-01 0.525600E-01 0.447200E-01 0.469600E-01 0.450400E-01 0.408000E-01 0.406400E-01 0.435200E-01 0.435200E-01 0.423200E-01 0.360000E-01 0.343200E-01 0.355200E-01 0.327200E-01 0.324800E-01 0.321600E-01 0.336000E-01 0.318400E-01 0.283200E-01 0.289600E-01 0.269600E-01 0.266400E-01 0.233600E-01 0.228800E-01 0.226400E-01 0.216800E-01 0.215200E-01 0.223200E-01 0.205600E-01 0.168800E-01 0.204800E-01 0.180000E-01 0.180000E-01 0.142400E-01 0.161600E-01 0.128000E-01 0.140800E-01 0.135200E-01 0.116800E-01 0.120800E-01 0.133600E-01 0.105600E-01 0.116800E-01 0.944000E-02 0.800000E-02 0.776000E-02 0.712000E-02 0.544000E-02 0.560000E-02 0.656000E-02 0.592000E-02 0.456000E-02 0.464000E-02 0.504000E-02 0.456000E-02 0.272000E-02 0.240000E-02 0.264000E-02 0.232000E-02 0.168000E-02 0.168000E-02 0.192000E-02 0.160000E-02 0.128000E-02 0.960000E-03 0.640000E-03 0.320000E-03 0.400000E-03 0.400000E-03 0.240000E-03 0.240000E-03 0.000000E+00 0.000000E+00 0.000000E+00 0.000000E+00
 0.129818E+02 0.541672E+01 0.330752E+01 0.239288E+01 0.187408E+01 0.157336E+01 0.135936E+01 0.120536E+01 0.110192E+01 0.998000E+00 0.937120E+00 0.863760E+00 0.813120E+00 0.754480E+00 0.723520E+00 0.685280E+00 0.645680E+00 0.638960E+00 0.597040E+00 0.566800E+00 0.546880E+00 0.516880E+00 0.505280E+00 0.485280E+00 0.481440E+00 0.457840E+00 0.455200E+00 0.449600E+00 0.420400E+00 0.404320E+00 0.394560E+00 0.392080E+00 0.380320E+00 0.364640E+00 0.355440E+00 0.355040E+00 0.330880E+00 0.330320E+00 0.325360E+00 0.317040E+00 0.310720E+00 0.294880E+00 0.300240E+00 0.287840E+00 0.288320E+00 0.275600E+00 0.270480E+00 0.269360E+00 0.255440E+00 0.252960E+00 0.252080E+00 0.241840E+00 0.252800E+00 0.240160E+00 0.234240E+00 0.222320E+00 0.223680E+00 0.215840E+00 0.217760E+00 0.214240E+00 0.211920E+00 0.199040E+00 0.194800E+00 0.191680E+00 0.197520E+00 0.193520E+00 0.189440E+00 0.186480E+00 0.172080E+00 0.174160E+00 0.170240E+00 0.169520E+00 0.165840E+00 0.160400E+00 0.163120E+00 0.156160E+00 0.153520E+00 0.145760E+00 0.149360E+00 0.139600E+00 0.141200E+00 0.139600E+00 0.140320E+00 0.134720E+00 0.128320E+00 0.129600E+00 0.127520E+00 0.123040E+00 0.124080E+00 0.122160E+00 0.110000E+00 0.113040E+00 0.114160E+00 0.111040E+00 0.103920E+00 0.106080E+00 0.106720E+00 0.101600E+00 0.981600E-01 0.977600E-01 0.989600E-01 0.892000E-01 0.899200E-01 0.825600E-01 0.885600E-01 0.805600E-01 0.834400E-01 0.800000E-01 0.741600E-01 0.732000E-01 0.733600E-01 0.744800E-01 0.709600E-01 0.675200E-01 0.629600E-01 0.618400E-01 0.625600E-01 0.635200E-01 0.612000E-01 0.557600E-01 0.572800E-01 0.580000E-01 0.568000E-01 0.528000E-01 0.529600E-01 0.506400E-01 0.488000E-01 0.489600E-01 0.472000E-01 0.432800E-01 0.454400E-01 0.420800E-01 0.439200E-01 0.372800E-01 0.385600E-01 0.396000E-01 0.374400E-01 0.330400E-01 0.361600E-01 0.329600E-01 0.322400E-01 0.308800E-01 0.298400E-01 0.321600E-01 0.266400E-01 0.272000E-01 0.264800E-01 0.278400E-01 0.242400E-01 0.220800E-01 0.224800E-01 0.216000E-01 0.184000E-01 0.168800E-01 0.191200E-01 0.151200E-01 0.148800E-01 0.163200E-01 0.144000E-01 0.157600E-01 0.125600E-01 0.147200E-01 0.140800E-01 0.141600E-01 0.103200E-01 0.104800E-01 0.108000E-01 0.808000E-02 0.896000E-02 0.712000E-02 0.736000E-02 0.720000E-02 0.696000E-02 0.736000E-02 0.576000E-02 0.608000E-02 0.440000E-02 0.424000E-02 0.400000E-02 0.464000E-02 0.376000E-02 0.376000E-02 0.264000E-02 0.176000E-02 0.216000E-02 0.192000E-02 0.248000E-02 0.144000E-02 0.104000E-02 0.112000E-02 0.640000E-03 0.960000E-03 0.480000E-03 0.160000E-03 0.800000E-04 0.160000E-03 0.000000E+00 0.000000E+00 0.000000E+00 0.000000E+00
 0.129443E+02 0.545624E+01 0.333224E+01 0.235352E+01 0.186224E+01 0.157368E+01 0.134480E+01 0.121416E+01 0.109520E+01 0.992400E+00 0.938480E+00 0.859440E+00 0.810880E+00 0.764800E+00 0.705280E+00 0.684320E+00 0.648160E+00 0.630400E+00 0.598160E+00 0.570800E+00 0.552640E+00 0.538160E+00 0.516320E+00 0.486640E+00 0.480080E+00 0.460480E+00 0.451440E+00 0.438880E+00 0.421200E+00 0.397440E+00 0.394800E+00 0.393360E+00 0.379280E+00 0.373440E+00 0.353040E+00 0.347040E+00 0.343120E+00 0.330400E+00 0.328880E+00 0.314960E+00 0.307920E+00 0.298080E+00 0.297200E+00 0.293920E+00 0.281920E+00 0.279440E+00 0.278960E+00 0.258720E+00 0.263920E+00 0.253920E+00 0.257200E+00 0.249600E+00 0.241040E+00 0.236880E+00 0.236960E+00 0.221600E+00 0.222000E+00 0.220560E+00 0.215520E+00 0.205680E+00 0.203360E+00 0.203600E+00 0.199920E+00 0.195280E+00 0.190960E+00 0.188240E+00 0.186000E+00 0.177200E+00 0.178720E+00 0.170480E+00 0.176640E+00 0.169520E+00 0.162560E+00 0.161200E+00 0.161520E+00 0.159120E+00 0.158480E+00 0.143520E+00 0.151680E+00 0.150000E+00 0.138480E+00 0.137680E+00 0.138640E+00 0.129840E+00 0.133280E+00 0.122640E+00 0.132800E+00 0.119680E+00 0.117200E+00 0.114480E+00 0.115360E+00 0.115840E+00 0.113120E+00 0.104720E+00 0.104880E+00 0.104480E+00 0.102080E+00 0.103520E+00 0.980000E-01 0.928000E-01 0.920000E-01 0.937600E-01 0.934400E-01 0.890400E-01 0.837600E-01 0.844800E-01 0.785600E-01 0.807200E-01 0.777600E-01 0.780000E-01 0.764000E-01 0.717600E-01 0.730400E-01 0.680000E-01 0.688000E-01 0.675200E-01 0.664800E-01 0.606400E-01 0.624800E-01 0.601600E-01 0.536000E-01 0.561600E-01 0.548000E-01 0.577600E-01 0.526400E-01 0.528800E-01 0.514400E-01 0.494400E-01 0.490400E-01 0.443200E-01 0.460800E-01 0.405600E-01 0.424000E-01 0.446400E-01 0.382400E-01 0.376800E-01 0.364000E-01 0.363200E-01 0.324000E-01 0.315200E-01 0.337600E-01 0.321600E-01 0.322400E-01 0.276000E-01 0.292000E-01 0.247200E-01 0.258400E-01 0.250400E-01 0.238400E-01 0.234400E-01 0.250400E-01 0.200000E-01 0.224000E-01 0.232000E-01 0.194400E-01 0.195200E-01 0.163200E-01 0.140800E-01 0.165600E-01 0.154400E-01 0.146400E-01 0.146400E-01 0.124000E-01 0.118400E-01 0.115200E-01 0.108000E-01 0.102400E-01 0.896000E-02 0.896000E-02 0.848000E-02 0.752000E-02 0.712000E-02 0.688000E-02 0.584000E-02 0.512000E-02 0.616000E-02 0.488000E-02 0.504000E-02 0.424000E-02 0.464000E-02 0.376000E-02 0.392000E-02 0.336000E-02 0.248000E-02 0.248000E-02 0.216000E-02 0.120000E-02 0.192000E-02 0.128000E-02 0.640000E-03 0.480000E-03 0.480000E-03 0.400000E-03 0.240000E-03 0.800000E-04 0.240000E-03 0.160000E-03 0.000000E+00 0.800000E-04 0.000000E+00
 0.413760E+02 0.930976E+01 0.417344E+01 0.224616E+01 0.133568E+01 0.864640E+00 0.603520E+00 0.421760E+00 0.307760E+00 0.237520E+00 0.176160E+00 0.129280E+00 0.108640E+00 0.850400E-01 0.646400E-01 0.532800E-01 0.404800E-01 0.317600E-01 0.258400E-01 0.232000E-01 0.176000E-01 0.134400E-01 0.105600E-01 0.111200E-01 0.984000E-02 0.760000E-02 0.520000E-02 0.320000E-02 0.376000E-02 0.272000E-02 0.320000E-02 0.184000E-02 0.224000E-02 0.128000E-02 0.880000E-03 0.880000E-03 0.560000E-03 0.104000E-02 0.800000E-03 0.480000E-03 0.480000E-03 0.400000E-03 0.640000E-03 0.240000E-03 0.160000E-03 0.160000E-03 0.800000E-04 0.240000E-03 0.240000E-03 0.800000E-04 0.800000E-04 0.000000E+00 0.800000E-04 0.240000E-03 0.000000E+00 0.000000E+00 0.000000E+00 0.000000E+00 0.800000E-04 0.000000E+00 0.000000E+00 0.000000E+00 0.000000E+00 0.000000E+00 0.000000E+00 0.000000E+00 0.000000E+00 0.000000E+00 0.000000E+00 0.000000E+00 0.000000E+00 0.000000E+00 0.000000E+00 0.000000E+00 0.000000E+00 0.000000E+00 0.000000E+00 0.000000E+00 0.000000E+00 0.000000E+00 0.000000E+00 0.800000E-04 0.000000E+00 0.000000E+00 0.000000E+00 0.000000E+00 0.000000E+00 0.000000E+00 0.000000E+00 0.000000E+00 0.000000E+00 0.000000E+00 0.000000E+00 0.000000E+00 0.000000E+00 0.000000E+00 0.000000E+00 0.000000E+00 0.000000E+00 0.000000E+00 0.000000E+00 0.000000E+00 0.000000E+00 0.000000E+00 0.000000E+00 0.000000E+00 0.000000E+00 0.000000E+00 0.000000E+00 0.000000E+00 0.000000E+00 0.000000E+00 0.000000E+00 0.000000E+00 0.000000E+00 0.000000E+00 0.000000E+00 0.000000E+00 0.000000E+00 0.000000E+00 0.000000E+00 0.000000E+00 0.000000E+00 0.000000E+00 0.000000E+00 0.000000E+00 0.000000E+00 0.000000E+00 0.000000E+00 0.000000E+00 0.000000E+00 0.000000E+00 0.000000E+00 0.000000E+00 0.000000E+00 0.000000E+00 0.000000E+00 0.000000E+00 0.000000E+00 0.000000E+00 0.000000E+00 0.000000E+00 0.000000E+00 0.000000E+00 0.000000E+00 0.000000E+00 0.000000E+00 0.000000E+00 0.000000E+00 0.000000E+00 0.000000E+00 0.000000E+00 0.000000E+00 0.000000E+00 0.000000E+00 0.000000E+00 0.000000E+00 0.000000E+00 0.000000E+00 0.000000E+00 0.000000E+00 0.000000E+00 0.000000E+00 0.000000E+00 0.000000E+00 0.000000E+00 0.000000E+00 0.000000E+00 0.000000E+00 0.000000E+00 0.000000E+00 0.000000E+00 0.000000E+00 0.000000E+00 0.000000E+00 0.000000E+00 0.000000E+00 0.000000E+00 0.000000E+00 0.000000E+00 0.000000E+00 0.000000E+00 0.000000E+00 0.000000E+00 0.000000E+00 0.000000E+00 0.000000E+00 0.000000E+00 0.000000E+00 0.000000E+00 0.000000E+00 0.000000E+00 0.000000E+00 0.000000E+00 0.000000E+00 0.000000E+00 0.000000E+00 0.000000E+00 0.000000E+00 0.000000E+00
 0.421306E+02 0.988880E+01 0.457160E+01 0.260176E+01 0.164440E+01 0.112496E+01 0.805680E+00 0.605920E+00 0.464880E+00 0.368160E+00 0.290880E+00 0.235680E+00 0.185680E+00 0.160800E+00 0.133120E+00 0.109440E+00 0.957600E-01 0.836800E-01 0.708000E-01 0.634400E-01 0.508800E-01 0.476000E-01 0.340000E-01 0.360800E-01 0.318400E-01 0.252800E-01 0.213600E-01 0.173600E-01 0.156800E-01 0.149600E-01 0.150400E-01 0.124000E-01 0.992000E-02 0.106400E-01 0.728000E-02 0.760000E-02 0.632000E-02 0.600000E-02 0.424000E-02 0.456000E-02 0.360000E-02 0.280000E-02 0.248000E-02 0.288000E-02 0.280000E-02 0.184000E-02 0.128000E-02 0.112000E-02 0.200000E-02 0.152000E-02 0.168000E-02 0.720000E-03 0.720000E-03 0.720000E-03 0.640000E-03 0.800000E-03 0.720000E-03 0.560000E-03 0.320000E-03 0.800000E-04 0.480000E-03 0.800000E-04 0.160000E-03 0.240000E-03 0.800000E-04 0.800000E-04 0.800000E-04 0.160000E-03 0.800000E-04 0.800000E-04 0.320000E-03 0.160000E-03 0.800000E-04 0.000000E+00 0.000000E+00 0.800000E-04 0.000000E+00 0.800000E-04 0.800000E-04 0.800000E-04 0.000000E+00 0.160000E-03 0.000000E+00 0.800000E-04 0.000000E+00 0.000000E+00 0.000000E+00 0.000000E+00 0.000000E+00 0.000000E+00 0.000000E+00 0.000000E+00 0.000000E+00 0.000000E+00 0.000000E+00 0.000000E+00 0.000000E+00 0.000000E+00 0.000000E+00 0.000000E+00 0.000000E+00 0.000000E+00 0.000000E+00 0.000000E+00 0.000000E+00 0.000000E+00 0.000000E+00 0.000000E+00 0.000000E+00 0.000000E+00 0.000000E+00 0.000000E+00 0.000000E+00 0.000000E+00 0.000000E+00 0.000000E+00 0.000000E+00 0.000000E+00 0.000000E+00 0.000000E+00 0.000000E+00 0.000000E+00 0.000000E+00 0.000000E+00 0.000000E+00 0.000000E+00 0.000000E+00 0.000000E+00 0.000000E+00 0.000000E+00 0.000000E+00 0.000000E+00 0.000000E+00 0.000000E+00 0.000000E+00 0.000000E+00 0.000000E+00 0.000000E+00 0.000000E+00 0.000000E+00 0.000000E+00 0.000000E+00 0.000000E+00 0.000000E+00 0.000000E+00 0.000000E+00 0.000000E+00 0.000000E+00 0.000000E+00 0.000000E+00 0.000000E+00 0.000000E+00 0.000000E+00 0.000000E+00 0.000000E+00 0.000000E+00 0.000000E+00 0.000000E+00 0.000000E+00 0.000000E+00 0.000000E+00 0.000000E+00 0.000000E+00 0.000000E+00 0.000000E+00 0.000000E+00 0.000000E+00 0.000000E+00 0.000000E+00 0.000000E+00 0.000000E+00 0.000000E+00 0.000000E+00 0.000000E+00 0.000000E+00 0.000000E+00 0.000000E+00 0.000000E+00 0.000000E+00 0.000000E+00 0.000000E+00 0.000000E+00 0.000000E+00 0.000000E+00 0.000000E+00 0.000000E+00 0.000000E+00 0.000000E+00 0.000000E+00 0.000000E+00 0.000000E+00 0.000000E+00 0.000000E+00 0.000000E+00 0.000000E+00 0.000000E+00 0.000000E+00 0.000000E+00 0.000000E+00 0.000000E+00
 0.412382E+02 0.921640E+01 0.405848E+01 0.219680E+01 0.130368E+01 0.851040E+00 0.594720E+00 0.408960E+00 0.304960E+00 0.226240E+00 0.175200E+00 0.128720E+00 0.105200E+00 0.808000E-01 0.680800E-01 0.464800E-01 0.406400E-01 0.330400E-01 0.262400E-01 0.200000E-01 0.179200E-01 0.139200E-01 0.118400E-01 0.968000E-02 0.856000E-02 0.688000E-02 0.624000E-02 0.480000E-02 0.384000E-02 0.368000E-02 0.256000E-02 0.232000E-02 0.184000E-02 0.120000E-02 0.128000E-02 0.160000E-02 0.128000E-02 0.104000E-02 0.320000E-03 0.720000E-03 0.800000E-04 0.320000E-03 0.400000E-03 0.400000E-03 0.160000E-03 0.240000E-03 0.000000E+00 0.320000E-03 0.160000E-03 0.800000E-04 0.800000E-04 0.000000E+00 0.000000E+00 0.000000E+00 0.000000E+00 0.000000E+00 0.160000E-03 0.000000E+00 0.000000E+00 0.000000E+00 0.000000E+00 0.000000E+00 0.000000E+00 0.000000E+00 0.000000E+00 0.000000E+00 0.000000E+00 0.000000E+00 0.000000E+00 0.000000E+00 0.000000E+00 0.000000E+00 0.000000E+00 0.000000E+00 0.000000E+00 0.000000E+00 0.000000E+00 0.000000E+00 0.000000E+00 0.000000E+00 0.000000E+00 0.000000E+00 0.000000E+00 0.000000E+00 0.000000E+00 0.000000E+00 0.000000E+00 0.000000E+00 0.000000E+00 0.000000E+00 0.000000E+00 0.000000E+00 0.000000E+00 0.000000E+00 0.000000E+00 0.000000E+00 0.000000E+00 0.000000E+00 0.000000E+00 0.000000E+00 0.000000E+00 0.000000E+00 0.000000E+00 0.000000E+00 0.000000E+00 0.000000E+00 0.000000E+00 0.000000E+00 0.000000E+00 0.000000E+00 0.000000E+00 0.000000E+00 0.000000E+00 0.000000E+00 0.000000E+00 0.000000E+00 0.000000E+00 0.000000E+00 0.000000E+00 0.000000E+00 0.000000E+00 0.000000E+00 0.000000E+00 0.000000E+00 0.000000E+00 0.000000E+00 0.000000E+00 0.000000E+00 0.000000E+00 0.000000E+00 0.000000E+00 0.000000E+00 0.000000E+00 0.000000E+00 0.000000E+00 0.000000E+00 0.000000E+00 0.000000E+00 0.000000E+00 0.000000E+00 0.000000E+00 0.000000E+00 0.000000E+00 0.000000E+00 0.000000E+00 0.000000E+00 0.000000E+00 0.000000E+00 0.000000E+00 0.000000E+00 0.000000E+00 0.000000E+00 0.000000E+00 0.000000E+00 0.000000E+00 0.000000E+00 0.000000E+00 0.000000E+00 0.000000E+00 0.000000E+00 0.000000E+00 0.000000E+00 0.000000E+00 0.000000E+00 0.000000E+00 0.000000E+00 0.000000E+00 0.000000E+00 0.000000E+00 0.000000E+00 0.000000E+00 0.000000E+00 0.000000E+00 0.000000E+00 0.000000E+00 0.000000E+00 0.000000E+00 0.000000E+00 0.000000E+00 0.000000E+00 0.000000E+00 0.000000E+00 0.000000E+00 0.000000E+00 0.000000E+00 0.000000E+00 0.000000E+00 0.000000E+00 0.000000E+00 0.000000E+00 0.000000E+00 0.000000E+00 0.000000E+00 0.000000E+00 0.000000E+00 0.000000E+00 0.000000E+00 0.000000E+00 0.000000E+00 0.000000E+00
 0.420646E+02 0.984760E+01 0.452888E+01 0.256656E+01 0.163352E+01 0.110568E+01 0.799280E+00 0.595920E+00 0.446240E+00 0.362480E+00 0.283920E+00 0.231360E+00 0.188080E+00 0.157360E+00 0.137840E+00 0.110880E+00 0.962400E-01 0.816000E-01 0.709600E-01 0.615200E-01 0.501600E-01 0.462400E-01 0.387200E-01 0.328800E-01 0.310400E-01 0.245600E-01 0.228000E-01 0.175200E-01 0.178400E-01 0.150400E-01 0.124000E-01 0.112000E-01 0.100000E-01 0.968000E-02 0.744000E-02 0.776000E-02 0.784000E-02 0.600000E-02 0.536000E-02 0.376000E-02 0.296000E-02 0.224000E-02 0.296000E-02 0.200000E-02 0.136000E-02 0.224000E-02 0.192000E-02 0.104000E-02 0.112000E-02 0.960000E-03 0.144000E-02 0.960000E-03 0.560000E-03 0.880000E-03 0.800000E-03 0.480000E-03 0.720000E-03 0.480000E-03 0.160000E-03 0.160000E-03 0.320000E-03 0.480000E-03 0.160000E-03 0.240000E-03 0.400000E-03 0.000000E+00 0.800000E-04 0.800000E-04 0.800000E-04 0.800000E-04 0.800000E-04 0.000000E+00 0.160000E-03 0.000000E+00 0.240000E-03 0.000000E+00 0.000000E+00 0.000000E+00 0.800000E-04 0.000000E+00 0.160000E-03 0.000000E+00 0.000000E+00 0.000000E+00 0.000000E+00 0.000000E+00 0.000000E+00 0.000000E+00 0.000000E+00 0.000000E+00 0.000000E+00 0.000000E+00 0.800000E-04 0.000000E+00 0.000000E+00 0.000000E+00 0.000000E+00 0.000000E+00 0.000000E+00 0.000000E+00 0.000000E+00 0.000000E+00 0.000000E+00 0.000000E+00 0.000000E+00 0.000000E+00 0.000000E+00 0.000000E+00 0.000000E+00 0.000000E+00 0.000000E+00 0.000000E+00 0.000000E+00 0.000000E+00 0.000000E+00 0.000000E+00 0.000000E+00 0.000000E+00 0.000000E+00 0.000000E+00 0.000000E+00 0.000000E+00 0.000000E+00 0.000000E+00 0.000000E+00 0.000000E+00 0.000000E+00 0.000000E+00 0.000000E+00 0.000000E+00 0.000000E+00 0.000000E+00 0.000000E+00 0.000000E+00 0.000000E+00 0.000000E+00 0.000000E+00 0.000000E+00 0.000000E+00 0.000000E+00 0.000000E+00 0.000000E+00 0.000000E+00 0.000000E+00 0.000000E+00 0.000000E+00 0.000000E+00 0.000000E+00 0.000000E+00 0.000000E+00 0.000000E+00 0.000000E+00 0.000000E+00 0.000000E+00 0.000000E+00 0.000000E+00 0.000000E+00 0.000000E+00 0.000000E+00 0.000000E+00 0.000000E+00 0.000000E+00 0.000000E+00 0.000000E+00 0.000000E+00 0.000000E+00 0.000000E+00 0.000000E+00 0.000000E+00 0.000000E+00 0.000000E+00 0.000000E+00 0.000000E+00 0.000000E+00 0.000000E+00 0.000000E+00 0.000000E+00 0.000000E+00 0.000000E+00 0.000000E+00 0.000000E+00 0.000000E+00 0.000000E+00 0.000000E+00 0.000000E+00 0.000000E+00 0.000000E+00 0.000000E+00 0.000000E+00 0.000000E+00 0.000000E+00 0.000000E+00 0.000000E+00 0.000000E+00 0.000000E+00 0.000000E+00 0.000000E+00 0.000000E+00 0.000000E+00 0.000000E+00
 0.438609E+02 0.674152E+01 0.350408E+01 0.213344E+01 0.143600E+01 0.100240E+01 0.748640E+00 0.553040E+00 0.427600E+00 0.328080E+00 0.268320E+00 0.203440E+00 0.162160E+00 0.128560E+00 0.101280E+00 0.876000E-01 0.665600E-01 0.582400E-01 0.448800E-01 0.341600E-01 0.288000E-01 0.260000E-01 0.193600E-01 0.168800E-01 0.115200E-01 0.114400E-01 0.106400E-01 0.688000E-02 0.576000E-02 0.632000E-02 0.432000E-02 0.424000E-02 0.336000E-02 0.192000E-02 0.248000E-02 0.176000E-02 0.176000E-02 0.240000E-02 0.880000E-03 0.320000E-03 0.560000E-03 0.240000E-03 0.320000E-03 0.400000E-03 0.400000E-03 0.240000E-03 0.160000E-03 0.160000E-03 0.160000E-03 0.800000E-04 0.240000E-03 0.800000E-04 0.800000E-04 0.800000E-04 0.800000E-04 0.800000E-04 0.000000E+00 0.000000E+00 0.000000E+00 0.000000E+00 0.000000E+00 0.000000E+00 0.000000E+00 0.000000E+00 0.000000E+00 0.000000E+00 0.000000E+00 0.000000E+00 0.000000E+00 0.000000E+00 0.000000E+00 0.000000E+00 0.000000E+00 0.800000E-04 0.000000E+00 0.000000E+00 0.000000E+00 0.000000E+00 0.000000E+00 0.000000E+00 0.000000E+00 0.000000E+00 0.000000E+00 0.000000E+00 0.000000E+00 0.000000E+00 0.000000E+00 0.000000E+00 0.000000E+00 0.000000E+00 0.000000E+00 0.000000E+00 0.000000E+00 0.000000E+00 0.000000E+00 0.000000E+00 0.000000E+00 0.000000E+00 0.000000E+00 0.000000E+00 0.000000E+00 0.000000E+00 0.000000E+00 0.000000E+00 0.000000E+00 0.000000E+00 0.000000E+00 0.000000E+00 0.000000E+00 0.000000E+00 0.000000E+00 0.000000E+00 0.000000E+00 0.000000E+00 0.000000E+00 0.000000E+00 0.000000E+00 0.000000E+00 0.000000E+00 0.000000E+00 0.000000E+00 0.000000E+00 0.000000E+00 0.000000E+00 0.000000E+00 0.000000E+00 0.000000E+00 0.000000E+00 0.000000E+00 0.000000E+00 0.000000E+00 0.000000E+00 0.000000E+00 0.000000E+00 0.000000E+00 0.000000E+00 0.000000E+00 0.000000E+00 0.000000E+00 0.000000E+00 0.000000E+00 0.000000E+00 0.000000E+00 0.000000E+00 0.000000E+00 0.000000E+00 0.000000E+00 0.000000E+00 0.000000E+00 0.000000E+00 0.000000E+00 0.000000E+00 0.000000E+00 0.000000E+00 0.000000E+00 0.000000E+00 0.000000E+00 0.000000E+00 0.000000E+00 0.000000E+00 0.000000E+00 0.000000E+00 0.000000E+00 0.000000E+00 0.000000E+00 0.000000E+00 0.000000E+00 0.000000E+00 0.000000E+00 0.000000E+00 0.000000E+00 0.000000E+00 0.000000E+00 0.000000E+00 0.000000E+00 0.000000E+00 0.000000E+00 0.000000E+00 0.000000E+00 0.000000E+00 0.000000E+00 0.000000E+00 0.000000E+00 0.000000E+00 0.000000E+00 0.000000E+00 0.000000E+00 0.000000E+00 0.000000E+00 0.000000E+00 0.000000E+00 0.000000E+00 0.000000E+00 0.000000E+00 0.000000E+00 0.000000E+00 0.000000E+00 0.000000E+00 0.000000E+00 0.000000E+00
 0.367387E+02 0.768880E+01 0.433088E+01 0.280016E+01 0.198608E+01 0.150408E+01 0.115544E+01 0.942880E+00 0.752240E+00 0.614880E+00 0.517360E+00 0.429600E+00 0.358000E+00 0.309920E+00 0.255520E+00 0.214560E+00 0.185920E+00 0.157760E+00 0.136720E+00 0.111280E+00 0.106080E+00 0.876800E-01 0.768800E-01 0.640800E-01 0.572800E-01 0.472800E-01 0.437600E-01 0.322400E-01 0.302400E-01 0.269600E-01 0.215200E-01 0.199200E-01 0.182400E-01 0.161600E-01 0.158400E-01 0.124800E-01 0.128000E-01 0.992000E-02 0.904000E-02 0.800000E-02 0.576000E-02 0.552000E-02 0.552000E-02 0.472000E-02 0.360000E-02 0.296000E-02 0.304000E-02 0.200000E-02 0.216000E-02 0.136000E-02 0.240000E-02 0.160000E-02 0.880000E-03 0.152000E-02 0.120000E-02 0.960000E-03 0.136000E-02 0.640000E-03 0.480000E-03 0.640000E-03 0.400000E-03 0.480000E-03 0.240000E-03 0.400000E-03 0.560000E-03 0.240000E-03 0.160000E-03 0.320000E-03 0.480000E-03 0.160000E-03 0.000000E+00 0.800000E-04 0.800000E-04 0.160000E-03 0.800000E-04 0.800000E-04 0.800000E-04 0.800000E-04 0.800000E-04 0.000000E+00 0.160000E-03 0.800000E-04 0.000000E+00 0.000000E+00 0.000000E+00 0.000000E+00 0.800000E-04 0.000000E+00 0.000000E+00 0.000000E+00 0.000000E+00 0.000000E+00 0.000000E+00 0.000000E+00 0.000000E+00 0.000000E+00 0.000000E+00 0.000000E+00 0.000000E+00 0.000000E+00 0.000000E+00 0.000000E+00 0.000000E+00 0.000000E+00 0.000000E+00 0.000000E+00 0.000000E+00 0.000000E+00 0.000000E+00 0.000000E+00 0.000000E+00 0.000000E+00 0.000000E+00 0.000000E+00 0.000000E+00 0.000000E+00 0.000000E+00 0.000000E+00 0.000000E+00 0.000000E+00 0.000000E+00 0.000000E+00 0.000000E+00 0.000000E+00 0.000000E+00 0.000000E+00 0.000000E+00 0.000000E+00 0.000000E+00 0.000000E+00 0.000000E+00 0.000000E+00 0.000000E+00 0.000000E+00 0.000000E+00 0.000000E+00 0.000000E+00 0.000000E+00 0.000000E+00 0.000000E+00 0.000000E+00 0.000000E+00 0.000000E+00 0.000000E+00 0.000000E+00 0.000000E+00 0.000000E+00 0.000000E+00 0.000000E+00 0.000000E+00 0.000000E+00 0.000000E+00 0.000000E+00 0.000000E+00 0.000000E+00 0.000000E+00 0.000000E+00 0.000000E+00 0.000000E+00 0.000000E+00 0.000000E+00 0.000000E+00 0.000000E+00 0.000000E+00 0.000000E+00 0.000000E+00 0.000000E+00 0.000000E+00 0.000000E+00 0.000000E+00 0.000000E+00 0.000000E+00 0.000000E+00 0.000000E+00 0.000000E+00 0.000000E+00 0.000000E+00 0.000000E+00 0.000000E+00 0.000000E+00 0.000000E+00 0.000000E+00 0.000000E+00 0.000000E+00 0.000000E+00 0.000000E+00 0.000000E+00 0.000000E+00 0.000000E+00 0.000000E+00 0.000000E+00 0.000000E+00 0.000000E+00 0.000000E+00 0.000000E+00 0.000000E+00 0.000000E+00 0.000000E+00 0.000000E+00 0.000000E+00
 0.413760E+02 0.930976E+01 0.417344E+01 0.224616E+01 0.133568E+01 0.864640E+00 0.603520E+00 0.421760E+00 0.307760E+00 0.237520E+00 0.176160E+00 0.129280E+00 0.108640E+00 0.850400E-01 0.646400E-01 0.532800E-01 0.404800E-01 0.317600E-01 0.258400E-01 0.232000E-01 0.176000E-01 0.134400E-01 0.105600E-01 0.111200E-01 0.984000E-02 0.760000E-02 0.520000E-02 0.320000E-02 0.376000E-02 0.272000E-02 0.320000E-02 0.184000E-02 0.224000E-02 0.128000E-02 0.880000E-03 0.880000E-03 0.560000E-03 0.104000E-02 0.800000E-03 0.480000E-03 0.480000E-03 0.400000E-03 0.640000E-03 0.240000E-03 0.160000E-03 0.160000E-03 0.800000E-04 0.240000E-03 0.240000E-03 0.800000E-04 0.800000E-04 0.000000E+00 0.800000E-04 0.240000E-03 0.000000E+00 0.000000E+00 0.000000E+00 0.000000E+00 0.800000E-04 0.000000E+00 0.000000E+00 0.000000E+00 0.000000E+00 0.000000E+00 0.000000E+00 0.000000E+00 0.000000E+00 0.000000E+00 0.000000E+00 0.000000E+00 0.000000E+00 0.000000E+00 0.000000E+00 0.000000E+00 0.000000E+00 0.000000E+00 0.000000E+00 0.000000E+00 0.000000E+00 0.000000E+00 0.000000E+00 0.800000E-04 0.000000E+00 0.000000E+00 0.000000E+00 0.000000E+00 0.000000E+00 0.000000E+00 0.000000E+00 0.000000E+00 0.000000E+00 0.000000E+00 0.000000E+00 0.000000E+00 0.000000E+00 0.000000E+00 0.000000E+00 0.000000E+00 0.000000E+00 0.000000E+00 0.000000E+00 0.000000E+00 0.000000E+00 0.000000E+00 0.000000E+00 0.000000E+00 0.000000E+00 0.000000E+00 0.000000E+00 0.000000E+00 0.000000E+00 0.000000E+00 0.000000E+00 0.000000E+00 0.000000E+00 0.000000E+00 0.000000E+00 0.000000E+00 0.000000E+00 0.000000E+00 0.000000E+00 0.000000E+00 0.000000E+00 0.000000E+00 0.000000E+00 0.000000E+00 0.000000E+00 0.000000E+00 0.000000E+00 0.000000E+00 0.000000E+00 0.000000E+00 0.000000E+00 0.000000E+00 0.000000E+00 0.000000E+00 0.000000E+00 0.000000E+00 0.000000E+00 0.000000E+00 0.000000E+00 0.000000E+00 0.000000E+00 0.000000E+00 0.000000E+00 0.000000E+00 0.000000E+00 0.000000E+00 0.000000E+00 0.000000E+00 0.000000E+00 0.000000E+00 0.000000E+00 0.000000E+00 0.000000E+00 0.000000E+00 0.000000E+00 0.000000E+00 0.000000E+00 0.000000E+00 0.000000E+00 0.000000E+00 0.000000E+00 0.000000E+00 0.000000E+00 0.000000E+00 0.000000E+00 0.000000E+00 0.000000E+00 0.000000E+00 0.000000E+00 0.000000E+00 0.000000E+00 0.000000E+00 0.000000E+00 0.000000E+00 0.000000E+00 0.000000E+00 0.000000E+00 0.000000E+00 0.000000E+00 0.000000E+00 0.000000E+00 0.000000E+00 0.000000E+00 0.000000E+00 0.000000E+00 0.000000E+00 0.000000E+00 0.000000E+00 0.000000E+00 0.000000E+00 0.000000E+00 0.000000E+00 0.000000E+00 0.000000E+00 0.000000E+00 0.000000E+00 0.000000E+00 0.000000E+00
 0.421306E+02 0.988880E+01 0.457160E+01 0.260176E+01 0.164440E+01 0.112496E+01 0.805680E+00 0.605920E+00 0.464880E+00 0.368160E+00 0.290880E+00 0.235680E+00 0.185680E+00 0.160800E+00 0.133120E+00 0.109440E+00 0.957600E-01 0.836800E-01 0.708000E-01 0.634400E-01 0.508800E-01 0.476000E-01 0.340000E-01 0.360800E-01 0.318400E-01 0.252800E-01 0.213600E-01 0.173600E-01 0.156800E-01 0.149600E-01 0.150400E-01 0.124000E-01 0.992000E-02 0.106400E-01 0.728000E-02 0.760000E-02 0.632000E-02 0.600000E-02 0.424000E-02 0.456000E-02 0.360000E-02 0.280000E-02 0.248000E-02 0.288000E-02 0.280000E-02 0.184000E-02 0.128000E-02 0.112000E-02 0.200000E-02 0.152000E-02 0.168000E-02 0.720000E-03 0.720000E-03 0.720000E-03 0.640000E-03 0.800000E-03 0.720000E-03 0.560000E-03 0.320000E-03 0.800000E-04 0.480000E-03 0.800000E-04 0.160000E-03 0.240000E-03 0.800000E-04 0.800000E-04 0.800000E-04 0.160000E-03 0.800000E-04 0.800000E-04 0.320000E-03 0.160000E-03 0.800000E-04 0.000000E+00 0.000000E+00 0.800000E-04 0.000000E+00 0.800000E-04 0.800000E-04 0.800000E-04 0.000000E+00 0.160000E-03 0.000000E+00 0.800000E-04 0.000000E+00 0.000000E+00 0.000000E+00 0.000000E+00 0.000000E+00 0.000000E+00 0.000000E+00 0.000000E+00 0.000000E+00 0.000000E+00 0.000000E+00 0.000000E+00 0.000000E+00 0.000000E+00 0.000000E+00 0.000000E+00 0.000000E+00 0.000000E+00 0.000000E+00 0.000000E+00 0.000000E+00 0.000000E+00 0.000000E+00 0.000000E+00 0.000000E+00 0.000000E+00 0.000000E+00 0.000000E+00 0.000000E+00 0.000000E+00 0.000000E+00 0.000000E+00 0.000000E+00 0.000000E+00 0.000000E+00 0.000000E+00 0.000000E+00 0.000000E+00 0.000000E+00 0.000000E+00 0.000000E+00 0.000000E+00 0.000000E+00 0.000000E+00 0.000000E+00 0.000000E+00 0.000000E+00 0.000000E+00 0.000000E+00 0.000000E+00 0.000000E+00 0.000000E+00 0.000000E+00 0.000000E+00 0.000000E+00 0.000000E+00 0.000000E+00 0.000000E+00 0.000000E+00 0.000000E+00 0.000000E+00 0.000000E+00 0.000000E+00 0.000000E+00 0.000000E+00 0.000000E+00 0.000000E+00 0.000000E+00 0.000000E+00 0.000000E+00 0.000000E+00 0.000000E+00 0.000000E+00 0.000000E+00 0.000000E+00 0.000000E+00 0.000000E+00 0.000000E+00 0.000000E+00 0.000000E+00 0.000000E+00 0.000000E+00 0.000000E+00 0.000000E+00 0.000000E+00 0.000000E+00 0.000000E+00 0.000000E+00 0.000000E+00 0.000000E+00 0.000000E+00 0.000000E+00 0.000000E+00 0.000000E+00 0.000000E+00 0.000000E+00 0.000000E+00 0.000000E+00 0.000000E+00 0.000000E+00 0.000000E+00 0.000000E+00 0.000000E+00 0.000000E+00 0.000000E+00 0.000000E+00 0.000000E+00 0.000000E+00 0.000000E+00 0.000000E+00 0.000000E+00 0.000000E+00 0.000000E+00 0.000000E+00 0.000000E+00 0.000000E+00
 0.412382E+02 0.921640E+01 0.405848E+01 0.219680E+01 0.130368E+01 0.851040E+00 0.594720E+00 0.408960E+00 0.304960E+00 0.226240E+00 0.175200E+00 0.128720E+00 0.105200E+00 0.808000E-01 0.680800E-01 0.464800E-01 0.406400E-01 0.330400E-01 0.262400E-01 0.200000E-01 0.179200E-01 0.139200E-01 0.118400E-01 0.968000E-02 0.856000E-02 0.688000E-02 0.624000E-02 0.480000E-02 0.384000E-02 0.368000E-02 0.256000E-02 0.232000E-02 0.184000E-02 0.120000E-02 0.128000E-02 0.160000E-02 0.128000E-02 0.104000E-02 0.320000E-03 0.720000E-03 0.800000E-04 0.320000E-03 0.400000E-03 0.400000E-03 0.160000E-03 0.240000E-03 0.000000E+00 0.320000E-03 0.160000E-03 0.800000E-04 0.800000E-04 0.000000E+00 0.000000E+00 0.000000E+00 0.000000E+00 0.000000E+00 0.160000E-03 0.000000E+00 0.000000E+00 0.000000E+00 0.000000E+00 0.000000E+00 0.000000E+00 0.000000E+00 0.000000E+00 0.000000E+00 0.000000E+00 0.000000E+00 0.000000E+00 0.000000E+00 0.000000E+00 0.000000E+00 0.000000E+00 0.000000E+00 0.000000E+00 0.000000E+00 0.000000E+00 0.000000E+00 0.000000E+00 0.000000E+00 0.000000E+00 0.000000E+00 0.000000E+00 0.000000E+00 0.000000E+00 0.000000E+00 0.000000E+00 0.000000E+00 0.000000E+00 0.000000E+00 0.000000E+00 0.000000E+00 0.000000E+00 0.000000E+00 0.000000E+00 0.000000E+00 0.000000E+00 0.000000E+00 0.000000E+00 0.000000E+00 0.000000E+00 0.000000E+00 0.000000E+00 0.000000E+00 0.000000E+00 0.000000E+00 0.000000E+00 0.000000E+00 0.000000E+00 0.000000E+00 0.000000E+00 0.000000E+00 0.000000E+00 0.000000E+00 0.000000E+00 0.000000E+00 0.000000E+00 0.000000E+00 0.000000E+00 0.000000E+00 0.000000E+00 0.000000E+00 0.000000E+00 0.000000E+00 0.000000E+00 0.000000E+00 0.000000E+00 0.000000E+00 0.000000E+00 0.000000E+00 0.000000E+00 0.000000E+00 0.000000E+00 0.000000E+00 0.000000E+00 0.000000E+00 0.000000E+00 0.000000E+00 0.000000E+00 0.000000E+00 0.000000E+00 0.000000E+00 0.000000E+00 0.000000E+00 0.000000E+00 0.000000E+00 0.000000E+00 0.000000E+00 0.000000E+00 0.000000E+00 0.000000E+00 0.000000E+00 0.000000E+00 0.000000E+00 0.000000E+00 0.000000E+00 0.000000E+00 0.000000E+00 0.000000E+00 0.000000E+00 0.000000E+00 0.000000E+00 0.000000E+00 0.000000E+00 0.000000E+00 0.000000E+00 0.000000E+00 0.000000E+00 0.000000E+00 0.000000E+00 0.000000E+00 0.000000E+00 0.000000E+00 0.000000E+00 0.000000E+00 0.000000E+00 0.000000E+00 0.000000E+00 0.000000E+00 0.000000E+00 0.000000E+00 0.000000E+00 0.000000E+00 0.000000E+00 0.000000E+00 0.000000E+00 0.000000E+00 0.000000E+00 0.000000E+00 0.000000E+00 0.000000E+00 0.000000E+00 0.000000E+00 0.000000E+00 0.000000E+00 0.000000E+00 0.000000E+00 0.000000E+00 0.000000E+00 0.000000E+00
 0.420646E+02 0.984760E+01 0.452888E+01 0.256656E+01 0.163352E+01 0.110568E+01 0.799280E+00 0.595920E+00 0.446240E+00 0.362480E+00 0.283920E+00 0.231360E+00 0.188080E+00 0.157360E+00 0.137840E+00 0.110880E+00 0.962400E-01 0.816000E-01 0.709600E-01 0.615200E-01 0.501600E-01 0.462400E-01 0.387200E-01 0.328800E-01 0.310400E-01 0.245600E-01 0.228000E-01 0.175200E-01 0.178400E-01 0.150400E-01 0.124000E-01 0.112000E-01 0.100000E-01 0.968000E-02 0.744000E-02 0.776000E-02 0.784000E-02 0.600000E-02 0.536000E-02 0.376000E-02 0.296000E-02 0.224000E-02 0.296000E-02 0.200000E-02 0.136000E-02 0.224000E-02 0.192000E-02 0.104000E-02 0.112000E-02 0.960000E-03 0.144000E-02 0.960000E-03 0.560000E-03 0.880000E-03 0.800000E-03 0.480000E-03 0.720000E-03 0.480000E-03 0.160000E-03 0.160000E-03 0.320000E-03 0.480000E-03 0.160000E-03 0.240000E-03 0.400000E-03 0.000000E+00 0.800000E-04 0.800000E-04 0.800000E-04 0.800000E-04 0.800000E-04 0.000000E+00 0.160000E-03 0.000000E+00 0.240000E-03 0.000000E+00 0.000000E+00 0.000000E+00 0.800000E-04 0.000000E+00 0.160000E-03 0.000000E+00 0.000000E+00 0.000000E+00 0.000000E+00 0.000000E+00 0.000000E+00 0.000000E+00 0.000000E+00 0.000000E+00 0.000000E+00 0.000000E+00 0.800000E-04 0.000000E+00 0.000000E+00 0.000000E+00 0.000000E+00 0.000000E+00 0.000000E+00 0.000000E+00 0.000000E+00 0.000000E+00 0.000000E+00 0.000000E+00 0.000000E+00 0.000000E+00 0.000000E+00 0.000000E+00 0.000000E+00 0.000000E+00 0.000000E+00 0.000000E+00 0.000000E+00 0.000000E+00 0.000000E+00 0.000000E+00 0.000000E+00 0.000000E+00 0.000000E+00 0.000000E+00 0.000000E+00 0.000000E+00 0.000000E+00 0.000000E+00 0.000000E+00 0.000000E+00 0.000000E+00 0.000000E+00 0.000000E+00 0.000000E+00 0.000000E+00 0.000000E+00 0.000000E+00 0.000000E+00 0.000000E+00 0.000000E+00 0.000000E+00 0.000000E+00 0.000000E+00 0.000000E+00 0.000000E+00 0.000000E+00 0.000000E+00 0.000000E+00 0.000000E+00 0.000000E+00 0.000000E+00 0.000000E+00 0.000000E+00 0.000000E+00 0.000000E+00 0.000000E+00 0.000000E+00 0.000000E+00 0.000000E+00 0.000000E+00 0.000000E+00 0.000000E+00 0.000000E+00 0.000000E+00 0.000000E+00 0.000000E+00 0.000000E+00 0.000000E+00 0.000000E+00 0.000000E+00 0.000000E+00 0.000000E+00 0.000000E+00 0.000000E+00 0.000000E+00 0.000000E+00 0.000000E+00 0.000000E+00 0.000000E+00 0.000000E+00 0.000000E+00 0.000000E+00 0.000000E+00 0.000000E+00 0.000000E+00 0.000000E+00 0.000000E+00 0.000000E+00 0.000000E+00 0.000000E+00 0.000000E+00 0.000000E+00 0.000000E+00 0.000000E+00 0.000000E+00 0.000000E+00 0.000000E+00 0.000000E+00 0.000000E+00 0.000000E+00 0.000000E+00 0.000000E+00 0.000000E+00 0.000000E+00
 0.438609E+02 0.674152E+01 0.350408E+01 0.213344E+01 0.143600E+01 0.100240E+01 0.748640E+00 0.553040E+00 0.427600E+00 0.328080E+00 0.268320E+00 0.203440E+00 0.162160E+00 0.128560E+00 0.101280E+00 0.876000E-01 0.665600E-01 0.582400E-01 0.448800E-01 0.341600E-01 0.288000E-01 0.260000E-01 0.193600E-01 0.168800E-01 0.115200E-01 0.114400E-01 0.106400E-01 0.688000E-02 0.576000E-02 0.632000E-02 0.432000E-02 0.424000E-02 0.336000E-02 0.192000E-02 0.248000E-02 0.176000E-02 0.176000E-02 0.240000E-02 0.880000E-03 0.320000E-03 0.560000E-03 0.240000E-03 0.320000E-03 0.400000E-03 0.400000E-03 0.240000E-03 0.160000E-03 0.160000E-03 0.160000E-03 0.800000E-04 0.240000E-03 0.800000E-04 0.800000E-04 0.800000E-04 0.800000E-04 0.800000E-04 0.000000E+00 0.000000E+00 0.000000E+00 0.000000E+00 0.000000E+00 0.000000E+00 0.000000E+00 0.000000E+00 0.000000E+00 0.000000E+00 0.000000E+00 0.000000E+00 0.000000E+00 0.000000E+00 0.000000E+00 0.000000E+00 0.000000E+00 0.800000E-04 0.000000E+00 0.000000E+00 0.000000E+00 0.000000E+00 0.000000E+00 0.000000E+00 0.000000E+00 0.000000E+00 0.000000E+00 0.000000E+00 0.000000E+00 0.000000E+00 0.000000E+00 0.000000E+00 0.000000E+00 0.000000E+00 0.000000E+00 0.000000E+00 0.000000E+00 0.000000E+00 0.000000E+00 0.000000E+00 0.000000E+00 0.000000E+00 0.000000E+00 0.000000E+00 0.000000E+00 0.000000E+00 0.000000E+00 0.000000E+00 0.000000E+00 0.000000E+00 0.000000E+00 0.000000E+00 0.000000E+00 0.000000E+00 0.000000E+00 0.000000E+00 0.000000E+00 0.000000E+00 0.000000E+00 0.000000E+00 0.000000E+00 0.000000E+00 0.000000E+00 0.000000E+00 0.000000E+00 0.000000E+00 0.000000E+00 0.000000E+00 0.000000E+00 0.000000E+00 0.000000E+00 0.000000E+00 0.000000E+00 0.000000E+00 0.000000E+00 0.000000E+00 0.000000E+00 0.000000E+00 0.000000E+00 0.000000E+00 0.000000E+00 0.000000E+00 0.000000E+00 0.000000E+00 0.000000E+00 0.000000E+00 0.000000E+00 0.000000E+00 0.000000E+00 0.000000E+00 0.000000E+00 0.000000E+00 0.000000E+00 0.000000E+00 0.000000E+00 0.000000E+00 0.000000E+00 0.000000E+00 0.000000E+00 0.000000E+00 0.000000E+00 0.000000E+00 0.000000E+00 0.000000E+00 0.000000E+00 0.000000E+00 0.000000E+00 0.000000E+00 0.000000E+00 0.000000E+00 0.000000E+00 0.000000E+00 0.000000E+00 0.000000E+00 0.000000E+00 0.000000E+00 0.000000E+00 0.000000E+00 0.000000E+00 0.000000E+00 0.000000E+00 0.000000E+00 0.000000E+00 0.000000E+00 0.000000E+00 0.000000E+00 0.000000E+00 0.000000E+00 0.000000E+00 0.000000E+00 0.000000E+00 0.000000E+00 0.000000E+00 0.000000E+00 0.000000E+00 0.000000E+00 0.000000E+00 0.000000E+00 0.000000E+00 0.000000E+00 0.000000E+00 0.000000E+00 0.000000E+00 0.000000E+00
 0.367387E+02 0.768880E+01 0.433088E+01 0.280016E+01 0.198608E+01 0.150408E+01 0.115544E+01 0.942880E+00 0.752240E+00 0.614880E+00 0.517360E+00 0.429600E+00 0.358000E+00 0.309920E+00 0.255520E+00 0.214560E+00 0.185920E+00 0.157760E+00 0.136720E+00 0.111280E+00 0.106080E+00 0.876800E-01 0.768800E-01 0.640800E-01 0.572800E-01 0.472800E-01 0.437600E-01 0.322400E-01 0.302400E-01 0.269600E-01 0.215200E-01 0.199200E-01 0.182400E-01 0.161600E-01 0.158400E-01 0.124800E-01 0.128000E-01 0.992000E-02 0.904000E-02 0.800000E-02 0.576000E-02 0.552000E-02 0.552000E-02 0.472000E-02 0.360000E-02 0.296000E-02 0.304000E-02 0.200000E-02 0.216000E-02 0.136000E-02 0.240000E-02 0.160000E-02 0.880000E-03 0.152000E-02 0.120000E-02 0.960000E-03 0.136000E-02 0.640000E-03 0.480000E-03 0.640000E-03 0.400000E-03 0.480000E-03 0.240000E-03 0.400000E-03 0.560000E-03 0.240000E-03 0.160000E-03 0.320000E-03 0.480000E-03 0.160000E-03 0.000000E+00 0.800000E-04 0.800000E-04 0.160000E-03 0.800000E-04 0.800000E-04 0.800000E-04 0.800000E-04 0.800000E-04 0.000000E+00 0.160000E-03 0.800000E-04 0.000000E+00 0.000000E+00 0.000000E+00 0.000000E+00 0.800000E-04 0.000000E+00 0.000000E+00 0.000000E+00 0.000000E+00 0.000000E+00 0.000000E+00 0.000000E+00 0.000000E+00 0.000000E+00 0.000000E+00 0.000000E+00 0.000000E+00 0.000000E+00 0.000000E+00 0.000000E+00 0.000000E+00 0.000000E+00 0.000000E+00 0.000000E+00 0.000000E+00 0.000000E+00 0.000000E+00 0.000000E+00 0.000000E+00 0.000000E+00 0.000000E+00 0.000000E+00 0.000000E+00 0.000000E+00 0.000000E+00 0.000000E+00 0.000000E+00 0.000000E+00 0.000000E+00 0.000000E+00 0.000000E+00 0.000000E+00 0.000000E+00 0.000000E+00 0.000000E+00 0.000000E+00 0.000000E+00 0.000000E+00 0.000000E+00 0.000000E+00 0.000000E+00 0.000000E+00 0.000000E+00 0.000000E+00 0.000000E+00 0.000000E+00 0.000000E+00 0.000000E+00 0.000000E+00 0.000000E+00 0.000000E+00 0.000000E+00 0.000000E+00 0.000000E+00 0.000000E+00 0.000000E+00 0.000000E+00 0.000000E+00 0.000000E+00 0.000000E+00 0.000000E+00 0.000000E+00 0.000000E+00 0.000000E+00 0.000000E+00 0.000000E+00 0.000000E+00 0.000000E+00 0.000000E+00 0.000000E+00 0.000000E+00 0.000000E+00 0.000000E+00 0.000000E+00 0.000000E+00 0.000000E+00 0.000000E+00 0.000000E+00 0.000000E+00 0.000000E+00 0.000000E+00 0.000000E+00 0.000000E+00 0.000000E+00 0.000000E+00 0.000000E+00 0.000000E+00 0.000000E+00 0.000000E+00 0.000000E+00 0.000000E+00 0.000000E+00 0.000000E+00 0.000000E+00 0.000000E+00 0.000000E+00 0.000000E+00 0.000000E+00 0.000000E+00 0.000000E+00 0.000000E+00 0.000000E+00 0.000000E+00 0.000000E+00 0.000000E+00 0.000000E+00 0.000000E+00 0.000000E+00
 0.685824E+01 0.133312E+01 0.719680E+00 0.457200E+00 0.304560E+00 0.207040E+00 0.156640E+00 0.109680E+00 0.827200E-01 0.656000E-01 0.464800E-01 0.368800E-01 0.298400E-01 0.227200E-01 0.172800E-01 0.116800E-01 0.110400E-01 0.808000E-02 0.664000E-02 0.552000E-02 0.360000E-02 0.312000E-02 0.272000E-02 0.256000E-02 0.216000E-02 0.128000E-02 0.104000E-02 0.640000E-03 0.880000E-03 0.400000E-03 0.640000E-03 0.560000E-03 0.400000E-03 0.160000E-03 0.240000E-03 0.160000E-03 0.800000E-04 0.400000E-03 0.000000E+00 0.320000E-03 0.800000E-04 0.160000E-03 0.800000E-04 0.160000E-03 0.000000E+00 0.000000E+00 0.000000E+00 0.000000E+00 0.000000E+00 0.000000E+00 0.000000E+00 0.000000E+00 0.000000E+00 0.000000E+00 0.000000E+00 0.000000E+00 0.000000E+00 0.000000E+00 0.000000E+00 0.000000E+00 0.000000E+00 0.000000E+00 0.000000E+00 0.000000E+00 0.000000E+00 0.000000E+00 0.000000E+00 0.000000E+00 0.000000E+00 0.000000E+00 0.000000E+00 0.000000E+00 0.000000E+00 0.000000E+00 0.000000E+00 0.000000E+00 0.000000E+00 0.000000E+00 0.000000E+00 0.000000E+00 0.000000E+00 0.000000E+00 0.000000E+00 0.000000E+00 0.000000E+00 0.000000E+00 0.000000E+00 0.000000E+00 0.000000E+00 0.000000E+00 0.000000E+00 0.000000E+00 0.000000E+00 0.000000E+00 0.000000E+00 0.000000E+00 0.000000E+00 0.000000E+00 0.000000E+00 0.000000E+00 0.000000E+00 0.000000E+00 0.000000E+00 0.000000E+00 0.000000E+00 0.000000E+00 0.000000E+00 0.000000E+00 0.000000E+00 0.000000E+00 0.000000E+00 0.000000E+00 0.000000E+00 0.000000E+00 0.000000E+00 0.000000E+00 0.000000E+00 0.000000E+00 0.000000E+00 0.000000E+00 0.000000E+00 0.000000E+00 0.000000E+00 0.000000E+00 0.000000E+00 0.000000E+00 0.000000E+00 0.000000E+00 0.000000E+00 0.000000E+00 0.000000E+00 0.000000E+00 0.000000E+00 0.000000E+00 0.000000E+00 0.000000E+00 0.000000E+00 0.000000E+00 0.000000E+00 0.000000E+00 0.000000E+00 0.000000E+00 0.000000E+00 0.000000E+00 0.000000E+00 0.000000E+00 0.000000E+00 0.000000E+00 0.000000E+00 0.000000E+00 0.000000E+00 0.000000E+00 0.000000E+00 0.000000E+00 0.000000E+00 0.000000E+00 0.000000E+00 0.000000E+00 0.000000E+00 0.000000E+00 0.000000E+00 0.000000E+00 0.000000E+00 0.000000E+00 0.000000E+00 0.000000E+00 0.000000E+00 0.000000E+00 0.000000E+00 0.000000E+00 0.000000E+00 0.000000E+00 0.000000E+00 0.000000E+00 0.000000E+00 0.000000E+00 0.000000E+00 0.000000E+00 0.000000E+00 0.000000E+00 0.000000E+00 0.000000E+00 0.000000E+00 0.000000E+00 0.000000E+00 0.000000E+00 0.000000E+00 0.000000E+00 0.000000E+00 0.000000E+00 0.000000E+00 0.000000E+00 0.000000E+00 0.000000E+00 0.000000E+00 0.000000E+00 0.000000E+00 0.000000E+00 0.000000E+00 0.000000E+00
 0.741760E+01 0.128480E+01 0.691360E+00 0.422640E+00 0.283120E+00 0.200560E+00 0.141280E+00 0.109600E+00 0.864000E-01 0.611200E-01 0.521600E-01 0.400800E-01 0.292800E-01 0.251200E-01 0.180000E-01 0.173600E-01 0.125600E-01 0.115200E-01 0.102400E-01 0.808000E-02 0.432000E-02 0.536000E-02 0.296000E-02 0.312000E-02 0.352000E-02 0.272000E-02 0.136000E-02 0.120000E-02 0.128000E-02 0.640000E-03 0.120000E-02 0.104000E-02 0.800000E-03 0.320000E-03 0.240000E-03 0.160000E-03 0.160000E-03 0.400000E-03 0.800000E-04 0.160000E-03 0.240000E-03 0.000000E+00 0.320000E-03 0.800000E-04 0.800000E-04 0.000000E+00 0.800000E-04 0.000000E+00 0.800000E-04 0.160000E-03 0.000000E+00 0.800000E-04 0.000000E+00 0.000000E+00 0.800000E-04 0.800000E-04 0.000000E+00 0.000000E+00 0.000000E+00 0.000000E+00 0.000000E+00 0.000000E+00 0.000000E+00 0.000000E+00 0.000000E+00 0.000000E+00 0.000000E+00 0.000000E+00 0.000000E+00 0.000000E+00 0.000000E+00 0.000000E+00 0.000000E+00 0.000000E+00 0.000000E+00 0.000000E+00 0.000000E+00 0.000000E+00 0.000000E+00 0.000000E+00 0.000000E+00 0.000000E+00 0.000000E+00 0.000000E+00 0.000000E+00 0.000000E+00 0.000000E+00 0.000000E+00 0.000000E+00 0.000000E+00 0.000000E+00 0.000000E+00 0.000000E+00 0.000000E+00 0.000000E+00 0.000000E+00 0.000000E+00 0.000000E+00 0.000000E+00 0.000000E+00 0.000000E+00 0.000000E+00 0.000000E+00 0.000000E+00 0.000000E+00 0.000000E+00 0.000000E+00 0.000000E+00 0.000000E+00 0.000000E+00 0.000000E+00 0.000000E+00 0.000000E+00 0.000000E+00 0.000000E+00 0.000000E+00 0.000000E+00 0.000000E+00 0.000000E+00 0.000000E+00 0.000000E+00 0.000000E+00 0.000000E+00 0.000000E+00 0.000000E+00 0.000000E+00 0.000000E+00 0.000000E+00 0.000000E+00 0.000000E+00 0.000000E+00 0.000000E+00 0.000000E+00 0.000000E+00 0.000000E+00 0.000000E+00 0.000000E+00 0.000000E+00 0.000000E+00 0.000000E+00 0.000000E+00 0.000000E+00 0.000000E+00 0.000000E+00 0.000000E+00 0.000000E+00 0.000000E+00 0.000000E+00 0.000000E+00 0.000000E+00 0.000000E+00 0.000000E+00 0.000000E+00 0.000000E+00 0.000000E+00 0.000000E+00 0.000000E+00 0.000000E+00 0.000000E+00 0.000000E+00 0.000000E+00 0.000000E+00 0.000000E+00 0.000000E+00 0.000000E+00 0.000000E+00 0.000000E+00 0.000000E+00 0.000000E+00 0.000000E+00 0.000000E+00 0.000000E+00 0.000000E+00 0.000000E+00 0.000000E+00 0.000000E+00 0.000000E+00 0.000000E+00 0.000000E+00 0.000000E+00 0.000000E+00 0.000000E+00 0.000000E+00 0.000000E+00 0.000000E+00 0.000000E+00 0.000000E+00 0.000000E+00 0.000000E+00 0.000000E+00 0.000000E+00 0.000000E+00 0.000000E+00 0.000000E+00 0.000000E+00 0.000000E+00 0.000000E+00 0.000000E+00 0.000000E+00 0.000000E+00
 0.663512E+01 0.129408E+01 0.704160E+00 0.425520E+00 0.296800E+00 0.193680E+00 0.146960E+00 0.100880E+00 0.776800E-01 0.600000E-01 0.457600E-01 0.344000E-01 0.269600E-01 0.209600E-01 0.194400E-01 0.113600E-01 0.936000E-02 0.632000E-02 0.584000E-02 0.528000E-02 0.448000E-02 0.312000E-02 0.272000E-02 0.192000E-02 0.184000E-02 0.144000E-02 0.112000E-02 0.104000E-02 0.104000E-02 0.720000E-03 0.640000E-03 0.880000E-03 0.320000E-03 0.160000E-03 0.160000E-03 0.320000E-03 0.800000E-04 0.160000E-03 0.800000E-04 0.000000E+00 0.000000E+00 0.000000E+00 0.800000E-04 0.800000E-04 0.000000E+00 0.000000E+00 0.000000E+00 0.800000E-04 0.160000E-03 0.000000E+00 0.000000E+00 0.000000E+00 0.000000E+00 0.000000E+00 0.000000E+00 0.000000E+00 0.000000E+00 0.000000E+00 0.000000E+00 0.000000E+00 0.000000E+00 0.000000E+00 0.000000E+00 0.000000E+00 0.000000E+00 0.000000E+00 0.000000E+00 0.000000E+00 0.000000E+00 0.000000E+00 0.000000E+00 0.000000E+00 0.000000E+00 0.000000E+00 0.000000E+00 0.000000E+00 0.000000E+00 0.000000E+00 0.000000E+00 0.000000E+00 0.000000E+00 0.000000E+00 0.000000E+00 0.000000E+00 0.000000E+00 0.000000E+00 0.000000E+00 0.000000E+00 0.000000E+00 0.000000E+00 0.000000E+00 0.000000E+00 0.000000E+00 0.000000E+00 0.000000E+00 0.000000E+00 0.000000E+00 0.000000E+00 0.000000E+00 0.000000E+00 0.000000E+00 0.000000E+00 0.000000E+00 0.000000E+00 0.000000E+00 0.000000E+00 0.000000E+00 0.000000E+00 0.000000E+00 0.000000E+00 0.000000E+00 0.000000E+00 0.000000E+00 0.000000E+00 0.000000E+00 0.000000E+00 0.000000E+00 0.000000E+00 0.000000E+00 0.000000E+00 0.000000E+00 0.000000E+00 0.000000E+00 0.000000E+00 0.000000E+00 0.000000E+00 0.000000E+00 0.000000E+00 0.000000E+00 0.000000E+00 0.000000E+00 0.000000E+00 0.000000E+00 0.000000E+00 0.000000E+00 0.000000E+00 0.000000E+00 0.000000E+00 0.000000E+00 0.000000E+00 0.000000E+00 0.000000E+00 0.000000E+00 0.000000E+00 0.000000E+00 0.000000E+00 0.000000E+00 0.000000E+00 0.000000E+00 0.000000E+00 0.000000E+00 0.000000E+00 0.000000E+00 0.000000E+00 0.000000E+00 0.000000E+00 0.000000E+00 0.000000E+00 0.000000E+00 0.000000E+00 0.000000E+00 0.000000E+00 0.000000E+00 0.000000E+00 0.000000E+00 0.000000E+00 0.000000E+00 0.000000E+00 0.000000E+00 0.000000E+00 0.000000E+00 0.000000E+00 0.000000E+00 0.000000E+00 0.000000E+00 0.000000E+00 0.000000E+00 0.000000E+00 0.000000E+00 0.000000E+00 0.000000E+00 0.000000E+00 0.000000E+00 0.000000E+00 0.000000E+00 0.000000E+00 0.000000E+00 0.000000E+00 0.000000E+00 0.000000E+00 0.000000E+00 0.000000E+00 0.000000E+00 0.000000E+00 0.000000E+00 0.000000E+00 0.000000E+00 0.000000E+00 0.000000E+00 0.000000E+00
 0.727888E+01 0.127376E+01 0.658800E+00 0.414640E+00 0.274800E+00 0.191120E+00 0.144080E+00 0.108320E+00 0.808800E-01 0.616000E-01 0.484000E-01 0.387200E-01 0.313600E-01 0.241600E-01 0.200800E-01 0.163200E-01 0.135200E-01 0.111200E-01 0.792000E-02 0.688000E-02 0.552000E-02 0.432000E-02 0.448000E-02 0.280000E-02 0.264000E-02 0.224000E-02 0.128000E-02 0.144000E-02 0.136000E-02 0.720000E-03 0.880000E-03 0.640000E-03 0.800000E-03 0.400000E-03 0.800000E-04 0.480000E-03 0.320000E-03 0.000000E+00 0.800000E-04 0.000000E+00 0.160000E-03 0.000000E+00 0.240000E-03 0.800000E-04 0.000000E+00 0.800000E-04 0.800000E-04 0.800000E-04 0.800000E-04 0.000000E+00 0.000000E+00 0.000000E+00 0.000000E+00 0.000000E+00 0.000000E+00 0.000000E+00 0.000000E+00 0.000000E+00 0.000000E+00 0.000000E+00 0.000000E+00 0.000000E+00 0.800000E-04 0.000000E+00 0.000000E+00 0.000000E+00 0.000000E+00 0.000000E+00 0.000000E+00 0.000000E+00 0.000000E+00 0.000000E+00 0.000000E+00 0.000000E+00 0.000000E+00 0.000000E+00 0.000000E+00 0.000000E+00 0.000000E+00 0.000000E+00 0.000000E+00 0.000000E+00 0.000000E+00 0.000000E+00 0.000000E+00 0.000000E+00 0.000000E+00 0.000000E+00 0.000000E+00 0.000000E+00 0.000000E+00 0.000000E+00 0.000000E+00 0.000000E+00 0.000000E+00 0.000000E+00 0.000000E+00 0.000000E+00 0.000000E+00 0.000000E+00 0.000000E+00 0.000000E+00 0.000000E+00 0.000000E+00 0.000000E+00 0.000000E+00 0.000000E+00 0.000000E+00 0.000000E+00 0.000000E+00 0.000000E+00 0.000000E+00 0.000000E+00 0.000000E+00 0.000000E+00 0.000000E+00 0.000000E+00 0.000000E+00 0.000000E+00 0.000000E+00 0.000000E+00 0.000000E+00 0.000000E+00 0.000000E+00 0.000000E+00 0.000000E+00 0.000000E+00 0.000000E+00 0.000000E+00 0.000000E+00 0.000000E+00 0.000000E+00 0.000000E+00 0.000000E+00 0.000000E+00 0.000000E+00 0.000000E+00 0.000000E+00 0.000000E+00 0.000000E+00 0.000000E+00 0.000000E+00 0.000000E+00 0.000000E+00 0.000000E+00 0.000000E+00 0.000000E+00 0.000000E+00 0.000000E+00 0.000000E+00 0.000000E+00 0.000000E+00 0.000000E+00 0.000000E+00 0.000000E+00 0.000000E+00 0.000000E+00 0.000000E+00 0.000000E+00 0.000000E+00 0.000000E+00 0.000000E+00 0.000000E+00 0.000000E+00 0.000000E+00 0.000000E+00 0.000000E+00 0.000000E+00 0.000000E+00 0.000000E+00 0.000000E+00 0.000000E+00 0.000000E+00 0.000000E+00 0.000000E+00 0.000000E+00 0.000000E+00 0.000000E+00 0.000000E+00 0.000000E+00 0.000000E+00 0.000000E+00 0.000000E+00 0.000000E+00 0.000000E+00 0.000000E+00 0.000000E+00 0.000000E+00 0.000000E+00 0.000000E+00 0.000000E+00 0.000000E+00 0.000000E+00 0.000000E+00 0.000000E+00 0.000000E+00 0.000000E+00 0.000000E+00 0.000000E+00 0.000000E+00
 0.303574E+02 0.165208E+01 0.756960E+00 0.406720E+00 0.253440E+00 0.161200E+00 0.109760E+00 0.728000E-01 0.515200E-01 0.377600E-01 0.284800E-01 0.207200E-01 0.132800E-01 0.116000E-01 0.848000E-02 0.664000E-02 0.448000E-02 0.464000E-02 0.384000E-02 0.248000E-02 0.184000E-02 0.152000E-02 0.104000E-02 0.880000E-03 0.640000E-03 0.160000E-03 0.400000E-03 0.640000E-03 0.240000E-03 0.400000E-03 0.160000E-03 0.800000E-04 0.160000E-03 0.000000E+00 0.800000E-04 0.000000E+00 0.000000E+00 0.000000E+00 0.000000E+00 0.000000E+00 0.000000E+00 0.000000E+00 0.000000E+00 0.800000E-04 0.800000E-04 0.000000E+00 0.000000E+00 0.000000E+00 0.000000E+00 0.000000E+00 0.000000E+00 0.000000E+00 0.000000E+00 0.000000E+00 0.000000E+00 0.000000E+00 0.000000E+00 0.000000E+00 0.000000E+00 0.000000E+00 0.000000E+00 0.000000E+00 0.000000E+00 0.000000E+00 0.000000E+00 0.000000E+00 0.000000E+00 0.000000E+00 0.000000E+00 0.000000E+00 0.000000E+00 0.000000E+00 0.000000E+00 0.000000E+00 0.000000E+00 0.000000E+00 0.000000E+00 0.000000E+00 0.000000E+00 0.000000E+00 0.000000E+00 0.000000E+00 0.000000E+00 0.000000E+00 0.000000E+00 0.000000E+00 0.000000E+00 0.000000E+00 0.000000E+00 0.000000E+00 0.000000E+00 0.000000E+00 0.000000E+00 0.000000E+00 0.000000E+00 0.000000E+00 0.000000E+00 0.000000E+00 0.000000E+00 0.000000E+00 0.000000E+00 0.000000E+00 0.000000E+00 0.000000E+00 0.000000E+00 0.000000E+00 0.000000E+00 0.000000E+00 0.000000E+00 0.000000E+00 0.000000E+00 0.000000E+00 0.000000E+00 0.000000E+00 0.000000E+00 0.000000E+00 0.000000E+00 0.000000E+00 0.000000E+00 0.000000E+00 0.000000E+00 0.000000E+00 0.000000E+00 0.000000E+00 0.000000E+00 0.000000E+00 0.000000E+00 0.000000E+00 0.000000E+00 0.000000E+00 0.000000E+00 0.000000E+00 0.000000E+00 0.000000E+00 0.000000E+00 0.000000E+00 0.000000E+00 0.000000E+00 0.000000E+00 0.000000E+00 0.000000E+00 0.000000E+00 0.000000E+00 0.000000E+00 0.000000E+00 0.000000E+00 0.000000E+00 0.000000E+00 0.000000E+00 0.000000E+00 0.000000E+00 0.000000E+00 0.000000E+00 0.000000E+00 0.000000E+00 0.000000E+00 0.000000E+00 0.000000E+00 0.000000E+00 0.000000E+00 0.000000E+00 0.000000E+00 0.000000E+00 0.000000E+00 0.000000E+00 0.000000E+00 0.000000E+00 0.000000E+00 0.000000E+00 0.000000E+00 0.000000E+00 0.000000E+00 0.000000E+00 0.000000E+00 0.000000E+00 0.000000E+00 0.000000E+00 0.000000E+00 0.000000E+00 0.000000E+00 0.000000E+00 0.000000E+00 0.000000E+00 0.000000E+00 0.000000E+00 0.000000E+00 0.000000E+00 0.000000E+00 0.000000E+00 0.000000E+00 0.000000E+00 0.000000E+00 0.000000E+00 0.000000E+00 0.000000E+00 0.000000E+00 0.000000E+00 0.000000E+00 0.000000E+00 0.000000E+00
 0.236407E+02 0.244848E+01 0.132696E+01 0.840160E+00 0.562080E+00 0.398960E+00 0.296240E+00 0.224400E+00 0.165440E+00 0.128560E+00 0.102240E+00 0.804000E-01 0.656800E-01 0.503200E-01 0.407200E-01 0.327200E-01 0.260000E-01 0.228000E-01 0.179200E-01 0.129600E-01 0.123200E-01 0.936000E-02 0.100000E-01 0.768000E-02 0.600000E-02 0.448000E-02 0.416000E-02 0.304000E-02 0.240000E-02 0.272000E-02 0.136000E-02 0.160000E-02 0.144000E-02 0.880000E-03 0.168000E-02 0.800000E-03 0.800000E-03 0.320000E-03 0.880000E-03 0.240000E-03 0.560000E-03 0.800000E-04 0.320000E-03 0.320000E-03 0.400000E-03 0.400000E-03 0.800000E-04 0.160000E-03 0.000000E+00 0.000000E+00 0.000000E+00 0.160000E-03 0.800000E-04 0.000000E+00 0.000000E+00 0.000000E+00 0.000000E+00 0.000000E+00 0.000000E+00 0.000000E+00 0.000000E+00 0.000000E+00 0.000000E+00 0.800000E-04 0.000000E+00 0.000000E+00 0.000000E+00 0.000000E+00 0.000000E+00 0.800000E-04 0.000000E+00 0.000000E+00 0.000000E+00 0.000000E+00 0.000000E+00 0.000000E+00 0.000000E+00 0.000000E+00 0.000000E+00 0.000000E+00 0.000000E+00 0.000000E+00 0.000000E+00 0.000000E+00 0.000000E+00 0.000000E+00 0.000000E+00 0.000000E+00 0.000000E+00 0.000000E+00 0.000000E+00 0.000000E+00 0.000000E+00 0.000000E+00 0.000000E+00 0.000000E+00 0.000000E+00 0.000000E+00 0.000000E+00 0.000000E+00 0.000000E+00 0.000000E+00 0.000000E+00 0.000000E+00 0.000000E+00 0.000000E+00 0.000000E+00 0.000000E+00 0.000000E+00 0.000000E+00 0.000000E+00 0.000000E+00 0.000000E+00 0.000000E+00 0.000000E+00 0.000000E+00 0.000000E+00 0.000000E+00 0.000000E+00 0.000000E+00 0.000000E+00 0.000000E+00 0.000000E+00 0.000000E+00 0.000000E+00 0.000000E+00 0.000000E+00 0.000000E+00 0.000000E+00 0.000000E+00 0.000000E+00 0.000000E+00 0.000000E+00 0.000000E+00 0.000000E+00 0.000000E+00 0.000000E+00 0.000000E+00 0.000000E+00 0.000000E+00 0.000000E+00 0.000000E+00 0.000000E+00 0.000000E+00 0.000000E+00 0.000000E+00 0.000000E+00 0.000000E+00 0.000000E+00 0.000000E+00 0.000000E+00 0.000000E+00 0.000000E+00 0.000000E+00 0.000000E+00 0.000000E+00 0.000000E+00 0.000000E+00 0.000000E+00 0.000000E+00 0.000000E+00 0.000000E+00 0.000000E+00 0.000000E+00 0.000000E+00 0.000000E+00 0.000000E+00 0.000000E+00 0.000000E+00 0.000000E+00 0.000000E+00 0.000000E+00 0.000000E+00 0.000000E+00 0.000000E+00 0.000000E+00 0.000000E+00 0.000000E+00 0.000000E+00 0.000000E+00 0.000000E+00 0.000000E+00 0.000000E+00 0.000000E+00 0.000000E+00 0.000000E+00 0.000000E+00 0.000000E+00 0.000000E+00 0.000000E+00 0.000000E+00 0.000000E+00 0.000000E+00 0.000000E+00 0.000000E+00 0.000000E+00 0.000000E+00 0.000000E+00 0.000000E+00 0.000000E+00
 0.685824E+01 0.133312E+01 0.719680E+00 0.457200E+00 0.304560E+00 0.207040E+00 0.156640E+00 0.109680E+00 0.827200E-01 0.656000E-01 0.464800E-01 0.368800E-01 0.298400E-01 0.227200E-01 0.172800E-01 0.116800E-01 0.110400E-01 0.808000E-02 0.664000E-02 0.552000E-02 0.360000E-02 0.312000E-02 0.272000E-02 0.256000E-02 0.216000E-02 0.128000E-02 0.104000E-02 0.640000E-03 0.880000E-03 0.400000E-03 0.640000E-03 0.560000E-03 0.400000E-03 0.160000E-03 0.240000E-03 0.160000E-03 0.800000E-04 0.400000E-03 0.000000E+00 0.320000E-03 0.800000E-04 0.160000E-03 0.800000E-04 0.160000E-03 0.000000E+00 0.000000E+00 0.000000E+00 0.000000E+00 0.000000E+00 0.000000E+00 0.000000E+00 0.000000E+00 0.000000E+00 0.000000E+00 0.000000E+00 0.000000E+00 0.000000E+00 0.000000E+00 0.000000E+00 0.000000E+00 0.000000E+00 0.000000E+00 0.000000E+00 0.000000E+00 0.000000E+00 0.000000E+00 0.000000E+00 0.000000E+00 0.000000E+00 0.000000E+00 0.000000E+00 0.000000E+00 0.000000E+00 0.000000E+00 0.000000E+00 0.000000E+00 0.000000E+00 0.000000E+00 0.000000E+00 0.000000E+00 0.000000E+00 0.000000E+00 0.000000E+00 0.000000E+00 0.000000E+00 0.000000E+00 0.000000E+00 0.000000E+00 0.000000E+00 0.000000E+00 0.000000E+00 0.000000E+00 0.000000E+00 0.000000E+00 0.000000E+00 0.000000E+00 0.000000E+00 0.000000E+00 0.000000E+00 0.000000E+00 0.000000E+00 0.000000E+00 0.000000E+00 0.000000E+00 0.000000E+00 0.000000E+00 0.000000E+00 0.000000E+00 0.000000E+00 0.000000E+00 0.000000E+00 0.000000E+00 0.000000E+00 0.000000E+00 0.000000E+00 0.000000E+00 0.000000E+00 0.000000E+00 0.000000E+00 0.000000E+00 0.000000E+00 0.000000E+00 0.000000E+00 0.000000E+00 0.000000E+00 0.000000E+00 0.000000E+00 0.000000E+00 0.000000E+00 0.000000E+00 0.000000E+00 0.000000E+00 0.000000E+00 0.000000E+00 0.000000E+00 0.000000E+00 0.000000E+00 0.000000E+00 0.000000E+00 0.000000E+00 0.000000E+00 0.000000E+00 0.000000E+00 0.000000E+00 0.000000E+00 0.000000E+00 0.000000E+00 0.000000E+00 0.000000E+00 0.000000E+00 0.000000E+00 0.000000E+00 0.000000E+00 0.000000E+00 0.000000E+00 0.000000E+00 0.000000E+00 0.000000E+00 0.000000E+00 0.000000E+00 0.000000E+00 0.000000E+00 0.000000E+00 0.000000E+00 0.000000E+00 0.000000E+00 0.000000E+00 0.000000E+00 0.000000E+00 0.000000E+00 0.000000E+00 0.000000E+00 0.000000E+00 0.000000E+00 0.000000E+00 0.000000E+00 0.000000E+00 0.000000E+00 0.000000E+00 0.000000E+00 0.000000E+00 0.000000E+00 0.000000E+00 0.000000E+00 0.000000E+00 0.000000E+00 0.000000E+00 0.000000E+00 0.000000E+00 0.000000E+00 0.000000E+00 0.000000E+00 0.000000E+00 0.000000E+00 0.000000E+00 0.000000E+00 0.000000E+00 0.000000E+00 0.000000E+00 0.000000E+00
 0.741760E+01 0.128480E+01 0.691360E+00 0.422640E+00 0.283120E+00 0.200560E+00 0.141280E+00 0.109600E+00 0.864000E-01 0.611200E-01 0.521600E-01 0.400800E-01 0.292800E-01 0.251200E-01 0.180000E-01 0.173600E-01 0.125600E-01 0.115200E-01 0.102400E-01 0.808000E-02 0.432000E-02 0.536000E-02 0.296000E-02 0.312000E-02 0.352000E-02 0.272000E-02 0.136000E-02 0.120000E-02 0.128000E-02 0.640000E-03 0.120000E-02 0.104000E-02 0.800000E-03 0.320000E-03 0.240000E-03 0.160000E-03 0.160000E-03 0.400000E-03 0.800000E-04 0.160000E-03 0.240000E-03 0.000000E+00 0.320000E-03 0.800000E-04 0.800000E-04 0.000000E+00 0.800000E-04 0.000000E+00 0.800000E-04 0.160000E-03 0.000000E+00 0.800000E-04 0.000000E+00 0.000000E+00 0.800000E-04 0.800000E-04 0.000000E+00 0.000000E+00 0.000000E+00 0.000000E+00 0.000000E+00 0.000000E+00 0.000000E+00 0.000000E+00 0.000000E+00 0.000000E+00 0.000000E+00 0.000000E+00 0.000000E+00 0.000000E+00 0.000000E+00 0.000000E+00 0.000000E+00 0.000000E+00 0.000000E+00 0.000000E+00 0.000000E+00 0.000000E+00 0.000000E+00 0.000000E+00 0.000000E+00 0.000000E+00 0.000000E+00 0.000000E+00 0.000000E+00 0.000000E+00 0.000000E+00 0.000000E+00 0.000000E+00 0.000000E+00 0.000000E+00 0.000000E+00 0.000000E+00 0.000000E+00 0.000000E+00 0.000000E+00 0.000000E+00 0.000000E+00 0.000000E+00 0.000000E+00 0.000000E+00 0.000000E+00 0.000000E+00 0.000000E+00 0.000000E+00 0.000000E+00 0.000000E+00 0.000000E+00 0.000000E+00 0.000000E+00 0.000000E+00 0.000000E+00 0.000000E+00 0.000000E+00 0.000000E+00 0.000000E+00 0.000000E+00 0.000000E+00 0.000000E+00 0.000000E+00 0.000000E+00 0.000000E+00 0.000000E+00 0.000000E+00 0.000000E+00 0.000000E+00 0.000000E+00 0.000000E+00 0.000000E+00 0.000000E+00 0.000000E+00 0.000000E+00 0.000000E+00 0.000000E+00 0.000000E+00 0.000000E+00 0.000000E+00 0.000000E+00 0.000000E+00 0.000000E+00 0.000000E+00 0.000000E+00 0.000000E+00 0.000000E+00 0.000000E+00 0.000000E+00 0.000000E+00 0.000000E+00 0.000000E+00 0.000000E+00 0.000000E+00 0.000000E+00 0.000000E+00 0.000000E+00 0.000000E+00 0.000000E+00 0.000000E+00 0.000000E+00 0.000000E+00 0.000000E+00 0.000000E+00 0.000000E+00 0.000000E+00 0.000000E+00 0.000000E+00 0.000000E+00 0.000000E+00 0.000000E+00 0.000000E+00 0.000000E+00 0.000000E+00 0.000000E+00 0.000000E+00 0.000000E+00 0.000000E+00 0.000000E+00 0.000000E+00 0.000000E+00 0.000000E+00 0.000000E+00 0.000000E+00 0.000000E+00 0.000000E+00 0.000000E+00 0.000000E+00 0.000000E+00 0.000000E+00 0.000000E+00 0.000000E+00 0.000000E+00 0.000000E+00 0.000000E+00 0.000000E+00 0.000000E+00 0.000000E+00 0.000000E+00 0.000000E+00 0.000000E+00 0.000000E+00 0.000000E+00
 0.663512E+01 0.129408E+01 0.704160E+00 0.425520E+00 0.296800E+00 0.193680E+00 0.146960E+00 0.100880E+00 0.776800E-01 0.600000E-01 0.457600E-01 0.344000E-01 0.269600E-01 0.209600E-01 0.194400E-01 0.113600E-01 0.936000E-02 0.632000E-02 0.584000E-02 0.528000E-02 0.448000E-02 0.312000E-02 0.272000E-02 0.192000E-02 0.184000E-02 0.144000E-02 0.112000E-02 0.104000E-02 0.104000E-02 0.720000E-03 0.640000E-03 0.880000E-03 0.320000E-03 0.160000E-03 0.160000E-03 0.320000E-03 0.800000E-04 0.160000E-03 0.800000E-04 0.000000E+00 0.000000E+00 0.000000E+00 0.800000E-04 0.800000E-04 0.000000E+00 0.000000E+00 0.000000E+00 0.800000E-04 0.160000E-03 0.000000E+00 0.000000E+00 0.000000E+00 0.000000E+00 0.000000E+00 0.000000E+00 0.000000E+00 0.000000E+00 0.000000E+00 0.000000E+00 0.000000E+00 0.000000E+00 0.000000E+00 0.000000E+00 0.000000E+00 0.000000E+00 0.000000E+00 0.000000E+00 0.000000E+00 0.000000E+00 0.000000E+00 0.000000E+00 0.000000E+00 0.000000E+00 0.000000E+00 0.000000E+00 0.000000E+00 0.000000E+00 0.000000E+00 0.000000E+00 0.000000E+00 0.000000E+00 0.000000E+00 0.000000E+00 0.000000E+00 0.000000E+00 0.000000E+00 0.000000E+00 0.000000E+00 0.000000E+00 0.000000E+00 0.000000E+00 0.000000E+00 0.000000E+00 0.000000E+00 0.000000E+00 0.000000E+00 0.000000E+00 0.000000E+00 0.000000E+00 0.000000E+00 0.000000E+00 0.000000E+00 0.000000E+00 0.000000E+00 0.000000E+00 0.000000E+00 0.000000E+00 0.000000E+00 0.000000E+00 0.000000E+00 0.000000E+00 0.000000E+00 0.000000E+00 0.000000E+00 0.000000E+00 0.000000E+00 0.000000E+00 0.000000E+00 0.000000E+00 0.000000E+00 0.000000E+00 0.000000E+00 0.000000E+00 0.000000E+00 0.000000E+00 0.000000E+00 0.000000E+00 0.000000E+00 0.000000E+00 0.000000E+00 0.000000E+00 0.000000E+00 0.000000E+00 0.000000E+00 0.000000E+00 0.000000E+00 0.000000E+00 0.000000E+00 0.000000E+00 0.000000E+00 0.000000E+00 0.000000E+00 0.000000E+00 0.000000E+00 0.000000E+00 0.000000E+00 0.000000E+00 0.000000E+00 0.000000E+00 0.000000E+00 0.000000E+00 0.000000E+00 0.000000E+00 0.000000E+00 0.000000E+00 0.000000E+00 0.000000E+00 0.000000E+00 0.000000E+00 0.000000E+00 0.000000E+00 0.000000E+00 0.000000E+00 0.000000E+00 0.000000E+00 0.000000E+00 0.000000E+00 0.000000E+00 0.000000E+00 0.000000E+00 0.000000E+00 0.000000E+00 0.000000E+00 0.000000E+00 0.000000E+00 0.000000E+00 0.000000E+00 0.000000E+00 0.000000E+00 0.000000E+00 0.000000E+00 0.000000E+00 0.000000E+00 0.000000E+00 0.000000E+00 0.000000E+00 0.000000E+00 0.000000E+00 0.000000E+00 0.000000E+00 0.000000E+00 0.000000E+00 0.000000E+00 0.000000E+00 0.000000E+00 0.000000E+00 0.000000E+00 0.000000E+00 0.000000E+00 0.000000E+00
 0.727888E+01 0.127376E+01 0.658800E+00 0.414640E+00 0.274800E+00 0.191120E+00 0.144080E+00 0.108320E+00 0.808800E-01 0.616000E-01 0.484000E-01 0.387200E-01 0.313600E-01 0.241600E-01 0.200800E-01 0.163200E-01 0.135200E-01 0.111200E-01 0.792000E-02 0.688000E-02 0.552000E-02 0.432000E-02 0.448000E-02 0.280000E-02 0.264000E-02 0.224000E-02 0.128000E-02 0.144000E-02 0.136000E-02 0.720000E-03 0.880000E-03 0.640000E-03 0.800000E-03 0.400000E-03 0.800000E-04 0.480000E-03 0.320000E-03 0.000000E+00 0.800000E-04 0.000000E+00 0.160000E-03 0.000000E+00 0.240000E-03 0.800000E-04 0.000000E+00 0.800000E-04 0.800000E-04 0.800000E-04 0.800000E-04 0.000000E+00 0.000000E+00 0.000000E+00 0.000000E+00 0.000000E+00 0.000000E+00 0.000000E+00 0.000000E+00 0.000000E+00 0.000000E+00 0.000000E+00 0.000000E+00 0.000000E+00 0.800000E-04 0.000000E+00 0.000000E+00 0.000000E+00 0.000000E+00 0.000000E+00 0.000000E+00 0.000000E+00 0.000000E+00 0.000000E+00 0.000000E+00 0.000000E+00 0.000000E+00 0.000000E+00 0.000000E+00 0.000000E+00 0.000000E+00 0.000000E+00 0.000000E+00 0.000000E+00 0.000000E+00 0.000000E+00 0.000000E+00 0.000000E+00 0.000000E+00 0.000000E+00 0.000000E+00 0.000000E+00 0.000000E+00 0.000000E+00 0.000000E+00 0.000000E+00 0.000000E+00 0.000000E+00 0.000000E+00 0.000000E+00 0.000000E+00 0.000000E+00 0.000000E+00 0.000000E+00 0.000000E+00 0.000000E+00 0.000000E+00 0.000000E+00 0.000000E+00 0.000000E+00 0.000000E+00 0.000000E+00 0.000000E+00 0.000000E+00 0.000000E+00 0.000000E+00 0.000000E+00 0.000000E+00 0.000000E+00 0.000000E+00 0.000000E+00 0.000000E+00 0.000000E+00 0.000000E+00 0.000000E+00 0.000000E+00 0.000000E+00 0.000000E+00 0.000000E+00 0.000000E+00 0.000000E+00 0.000000E+00 0.000000E+00 0.000000E+00 0.000000E+00 0.000000E+00 0.000000E+00 0.000000E+00 0.000000E+00 0.000000E+00 0.000000E+00 0.000000E+00 0.000000E+00 0.000000E+00 0.000000E+00 0.000000E+00 0.000000E+00 0.000000E+00 0.000000E+00 0.000000E+00 0.000000E+00 0.000000E+00 0.000000E+00 0.000000E+00 0.000000E+00 0.000000E+00 0.000000E+00 0.000000E+00 0.000000E+00 0.000000E+00 0.000000E+00 0.000000E+00 0.000000E+00 0.000000E+00 0.000000E+00 0.000000E+00 0.000000E+00 0.000000E+00 0.000000E+00 0.000000E+00 0.000000E+00 0.000000E+00 0.000000E+00 0.000000E+00 0.000000E+00 0.000000E+00 0.000000E+00 0.000000E+00 0.000000E+00 0.000000E+00 0.000000E+00 0.000000E+00 0.000000E+00 0.000000E+00 0.000000E+00 0.000000E+00 0.000000E+00 0.000000E+00 0.000000E+00 0.000000E+00 0.000000E+00 0.000000E+00 0.000000E+00 0.000000E+00 0.000000E+00 0.000000E+00 0.000000E+00 0.000000E+00 0.000000E+00 0.000000E+00 0.000000E+00 0.000000E+00
 0.303574E+02 0.165208E+01 0.756960E+00 0.406720E+00 0.253440E+00 0.161200E+00 0.109760E+00 0.728000E-01 0.515200E-01 0.377600E-01 0.284800E-01 0.207200E-01 0.132800E-01 0.116000E-01 0.848000E-02 0.664000E-02 0.448000E-02 0.464000E-02 0.384000E-02 0.248000E-02 0.184000E-02 0.152000E-02 0.104000E-02 0.880000E-03 0.640000E-03 0.160000E-03 0.400000E-03 0.640000E-03 0.240000E-03 0.400000E-03 0.160000E-03 0.800000E-04 0.160000E-03 0.000000E+00 0.800000E-04 0.000000E+00 0.000000E+00 0.000000E+00 0.000000E+00 0.000000E+00 0.000000E+00 0.000000E+00 0.000000E+00 0.800000E-04 0.800000E-04 0.000000E+00 0.000000E+00 0.000000E+00 0.000000E+00 0.000000E+00 0.000000E+00 0.000000E+00 0.000000E+00 0.000000E+00 0.000000E+00 0.000000E+00 0.000000E+00 0.000000E+00 0.000000E+00 0.000000E+00 0.000000E+00 0.000000E+00 0.000000E+00 0.000000E+00 0.000000E+00 0.000000E+00 0.000000E+00 0.000000E+00 0.000000E+00 0.000000E+00 0.000000E+00 0.000000E+00 0.000000E+00 0.000000E+00 0.000000E+00 0.000000E+00 0.000000E+00 0.000000E+00 0.000000E+00 0.000000E+00 0.000000E+00 0.000000E+00 0.000000E+00 0.000000E+00 0.000000E+00 0.000000E+00 0.000000E+00 0.000000E+00 0.000000E+00 0.000000E+00 0.000000E+00 0.000000E+00 0.000000E+00 0.000000E+00 0.000000E+00 0.000000E+00 0.000000E+00 0.000000E+00 0.000000E+00 0.000000E+00 0.000000E+00 0.000000E+00 0.000000E+00 0.000000E+00 0.000000E+00 0.000000E+00 0.000000E+00 0.000000E+00 0.000000E+00 0.000000E+00 0.000000E+00 0.000000E+00 0.000000E+00 0.000000E+00 0.000000E+00 0.000000E+00 0.000000E+00 0.000000E+00 0.000000E+00 0.000000E+00 0.000000E+00 0.000000E+00 0.000000E+00 0.000000E+00 0.000000E+00 0.000000E+00 0.000000E+00 0.000000E+00 0.000000E+00 0.000000E+00 0.000000E+00 0.000000E+00 0.000000E+00 0.000000E+00 0.000000E+00 0.000000E+00 0.000000E+00 0.000000E+00 0.000000E+00 0.000000E+00 0.000000E+00 0.000000E+00 0.000000E+00 0.000000E+00 0.000000E+00 0.000000E+00 0.000000E+00 0.000000E+00 0.000000E+00 0.000000E+00 0.000000E+00 0.000000E+00 0.000000E+00 0.000000E+00 0.000000E+00 0.000000E+00 0.000000E+00 0.000000E+00 0.000000E+00 0.000000E+00 0.000000E+00 0.000000E+00 0.000000E+00 0.000000E+00 0.000000E+00 0.000000E+00 0.000000E+00 0.000000E+00 0.000000E+00 0.000000E+00 0.000000E+00 0.000000E+00 0.000000E+00 0.000000E+00 0.000000E+00 0.000000E+00 0.000000E+00 0.000000E+00 0.000000E+00 0.000000E+00 0.000000E+00 0.000000E+00 0.000000E+00 0.000000E+00 0.000000E+00 0.000000E+00 0.000000E+00 0.000000E+00 0.000000E+00 0.000000E+00 0.000000E+00 0.000000E+00 0.000000E+00 0.000000E+00 0.000000E+00 0.000000E+00 0.000000E+00 0.000000E+00 0.000000E+00 0.000000E+00
 0.236407E+02 0.244848E+01 0.132696E+01 0.840160E+00 0.562080E+00 0.398960E+00 0.296240E+00 0.224400E+00 0.165440E+00 0.128560E+00 0.102240E+00 0.804000E-01 0.656800E-01 0.503200E-01 0.407200E-01 0.327200E-01 0.260000E-01 0.228000E-01 0.179200E-01 0.129600E-01 0.123200E-01 0.936000E-02 0.100000E-01 0.768000E-02 0.600000E-02 0.448000E-02 0.416000E-02 0.304000E-02 0.240000E-02 0.272000E-02 0.136000E-02 0.160000E-02 0.144000E-02 0.880000E-03 0.168000E-02 0.800000E-03 0.800000E-03 0.320000E-03 0.880000E-03 0.240000E-03 0.560000E-03 0.800000E-04 0.320000E-03 0.320000E-03 0.400000E-03 0.400000E-03 0.800000E-04 0.160000E-03 0.000000E+00 0.000000E+00 0.000000E+00 0.160000E-03 0.800000E-04 0.000000E+00 0.000000E+00 0.000000E+00 0.000000E+00 0.000000E+00 0.000000E+00 0.000000E+00 0.000000E+00 0.000000E+00 0.000000E+00 0.800000E-04 0.000000E+00 0.000000E+00 0.000000E+00 0.000000E+00 0.000000E+00 0.800000E-04 0.000000E+00 0.000000E+00 0.000000E+00 0.000000E+00 0.000000E+00 0.000000E+00 0.000000E+00 0.000000E+00 0.000000E+00 0.000000E+00 0.000000E+00 0.000000E+00 0.000000E+00 0.000000E+00 0.000000E+00 0.000000E+00 0.000000E+00 0.000000E+00 0.000000E+00 0.000000E+00 0.000000E+00 0.000000E+00 0.000000E+00 0.000000E+00 0.000000E+00 0.000000E+00 0.000000E+00 0.000000E+00 0.000000E+00 0.000000E+00 0.000000E+00 0.000000E+00 0.000000E+00 0.000000E+00 0.000000E+00 0.000000E+00 0.000000E+00 0.000000E+00 0.000000E+00 0.000000E+00 0.000000E+00 0.000000E+00 0.000000E+00 0.000000E+00 0.000000E+00 0.000000E+00 0.000000E+00 0.000000E+00 0.000000E+00 0.000000E+00 0.000000E+00 0.000000E+00 0.000000E+00 0.000000E+00 0.000000E+00 0.000000E+00 0.000000E+00 0.000000E+00 0.000000E+00 0.000000E+00 0.000000E+00 0.000000E+00 0.000000E+00 0.000000E+00 0.000000E+00 0.000000E+00 0.000000E+00 0.000000E+00 0.000000E+00 0.000000E+00 0.000000E+00 0.000000E+00 0.000000E+00 0.000000E+00 0.000000E+00 0.000000E+00 0.000000E+00 0.000000E+00 0.000000E+00 0.000000E+00 0.000000E+00 0.000000E+00 0.000000E+00 0.000000E+00 0.000000E+00 0.000000E+00 0.000000E+00 0.000000E+00 0.000000E+00 0.000000E+00 0.000000E+00 0.000000E+00 0.000000E+00 0.000000E+00 0.000000E+00 0.000000E+00 0.000000E+00 0.000000E+00 0.000000E+00 0.000000E+00 0.000000E+00 0.000000E+00 0.000000E+00 0.000000E+00 0.000000E+00 0.000000E+00 0.000000E+00 0.000000E+00 0.000000E+00 0.000000E+00 0.000000E+00 0.000000E+00 0.000000E+00 0.000000E+00 0.000000E+00 0.000000E+00 0.000000E+00 0.000000E+00 0.000000E+00 0.000000E+00 0.000000E+00 0.000000E+00 0.000000E+00 0.000000E+00 0.000000E+00 0.000000E+00 0.000000E+00 0.000000E+00 0.000000E+00 0.000000E+00
