### Run with WimpAnn version = wimpann-2.08                            
###   Using Pythia version   = Pythia 6.400    
###   Using nusigma version  = nusigma-1.15-pyr                        
###   Using DarkSUSY version = ds-4.1.6                                
###   WimpAnn run started at date 2007-09-08; time 03:51:50
### Neutrino oscillation parameters
#      theta_12 =  0.00000000E+00
#      theta_13 =  0.00000000E+00
#      theta_23 =  0.00000000E+00
#         delta =  0.00000000E+00
#  delta_m^2_21 =  0.81000000E-04
#  delta_m^2_31 =  0.22000000E-02
### WimpAnn run parameters
#  Annihilation channel =         4
#  Generated particles =  tau-             tau+            
#  WIMP mass =  0.17600000E+03
#  Number of annihilations =   2500000
#  Source = Earth
#...dPhi/dz in  200 bins from 0 to 1
#...Line  1- 6: flux at centre of Earth for neutrino 1-6
 0.371280E+00 0.376160E+00 0.376480E+00 0.368720E+00 0.370800E+00 0.376400E+00 0.358320E+00 0.366960E+00 0.376720E+00 0.362080E+00 0.370240E+00 0.363200E+00 0.353040E+00 0.358160E+00 0.368160E+00 0.356000E+00 0.353200E+00 0.359120E+00 0.342240E+00 0.355600E+00 0.350000E+00 0.348400E+00 0.351360E+00 0.349360E+00 0.347840E+00 0.346800E+00 0.339360E+00 0.342240E+00 0.351280E+00 0.343360E+00 0.332800E+00 0.338160E+00 0.332320E+00 0.337200E+00 0.326000E+00 0.335760E+00 0.324960E+00 0.324560E+00 0.323520E+00 0.322240E+00 0.315920E+00 0.318640E+00 0.314560E+00 0.315120E+00 0.314160E+00 0.302720E+00 0.306400E+00 0.313520E+00 0.311360E+00 0.299840E+00 0.294160E+00 0.298640E+00 0.307600E+00 0.292720E+00 0.288720E+00 0.297520E+00 0.282640E+00 0.294320E+00 0.279600E+00 0.285520E+00 0.278080E+00 0.276640E+00 0.276320E+00 0.269120E+00 0.265680E+00 0.267840E+00 0.256560E+00 0.266080E+00 0.259680E+00 0.256880E+00 0.251120E+00 0.251040E+00 0.247440E+00 0.249040E+00 0.238080E+00 0.246160E+00 0.237600E+00 0.234560E+00 0.231840E+00 0.225680E+00 0.223760E+00 0.228160E+00 0.219600E+00 0.213680E+00 0.216640E+00 0.217520E+00 0.214000E+00 0.201360E+00 0.208960E+00 0.205360E+00 0.194160E+00 0.201520E+00 0.197120E+00 0.187520E+00 0.191120E+00 0.187280E+00 0.181440E+00 0.182080E+00 0.174080E+00 0.180320E+00 0.173440E+00 0.178960E+00 0.170960E+00 0.165680E+00 0.158320E+00 0.156800E+00 0.155600E+00 0.165280E+00 0.152560E+00 0.154160E+00 0.149200E+00 0.144800E+00 0.134400E+00 0.144160E+00 0.134080E+00 0.140240E+00 0.129520E+00 0.124000E+00 0.129840E+00 0.120240E+00 0.118720E+00 0.121280E+00 0.112000E+00 0.119360E+00 0.108160E+00 0.109840E+00 0.102080E+00 0.106480E+00 0.100480E+00 0.977600E-01 0.102640E+00 0.913600E-01 0.900000E-01 0.910400E-01 0.835200E-01 0.849600E-01 0.828000E-01 0.815200E-01 0.797600E-01 0.775200E-01 0.719200E-01 0.709600E-01 0.688000E-01 0.676000E-01 0.692800E-01 0.658400E-01 0.592800E-01 0.518400E-01 0.581600E-01 0.542400E-01 0.504000E-01 0.511200E-01 0.488800E-01 0.471200E-01 0.476000E-01 0.450400E-01 0.416000E-01 0.369600E-01 0.374400E-01 0.369600E-01 0.336800E-01 0.310400E-01 0.284000E-01 0.316000E-01 0.292800E-01 0.284000E-01 0.237600E-01 0.220800E-01 0.219200E-01 0.192800E-01 0.178400E-01 0.161600E-01 0.166400E-01 0.158400E-01 0.162400E-01 0.113600E-01 0.122400E-01 0.130400E-01 0.108800E-01 0.920000E-02 0.864000E-02 0.968000E-02 0.792000E-02 0.624000E-02 0.640000E-02 0.544000E-02 0.424000E-02 0.344000E-02 0.296000E-02 0.224000E-02 0.288000E-02 0.136000E-02 0.144000E-02 0.104000E-02 0.800000E-03 0.960000E-03 0.400000E-03 0.000000E+00 0.000000E+00 0.000000E+00
 0.361120E+00 0.368240E+00 0.363200E+00 0.370000E+00 0.366480E+00 0.371280E+00 0.359200E+00 0.374240E+00 0.370560E+00 0.368880E+00 0.372160E+00 0.356560E+00 0.360560E+00 0.357840E+00 0.361120E+00 0.368880E+00 0.367120E+00 0.358080E+00 0.354160E+00 0.341920E+00 0.358080E+00 0.349360E+00 0.350320E+00 0.352560E+00 0.351440E+00 0.344640E+00 0.348560E+00 0.342400E+00 0.336160E+00 0.329840E+00 0.342000E+00 0.337120E+00 0.335360E+00 0.327840E+00 0.332560E+00 0.338640E+00 0.339680E+00 0.324320E+00 0.332000E+00 0.328640E+00 0.323520E+00 0.319280E+00 0.317520E+00 0.320000E+00 0.322800E+00 0.316960E+00 0.313200E+00 0.314640E+00 0.302400E+00 0.292080E+00 0.299840E+00 0.301440E+00 0.294960E+00 0.298800E+00 0.301600E+00 0.294320E+00 0.287600E+00 0.289840E+00 0.283920E+00 0.275200E+00 0.279680E+00 0.264880E+00 0.275520E+00 0.271520E+00 0.263520E+00 0.267840E+00 0.268800E+00 0.263600E+00 0.264880E+00 0.252400E+00 0.245520E+00 0.247440E+00 0.246480E+00 0.247760E+00 0.244320E+00 0.240320E+00 0.239440E+00 0.238640E+00 0.231680E+00 0.231200E+00 0.230240E+00 0.230640E+00 0.221120E+00 0.217520E+00 0.218640E+00 0.218240E+00 0.205120E+00 0.207040E+00 0.210960E+00 0.202880E+00 0.198480E+00 0.199440E+00 0.192160E+00 0.191840E+00 0.186960E+00 0.186400E+00 0.182720E+00 0.186080E+00 0.180080E+00 0.171280E+00 0.170400E+00 0.172640E+00 0.165280E+00 0.160880E+00 0.162320E+00 0.158960E+00 0.161520E+00 0.151200E+00 0.154320E+00 0.152560E+00 0.146880E+00 0.142400E+00 0.148800E+00 0.138160E+00 0.138400E+00 0.138000E+00 0.133040E+00 0.134800E+00 0.133520E+00 0.126720E+00 0.118000E+00 0.113840E+00 0.108960E+00 0.111520E+00 0.110880E+00 0.106960E+00 0.996000E-01 0.100400E+00 0.102000E+00 0.100880E+00 0.934400E-01 0.912000E-01 0.932000E-01 0.926400E-01 0.876800E-01 0.874400E-01 0.784800E-01 0.795200E-01 0.787200E-01 0.726400E-01 0.708000E-01 0.668800E-01 0.672800E-01 0.646400E-01 0.636000E-01 0.600800E-01 0.628800E-01 0.579200E-01 0.520800E-01 0.535200E-01 0.499200E-01 0.488000E-01 0.490400E-01 0.445600E-01 0.440000E-01 0.419200E-01 0.396000E-01 0.415200E-01 0.378400E-01 0.369600E-01 0.368000E-01 0.326400E-01 0.310400E-01 0.296800E-01 0.293600E-01 0.268800E-01 0.272000E-01 0.252000E-01 0.260000E-01 0.185600E-01 0.204800E-01 0.196000E-01 0.193600E-01 0.155200E-01 0.155200E-01 0.141600E-01 0.127200E-01 0.152800E-01 0.100800E-01 0.944000E-02 0.776000E-02 0.848000E-02 0.864000E-02 0.584000E-02 0.520000E-02 0.456000E-02 0.400000E-02 0.392000E-02 0.256000E-02 0.304000E-02 0.232000E-02 0.112000E-02 0.120000E-02 0.112000E-02 0.128000E-02 0.640000E-03 0.160000E-03 0.800000E-04 0.800000E-04 0.000000E+00
 0.360560E+00 0.357440E+00 0.350640E+00 0.358800E+00 0.360960E+00 0.366320E+00 0.355120E+00 0.350800E+00 0.363120E+00 0.348800E+00 0.348960E+00 0.360720E+00 0.352160E+00 0.357840E+00 0.352640E+00 0.344000E+00 0.348480E+00 0.346560E+00 0.342640E+00 0.360160E+00 0.334960E+00 0.348560E+00 0.349440E+00 0.343440E+00 0.347520E+00 0.336240E+00 0.348080E+00 0.328480E+00 0.342800E+00 0.333120E+00 0.328240E+00 0.322160E+00 0.325360E+00 0.321360E+00 0.321760E+00 0.327200E+00 0.316960E+00 0.327600E+00 0.314000E+00 0.313600E+00 0.313040E+00 0.316960E+00 0.310640E+00 0.299680E+00 0.303360E+00 0.303040E+00 0.298640E+00 0.301600E+00 0.286480E+00 0.300400E+00 0.289040E+00 0.291520E+00 0.295840E+00 0.287680E+00 0.282640E+00 0.289360E+00 0.286000E+00 0.285680E+00 0.280880E+00 0.274960E+00 0.268960E+00 0.268560E+00 0.273360E+00 0.255440E+00 0.258960E+00 0.268400E+00 0.260800E+00 0.247760E+00 0.258240E+00 0.246960E+00 0.253200E+00 0.244800E+00 0.245120E+00 0.236080E+00 0.237040E+00 0.224080E+00 0.224880E+00 0.228640E+00 0.234160E+00 0.223600E+00 0.221600E+00 0.216720E+00 0.214240E+00 0.208240E+00 0.211920E+00 0.209760E+00 0.205680E+00 0.209200E+00 0.198800E+00 0.198800E+00 0.199040E+00 0.198160E+00 0.188480E+00 0.193200E+00 0.180640E+00 0.177920E+00 0.182880E+00 0.171680E+00 0.173200E+00 0.171200E+00 0.168240E+00 0.163200E+00 0.155840E+00 0.157440E+00 0.155760E+00 0.151920E+00 0.155360E+00 0.150080E+00 0.147440E+00 0.141520E+00 0.138800E+00 0.136000E+00 0.133840E+00 0.132160E+00 0.128320E+00 0.124000E+00 0.125440E+00 0.127200E+00 0.124400E+00 0.117840E+00 0.114640E+00 0.116000E+00 0.110640E+00 0.107280E+00 0.108400E+00 0.103520E+00 0.953600E-01 0.958400E-01 0.989600E-01 0.910400E-01 0.956000E-01 0.885600E-01 0.871200E-01 0.807200E-01 0.842400E-01 0.792000E-01 0.749600E-01 0.809600E-01 0.760000E-01 0.744000E-01 0.714400E-01 0.652800E-01 0.662400E-01 0.644000E-01 0.624800E-01 0.564800E-01 0.531200E-01 0.517600E-01 0.537600E-01 0.517600E-01 0.511200E-01 0.467200E-01 0.460800E-01 0.438400E-01 0.416000E-01 0.391200E-01 0.369600E-01 0.373600E-01 0.350400E-01 0.343200E-01 0.328000E-01 0.318400E-01 0.280800E-01 0.258400E-01 0.263200E-01 0.224800E-01 0.245600E-01 0.223200E-01 0.215200E-01 0.174400E-01 0.182400E-01 0.182400E-01 0.144800E-01 0.132000E-01 0.126400E-01 0.109600E-01 0.113600E-01 0.112000E-01 0.108800E-01 0.920000E-02 0.768000E-02 0.816000E-02 0.576000E-02 0.480000E-02 0.528000E-02 0.440000E-02 0.272000E-02 0.264000E-02 0.248000E-02 0.168000E-02 0.184000E-02 0.960000E-03 0.880000E-03 0.960000E-03 0.160000E-03 0.320000E-03 0.240000E-03 0.800000E-04 0.000000E+00 0.000000E+00
 0.363200E+00 0.364400E+00 0.365600E+00 0.363280E+00 0.366240E+00 0.358640E+00 0.356880E+00 0.354720E+00 0.362160E+00 0.343680E+00 0.361920E+00 0.361600E+00 0.359040E+00 0.353120E+00 0.350320E+00 0.350000E+00 0.350640E+00 0.351120E+00 0.344880E+00 0.340080E+00 0.343760E+00 0.345040E+00 0.350000E+00 0.339120E+00 0.344480E+00 0.336240E+00 0.329520E+00 0.340160E+00 0.331520E+00 0.331520E+00 0.331440E+00 0.328080E+00 0.327840E+00 0.316480E+00 0.323920E+00 0.318800E+00 0.327840E+00 0.321840E+00 0.319600E+00 0.311200E+00 0.308720E+00 0.310880E+00 0.307760E+00 0.315280E+00 0.294720E+00 0.306000E+00 0.306960E+00 0.304240E+00 0.301440E+00 0.291920E+00 0.298800E+00 0.279840E+00 0.292320E+00 0.286160E+00 0.288640E+00 0.287360E+00 0.286000E+00 0.281360E+00 0.278400E+00 0.271760E+00 0.270080E+00 0.275280E+00 0.265040E+00 0.262880E+00 0.262800E+00 0.245760E+00 0.253280E+00 0.252400E+00 0.257920E+00 0.242640E+00 0.249200E+00 0.247520E+00 0.242640E+00 0.248640E+00 0.230880E+00 0.236960E+00 0.227520E+00 0.234800E+00 0.225040E+00 0.221520E+00 0.224240E+00 0.219680E+00 0.213520E+00 0.216240E+00 0.217520E+00 0.205120E+00 0.208000E+00 0.202960E+00 0.196160E+00 0.198000E+00 0.196800E+00 0.191360E+00 0.196160E+00 0.178000E+00 0.187120E+00 0.175680E+00 0.178960E+00 0.177600E+00 0.169360E+00 0.175120E+00 0.164480E+00 0.164960E+00 0.162480E+00 0.163760E+00 0.156960E+00 0.155840E+00 0.149760E+00 0.148800E+00 0.145920E+00 0.143440E+00 0.139600E+00 0.136080E+00 0.136480E+00 0.134000E+00 0.131680E+00 0.128800E+00 0.126960E+00 0.123360E+00 0.118640E+00 0.118800E+00 0.116000E+00 0.110400E+00 0.112480E+00 0.108160E+00 0.105440E+00 0.101840E+00 0.992000E-01 0.103200E+00 0.951200E-01 0.933600E-01 0.916000E-01 0.868000E-01 0.883200E-01 0.852000E-01 0.776800E-01 0.796000E-01 0.807200E-01 0.724000E-01 0.731200E-01 0.703200E-01 0.687200E-01 0.704000E-01 0.703200E-01 0.608800E-01 0.622400E-01 0.595200E-01 0.545600E-01 0.562400E-01 0.514400E-01 0.522400E-01 0.484800E-01 0.484000E-01 0.449600E-01 0.443200E-01 0.429600E-01 0.409600E-01 0.388800E-01 0.387200E-01 0.333600E-01 0.334400E-01 0.328800E-01 0.308000E-01 0.307200E-01 0.280000E-01 0.254400E-01 0.247200E-01 0.240800E-01 0.214400E-01 0.184000E-01 0.174400E-01 0.175200E-01 0.178400E-01 0.172800E-01 0.156000E-01 0.121600E-01 0.112800E-01 0.112800E-01 0.110400E-01 0.888000E-02 0.968000E-02 0.656000E-02 0.712000E-02 0.616000E-02 0.424000E-02 0.368000E-02 0.344000E-02 0.352000E-02 0.272000E-02 0.256000E-02 0.224000E-02 0.176000E-02 0.168000E-02 0.112000E-02 0.320000E-03 0.480000E-03 0.160000E-03 0.800000E-04 0.000000E+00 0.000000E+00 0.000000E+00
 0.197088E+01 0.194768E+01 0.190632E+01 0.188520E+01 0.185544E+01 0.188712E+01 0.186568E+01 0.184536E+01 0.183216E+01 0.180976E+01 0.182688E+01 0.183720E+01 0.180776E+01 0.181672E+01 0.178512E+01 0.177368E+01 0.177624E+01 0.178928E+01 0.176704E+01 0.175104E+01 0.175984E+01 0.173568E+01 0.172632E+01 0.173720E+01 0.170176E+01 0.168904E+01 0.169592E+01 0.168952E+01 0.166632E+01 0.167056E+01 0.166304E+01 0.165648E+01 0.163496E+01 0.163392E+01 0.164456E+01 0.160552E+01 0.159856E+01 0.158280E+01 0.157480E+01 0.156640E+01 0.154760E+01 0.157208E+01 0.154648E+01 0.153208E+01 0.152336E+01 0.151560E+01 0.151096E+01 0.150408E+01 0.150264E+01 0.147880E+01 0.146320E+01 0.147632E+01 0.143976E+01 0.143760E+01 0.145912E+01 0.142224E+01 0.140200E+01 0.141976E+01 0.140352E+01 0.140544E+01 0.138312E+01 0.135600E+01 0.135736E+01 0.136176E+01 0.134920E+01 0.134720E+01 0.131760E+01 0.130632E+01 0.130112E+01 0.128520E+01 0.129144E+01 0.125912E+01 0.127432E+01 0.126504E+01 0.124096E+01 0.122592E+01 0.123328E+01 0.121760E+01 0.119008E+01 0.119904E+01 0.117672E+01 0.117976E+01 0.116312E+01 0.114216E+01 0.114080E+01 0.111832E+01 0.113328E+01 0.111944E+01 0.111448E+01 0.108648E+01 0.107800E+01 0.106928E+01 0.106144E+01 0.106136E+01 0.106104E+01 0.103520E+01 0.103176E+01 0.103280E+01 0.100488E+01 0.990720E+00 0.995440E+00 0.983600E+00 0.961760E+00 0.964480E+00 0.956720E+00 0.942960E+00 0.940480E+00 0.926240E+00 0.921280E+00 0.916640E+00 0.904960E+00 0.890960E+00 0.906560E+00 0.871360E+00 0.877360E+00 0.858480E+00 0.846240E+00 0.847600E+00 0.829600E+00 0.832080E+00 0.814000E+00 0.826640E+00 0.790560E+00 0.790320E+00 0.775040E+00 0.788560E+00 0.771040E+00 0.771360E+00 0.764640E+00 0.742560E+00 0.738080E+00 0.725520E+00 0.722880E+00 0.716080E+00 0.700000E+00 0.692560E+00 0.691040E+00 0.670960E+00 0.676880E+00 0.664080E+00 0.654960E+00 0.647360E+00 0.644640E+00 0.644160E+00 0.624640E+00 0.615680E+00 0.603200E+00 0.589200E+00 0.581360E+00 0.568400E+00 0.570080E+00 0.553760E+00 0.537920E+00 0.532800E+00 0.527120E+00 0.498640E+00 0.499680E+00 0.485120E+00 0.467920E+00 0.446080E+00 0.443360E+00 0.421920E+00 0.389440E+00 0.374560E+00 0.356400E+00 0.345360E+00 0.321680E+00 0.306240E+00 0.305760E+00 0.275920E+00 0.269200E+00 0.261200E+00 0.255600E+00 0.249360E+00 0.231920E+00 0.223280E+00 0.218240E+00 0.221200E+00 0.204320E+00 0.206880E+00 0.199520E+00 0.188400E+00 0.183360E+00 0.177920E+00 0.164240E+00 0.165760E+00 0.154400E+00 0.147440E+00 0.150400E+00 0.142240E+00 0.134960E+00 0.132960E+00 0.128880E+00 0.124160E+00 0.119360E+00 0.113280E+00 0.109520E+00 0.109120E+00 0.764800E-01 0.320000E-03
 0.199480E+01 0.192184E+01 0.190360E+01 0.191992E+01 0.186632E+01 0.185824E+01 0.186472E+01 0.186096E+01 0.181832E+01 0.182376E+01 0.183712E+01 0.182768E+01 0.179952E+01 0.180544E+01 0.178208E+01 0.176024E+01 0.180776E+01 0.176024E+01 0.175840E+01 0.174576E+01 0.172384E+01 0.173112E+01 0.173024E+01 0.172232E+01 0.169488E+01 0.171648E+01 0.169224E+01 0.168248E+01 0.167952E+01 0.167072E+01 0.165336E+01 0.165096E+01 0.162672E+01 0.165272E+01 0.163440E+01 0.161104E+01 0.160376E+01 0.160328E+01 0.157944E+01 0.159072E+01 0.156736E+01 0.154368E+01 0.155800E+01 0.154808E+01 0.154432E+01 0.152720E+01 0.150400E+01 0.149784E+01 0.150240E+01 0.149264E+01 0.149152E+01 0.145664E+01 0.143656E+01 0.144408E+01 0.143448E+01 0.143512E+01 0.141624E+01 0.142480E+01 0.140304E+01 0.138160E+01 0.135288E+01 0.137016E+01 0.135568E+01 0.133616E+01 0.134464E+01 0.133344E+01 0.133312E+01 0.131048E+01 0.131392E+01 0.131128E+01 0.129016E+01 0.128736E+01 0.126424E+01 0.125168E+01 0.124208E+01 0.123376E+01 0.122016E+01 0.122256E+01 0.120992E+01 0.119992E+01 0.116888E+01 0.115784E+01 0.115544E+01 0.115072E+01 0.114472E+01 0.112832E+01 0.110736E+01 0.110784E+01 0.109608E+01 0.109136E+01 0.108168E+01 0.107840E+01 0.106904E+01 0.104320E+01 0.106112E+01 0.104280E+01 0.103248E+01 0.101272E+01 0.997360E+00 0.998080E+00 0.993840E+00 0.993200E+00 0.992800E+00 0.977120E+00 0.960400E+00 0.947280E+00 0.941440E+00 0.923840E+00 0.931120E+00 0.936880E+00 0.891200E+00 0.909840E+00 0.894960E+00 0.886080E+00 0.862320E+00 0.867840E+00 0.868160E+00 0.837920E+00 0.829520E+00 0.827840E+00 0.821840E+00 0.823120E+00 0.798640E+00 0.786800E+00 0.786800E+00 0.780800E+00 0.749360E+00 0.760080E+00 0.747520E+00 0.749200E+00 0.725520E+00 0.725920E+00 0.726400E+00 0.711120E+00 0.700480E+00 0.685280E+00 0.692000E+00 0.681120E+00 0.659680E+00 0.650080E+00 0.648800E+00 0.645840E+00 0.638640E+00 0.639200E+00 0.623120E+00 0.618640E+00 0.615280E+00 0.598640E+00 0.590560E+00 0.576560E+00 0.557040E+00 0.552000E+00 0.542560E+00 0.524960E+00 0.518960E+00 0.499600E+00 0.488160E+00 0.476240E+00 0.461040E+00 0.445760E+00 0.425920E+00 0.414080E+00 0.404160E+00 0.382960E+00 0.354240E+00 0.334240E+00 0.331280E+00 0.312960E+00 0.302160E+00 0.279680E+00 0.270480E+00 0.264160E+00 0.255440E+00 0.239280E+00 0.235280E+00 0.224320E+00 0.223840E+00 0.214560E+00 0.208320E+00 0.199840E+00 0.198400E+00 0.187040E+00 0.186960E+00 0.182720E+00 0.168720E+00 0.163120E+00 0.154480E+00 0.157120E+00 0.143440E+00 0.138320E+00 0.135600E+00 0.131840E+00 0.126880E+00 0.128560E+00 0.120320E+00 0.118560E+00 0.114320E+00 0.108480E+00 0.745600E-01 0.800000E-03
