### Run with WimpAnn version = wimpann-2.08                            
###   Using Pythia version   = Pythia 6.400    
###   Using nusigma version  = nusigma-1.15-pyr                        
###   Using DarkSUSY version = ds-4.1.6                                
###   WimpAnn run started at date 2007-09-11; time 21:55:58
### Neutrino oscillation parameters
#      theta_12 =  0.00000000E+00
#      theta_13 =  0.00000000E+00
#      theta_23 =  0.00000000E+00
#         delta =  0.00000000E+00
#  delta_m^2_21 =  0.81000000E-04
#  delta_m^2_31 =  0.22000000E-02
### WimpAnn run parameters
#  Annihilation channel =         3
#  Generated particles =  t                tbar            
#  WIMP mass =  0.75000000E+03
#  Number of annihilations =   2500000
#  Source = Earth
#...dPhi/dz in  200 bins from 0 to 1
#...Line  1- 6: flux at centre of Earth for neutrino 1-6
 0.108073E+02 0.703152E+01 0.536920E+01 0.427984E+01 0.358400E+01 0.299984E+01 0.258608E+01 0.227824E+01 0.198032E+01 0.173944E+01 0.158656E+01 0.142680E+01 0.128576E+01 0.116832E+01 0.107640E+01 0.986240E+00 0.918000E+00 0.853040E+00 0.791360E+00 0.751680E+00 0.698640E+00 0.660480E+00 0.617840E+00 0.578400E+00 0.549200E+00 0.518560E+00 0.489600E+00 0.468960E+00 0.441280E+00 0.427760E+00 0.423360E+00 0.391600E+00 0.375600E+00 0.374800E+00 0.358480E+00 0.341520E+00 0.322880E+00 0.325440E+00 0.312080E+00 0.298080E+00 0.297600E+00 0.283280E+00 0.278000E+00 0.274160E+00 0.272000E+00 0.261600E+00 0.258000E+00 0.254320E+00 0.246400E+00 0.235040E+00 0.235360E+00 0.232880E+00 0.230720E+00 0.218000E+00 0.217840E+00 0.216720E+00 0.213920E+00 0.212240E+00 0.204960E+00 0.204640E+00 0.195200E+00 0.194240E+00 0.191200E+00 0.186560E+00 0.186960E+00 0.183360E+00 0.187600E+00 0.181600E+00 0.178640E+00 0.169520E+00 0.174240E+00 0.171680E+00 0.170560E+00 0.156320E+00 0.169440E+00 0.159520E+00 0.155200E+00 0.154240E+00 0.148240E+00 0.146400E+00 0.143840E+00 0.143680E+00 0.140880E+00 0.147120E+00 0.137920E+00 0.135280E+00 0.134160E+00 0.136320E+00 0.127200E+00 0.128080E+00 0.127680E+00 0.124000E+00 0.121120E+00 0.118400E+00 0.112080E+00 0.116800E+00 0.111680E+00 0.109200E+00 0.106080E+00 0.106720E+00 0.104640E+00 0.100800E+00 0.979200E-01 0.980000E-01 0.989600E-01 0.995200E-01 0.872000E-01 0.896000E-01 0.899200E-01 0.919200E-01 0.880800E-01 0.840000E-01 0.807200E-01 0.827200E-01 0.821600E-01 0.802400E-01 0.755200E-01 0.732000E-01 0.697600E-01 0.692800E-01 0.696800E-01 0.744000E-01 0.676000E-01 0.643200E-01 0.676000E-01 0.609600E-01 0.631200E-01 0.558400E-01 0.592000E-01 0.579200E-01 0.561600E-01 0.548800E-01 0.516000E-01 0.512800E-01 0.479200E-01 0.499200E-01 0.493600E-01 0.479200E-01 0.427200E-01 0.452800E-01 0.445600E-01 0.413600E-01 0.401600E-01 0.404800E-01 0.353600E-01 0.380000E-01 0.367200E-01 0.351200E-01 0.342400E-01 0.299200E-01 0.296800E-01 0.292000E-01 0.288000E-01 0.265600E-01 0.226400E-01 0.253600E-01 0.243200E-01 0.220800E-01 0.237600E-01 0.204800E-01 0.201600E-01 0.212800E-01 0.175200E-01 0.178400E-01 0.148000E-01 0.144000E-01 0.146400E-01 0.153600E-01 0.156000E-01 0.113600E-01 0.117600E-01 0.103200E-01 0.107200E-01 0.101600E-01 0.968000E-02 0.824000E-02 0.768000E-02 0.648000E-02 0.640000E-02 0.552000E-02 0.480000E-02 0.528000E-02 0.392000E-02 0.440000E-02 0.352000E-02 0.208000E-02 0.192000E-02 0.248000E-02 0.184000E-02 0.800000E-03 0.880000E-03 0.480000E-03 0.480000E-03 0.480000E-03 0.800000E-04 0.800000E-04 0.000000E+00 0.000000E+00 0.000000E+00 0.000000E+00
 0.107721E+02 0.708536E+01 0.533472E+01 0.427648E+01 0.357248E+01 0.304616E+01 0.258640E+01 0.224672E+01 0.196376E+01 0.177208E+01 0.160568E+01 0.142312E+01 0.129016E+01 0.119512E+01 0.108056E+01 0.998080E+00 0.920720E+00 0.851120E+00 0.789120E+00 0.735680E+00 0.697280E+00 0.659680E+00 0.622240E+00 0.567280E+00 0.548560E+00 0.523360E+00 0.503760E+00 0.479760E+00 0.446320E+00 0.437680E+00 0.403920E+00 0.387440E+00 0.377760E+00 0.373440E+00 0.353920E+00 0.343040E+00 0.331760E+00 0.324560E+00 0.301520E+00 0.305280E+00 0.294400E+00 0.287280E+00 0.283760E+00 0.276080E+00 0.261520E+00 0.261520E+00 0.259840E+00 0.244320E+00 0.244080E+00 0.240240E+00 0.237520E+00 0.229600E+00 0.218080E+00 0.218560E+00 0.220400E+00 0.216960E+00 0.211920E+00 0.209600E+00 0.196880E+00 0.199120E+00 0.191040E+00 0.192960E+00 0.189920E+00 0.188400E+00 0.190080E+00 0.184480E+00 0.182640E+00 0.173280E+00 0.179040E+00 0.174800E+00 0.167760E+00 0.162720E+00 0.167200E+00 0.161520E+00 0.158240E+00 0.160400E+00 0.158720E+00 0.156320E+00 0.152800E+00 0.147840E+00 0.148480E+00 0.142640E+00 0.146880E+00 0.141680E+00 0.137440E+00 0.134400E+00 0.133760E+00 0.126160E+00 0.127600E+00 0.124080E+00 0.130480E+00 0.118400E+00 0.121200E+00 0.118960E+00 0.113600E+00 0.111120E+00 0.112640E+00 0.108560E+00 0.106000E+00 0.108560E+00 0.103600E+00 0.105520E+00 0.101760E+00 0.981600E-01 0.980800E-01 0.968000E-01 0.956800E-01 0.917600E-01 0.921600E-01 0.882400E-01 0.856800E-01 0.834400E-01 0.856000E-01 0.832800E-01 0.792000E-01 0.796800E-01 0.809600E-01 0.748000E-01 0.758400E-01 0.742400E-01 0.727200E-01 0.714400E-01 0.678400E-01 0.644000E-01 0.648800E-01 0.622400E-01 0.587200E-01 0.578400E-01 0.571200E-01 0.576800E-01 0.543200E-01 0.576800E-01 0.528800E-01 0.520800E-01 0.507200E-01 0.498400E-01 0.452800E-01 0.489600E-01 0.415200E-01 0.446400E-01 0.410400E-01 0.394400E-01 0.358400E-01 0.366400E-01 0.380000E-01 0.348800E-01 0.366400E-01 0.324800E-01 0.304800E-01 0.316800E-01 0.300000E-01 0.276000E-01 0.262400E-01 0.274400E-01 0.233600E-01 0.233600E-01 0.227200E-01 0.231200E-01 0.210400E-01 0.196800E-01 0.214400E-01 0.182400E-01 0.176800E-01 0.172000E-01 0.158400E-01 0.147200E-01 0.139200E-01 0.121600E-01 0.152000E-01 0.135200E-01 0.976000E-02 0.107200E-01 0.912000E-02 0.808000E-02 0.840000E-02 0.792000E-02 0.824000E-02 0.808000E-02 0.664000E-02 0.584000E-02 0.472000E-02 0.376000E-02 0.424000E-02 0.288000E-02 0.304000E-02 0.248000E-02 0.224000E-02 0.176000E-02 0.192000E-02 0.800000E-03 0.800000E-03 0.880000E-03 0.400000E-03 0.400000E-03 0.400000E-03 0.800000E-04 0.000000E+00 0.000000E+00 0.000000E+00 0.000000E+00
 0.109165E+02 0.707040E+01 0.530000E+01 0.428184E+01 0.354320E+01 0.299312E+01 0.256264E+01 0.226312E+01 0.195184E+01 0.176136E+01 0.158464E+01 0.141440E+01 0.128336E+01 0.116984E+01 0.108240E+01 0.980800E+00 0.908800E+00 0.823920E+00 0.788400E+00 0.736080E+00 0.704560E+00 0.626720E+00 0.606720E+00 0.567360E+00 0.540560E+00 0.499440E+00 0.487120E+00 0.456880E+00 0.449680E+00 0.433840E+00 0.423040E+00 0.396400E+00 0.371280E+00 0.367760E+00 0.348480E+00 0.345520E+00 0.320400E+00 0.318800E+00 0.319120E+00 0.296080E+00 0.299840E+00 0.288880E+00 0.283680E+00 0.271120E+00 0.265040E+00 0.254480E+00 0.252080E+00 0.253440E+00 0.253600E+00 0.244240E+00 0.239360E+00 0.231200E+00 0.230240E+00 0.227840E+00 0.217680E+00 0.214320E+00 0.213440E+00 0.213040E+00 0.207440E+00 0.194160E+00 0.200720E+00 0.197200E+00 0.186880E+00 0.184320E+00 0.190080E+00 0.187920E+00 0.177440E+00 0.182000E+00 0.182400E+00 0.174480E+00 0.170160E+00 0.167760E+00 0.155120E+00 0.162800E+00 0.165600E+00 0.156640E+00 0.156320E+00 0.151120E+00 0.149680E+00 0.146480E+00 0.154560E+00 0.148400E+00 0.143280E+00 0.138560E+00 0.132720E+00 0.140240E+00 0.132880E+00 0.126640E+00 0.134080E+00 0.134240E+00 0.122320E+00 0.116000E+00 0.119040E+00 0.114960E+00 0.115520E+00 0.112880E+00 0.110880E+00 0.108800E+00 0.110800E+00 0.108080E+00 0.105920E+00 0.106480E+00 0.101280E+00 0.100320E+00 0.917600E-01 0.955200E-01 0.968800E-01 0.932800E-01 0.933600E-01 0.923200E-01 0.923200E-01 0.859200E-01 0.844000E-01 0.823200E-01 0.814400E-01 0.782400E-01 0.801600E-01 0.772000E-01 0.720000E-01 0.703200E-01 0.724000E-01 0.717600E-01 0.680800E-01 0.664800E-01 0.650400E-01 0.618400E-01 0.628000E-01 0.579200E-01 0.605600E-01 0.592000E-01 0.540800E-01 0.495200E-01 0.556800E-01 0.524800E-01 0.508000E-01 0.486400E-01 0.468800E-01 0.455200E-01 0.423200E-01 0.420800E-01 0.425600E-01 0.387200E-01 0.425600E-01 0.374400E-01 0.368800E-01 0.350400E-01 0.375200E-01 0.349600E-01 0.323200E-01 0.269600E-01 0.269600E-01 0.285600E-01 0.268000E-01 0.236800E-01 0.244000E-01 0.270400E-01 0.252000E-01 0.232800E-01 0.210400E-01 0.210400E-01 0.200000E-01 0.184800E-01 0.178400E-01 0.160800E-01 0.160000E-01 0.147200E-01 0.124800E-01 0.148000E-01 0.124000E-01 0.121600E-01 0.116000E-01 0.113600E-01 0.872000E-02 0.105600E-01 0.832000E-02 0.832000E-02 0.608000E-02 0.688000E-02 0.656000E-02 0.600000E-02 0.496000E-02 0.544000E-02 0.480000E-02 0.320000E-02 0.352000E-02 0.192000E-02 0.264000E-02 0.160000E-02 0.128000E-02 0.104000E-02 0.880000E-03 0.112000E-02 0.640000E-03 0.240000E-03 0.240000E-03 0.000000E+00 0.000000E+00 0.000000E+00 0.000000E+00 0.000000E+00
 0.108723E+02 0.709104E+01 0.538088E+01 0.429904E+01 0.354152E+01 0.300048E+01 0.259800E+01 0.228984E+01 0.197184E+01 0.176120E+01 0.156952E+01 0.143880E+01 0.128768E+01 0.116888E+01 0.107368E+01 0.986400E+00 0.912400E+00 0.845040E+00 0.784320E+00 0.727280E+00 0.692240E+00 0.644000E+00 0.607440E+00 0.571120E+00 0.544080E+00 0.504880E+00 0.491280E+00 0.456400E+00 0.443200E+00 0.421680E+00 0.406880E+00 0.392240E+00 0.380880E+00 0.367760E+00 0.348640E+00 0.334960E+00 0.323200E+00 0.316000E+00 0.306320E+00 0.305760E+00 0.294160E+00 0.290640E+00 0.278160E+00 0.270800E+00 0.271920E+00 0.268080E+00 0.255280E+00 0.254480E+00 0.248080E+00 0.239920E+00 0.246480E+00 0.232320E+00 0.227120E+00 0.224640E+00 0.220560E+00 0.213840E+00 0.214960E+00 0.213360E+00 0.200720E+00 0.201440E+00 0.196000E+00 0.193600E+00 0.188400E+00 0.187280E+00 0.180000E+00 0.188480E+00 0.175600E+00 0.181040E+00 0.173840E+00 0.173760E+00 0.170880E+00 0.169440E+00 0.162480E+00 0.161280E+00 0.161440E+00 0.152960E+00 0.159280E+00 0.146720E+00 0.148320E+00 0.151920E+00 0.140400E+00 0.152720E+00 0.138240E+00 0.139440E+00 0.138880E+00 0.136160E+00 0.132400E+00 0.130560E+00 0.128960E+00 0.126400E+00 0.124400E+00 0.121040E+00 0.122720E+00 0.114000E+00 0.117760E+00 0.116400E+00 0.115840E+00 0.112560E+00 0.102000E+00 0.112480E+00 0.104560E+00 0.108320E+00 0.970400E-01 0.103280E+00 0.960000E-01 0.936000E-01 0.967200E-01 0.933600E-01 0.925600E-01 0.898400E-01 0.843200E-01 0.878400E-01 0.831200E-01 0.831200E-01 0.796000E-01 0.767200E-01 0.768000E-01 0.765600E-01 0.739200E-01 0.767200E-01 0.736000E-01 0.661600E-01 0.678400E-01 0.656000E-01 0.616800E-01 0.662400E-01 0.615200E-01 0.606400E-01 0.597600E-01 0.580000E-01 0.560000E-01 0.517600E-01 0.520800E-01 0.549600E-01 0.505600E-01 0.477600E-01 0.450400E-01 0.464800E-01 0.436800E-01 0.423200E-01 0.409600E-01 0.392800E-01 0.402400E-01 0.361600E-01 0.338400E-01 0.334400E-01 0.306400E-01 0.336000E-01 0.306400E-01 0.322400E-01 0.294400E-01 0.291200E-01 0.278400E-01 0.268000E-01 0.261600E-01 0.232000E-01 0.236000E-01 0.225600E-01 0.226400E-01 0.198400E-01 0.198400E-01 0.176800E-01 0.159200E-01 0.172000E-01 0.165600E-01 0.151200E-01 0.155200E-01 0.144000E-01 0.112000E-01 0.117600E-01 0.115200E-01 0.968000E-02 0.824000E-02 0.856000E-02 0.816000E-02 0.840000E-02 0.856000E-02 0.824000E-02 0.584000E-02 0.584000E-02 0.480000E-02 0.472000E-02 0.512000E-02 0.320000E-02 0.288000E-02 0.288000E-02 0.128000E-02 0.216000E-02 0.128000E-02 0.120000E-02 0.112000E-02 0.144000E-02 0.560000E-03 0.560000E-03 0.400000E-03 0.160000E-03 0.000000E+00 0.000000E+00 0.000000E+00 0.000000E+00
 0.526024E+01 0.386656E+01 0.314832E+01 0.267640E+01 0.232856E+01 0.206920E+01 0.184376E+01 0.165840E+01 0.150520E+01 0.138080E+01 0.127912E+01 0.116824E+01 0.110368E+01 0.103792E+01 0.967520E+00 0.919040E+00 0.847440E+00 0.798480E+00 0.749280E+00 0.706240E+00 0.668880E+00 0.644320E+00 0.609280E+00 0.584400E+00 0.566400E+00 0.539760E+00 0.512080E+00 0.487440E+00 0.488320E+00 0.453600E+00 0.437280E+00 0.434400E+00 0.415920E+00 0.413200E+00 0.387200E+00 0.384800E+00 0.369520E+00 0.362400E+00 0.348880E+00 0.342720E+00 0.336480E+00 0.318400E+00 0.316080E+00 0.305360E+00 0.303280E+00 0.299040E+00 0.298560E+00 0.285760E+00 0.280640E+00 0.270800E+00 0.268880E+00 0.269920E+00 0.263120E+00 0.257280E+00 0.246400E+00 0.243920E+00 0.243360E+00 0.237680E+00 0.235200E+00 0.231520E+00 0.215280E+00 0.221200E+00 0.209280E+00 0.208960E+00 0.210080E+00 0.205760E+00 0.198960E+00 0.198480E+00 0.197040E+00 0.191200E+00 0.182880E+00 0.185520E+00 0.186240E+00 0.179920E+00 0.178480E+00 0.179040E+00 0.168160E+00 0.172080E+00 0.168960E+00 0.169040E+00 0.160160E+00 0.150560E+00 0.155280E+00 0.152000E+00 0.142320E+00 0.143440E+00 0.138800E+00 0.143840E+00 0.142720E+00 0.138880E+00 0.139600E+00 0.132320E+00 0.129760E+00 0.123520E+00 0.124880E+00 0.119280E+00 0.124160E+00 0.117440E+00 0.118080E+00 0.113280E+00 0.109280E+00 0.109840E+00 0.104320E+00 0.101440E+00 0.997600E-01 0.101680E+00 0.968000E-01 0.104960E+00 0.932800E-01 0.952800E-01 0.902400E-01 0.853600E-01 0.875200E-01 0.855200E-01 0.801600E-01 0.839200E-01 0.799200E-01 0.780000E-01 0.734400E-01 0.774400E-01 0.727200E-01 0.701600E-01 0.686400E-01 0.699200E-01 0.656000E-01 0.637600E-01 0.622400E-01 0.589600E-01 0.628800E-01 0.591200E-01 0.564800E-01 0.543200E-01 0.570400E-01 0.538400E-01 0.500800E-01 0.484800E-01 0.467200E-01 0.438400E-01 0.441600E-01 0.377600E-01 0.417600E-01 0.461600E-01 0.398400E-01 0.387200E-01 0.394400E-01 0.384800E-01 0.362400E-01 0.332800E-01 0.332800E-01 0.287200E-01 0.270400E-01 0.284800E-01 0.272000E-01 0.273600E-01 0.251200E-01 0.251200E-01 0.251200E-01 0.240800E-01 0.228000E-01 0.190400E-01 0.189600E-01 0.188000E-01 0.185600E-01 0.180800E-01 0.146400E-01 0.155200E-01 0.148800E-01 0.127200E-01 0.120000E-01 0.129600E-01 0.126400E-01 0.104000E-01 0.976000E-02 0.912000E-02 0.880000E-02 0.720000E-02 0.776000E-02 0.576000E-02 0.592000E-02 0.496000E-02 0.520000E-02 0.400000E-02 0.336000E-02 0.408000E-02 0.208000E-02 0.184000E-02 0.192000E-02 0.240000E-02 0.176000E-02 0.120000E-02 0.120000E-02 0.720000E-03 0.320000E-03 0.800000E-04 0.800000E-04 0.000000E+00 0.000000E+00 0.000000E+00 0.000000E+00 0.000000E+00
 0.525168E+01 0.386552E+01 0.316256E+01 0.270656E+01 0.232920E+01 0.204320E+01 0.184216E+01 0.167184E+01 0.149432E+01 0.137312E+01 0.126752E+01 0.117184E+01 0.110256E+01 0.101472E+01 0.946480E+00 0.902160E+00 0.834240E+00 0.810240E+00 0.743760E+00 0.714720E+00 0.690640E+00 0.640560E+00 0.604240E+00 0.585440E+00 0.559200E+00 0.537760E+00 0.507760E+00 0.499840E+00 0.471920E+00 0.446160E+00 0.432560E+00 0.433520E+00 0.426160E+00 0.404480E+00 0.390160E+00 0.383840E+00 0.367760E+00 0.363520E+00 0.353040E+00 0.350720E+00 0.331840E+00 0.325120E+00 0.318160E+00 0.318640E+00 0.301920E+00 0.306240E+00 0.290800E+00 0.282800E+00 0.272320E+00 0.281840E+00 0.271040E+00 0.257840E+00 0.266800E+00 0.256560E+00 0.242720E+00 0.252480E+00 0.238240E+00 0.238480E+00 0.236240E+00 0.223440E+00 0.223600E+00 0.218640E+00 0.218720E+00 0.215920E+00 0.210720E+00 0.205040E+00 0.206480E+00 0.200080E+00 0.201120E+00 0.189200E+00 0.195840E+00 0.182160E+00 0.189280E+00 0.186720E+00 0.179440E+00 0.172720E+00 0.173680E+00 0.169360E+00 0.161920E+00 0.162560E+00 0.159200E+00 0.150160E+00 0.152800E+00 0.152240E+00 0.145600E+00 0.144800E+00 0.149600E+00 0.146320E+00 0.131680E+00 0.139840E+00 0.134000E+00 0.130240E+00 0.127040E+00 0.125040E+00 0.126560E+00 0.127840E+00 0.119520E+00 0.119040E+00 0.113920E+00 0.115760E+00 0.107680E+00 0.112480E+00 0.104720E+00 0.105200E+00 0.105360E+00 0.992800E-01 0.979200E-01 0.986400E-01 0.949600E-01 0.918400E-01 0.890400E-01 0.905600E-01 0.883200E-01 0.869600E-01 0.815200E-01 0.812000E-01 0.787200E-01 0.747200E-01 0.764800E-01 0.728800E-01 0.731200E-01 0.732800E-01 0.692800E-01 0.723200E-01 0.684000E-01 0.685600E-01 0.615200E-01 0.576000E-01 0.602400E-01 0.596000E-01 0.559200E-01 0.539200E-01 0.519200E-01 0.579200E-01 0.507200E-01 0.487200E-01 0.467200E-01 0.491200E-01 0.451200E-01 0.431200E-01 0.439200E-01 0.440000E-01 0.408000E-01 0.370400E-01 0.380000E-01 0.360000E-01 0.366400E-01 0.322400E-01 0.340000E-01 0.317600E-01 0.316800E-01 0.305600E-01 0.289600E-01 0.248000E-01 0.261600E-01 0.257600E-01 0.236800E-01 0.217600E-01 0.201600E-01 0.192800E-01 0.219200E-01 0.195200E-01 0.175200E-01 0.165600E-01 0.159200E-01 0.159200E-01 0.157600E-01 0.123200E-01 0.136800E-01 0.131200E-01 0.104800E-01 0.112800E-01 0.960000E-02 0.952000E-02 0.752000E-02 0.872000E-02 0.680000E-02 0.648000E-02 0.520000E-02 0.632000E-02 0.584000E-02 0.440000E-02 0.352000E-02 0.376000E-02 0.352000E-02 0.288000E-02 0.192000E-02 0.176000E-02 0.112000E-02 0.800000E-03 0.144000E-02 0.640000E-03 0.104000E-02 0.320000E-03 0.000000E+00 0.000000E+00 0.800000E-04 0.000000E+00 0.000000E+00 0.000000E+00
