### Run with WimpAnn version = wimpann-2.08                            
###   Using Pythia version   = Pythia 6.400    
###   Using nusigma version  = nusigma-1.15-pyr                        
###   Using DarkSUSY version = ds-4.1.6                                
###   WimpAnn run started at date 2007-09-10; time 03:49:48
### Neutrino oscillation parameters
#      theta_12 =  0.00000000E+00
#      theta_13 =  0.00000000E+00
#      theta_23 =  0.00000000E+00
#         delta =  0.00000000E+00
#  delta_m^2_21 =  0.81000000E-04
#  delta_m^2_31 =  0.22000000E-02
### WimpAnn run parameters
#  Annihilation channel =         1
#  Generated particles =  c                cbar            
#  WIMP mass =  0.35000000E+03
#  Number of annihilations =   2500000
#  Source = Earth
#...dPhi/dz in  200 bins from 0 to 1
#...Line  1- 6: flux at centre of Earth for neutrino 1-6
 0.155456E+01 0.128632E+01 0.109832E+01 0.976240E+00 0.883520E+00 0.807920E+00 0.765280E+00 0.708800E+00 0.657280E+00 0.618480E+00 0.589040E+00 0.555840E+00 0.523200E+00 0.490960E+00 0.469760E+00 0.449520E+00 0.411280E+00 0.401120E+00 0.383760E+00 0.355440E+00 0.346160E+00 0.326240E+00 0.307120E+00 0.296640E+00 0.271600E+00 0.257680E+00 0.253760E+00 0.234400E+00 0.223040E+00 0.211680E+00 0.211840E+00 0.197840E+00 0.186000E+00 0.172000E+00 0.167040E+00 0.159680E+00 0.148400E+00 0.142400E+00 0.136560E+00 0.123520E+00 0.120320E+00 0.113280E+00 0.115040E+00 0.107360E+00 0.996800E-01 0.956800E-01 0.874400E-01 0.866400E-01 0.816000E-01 0.776000E-01 0.704000E-01 0.701600E-01 0.678400E-01 0.632800E-01 0.546400E-01 0.605600E-01 0.520000E-01 0.474400E-01 0.443200E-01 0.449600E-01 0.398400E-01 0.412800E-01 0.412000E-01 0.340000E-01 0.322400E-01 0.314400E-01 0.276800E-01 0.275200E-01 0.282400E-01 0.254400E-01 0.235200E-01 0.220000E-01 0.206400E-01 0.200000E-01 0.181600E-01 0.161600E-01 0.152800E-01 0.168000E-01 0.136800E-01 0.132000E-01 0.120000E-01 0.132800E-01 0.920000E-02 0.896000E-02 0.984000E-02 0.800000E-02 0.104000E-01 0.720000E-02 0.728000E-02 0.792000E-02 0.584000E-02 0.504000E-02 0.520000E-02 0.424000E-02 0.432000E-02 0.464000E-02 0.376000E-02 0.456000E-02 0.368000E-02 0.248000E-02 0.344000E-02 0.312000E-02 0.312000E-02 0.256000E-02 0.240000E-02 0.248000E-02 0.248000E-02 0.136000E-02 0.120000E-02 0.160000E-02 0.176000E-02 0.152000E-02 0.144000E-02 0.112000E-02 0.800000E-03 0.640000E-03 0.104000E-02 0.480000E-03 0.800000E-03 0.480000E-03 0.128000E-02 0.640000E-03 0.640000E-03 0.480000E-03 0.240000E-03 0.880000E-03 0.400000E-03 0.320000E-03 0.800000E-04 0.240000E-03 0.240000E-03 0.240000E-03 0.160000E-03 0.240000E-03 0.800000E-04 0.800000E-04 0.000000E+00 0.160000E-03 0.800000E-04 0.800000E-04 0.000000E+00 0.240000E-03 0.000000E+00 0.000000E+00 0.800000E-04 0.000000E+00 0.000000E+00 0.000000E+00 0.000000E+00 0.000000E+00 0.000000E+00 0.000000E+00 0.000000E+00 0.000000E+00 0.000000E+00 0.000000E+00 0.000000E+00 0.000000E+00 0.000000E+00 0.000000E+00 0.000000E+00 0.000000E+00 0.000000E+00 0.000000E+00 0.000000E+00 0.000000E+00 0.000000E+00 0.000000E+00 0.000000E+00 0.000000E+00 0.000000E+00 0.000000E+00 0.000000E+00 0.000000E+00 0.000000E+00 0.000000E+00 0.000000E+00 0.000000E+00 0.000000E+00 0.000000E+00 0.000000E+00 0.000000E+00 0.000000E+00 0.000000E+00 0.000000E+00 0.000000E+00 0.000000E+00 0.000000E+00 0.000000E+00 0.000000E+00 0.000000E+00 0.000000E+00 0.000000E+00 0.000000E+00 0.000000E+00 0.000000E+00 0.000000E+00 0.000000E+00 0.000000E+00 0.000000E+00
 0.156080E+01 0.129328E+01 0.109528E+01 0.975200E+00 0.894080E+00 0.819520E+00 0.758080E+00 0.712800E+00 0.656800E+00 0.608720E+00 0.575600E+00 0.563040E+00 0.526880E+00 0.507600E+00 0.457760E+00 0.433280E+00 0.414640E+00 0.399200E+00 0.377520E+00 0.363360E+00 0.338320E+00 0.323040E+00 0.302800E+00 0.286000E+00 0.276480E+00 0.260560E+00 0.247680E+00 0.236160E+00 0.224720E+00 0.214160E+00 0.202480E+00 0.189440E+00 0.186480E+00 0.179360E+00 0.167120E+00 0.158160E+00 0.149760E+00 0.136640E+00 0.136400E+00 0.133520E+00 0.120080E+00 0.119360E+00 0.111280E+00 0.104640E+00 0.982400E-01 0.940000E-01 0.900800E-01 0.834400E-01 0.848800E-01 0.752000E-01 0.740000E-01 0.684800E-01 0.645600E-01 0.585600E-01 0.556800E-01 0.496000E-01 0.503200E-01 0.512000E-01 0.464800E-01 0.445600E-01 0.398400E-01 0.407200E-01 0.361600E-01 0.346400E-01 0.284000E-01 0.323200E-01 0.298400E-01 0.268000E-01 0.280000E-01 0.225600E-01 0.218400E-01 0.230400E-01 0.204000E-01 0.198400E-01 0.190400E-01 0.164000E-01 0.160000E-01 0.144000E-01 0.148000E-01 0.138400E-01 0.126400E-01 0.132000E-01 0.122400E-01 0.104000E-01 0.888000E-02 0.872000E-02 0.968000E-02 0.624000E-02 0.640000E-02 0.664000E-02 0.752000E-02 0.640000E-02 0.560000E-02 0.584000E-02 0.472000E-02 0.544000E-02 0.440000E-02 0.456000E-02 0.368000E-02 0.440000E-02 0.312000E-02 0.272000E-02 0.264000E-02 0.256000E-02 0.264000E-02 0.240000E-02 0.216000E-02 0.184000E-02 0.192000E-02 0.960000E-03 0.208000E-02 0.112000E-02 0.168000E-02 0.880000E-03 0.144000E-02 0.960000E-03 0.640000E-03 0.128000E-02 0.480000E-03 0.240000E-03 0.128000E-02 0.240000E-03 0.320000E-03 0.480000E-03 0.560000E-03 0.240000E-03 0.480000E-03 0.160000E-03 0.400000E-03 0.320000E-03 0.160000E-03 0.800000E-04 0.240000E-03 0.240000E-03 0.160000E-03 0.160000E-03 0.000000E+00 0.000000E+00 0.800000E-04 0.800000E-04 0.160000E-03 0.160000E-03 0.000000E+00 0.800000E-04 0.000000E+00 0.320000E-03 0.000000E+00 0.000000E+00 0.000000E+00 0.000000E+00 0.000000E+00 0.000000E+00 0.000000E+00 0.000000E+00 0.000000E+00 0.000000E+00 0.000000E+00 0.000000E+00 0.000000E+00 0.000000E+00 0.000000E+00 0.000000E+00 0.000000E+00 0.000000E+00 0.000000E+00 0.000000E+00 0.000000E+00 0.000000E+00 0.000000E+00 0.000000E+00 0.000000E+00 0.000000E+00 0.800000E-04 0.000000E+00 0.000000E+00 0.000000E+00 0.000000E+00 0.000000E+00 0.000000E+00 0.000000E+00 0.000000E+00 0.000000E+00 0.000000E+00 0.000000E+00 0.000000E+00 0.000000E+00 0.000000E+00 0.000000E+00 0.000000E+00 0.000000E+00 0.000000E+00 0.000000E+00 0.000000E+00 0.000000E+00 0.000000E+00 0.000000E+00 0.000000E+00 0.000000E+00 0.000000E+00 0.000000E+00
 0.161272E+01 0.129624E+01 0.111560E+01 0.990960E+00 0.906320E+00 0.824640E+00 0.769840E+00 0.687040E+00 0.665040E+00 0.626800E+00 0.585680E+00 0.554480E+00 0.524640E+00 0.490160E+00 0.469200E+00 0.444400E+00 0.428800E+00 0.397680E+00 0.368320E+00 0.363360E+00 0.333280E+00 0.312880E+00 0.306720E+00 0.292480E+00 0.267680E+00 0.260320E+00 0.244240E+00 0.230240E+00 0.231440E+00 0.214800E+00 0.199520E+00 0.193440E+00 0.179600E+00 0.169360E+00 0.161280E+00 0.160800E+00 0.151120E+00 0.145680E+00 0.132480E+00 0.126000E+00 0.114400E+00 0.113520E+00 0.106240E+00 0.965600E-01 0.962400E-01 0.959200E-01 0.850400E-01 0.811200E-01 0.744800E-01 0.746400E-01 0.679200E-01 0.646400E-01 0.590400E-01 0.590400E-01 0.576000E-01 0.520800E-01 0.512000E-01 0.464000E-01 0.453600E-01 0.439200E-01 0.413600E-01 0.369600E-01 0.357600E-01 0.322400E-01 0.298400E-01 0.308800E-01 0.299200E-01 0.284800E-01 0.264000E-01 0.231200E-01 0.190400E-01 0.199200E-01 0.210400E-01 0.196800E-01 0.176000E-01 0.161600E-01 0.156800E-01 0.143200E-01 0.122400E-01 0.123200E-01 0.120000E-01 0.928000E-02 0.117600E-01 0.100800E-01 0.872000E-02 0.768000E-02 0.712000E-02 0.680000E-02 0.704000E-02 0.520000E-02 0.568000E-02 0.552000E-02 0.504000E-02 0.464000E-02 0.488000E-02 0.400000E-02 0.448000E-02 0.432000E-02 0.328000E-02 0.336000E-02 0.272000E-02 0.304000E-02 0.240000E-02 0.224000E-02 0.296000E-02 0.248000E-02 0.200000E-02 0.152000E-02 0.224000E-02 0.136000E-02 0.160000E-02 0.112000E-02 0.400000E-03 0.144000E-02 0.640000E-03 0.880000E-03 0.640000E-03 0.560000E-03 0.480000E-03 0.480000E-03 0.480000E-03 0.720000E-03 0.160000E-03 0.480000E-03 0.560000E-03 0.240000E-03 0.560000E-03 0.000000E+00 0.480000E-03 0.160000E-03 0.160000E-03 0.160000E-03 0.160000E-03 0.000000E+00 0.160000E-03 0.240000E-03 0.000000E+00 0.000000E+00 0.000000E+00 0.800000E-04 0.800000E-04 0.000000E+00 0.320000E-03 0.800000E-04 0.000000E+00 0.800000E-04 0.000000E+00 0.000000E+00 0.000000E+00 0.000000E+00 0.000000E+00 0.000000E+00 0.000000E+00 0.000000E+00 0.000000E+00 0.000000E+00 0.000000E+00 0.000000E+00 0.000000E+00 0.000000E+00 0.000000E+00 0.000000E+00 0.000000E+00 0.000000E+00 0.000000E+00 0.000000E+00 0.000000E+00 0.000000E+00 0.000000E+00 0.000000E+00 0.000000E+00 0.000000E+00 0.000000E+00 0.000000E+00 0.000000E+00 0.000000E+00 0.000000E+00 0.000000E+00 0.000000E+00 0.000000E+00 0.000000E+00 0.000000E+00 0.000000E+00 0.000000E+00 0.000000E+00 0.000000E+00 0.000000E+00 0.000000E+00 0.000000E+00 0.000000E+00 0.000000E+00 0.000000E+00 0.000000E+00 0.000000E+00 0.000000E+00 0.000000E+00 0.000000E+00 0.000000E+00 0.000000E+00 0.000000E+00
 0.159544E+01 0.131128E+01 0.109184E+01 0.995040E+00 0.891760E+00 0.828720E+00 0.760240E+00 0.716560E+00 0.654240E+00 0.627280E+00 0.583120E+00 0.564000E+00 0.511920E+00 0.496400E+00 0.463200E+00 0.445920E+00 0.420080E+00 0.394480E+00 0.375280E+00 0.354880E+00 0.340000E+00 0.318080E+00 0.310800E+00 0.288800E+00 0.273200E+00 0.266640E+00 0.251440E+00 0.235440E+00 0.213280E+00 0.210960E+00 0.202000E+00 0.186480E+00 0.187360E+00 0.172000E+00 0.161840E+00 0.151920E+00 0.150080E+00 0.137040E+00 0.129040E+00 0.131360E+00 0.116320E+00 0.110960E+00 0.108640E+00 0.989600E-01 0.933600E-01 0.889600E-01 0.892800E-01 0.813600E-01 0.738400E-01 0.750400E-01 0.696000E-01 0.632800E-01 0.625600E-01 0.588000E-01 0.556000E-01 0.520000E-01 0.496800E-01 0.474400E-01 0.454400E-01 0.405600E-01 0.385600E-01 0.403200E-01 0.360000E-01 0.324800E-01 0.331200E-01 0.301600E-01 0.288800E-01 0.230400E-01 0.261600E-01 0.212000E-01 0.204800E-01 0.200000E-01 0.187200E-01 0.188000E-01 0.170400E-01 0.153600E-01 0.164800E-01 0.141600E-01 0.139200E-01 0.132800E-01 0.117600E-01 0.100800E-01 0.107200E-01 0.102400E-01 0.792000E-02 0.832000E-02 0.936000E-02 0.664000E-02 0.712000E-02 0.608000E-02 0.576000E-02 0.624000E-02 0.576000E-02 0.360000E-02 0.360000E-02 0.456000E-02 0.416000E-02 0.280000E-02 0.392000E-02 0.400000E-02 0.408000E-02 0.200000E-02 0.224000E-02 0.160000E-02 0.192000E-02 0.184000E-02 0.160000E-02 0.176000E-02 0.168000E-02 0.160000E-02 0.128000E-02 0.880000E-03 0.880000E-03 0.120000E-02 0.800000E-03 0.560000E-03 0.104000E-02 0.960000E-03 0.480000E-03 0.560000E-03 0.160000E-03 0.400000E-03 0.320000E-03 0.320000E-03 0.560000E-03 0.640000E-03 0.400000E-03 0.240000E-03 0.240000E-03 0.320000E-03 0.160000E-03 0.240000E-03 0.800000E-04 0.160000E-03 0.800000E-04 0.480000E-03 0.160000E-03 0.000000E+00 0.800000E-04 0.160000E-03 0.160000E-03 0.000000E+00 0.000000E+00 0.000000E+00 0.800000E-04 0.800000E-04 0.000000E+00 0.800000E-04 0.800000E-04 0.000000E+00 0.000000E+00 0.000000E+00 0.000000E+00 0.000000E+00 0.000000E+00 0.000000E+00 0.000000E+00 0.000000E+00 0.000000E+00 0.000000E+00 0.000000E+00 0.000000E+00 0.000000E+00 0.000000E+00 0.000000E+00 0.000000E+00 0.000000E+00 0.000000E+00 0.000000E+00 0.000000E+00 0.000000E+00 0.000000E+00 0.000000E+00 0.000000E+00 0.000000E+00 0.000000E+00 0.000000E+00 0.000000E+00 0.000000E+00 0.000000E+00 0.000000E+00 0.000000E+00 0.000000E+00 0.000000E+00 0.000000E+00 0.000000E+00 0.000000E+00 0.000000E+00 0.000000E+00 0.000000E+00 0.000000E+00 0.000000E+00 0.000000E+00 0.000000E+00 0.000000E+00 0.000000E+00 0.000000E+00 0.000000E+00 0.000000E+00 0.000000E+00
 0.121280E+00 0.890400E-01 0.732800E-01 0.592000E-01 0.470400E-01 0.420000E-01 0.340800E-01 0.298400E-01 0.285600E-01 0.229600E-01 0.205600E-01 0.187200E-01 0.170400E-01 0.159200E-01 0.136000E-01 0.121600E-01 0.126400E-01 0.968000E-02 0.896000E-02 0.864000E-02 0.944000E-02 0.600000E-02 0.784000E-02 0.584000E-02 0.504000E-02 0.520000E-02 0.456000E-02 0.416000E-02 0.320000E-02 0.352000E-02 0.304000E-02 0.328000E-02 0.328000E-02 0.344000E-02 0.224000E-02 0.288000E-02 0.232000E-02 0.176000E-02 0.160000E-02 0.176000E-02 0.256000E-02 0.152000E-02 0.144000E-02 0.184000E-02 0.152000E-02 0.176000E-02 0.136000E-02 0.152000E-02 0.136000E-02 0.216000E-02 0.160000E-02 0.168000E-02 0.720000E-03 0.120000E-02 0.960000E-03 0.112000E-02 0.144000E-02 0.128000E-02 0.880000E-03 0.104000E-02 0.128000E-02 0.128000E-02 0.104000E-02 0.720000E-03 0.880000E-03 0.400000E-03 0.800000E-03 0.720000E-03 0.560000E-03 0.560000E-03 0.480000E-03 0.560000E-03 0.640000E-03 0.560000E-03 0.640000E-03 0.640000E-03 0.560000E-03 0.400000E-03 0.240000E-03 0.480000E-03 0.800000E-03 0.320000E-03 0.400000E-03 0.160000E-03 0.880000E-03 0.160000E-03 0.480000E-03 0.480000E-03 0.160000E-03 0.240000E-03 0.240000E-03 0.160000E-03 0.160000E-03 0.240000E-03 0.400000E-03 0.160000E-03 0.400000E-03 0.240000E-03 0.800000E-04 0.800000E-04 0.320000E-03 0.160000E-03 0.160000E-03 0.160000E-03 0.000000E+00 0.000000E+00 0.160000E-03 0.240000E-03 0.160000E-03 0.800000E-04 0.000000E+00 0.000000E+00 0.800000E-04 0.000000E+00 0.800000E-04 0.800000E-04 0.800000E-04 0.000000E+00 0.800000E-04 0.000000E+00 0.000000E+00 0.000000E+00 0.000000E+00 0.000000E+00 0.160000E-03 0.000000E+00 0.000000E+00 0.000000E+00 0.000000E+00 0.000000E+00 0.000000E+00 0.000000E+00 0.000000E+00 0.000000E+00 0.000000E+00 0.000000E+00 0.000000E+00 0.800000E-04 0.000000E+00 0.000000E+00 0.000000E+00 0.000000E+00 0.000000E+00 0.000000E+00 0.000000E+00 0.000000E+00 0.000000E+00 0.000000E+00 0.000000E+00 0.000000E+00 0.000000E+00 0.000000E+00 0.000000E+00 0.800000E-04 0.000000E+00 0.000000E+00 0.000000E+00 0.000000E+00 0.000000E+00 0.000000E+00 0.000000E+00 0.000000E+00 0.000000E+00 0.000000E+00 0.000000E+00 0.000000E+00 0.000000E+00 0.000000E+00 0.000000E+00 0.000000E+00 0.000000E+00 0.000000E+00 0.000000E+00 0.000000E+00 0.000000E+00 0.000000E+00 0.000000E+00 0.000000E+00 0.000000E+00 0.000000E+00 0.000000E+00 0.000000E+00 0.000000E+00 0.000000E+00 0.000000E+00 0.000000E+00 0.000000E+00 0.000000E+00 0.000000E+00 0.000000E+00 0.000000E+00 0.000000E+00 0.000000E+00 0.000000E+00 0.000000E+00 0.000000E+00 0.000000E+00 0.000000E+00 0.000000E+00 0.000000E+00
 0.119920E+00 0.887200E-01 0.732800E-01 0.592800E-01 0.487200E-01 0.404000E-01 0.378400E-01 0.307200E-01 0.250400E-01 0.254400E-01 0.218400E-01 0.200800E-01 0.176800E-01 0.151200E-01 0.156800E-01 0.110400E-01 0.122400E-01 0.976000E-02 0.856000E-02 0.896000E-02 0.720000E-02 0.728000E-02 0.624000E-02 0.584000E-02 0.504000E-02 0.488000E-02 0.408000E-02 0.376000E-02 0.448000E-02 0.384000E-02 0.312000E-02 0.232000E-02 0.208000E-02 0.344000E-02 0.160000E-02 0.208000E-02 0.256000E-02 0.280000E-02 0.320000E-02 0.224000E-02 0.160000E-02 0.192000E-02 0.168000E-02 0.216000E-02 0.120000E-02 0.128000E-02 0.240000E-02 0.168000E-02 0.144000E-02 0.128000E-02 0.152000E-02 0.112000E-02 0.720000E-03 0.144000E-02 0.104000E-02 0.136000E-02 0.104000E-02 0.120000E-02 0.128000E-02 0.800000E-03 0.128000E-02 0.104000E-02 0.800000E-03 0.104000E-02 0.880000E-03 0.720000E-03 0.800000E-03 0.960000E-03 0.480000E-03 0.640000E-03 0.480000E-03 0.400000E-03 0.480000E-03 0.400000E-03 0.560000E-03 0.480000E-03 0.800000E-03 0.160000E-03 0.800000E-03 0.320000E-03 0.320000E-03 0.240000E-03 0.400000E-03 0.480000E-03 0.320000E-03 0.240000E-03 0.160000E-03 0.800000E-04 0.240000E-03 0.160000E-03 0.240000E-03 0.160000E-03 0.160000E-03 0.800000E-04 0.320000E-03 0.800000E-04 0.160000E-03 0.240000E-03 0.160000E-03 0.320000E-03 0.240000E-03 0.800000E-04 0.800000E-04 0.240000E-03 0.000000E+00 0.000000E+00 0.800000E-04 0.800000E-04 0.800000E-04 0.800000E-04 0.800000E-04 0.800000E-04 0.000000E+00 0.000000E+00 0.800000E-04 0.000000E+00 0.000000E+00 0.000000E+00 0.800000E-04 0.000000E+00 0.000000E+00 0.800000E-04 0.000000E+00 0.000000E+00 0.000000E+00 0.000000E+00 0.000000E+00 0.000000E+00 0.000000E+00 0.800000E-04 0.000000E+00 0.000000E+00 0.000000E+00 0.000000E+00 0.000000E+00 0.000000E+00 0.000000E+00 0.000000E+00 0.800000E-04 0.000000E+00 0.000000E+00 0.000000E+00 0.000000E+00 0.000000E+00 0.160000E-03 0.800000E-04 0.000000E+00 0.000000E+00 0.000000E+00 0.000000E+00 0.000000E+00 0.000000E+00 0.000000E+00 0.000000E+00 0.000000E+00 0.000000E+00 0.000000E+00 0.000000E+00 0.000000E+00 0.000000E+00 0.000000E+00 0.000000E+00 0.000000E+00 0.000000E+00 0.000000E+00 0.000000E+00 0.000000E+00 0.000000E+00 0.000000E+00 0.000000E+00 0.000000E+00 0.000000E+00 0.000000E+00 0.000000E+00 0.000000E+00 0.000000E+00 0.000000E+00 0.000000E+00 0.000000E+00 0.000000E+00 0.000000E+00 0.000000E+00 0.000000E+00 0.000000E+00 0.000000E+00 0.000000E+00 0.000000E+00 0.000000E+00 0.000000E+00 0.000000E+00 0.000000E+00 0.000000E+00 0.000000E+00 0.000000E+00 0.000000E+00 0.000000E+00 0.000000E+00 0.000000E+00 0.000000E+00 0.000000E+00
