### Run with WimpAnn version = wimpann-2.08                            
###   Using Pythia version   = Pythia 6.400    
###   Using nusigma version  = nusigma-1.15-pyr                        
###   Using DarkSUSY version = ds-4.1.6                                
###   WimpAnn run started at date 2007-09-07; time 01:13:02
### Neutrino oscillation parameters
#      theta_12 =  0.00000000E+00
#      theta_13 =  0.00000000E+00
#      theta_23 =  0.00000000E+00
#         delta =  0.00000000E+00
#  delta_m^2_21 =  0.81000000E-04
#  delta_m^2_31 =  0.22000000E-02
### WimpAnn run parameters
#  Annihilation channel =         3
#  Generated particles =  t                tbar            
#  WIMP mass =  0.10000000E+05
#  Number of annihilations =   2500000
#  Source = Sun
#...dPhi/dz in  200 bins from 0 to 1
#...Line  1- 6: flux at centre of Sun for neutrino 1-6
#...Line  7-12: flux at surface of Sun for neutrino 1-6
#...Line 13-18: flux at 1 AU from the Sun for neutrino 1-6
#...Line 19-24: flux at surface of Sun for secondary neutrino 1-6
#...Line 25-30: flux at 1 AU from the Sun for secondary neutrino 1-6
 0.445389E+02 0.787328E+01 0.353600E+01 0.210864E+01 0.143792E+01 0.108376E+01 0.862400E+00 0.726800E+00 0.636320E+00 0.572800E+00 0.502320E+00 0.477040E+00 0.448480E+00 0.423360E+00 0.392960E+00 0.381680E+00 0.371920E+00 0.350480E+00 0.339920E+00 0.332400E+00 0.322240E+00 0.315680E+00 0.298960E+00 0.288560E+00 0.285680E+00 0.286480E+00 0.279120E+00 0.269680E+00 0.258160E+00 0.263920E+00 0.261360E+00 0.247760E+00 0.252480E+00 0.242160E+00 0.244880E+00 0.251520E+00 0.235920E+00 0.227040E+00 0.230480E+00 0.231680E+00 0.226080E+00 0.221680E+00 0.213360E+00 0.214160E+00 0.216400E+00 0.210560E+00 0.198400E+00 0.201280E+00 0.201120E+00 0.199600E+00 0.201920E+00 0.187520E+00 0.191040E+00 0.184560E+00 0.184400E+00 0.190960E+00 0.182880E+00 0.188080E+00 0.173520E+00 0.177360E+00 0.170640E+00 0.166960E+00 0.166000E+00 0.160240E+00 0.162400E+00 0.160160E+00 0.156720E+00 0.152880E+00 0.150000E+00 0.150320E+00 0.150640E+00 0.143200E+00 0.143040E+00 0.140080E+00 0.138880E+00 0.134800E+00 0.135600E+00 0.127600E+00 0.134080E+00 0.126320E+00 0.125680E+00 0.123280E+00 0.122240E+00 0.121360E+00 0.118160E+00 0.118640E+00 0.113280E+00 0.114000E+00 0.105680E+00 0.105440E+00 0.100400E+00 0.102880E+00 0.102160E+00 0.971200E-01 0.928800E-01 0.999200E-01 0.919200E-01 0.916800E-01 0.924000E-01 0.836000E-01 0.856000E-01 0.824800E-01 0.817600E-01 0.864800E-01 0.760800E-01 0.784800E-01 0.761600E-01 0.750400E-01 0.697600E-01 0.700800E-01 0.663200E-01 0.668800E-01 0.669600E-01 0.613600E-01 0.622400E-01 0.628000E-01 0.581600E-01 0.566400E-01 0.563200E-01 0.568000E-01 0.528800E-01 0.536800E-01 0.492000E-01 0.496800E-01 0.488000E-01 0.447200E-01 0.459200E-01 0.428000E-01 0.432000E-01 0.398400E-01 0.392800E-01 0.393600E-01 0.373600E-01 0.367200E-01 0.344800E-01 0.376800E-01 0.341600E-01 0.336000E-01 0.340800E-01 0.326400E-01 0.293600E-01 0.297600E-01 0.280800E-01 0.269600E-01 0.273600E-01 0.259200E-01 0.243200E-01 0.224000E-01 0.223200E-01 0.212000E-01 0.213600E-01 0.192000E-01 0.192000E-01 0.188800E-01 0.168800E-01 0.152000E-01 0.160800E-01 0.140800E-01 0.152000E-01 0.123200E-01 0.118400E-01 0.132000E-01 0.123200E-01 0.115200E-01 0.103200E-01 0.109600E-01 0.832000E-02 0.968000E-02 0.808000E-02 0.680000E-02 0.728000E-02 0.608000E-02 0.704000E-02 0.704000E-02 0.592000E-02 0.600000E-02 0.552000E-02 0.400000E-02 0.424000E-02 0.440000E-02 0.352000E-02 0.280000E-02 0.208000E-02 0.176000E-02 0.192000E-02 0.168000E-02 0.144000E-02 0.112000E-02 0.880000E-03 0.480000E-03 0.480000E-03 0.400000E-03 0.320000E-03 0.320000E-03 0.000000E+00 0.240000E-03 0.000000E+00 0.160000E-03 0.000000E+00 0.000000E+00
 0.445350E+02 0.791808E+01 0.358224E+01 0.210640E+01 0.142920E+01 0.109584E+01 0.872800E+00 0.731280E+00 0.648720E+00 0.579680E+00 0.525920E+00 0.477200E+00 0.446320E+00 0.420640E+00 0.401280E+00 0.376320E+00 0.367600E+00 0.355760E+00 0.344480E+00 0.341360E+00 0.320000E+00 0.312560E+00 0.306160E+00 0.290000E+00 0.288160E+00 0.286640E+00 0.273440E+00 0.271920E+00 0.268160E+00 0.255280E+00 0.265600E+00 0.248480E+00 0.261440E+00 0.247600E+00 0.237680E+00 0.250800E+00 0.245920E+00 0.236880E+00 0.231040E+00 0.237440E+00 0.227280E+00 0.226480E+00 0.224560E+00 0.223760E+00 0.220080E+00 0.217280E+00 0.214720E+00 0.206960E+00 0.203520E+00 0.208160E+00 0.202400E+00 0.202400E+00 0.200080E+00 0.192640E+00 0.184560E+00 0.181040E+00 0.183440E+00 0.180320E+00 0.171840E+00 0.166800E+00 0.174240E+00 0.174160E+00 0.162720E+00 0.162880E+00 0.157440E+00 0.163680E+00 0.153520E+00 0.154960E+00 0.147840E+00 0.155760E+00 0.141440E+00 0.144480E+00 0.140560E+00 0.136880E+00 0.144720E+00 0.140480E+00 0.135280E+00 0.131840E+00 0.121600E+00 0.123920E+00 0.123360E+00 0.128400E+00 0.122960E+00 0.117760E+00 0.118160E+00 0.113600E+00 0.111920E+00 0.110240E+00 0.108400E+00 0.104560E+00 0.100320E+00 0.103360E+00 0.100640E+00 0.992800E-01 0.955200E-01 0.916000E-01 0.868800E-01 0.924000E-01 0.899200E-01 0.852800E-01 0.804000E-01 0.808000E-01 0.811200E-01 0.767200E-01 0.762400E-01 0.753600E-01 0.736800E-01 0.772000E-01 0.723200E-01 0.741600E-01 0.660000E-01 0.713600E-01 0.708000E-01 0.633600E-01 0.644800E-01 0.648800E-01 0.556800E-01 0.593600E-01 0.585600E-01 0.595200E-01 0.555200E-01 0.548800E-01 0.464000E-01 0.519200E-01 0.468800E-01 0.487200E-01 0.483200E-01 0.460800E-01 0.442400E-01 0.418400E-01 0.412000E-01 0.406400E-01 0.391200E-01 0.350400E-01 0.343200E-01 0.333600E-01 0.300000E-01 0.332000E-01 0.332000E-01 0.312800E-01 0.288800E-01 0.276000E-01 0.252800E-01 0.260000E-01 0.273600E-01 0.240800E-01 0.244800E-01 0.212800E-01 0.194400E-01 0.212000E-01 0.177600E-01 0.181600E-01 0.164000E-01 0.165600E-01 0.172000E-01 0.172000E-01 0.152000E-01 0.143200E-01 0.124800E-01 0.136800E-01 0.137600E-01 0.109600E-01 0.120800E-01 0.118400E-01 0.113600E-01 0.976000E-02 0.960000E-02 0.792000E-02 0.776000E-02 0.768000E-02 0.784000E-02 0.760000E-02 0.568000E-02 0.472000E-02 0.392000E-02 0.552000E-02 0.528000E-02 0.400000E-02 0.392000E-02 0.328000E-02 0.256000E-02 0.184000E-02 0.216000E-02 0.248000E-02 0.152000E-02 0.160000E-02 0.152000E-02 0.880000E-03 0.640000E-03 0.160000E-03 0.480000E-03 0.320000E-03 0.800000E-04 0.320000E-03 0.320000E-03 0.800000E-04 0.800000E-04 0.000000E+00 0.000000E+00 0.000000E+00
 0.446088E+02 0.785392E+01 0.352088E+01 0.207784E+01 0.142328E+01 0.107840E+01 0.864720E+00 0.728640E+00 0.627280E+00 0.566880E+00 0.516080E+00 0.479120E+00 0.453280E+00 0.412160E+00 0.398560E+00 0.370720E+00 0.371840E+00 0.359200E+00 0.338480E+00 0.321360E+00 0.319600E+00 0.308560E+00 0.302320E+00 0.290320E+00 0.283120E+00 0.283040E+00 0.281040E+00 0.273040E+00 0.260960E+00 0.265520E+00 0.258880E+00 0.252720E+00 0.249440E+00 0.244000E+00 0.245840E+00 0.242720E+00 0.237520E+00 0.224720E+00 0.228320E+00 0.229840E+00 0.228320E+00 0.225600E+00 0.213760E+00 0.216080E+00 0.218720E+00 0.212160E+00 0.208240E+00 0.205360E+00 0.206160E+00 0.207360E+00 0.195440E+00 0.199280E+00 0.192880E+00 0.193520E+00 0.192320E+00 0.181600E+00 0.178880E+00 0.180000E+00 0.179040E+00 0.172240E+00 0.172320E+00 0.166320E+00 0.164560E+00 0.168800E+00 0.163120E+00 0.157200E+00 0.157920E+00 0.152080E+00 0.150560E+00 0.157360E+00 0.144240E+00 0.148400E+00 0.142000E+00 0.136800E+00 0.136400E+00 0.138240E+00 0.135040E+00 0.134720E+00 0.129040E+00 0.131440E+00 0.128880E+00 0.121920E+00 0.125600E+00 0.119680E+00 0.115360E+00 0.111520E+00 0.114640E+00 0.108480E+00 0.109520E+00 0.111600E+00 0.996800E-01 0.105600E+00 0.103520E+00 0.981600E-01 0.913600E-01 0.957600E-01 0.935200E-01 0.942400E-01 0.861600E-01 0.890400E-01 0.816800E-01 0.837600E-01 0.855200E-01 0.800800E-01 0.780800E-01 0.755200E-01 0.734400E-01 0.745600E-01 0.727200E-01 0.688000E-01 0.717600E-01 0.665600E-01 0.670400E-01 0.641600E-01 0.647200E-01 0.605600E-01 0.569600E-01 0.580000E-01 0.554400E-01 0.532800E-01 0.538400E-01 0.496800E-01 0.517600E-01 0.528000E-01 0.503200E-01 0.442400E-01 0.482400E-01 0.445600E-01 0.418400E-01 0.412000E-01 0.384000E-01 0.372800E-01 0.379200E-01 0.371200E-01 0.376800E-01 0.329600E-01 0.364800E-01 0.332800E-01 0.333600E-01 0.289600E-01 0.282400E-01 0.270400E-01 0.280800E-01 0.265600E-01 0.279200E-01 0.248800E-01 0.249600E-01 0.224800E-01 0.223200E-01 0.200000E-01 0.213600E-01 0.202400E-01 0.185600E-01 0.176000E-01 0.189600E-01 0.185600E-01 0.156000E-01 0.153600E-01 0.144000E-01 0.124000E-01 0.117600E-01 0.124800E-01 0.130400E-01 0.107200E-01 0.928000E-02 0.880000E-02 0.960000E-02 0.936000E-02 0.680000E-02 0.768000E-02 0.696000E-02 0.656000E-02 0.664000E-02 0.512000E-02 0.472000E-02 0.616000E-02 0.336000E-02 0.368000E-02 0.296000E-02 0.376000E-02 0.288000E-02 0.216000E-02 0.216000E-02 0.176000E-02 0.128000E-02 0.104000E-02 0.960000E-03 0.880000E-03 0.560000E-03 0.800000E-03 0.560000E-03 0.400000E-03 0.400000E-03 0.320000E-03 0.320000E-03 0.000000E+00 0.000000E+00 0.000000E+00 0.000000E+00 0.000000E+00
 0.445964E+02 0.784744E+01 0.354408E+01 0.210392E+01 0.143544E+01 0.108072E+01 0.860560E+00 0.719360E+00 0.623680E+00 0.564160E+00 0.519920E+00 0.474800E+00 0.440720E+00 0.414720E+00 0.400640E+00 0.375680E+00 0.363920E+00 0.351120E+00 0.340000E+00 0.326640E+00 0.314160E+00 0.324240E+00 0.298080E+00 0.300960E+00 0.287040E+00 0.285520E+00 0.283760E+00 0.270960E+00 0.260320E+00 0.262000E+00 0.262240E+00 0.264400E+00 0.255120E+00 0.258240E+00 0.243440E+00 0.238800E+00 0.236000E+00 0.231760E+00 0.228320E+00 0.231920E+00 0.222640E+00 0.222320E+00 0.220320E+00 0.213120E+00 0.216640E+00 0.208000E+00 0.208960E+00 0.210640E+00 0.203440E+00 0.204160E+00 0.194800E+00 0.190240E+00 0.192720E+00 0.188720E+00 0.190240E+00 0.179280E+00 0.176400E+00 0.176080E+00 0.182320E+00 0.174720E+00 0.172320E+00 0.165600E+00 0.167040E+00 0.156480E+00 0.161440E+00 0.158480E+00 0.159920E+00 0.152480E+00 0.156160E+00 0.147360E+00 0.153840E+00 0.142080E+00 0.140880E+00 0.138400E+00 0.136640E+00 0.142080E+00 0.134240E+00 0.130560E+00 0.133200E+00 0.127360E+00 0.122160E+00 0.123520E+00 0.120000E+00 0.121280E+00 0.121440E+00 0.110000E+00 0.119040E+00 0.115040E+00 0.106320E+00 0.104960E+00 0.105760E+00 0.103200E+00 0.992000E-01 0.976800E-01 0.100960E+00 0.904000E-01 0.923200E-01 0.965600E-01 0.888000E-01 0.858400E-01 0.871200E-01 0.832000E-01 0.821600E-01 0.790400E-01 0.831200E-01 0.737600E-01 0.793600E-01 0.738400E-01 0.717600E-01 0.696000E-01 0.655200E-01 0.690400E-01 0.672000E-01 0.667200E-01 0.632000E-01 0.609600E-01 0.608000E-01 0.582400E-01 0.600800E-01 0.555200E-01 0.500800E-01 0.508000E-01 0.497600E-01 0.514400E-01 0.500000E-01 0.472800E-01 0.434400E-01 0.448000E-01 0.417600E-01 0.437600E-01 0.392000E-01 0.414400E-01 0.388800E-01 0.378400E-01 0.356000E-01 0.361600E-01 0.322400E-01 0.320800E-01 0.296000E-01 0.300000E-01 0.305600E-01 0.259200E-01 0.289600E-01 0.250400E-01 0.234400E-01 0.236800E-01 0.243200E-01 0.235200E-01 0.207200E-01 0.208000E-01 0.198400E-01 0.196800E-01 0.177600E-01 0.196000E-01 0.178400E-01 0.179200E-01 0.131200E-01 0.154400E-01 0.135200E-01 0.138400E-01 0.116800E-01 0.121600E-01 0.108800E-01 0.121600E-01 0.111200E-01 0.116800E-01 0.896000E-02 0.920000E-02 0.944000E-02 0.768000E-02 0.696000E-02 0.608000E-02 0.584000E-02 0.352000E-02 0.584000E-02 0.408000E-02 0.496000E-02 0.552000E-02 0.400000E-02 0.336000E-02 0.256000E-02 0.272000E-02 0.160000E-02 0.136000E-02 0.160000E-02 0.120000E-02 0.128000E-02 0.104000E-02 0.144000E-02 0.720000E-03 0.800000E-03 0.480000E-03 0.480000E-03 0.240000E-03 0.160000E-03 0.000000E+00 0.000000E+00 0.000000E+00 0.000000E+00 0.000000E+00
 0.161535E+02 0.488336E+01 0.284752E+01 0.208040E+01 0.166456E+01 0.143496E+01 0.126176E+01 0.115344E+01 0.103488E+01 0.970240E+00 0.888320E+00 0.840320E+00 0.788800E+00 0.754240E+00 0.718480E+00 0.680800E+00 0.643200E+00 0.624480E+00 0.588000E+00 0.568160E+00 0.544720E+00 0.526400E+00 0.506960E+00 0.479200E+00 0.481600E+00 0.450080E+00 0.446000E+00 0.430720E+00 0.413680E+00 0.404400E+00 0.391680E+00 0.373840E+00 0.371680E+00 0.367440E+00 0.348960E+00 0.337840E+00 0.335920E+00 0.331600E+00 0.306880E+00 0.317920E+00 0.306800E+00 0.307840E+00 0.299200E+00 0.291600E+00 0.278880E+00 0.283200E+00 0.271680E+00 0.264880E+00 0.254320E+00 0.249600E+00 0.240960E+00 0.244320E+00 0.237520E+00 0.236880E+00 0.232800E+00 0.222640E+00 0.220240E+00 0.213120E+00 0.211920E+00 0.203280E+00 0.196560E+00 0.197440E+00 0.187520E+00 0.192400E+00 0.181280E+00 0.186640E+00 0.182240E+00 0.179440E+00 0.176560E+00 0.172240E+00 0.163200E+00 0.163440E+00 0.159120E+00 0.156080E+00 0.152960E+00 0.149920E+00 0.147280E+00 0.148080E+00 0.136880E+00 0.139760E+00 0.132960E+00 0.128000E+00 0.132400E+00 0.128640E+00 0.126000E+00 0.121840E+00 0.116080E+00 0.121280E+00 0.116000E+00 0.118320E+00 0.114880E+00 0.111520E+00 0.112720E+00 0.101440E+00 0.998400E-01 0.104480E+00 0.961600E-01 0.931200E-01 0.944000E-01 0.926400E-01 0.896000E-01 0.860800E-01 0.894400E-01 0.866400E-01 0.796800E-01 0.815200E-01 0.796800E-01 0.753600E-01 0.750400E-01 0.776800E-01 0.710400E-01 0.709600E-01 0.680000E-01 0.658400E-01 0.660000E-01 0.644000E-01 0.596000E-01 0.598400E-01 0.579200E-01 0.558400E-01 0.516800E-01 0.522400E-01 0.488800E-01 0.546400E-01 0.527200E-01 0.444800E-01 0.422400E-01 0.465600E-01 0.412800E-01 0.408000E-01 0.424800E-01 0.417600E-01 0.384000E-01 0.431200E-01 0.393600E-01 0.338400E-01 0.352800E-01 0.331200E-01 0.324000E-01 0.310400E-01 0.329600E-01 0.289600E-01 0.274400E-01 0.247200E-01 0.259200E-01 0.264000E-01 0.242400E-01 0.211200E-01 0.210400E-01 0.219200E-01 0.190400E-01 0.219200E-01 0.192800E-01 0.179200E-01 0.185600E-01 0.162400E-01 0.146400E-01 0.131200E-01 0.131200E-01 0.114400E-01 0.133600E-01 0.109600E-01 0.104000E-01 0.112000E-01 0.115200E-01 0.100800E-01 0.776000E-02 0.768000E-02 0.760000E-02 0.792000E-02 0.784000E-02 0.712000E-02 0.568000E-02 0.600000E-02 0.512000E-02 0.552000E-02 0.336000E-02 0.352000E-02 0.368000E-02 0.384000E-02 0.312000E-02 0.304000E-02 0.264000E-02 0.160000E-02 0.176000E-02 0.184000E-02 0.136000E-02 0.136000E-02 0.720000E-03 0.640000E-03 0.480000E-03 0.800000E-04 0.240000E-03 0.000000E+00 0.800000E-04 0.800000E-04 0.800000E-04 0.000000E+00 0.000000E+00 0.000000E+00
 0.161560E+02 0.490000E+01 0.285120E+01 0.207576E+01 0.167312E+01 0.143048E+01 0.127576E+01 0.113456E+01 0.104240E+01 0.962880E+00 0.899040E+00 0.835120E+00 0.774640E+00 0.740240E+00 0.709920E+00 0.673360E+00 0.655920E+00 0.617360E+00 0.593120E+00 0.572160E+00 0.547920E+00 0.519840E+00 0.508160E+00 0.493440E+00 0.468400E+00 0.449440E+00 0.452480E+00 0.436000E+00 0.422960E+00 0.415920E+00 0.390880E+00 0.382560E+00 0.368640E+00 0.363840E+00 0.350000E+00 0.339280E+00 0.335440E+00 0.333200E+00 0.314560E+00 0.313120E+00 0.317840E+00 0.304720E+00 0.290480E+00 0.285200E+00 0.286880E+00 0.282160E+00 0.268400E+00 0.258240E+00 0.261360E+00 0.246160E+00 0.250480E+00 0.247280E+00 0.240720E+00 0.230560E+00 0.221120E+00 0.219200E+00 0.211600E+00 0.226080E+00 0.216880E+00 0.201840E+00 0.204160E+00 0.201760E+00 0.190560E+00 0.193760E+00 0.184240E+00 0.184240E+00 0.175440E+00 0.176640E+00 0.174640E+00 0.168320E+00 0.171040E+00 0.164640E+00 0.163120E+00 0.157280E+00 0.154320E+00 0.155440E+00 0.145920E+00 0.147520E+00 0.139120E+00 0.132240E+00 0.134640E+00 0.133760E+00 0.133920E+00 0.128560E+00 0.126480E+00 0.123200E+00 0.119920E+00 0.113200E+00 0.119040E+00 0.116560E+00 0.110320E+00 0.109280E+00 0.106400E+00 0.102800E+00 0.102160E+00 0.102080E+00 0.101200E+00 0.969600E-01 0.920000E-01 0.873600E-01 0.875200E-01 0.903200E-01 0.844800E-01 0.836000E-01 0.769600E-01 0.768800E-01 0.740800E-01 0.776000E-01 0.743200E-01 0.699200E-01 0.715200E-01 0.722400E-01 0.683200E-01 0.643200E-01 0.668000E-01 0.648000E-01 0.591200E-01 0.568800E-01 0.564800E-01 0.572000E-01 0.540800E-01 0.548800E-01 0.501600E-01 0.506400E-01 0.513600E-01 0.488800E-01 0.467200E-01 0.447200E-01 0.453600E-01 0.426400E-01 0.413600E-01 0.376800E-01 0.377600E-01 0.369600E-01 0.368800E-01 0.356800E-01 0.340000E-01 0.352800E-01 0.329600E-01 0.304800E-01 0.280000E-01 0.266400E-01 0.266400E-01 0.269600E-01 0.226400E-01 0.240800E-01 0.224800E-01 0.232800E-01 0.203200E-01 0.216800E-01 0.185600E-01 0.195200E-01 0.178400E-01 0.173600E-01 0.187200E-01 0.159200E-01 0.154400E-01 0.136000E-01 0.138400E-01 0.148800E-01 0.105600E-01 0.120800E-01 0.117600E-01 0.992000E-02 0.912000E-02 0.928000E-02 0.832000E-02 0.904000E-02 0.840000E-02 0.840000E-02 0.608000E-02 0.656000E-02 0.600000E-02 0.576000E-02 0.536000E-02 0.560000E-02 0.336000E-02 0.344000E-02 0.336000E-02 0.272000E-02 0.336000E-02 0.320000E-02 0.224000E-02 0.216000E-02 0.200000E-02 0.720000E-03 0.152000E-02 0.112000E-02 0.960000E-03 0.960000E-03 0.400000E-03 0.720000E-03 0.240000E-03 0.320000E-03 0.240000E-03 0.000000E+00 0.800000E-04 0.000000E+00 0.000000E+00 0.000000E+00
 0.527298E+02 0.670288E+01 0.231976E+01 0.105912E+01 0.546480E+00 0.318720E+00 0.174880E+00 0.110160E+00 0.740000E-01 0.447200E-01 0.319200E-01 0.208000E-01 0.144800E-01 0.984000E-02 0.512000E-02 0.400000E-02 0.424000E-02 0.224000E-02 0.104000E-02 0.104000E-02 0.480000E-03 0.480000E-03 0.400000E-03 0.160000E-03 0.160000E-03 0.160000E-03 0.240000E-03 0.800000E-04 0.000000E+00 0.800000E-04 0.000000E+00 0.000000E+00 0.000000E+00 0.000000E+00 0.000000E+00 0.000000E+00 0.000000E+00 0.000000E+00 0.000000E+00 0.000000E+00 0.000000E+00 0.000000E+00 0.000000E+00 0.000000E+00 0.000000E+00 0.000000E+00 0.000000E+00 0.000000E+00 0.000000E+00 0.000000E+00 0.000000E+00 0.000000E+00 0.000000E+00 0.000000E+00 0.000000E+00 0.000000E+00 0.000000E+00 0.000000E+00 0.000000E+00 0.000000E+00 0.000000E+00 0.000000E+00 0.000000E+00 0.000000E+00 0.000000E+00 0.000000E+00 0.000000E+00 0.000000E+00 0.000000E+00 0.000000E+00 0.000000E+00 0.000000E+00 0.000000E+00 0.000000E+00 0.000000E+00 0.000000E+00 0.000000E+00 0.000000E+00 0.000000E+00 0.000000E+00 0.000000E+00 0.000000E+00 0.000000E+00 0.000000E+00 0.000000E+00 0.000000E+00 0.000000E+00 0.000000E+00 0.000000E+00 0.000000E+00 0.000000E+00 0.000000E+00 0.000000E+00 0.000000E+00 0.000000E+00 0.000000E+00 0.000000E+00 0.000000E+00 0.000000E+00 0.000000E+00 0.000000E+00 0.000000E+00 0.000000E+00 0.000000E+00 0.000000E+00 0.000000E+00 0.000000E+00 0.000000E+00 0.000000E+00 0.000000E+00 0.000000E+00 0.000000E+00 0.000000E+00 0.000000E+00 0.000000E+00 0.000000E+00 0.000000E+00 0.000000E+00 0.000000E+00 0.000000E+00 0.000000E+00 0.000000E+00 0.000000E+00 0.000000E+00 0.000000E+00 0.000000E+00 0.000000E+00 0.000000E+00 0.000000E+00 0.000000E+00 0.000000E+00 0.000000E+00 0.000000E+00 0.000000E+00 0.000000E+00 0.000000E+00 0.000000E+00 0.000000E+00 0.000000E+00 0.000000E+00 0.000000E+00 0.000000E+00 0.000000E+00 0.000000E+00 0.000000E+00 0.000000E+00 0.000000E+00 0.000000E+00 0.000000E+00 0.000000E+00 0.000000E+00 0.000000E+00 0.000000E+00 0.000000E+00 0.000000E+00 0.000000E+00 0.000000E+00 0.000000E+00 0.000000E+00 0.000000E+00 0.000000E+00 0.000000E+00 0.000000E+00 0.000000E+00 0.000000E+00 0.000000E+00 0.000000E+00 0.000000E+00 0.000000E+00 0.000000E+00 0.000000E+00 0.000000E+00 0.000000E+00 0.000000E+00 0.000000E+00 0.000000E+00 0.000000E+00 0.000000E+00 0.000000E+00 0.000000E+00 0.000000E+00 0.000000E+00 0.000000E+00 0.000000E+00 0.000000E+00 0.000000E+00 0.000000E+00 0.000000E+00 0.000000E+00 0.000000E+00 0.000000E+00 0.000000E+00 0.000000E+00 0.000000E+00 0.000000E+00 0.000000E+00 0.000000E+00 0.000000E+00 0.000000E+00 0.000000E+00
 0.532512E+02 0.750400E+01 0.291888E+01 0.144624E+01 0.820000E+00 0.516720E+00 0.333840E+00 0.228000E+00 0.162400E+00 0.118480E+00 0.804800E-01 0.628000E-01 0.438400E-01 0.332800E-01 0.291200E-01 0.183200E-01 0.168000E-01 0.130400E-01 0.904000E-02 0.712000E-02 0.472000E-02 0.472000E-02 0.384000E-02 0.200000E-02 0.184000E-02 0.168000E-02 0.152000E-02 0.640000E-03 0.640000E-03 0.104000E-02 0.880000E-03 0.800000E-03 0.000000E+00 0.320000E-03 0.240000E-03 0.800000E-04 0.240000E-03 0.000000E+00 0.160000E-03 0.800000E-04 0.800000E-04 0.000000E+00 0.800000E-04 0.000000E+00 0.000000E+00 0.000000E+00 0.000000E+00 0.000000E+00 0.000000E+00 0.000000E+00 0.000000E+00 0.000000E+00 0.000000E+00 0.000000E+00 0.000000E+00 0.000000E+00 0.000000E+00 0.000000E+00 0.000000E+00 0.000000E+00 0.000000E+00 0.000000E+00 0.000000E+00 0.000000E+00 0.000000E+00 0.000000E+00 0.000000E+00 0.000000E+00 0.000000E+00 0.000000E+00 0.000000E+00 0.000000E+00 0.000000E+00 0.000000E+00 0.000000E+00 0.000000E+00 0.000000E+00 0.000000E+00 0.000000E+00 0.000000E+00 0.000000E+00 0.000000E+00 0.000000E+00 0.000000E+00 0.000000E+00 0.000000E+00 0.000000E+00 0.000000E+00 0.000000E+00 0.000000E+00 0.000000E+00 0.000000E+00 0.000000E+00 0.000000E+00 0.000000E+00 0.000000E+00 0.000000E+00 0.000000E+00 0.000000E+00 0.000000E+00 0.000000E+00 0.000000E+00 0.000000E+00 0.000000E+00 0.000000E+00 0.000000E+00 0.000000E+00 0.000000E+00 0.000000E+00 0.000000E+00 0.000000E+00 0.000000E+00 0.000000E+00 0.000000E+00 0.000000E+00 0.000000E+00 0.000000E+00 0.000000E+00 0.000000E+00 0.000000E+00 0.000000E+00 0.000000E+00 0.000000E+00 0.000000E+00 0.000000E+00 0.000000E+00 0.000000E+00 0.000000E+00 0.000000E+00 0.000000E+00 0.000000E+00 0.000000E+00 0.000000E+00 0.000000E+00 0.000000E+00 0.000000E+00 0.000000E+00 0.000000E+00 0.000000E+00 0.000000E+00 0.000000E+00 0.000000E+00 0.000000E+00 0.000000E+00 0.000000E+00 0.000000E+00 0.000000E+00 0.000000E+00 0.000000E+00 0.000000E+00 0.000000E+00 0.000000E+00 0.000000E+00 0.000000E+00 0.000000E+00 0.000000E+00 0.000000E+00 0.000000E+00 0.000000E+00 0.000000E+00 0.000000E+00 0.000000E+00 0.000000E+00 0.000000E+00 0.000000E+00 0.000000E+00 0.000000E+00 0.000000E+00 0.000000E+00 0.000000E+00 0.000000E+00 0.000000E+00 0.000000E+00 0.000000E+00 0.000000E+00 0.000000E+00 0.000000E+00 0.000000E+00 0.000000E+00 0.000000E+00 0.000000E+00 0.000000E+00 0.000000E+00 0.000000E+00 0.000000E+00 0.000000E+00 0.000000E+00 0.000000E+00 0.000000E+00 0.000000E+00 0.000000E+00 0.000000E+00 0.000000E+00 0.000000E+00 0.000000E+00 0.000000E+00 0.000000E+00 0.000000E+00 0.000000E+00 0.000000E+00
 0.525270E+02 0.663128E+01 0.232384E+01 0.102872E+01 0.536400E+00 0.308800E+00 0.178640E+00 0.109040E+00 0.677600E-01 0.455200E-01 0.296000E-01 0.207200E-01 0.143200E-01 0.976000E-02 0.592000E-02 0.408000E-02 0.248000E-02 0.240000E-02 0.160000E-02 0.136000E-02 0.960000E-03 0.240000E-03 0.240000E-03 0.240000E-03 0.400000E-03 0.320000E-03 0.160000E-03 0.000000E+00 0.000000E+00 0.000000E+00 0.000000E+00 0.000000E+00 0.000000E+00 0.000000E+00 0.000000E+00 0.000000E+00 0.000000E+00 0.000000E+00 0.000000E+00 0.000000E+00 0.000000E+00 0.000000E+00 0.000000E+00 0.800000E-04 0.000000E+00 0.000000E+00 0.000000E+00 0.000000E+00 0.000000E+00 0.000000E+00 0.000000E+00 0.000000E+00 0.000000E+00 0.000000E+00 0.000000E+00 0.000000E+00 0.000000E+00 0.000000E+00 0.000000E+00 0.000000E+00 0.000000E+00 0.000000E+00 0.000000E+00 0.000000E+00 0.000000E+00 0.000000E+00 0.000000E+00 0.000000E+00 0.000000E+00 0.000000E+00 0.000000E+00 0.000000E+00 0.000000E+00 0.000000E+00 0.000000E+00 0.000000E+00 0.000000E+00 0.000000E+00 0.000000E+00 0.000000E+00 0.000000E+00 0.000000E+00 0.000000E+00 0.000000E+00 0.000000E+00 0.000000E+00 0.000000E+00 0.000000E+00 0.000000E+00 0.000000E+00 0.000000E+00 0.000000E+00 0.000000E+00 0.000000E+00 0.000000E+00 0.000000E+00 0.000000E+00 0.000000E+00 0.000000E+00 0.000000E+00 0.000000E+00 0.000000E+00 0.000000E+00 0.000000E+00 0.000000E+00 0.000000E+00 0.000000E+00 0.000000E+00 0.000000E+00 0.000000E+00 0.000000E+00 0.000000E+00 0.000000E+00 0.000000E+00 0.000000E+00 0.000000E+00 0.000000E+00 0.000000E+00 0.000000E+00 0.000000E+00 0.000000E+00 0.000000E+00 0.000000E+00 0.000000E+00 0.000000E+00 0.000000E+00 0.000000E+00 0.000000E+00 0.000000E+00 0.000000E+00 0.000000E+00 0.000000E+00 0.000000E+00 0.000000E+00 0.000000E+00 0.000000E+00 0.000000E+00 0.000000E+00 0.000000E+00 0.000000E+00 0.000000E+00 0.000000E+00 0.000000E+00 0.000000E+00 0.000000E+00 0.000000E+00 0.000000E+00 0.000000E+00 0.000000E+00 0.000000E+00 0.000000E+00 0.000000E+00 0.000000E+00 0.000000E+00 0.000000E+00 0.000000E+00 0.000000E+00 0.000000E+00 0.000000E+00 0.000000E+00 0.000000E+00 0.000000E+00 0.000000E+00 0.000000E+00 0.000000E+00 0.000000E+00 0.000000E+00 0.000000E+00 0.000000E+00 0.000000E+00 0.000000E+00 0.000000E+00 0.000000E+00 0.000000E+00 0.000000E+00 0.000000E+00 0.000000E+00 0.000000E+00 0.000000E+00 0.000000E+00 0.000000E+00 0.000000E+00 0.000000E+00 0.000000E+00 0.000000E+00 0.000000E+00 0.000000E+00 0.000000E+00 0.000000E+00 0.000000E+00 0.000000E+00 0.000000E+00 0.000000E+00 0.000000E+00 0.000000E+00 0.000000E+00 0.000000E+00 0.000000E+00 0.000000E+00 0.000000E+00
 0.530808E+02 0.745608E+01 0.287048E+01 0.143208E+01 0.815680E+00 0.497760E+00 0.327440E+00 0.223680E+00 0.154000E+00 0.114880E+00 0.867200E-01 0.625600E-01 0.456000E-01 0.345600E-01 0.276000E-01 0.198400E-01 0.140800E-01 0.125600E-01 0.960000E-02 0.736000E-02 0.680000E-02 0.472000E-02 0.320000E-02 0.240000E-02 0.120000E-02 0.168000E-02 0.800000E-03 0.128000E-02 0.800000E-03 0.640000E-03 0.480000E-03 0.400000E-03 0.560000E-03 0.160000E-03 0.880000E-03 0.800000E-04 0.800000E-04 0.000000E+00 0.000000E+00 0.000000E+00 0.000000E+00 0.000000E+00 0.000000E+00 0.800000E-04 0.000000E+00 0.000000E+00 0.000000E+00 0.000000E+00 0.000000E+00 0.000000E+00 0.000000E+00 0.000000E+00 0.000000E+00 0.000000E+00 0.000000E+00 0.000000E+00 0.000000E+00 0.000000E+00 0.000000E+00 0.000000E+00 0.000000E+00 0.000000E+00 0.000000E+00 0.000000E+00 0.000000E+00 0.000000E+00 0.000000E+00 0.000000E+00 0.000000E+00 0.000000E+00 0.000000E+00 0.000000E+00 0.000000E+00 0.000000E+00 0.000000E+00 0.000000E+00 0.000000E+00 0.000000E+00 0.000000E+00 0.000000E+00 0.000000E+00 0.000000E+00 0.000000E+00 0.000000E+00 0.000000E+00 0.000000E+00 0.000000E+00 0.000000E+00 0.000000E+00 0.000000E+00 0.000000E+00 0.000000E+00 0.000000E+00 0.000000E+00 0.000000E+00 0.000000E+00 0.000000E+00 0.000000E+00 0.000000E+00 0.000000E+00 0.000000E+00 0.000000E+00 0.000000E+00 0.000000E+00 0.000000E+00 0.000000E+00 0.000000E+00 0.000000E+00 0.000000E+00 0.000000E+00 0.000000E+00 0.000000E+00 0.000000E+00 0.000000E+00 0.000000E+00 0.000000E+00 0.000000E+00 0.000000E+00 0.000000E+00 0.000000E+00 0.000000E+00 0.000000E+00 0.000000E+00 0.000000E+00 0.000000E+00 0.000000E+00 0.000000E+00 0.000000E+00 0.000000E+00 0.000000E+00 0.000000E+00 0.000000E+00 0.000000E+00 0.000000E+00 0.000000E+00 0.000000E+00 0.000000E+00 0.000000E+00 0.000000E+00 0.000000E+00 0.000000E+00 0.000000E+00 0.000000E+00 0.000000E+00 0.000000E+00 0.000000E+00 0.000000E+00 0.000000E+00 0.000000E+00 0.000000E+00 0.000000E+00 0.000000E+00 0.000000E+00 0.000000E+00 0.000000E+00 0.000000E+00 0.000000E+00 0.000000E+00 0.000000E+00 0.000000E+00 0.000000E+00 0.000000E+00 0.000000E+00 0.000000E+00 0.000000E+00 0.000000E+00 0.000000E+00 0.000000E+00 0.000000E+00 0.000000E+00 0.000000E+00 0.000000E+00 0.000000E+00 0.000000E+00 0.000000E+00 0.000000E+00 0.000000E+00 0.000000E+00 0.000000E+00 0.000000E+00 0.000000E+00 0.000000E+00 0.000000E+00 0.000000E+00 0.000000E+00 0.000000E+00 0.000000E+00 0.000000E+00 0.000000E+00 0.000000E+00 0.000000E+00 0.000000E+00 0.000000E+00 0.000000E+00 0.000000E+00 0.000000E+00 0.000000E+00 0.000000E+00 0.000000E+00 0.000000E+00
 0.532691E+02 0.482440E+01 0.203888E+01 0.105344E+01 0.610560E+00 0.382160E+00 0.234640E+00 0.155360E+00 0.101840E+00 0.724800E-01 0.460000E-01 0.316800E-01 0.225600E-01 0.148000E-01 0.992000E-02 0.664000E-02 0.424000E-02 0.344000E-02 0.280000E-02 0.200000E-02 0.104000E-02 0.168000E-02 0.320000E-03 0.560000E-03 0.320000E-03 0.160000E-03 0.800000E-04 0.160000E-03 0.000000E+00 0.800000E-04 0.000000E+00 0.800000E-04 0.000000E+00 0.000000E+00 0.000000E+00 0.800000E-04 0.000000E+00 0.000000E+00 0.000000E+00 0.000000E+00 0.000000E+00 0.000000E+00 0.000000E+00 0.000000E+00 0.000000E+00 0.000000E+00 0.000000E+00 0.000000E+00 0.000000E+00 0.000000E+00 0.000000E+00 0.000000E+00 0.000000E+00 0.000000E+00 0.000000E+00 0.000000E+00 0.000000E+00 0.000000E+00 0.000000E+00 0.000000E+00 0.000000E+00 0.000000E+00 0.000000E+00 0.000000E+00 0.000000E+00 0.000000E+00 0.000000E+00 0.000000E+00 0.000000E+00 0.000000E+00 0.000000E+00 0.000000E+00 0.000000E+00 0.000000E+00 0.000000E+00 0.000000E+00 0.000000E+00 0.000000E+00 0.000000E+00 0.000000E+00 0.000000E+00 0.000000E+00 0.000000E+00 0.000000E+00 0.000000E+00 0.000000E+00 0.000000E+00 0.000000E+00 0.000000E+00 0.000000E+00 0.000000E+00 0.000000E+00 0.000000E+00 0.000000E+00 0.000000E+00 0.000000E+00 0.000000E+00 0.000000E+00 0.000000E+00 0.000000E+00 0.000000E+00 0.000000E+00 0.000000E+00 0.000000E+00 0.000000E+00 0.000000E+00 0.000000E+00 0.000000E+00 0.000000E+00 0.000000E+00 0.000000E+00 0.000000E+00 0.000000E+00 0.000000E+00 0.000000E+00 0.000000E+00 0.000000E+00 0.000000E+00 0.000000E+00 0.000000E+00 0.000000E+00 0.000000E+00 0.000000E+00 0.000000E+00 0.000000E+00 0.000000E+00 0.000000E+00 0.000000E+00 0.000000E+00 0.000000E+00 0.000000E+00 0.000000E+00 0.000000E+00 0.000000E+00 0.000000E+00 0.000000E+00 0.000000E+00 0.000000E+00 0.000000E+00 0.000000E+00 0.000000E+00 0.000000E+00 0.000000E+00 0.000000E+00 0.000000E+00 0.000000E+00 0.000000E+00 0.000000E+00 0.000000E+00 0.000000E+00 0.000000E+00 0.000000E+00 0.000000E+00 0.000000E+00 0.000000E+00 0.000000E+00 0.000000E+00 0.000000E+00 0.000000E+00 0.000000E+00 0.000000E+00 0.000000E+00 0.000000E+00 0.000000E+00 0.000000E+00 0.000000E+00 0.000000E+00 0.000000E+00 0.000000E+00 0.000000E+00 0.000000E+00 0.000000E+00 0.000000E+00 0.000000E+00 0.000000E+00 0.000000E+00 0.000000E+00 0.000000E+00 0.000000E+00 0.000000E+00 0.000000E+00 0.000000E+00 0.000000E+00 0.000000E+00 0.000000E+00 0.000000E+00 0.000000E+00 0.000000E+00 0.000000E+00 0.000000E+00 0.000000E+00 0.000000E+00 0.000000E+00 0.000000E+00 0.000000E+00 0.000000E+00 0.000000E+00 0.000000E+00 0.000000E+00 0.000000E+00
 0.480056E+02 0.609272E+01 0.294632E+01 0.173144E+01 0.110264E+01 0.770160E+00 0.545040E+00 0.386000E+00 0.285440E+00 0.212160E+00 0.158640E+00 0.113120E+00 0.872000E-01 0.680000E-01 0.516000E-01 0.382400E-01 0.313600E-01 0.235200E-01 0.184000E-01 0.143200E-01 0.109600E-01 0.928000E-02 0.616000E-02 0.536000E-02 0.432000E-02 0.312000E-02 0.192000E-02 0.200000E-02 0.144000E-02 0.960000E-03 0.128000E-02 0.960000E-03 0.320000E-03 0.240000E-03 0.480000E-03 0.240000E-03 0.240000E-03 0.800000E-04 0.160000E-03 0.800000E-04 0.240000E-03 0.000000E+00 0.000000E+00 0.160000E-03 0.800000E-04 0.000000E+00 0.000000E+00 0.000000E+00 0.800000E-04 0.000000E+00 0.000000E+00 0.000000E+00 0.000000E+00 0.000000E+00 0.000000E+00 0.000000E+00 0.000000E+00 0.000000E+00 0.000000E+00 0.000000E+00 0.000000E+00 0.000000E+00 0.000000E+00 0.000000E+00 0.000000E+00 0.000000E+00 0.000000E+00 0.000000E+00 0.000000E+00 0.000000E+00 0.000000E+00 0.000000E+00 0.000000E+00 0.000000E+00 0.000000E+00 0.000000E+00 0.000000E+00 0.000000E+00 0.000000E+00 0.000000E+00 0.000000E+00 0.000000E+00 0.000000E+00 0.000000E+00 0.000000E+00 0.000000E+00 0.000000E+00 0.000000E+00 0.000000E+00 0.000000E+00 0.000000E+00 0.000000E+00 0.000000E+00 0.000000E+00 0.000000E+00 0.000000E+00 0.000000E+00 0.000000E+00 0.000000E+00 0.000000E+00 0.000000E+00 0.000000E+00 0.000000E+00 0.000000E+00 0.000000E+00 0.000000E+00 0.000000E+00 0.000000E+00 0.000000E+00 0.000000E+00 0.000000E+00 0.000000E+00 0.000000E+00 0.000000E+00 0.000000E+00 0.000000E+00 0.000000E+00 0.000000E+00 0.000000E+00 0.000000E+00 0.000000E+00 0.000000E+00 0.000000E+00 0.000000E+00 0.000000E+00 0.000000E+00 0.000000E+00 0.000000E+00 0.000000E+00 0.000000E+00 0.000000E+00 0.000000E+00 0.000000E+00 0.000000E+00 0.000000E+00 0.000000E+00 0.000000E+00 0.000000E+00 0.000000E+00 0.000000E+00 0.000000E+00 0.000000E+00 0.000000E+00 0.000000E+00 0.000000E+00 0.000000E+00 0.000000E+00 0.000000E+00 0.000000E+00 0.000000E+00 0.000000E+00 0.000000E+00 0.000000E+00 0.000000E+00 0.000000E+00 0.000000E+00 0.000000E+00 0.000000E+00 0.000000E+00 0.000000E+00 0.000000E+00 0.000000E+00 0.000000E+00 0.000000E+00 0.000000E+00 0.000000E+00 0.000000E+00 0.000000E+00 0.000000E+00 0.000000E+00 0.000000E+00 0.000000E+00 0.000000E+00 0.000000E+00 0.000000E+00 0.000000E+00 0.000000E+00 0.000000E+00 0.000000E+00 0.000000E+00 0.000000E+00 0.000000E+00 0.000000E+00 0.000000E+00 0.000000E+00 0.000000E+00 0.000000E+00 0.000000E+00 0.000000E+00 0.000000E+00 0.000000E+00 0.000000E+00 0.000000E+00 0.000000E+00 0.000000E+00 0.000000E+00 0.000000E+00 0.000000E+00 0.000000E+00 0.000000E+00
 0.527298E+02 0.670288E+01 0.231976E+01 0.105912E+01 0.546480E+00 0.318720E+00 0.174880E+00 0.110160E+00 0.740000E-01 0.447200E-01 0.319200E-01 0.208000E-01 0.144800E-01 0.984000E-02 0.512000E-02 0.400000E-02 0.424000E-02 0.224000E-02 0.104000E-02 0.104000E-02 0.480000E-03 0.480000E-03 0.400000E-03 0.160000E-03 0.160000E-03 0.160000E-03 0.240000E-03 0.800000E-04 0.000000E+00 0.800000E-04 0.000000E+00 0.000000E+00 0.000000E+00 0.000000E+00 0.000000E+00 0.000000E+00 0.000000E+00 0.000000E+00 0.000000E+00 0.000000E+00 0.000000E+00 0.000000E+00 0.000000E+00 0.000000E+00 0.000000E+00 0.000000E+00 0.000000E+00 0.000000E+00 0.000000E+00 0.000000E+00 0.000000E+00 0.000000E+00 0.000000E+00 0.000000E+00 0.000000E+00 0.000000E+00 0.000000E+00 0.000000E+00 0.000000E+00 0.000000E+00 0.000000E+00 0.000000E+00 0.000000E+00 0.000000E+00 0.000000E+00 0.000000E+00 0.000000E+00 0.000000E+00 0.000000E+00 0.000000E+00 0.000000E+00 0.000000E+00 0.000000E+00 0.000000E+00 0.000000E+00 0.000000E+00 0.000000E+00 0.000000E+00 0.000000E+00 0.000000E+00 0.000000E+00 0.000000E+00 0.000000E+00 0.000000E+00 0.000000E+00 0.000000E+00 0.000000E+00 0.000000E+00 0.000000E+00 0.000000E+00 0.000000E+00 0.000000E+00 0.000000E+00 0.000000E+00 0.000000E+00 0.000000E+00 0.000000E+00 0.000000E+00 0.000000E+00 0.000000E+00 0.000000E+00 0.000000E+00 0.000000E+00 0.000000E+00 0.000000E+00 0.000000E+00 0.000000E+00 0.000000E+00 0.000000E+00 0.000000E+00 0.000000E+00 0.000000E+00 0.000000E+00 0.000000E+00 0.000000E+00 0.000000E+00 0.000000E+00 0.000000E+00 0.000000E+00 0.000000E+00 0.000000E+00 0.000000E+00 0.000000E+00 0.000000E+00 0.000000E+00 0.000000E+00 0.000000E+00 0.000000E+00 0.000000E+00 0.000000E+00 0.000000E+00 0.000000E+00 0.000000E+00 0.000000E+00 0.000000E+00 0.000000E+00 0.000000E+00 0.000000E+00 0.000000E+00 0.000000E+00 0.000000E+00 0.000000E+00 0.000000E+00 0.000000E+00 0.000000E+00 0.000000E+00 0.000000E+00 0.000000E+00 0.000000E+00 0.000000E+00 0.000000E+00 0.000000E+00 0.000000E+00 0.000000E+00 0.000000E+00 0.000000E+00 0.000000E+00 0.000000E+00 0.000000E+00 0.000000E+00 0.000000E+00 0.000000E+00 0.000000E+00 0.000000E+00 0.000000E+00 0.000000E+00 0.000000E+00 0.000000E+00 0.000000E+00 0.000000E+00 0.000000E+00 0.000000E+00 0.000000E+00 0.000000E+00 0.000000E+00 0.000000E+00 0.000000E+00 0.000000E+00 0.000000E+00 0.000000E+00 0.000000E+00 0.000000E+00 0.000000E+00 0.000000E+00 0.000000E+00 0.000000E+00 0.000000E+00 0.000000E+00 0.000000E+00 0.000000E+00 0.000000E+00 0.000000E+00 0.000000E+00 0.000000E+00 0.000000E+00 0.000000E+00 0.000000E+00 0.000000E+00 0.000000E+00 0.000000E+00
 0.532512E+02 0.750400E+01 0.291888E+01 0.144624E+01 0.820000E+00 0.516720E+00 0.333840E+00 0.228000E+00 0.162400E+00 0.118480E+00 0.804800E-01 0.628000E-01 0.438400E-01 0.332800E-01 0.291200E-01 0.183200E-01 0.168000E-01 0.130400E-01 0.904000E-02 0.712000E-02 0.472000E-02 0.472000E-02 0.384000E-02 0.200000E-02 0.184000E-02 0.168000E-02 0.152000E-02 0.640000E-03 0.640000E-03 0.104000E-02 0.880000E-03 0.800000E-03 0.000000E+00 0.320000E-03 0.240000E-03 0.800000E-04 0.240000E-03 0.000000E+00 0.160000E-03 0.800000E-04 0.800000E-04 0.000000E+00 0.800000E-04 0.000000E+00 0.000000E+00 0.000000E+00 0.000000E+00 0.000000E+00 0.000000E+00 0.000000E+00 0.000000E+00 0.000000E+00 0.000000E+00 0.000000E+00 0.000000E+00 0.000000E+00 0.000000E+00 0.000000E+00 0.000000E+00 0.000000E+00 0.000000E+00 0.000000E+00 0.000000E+00 0.000000E+00 0.000000E+00 0.000000E+00 0.000000E+00 0.000000E+00 0.000000E+00 0.000000E+00 0.000000E+00 0.000000E+00 0.000000E+00 0.000000E+00 0.000000E+00 0.000000E+00 0.000000E+00 0.000000E+00 0.000000E+00 0.000000E+00 0.000000E+00 0.000000E+00 0.000000E+00 0.000000E+00 0.000000E+00 0.000000E+00 0.000000E+00 0.000000E+00 0.000000E+00 0.000000E+00 0.000000E+00 0.000000E+00 0.000000E+00 0.000000E+00 0.000000E+00 0.000000E+00 0.000000E+00 0.000000E+00 0.000000E+00 0.000000E+00 0.000000E+00 0.000000E+00 0.000000E+00 0.000000E+00 0.000000E+00 0.000000E+00 0.000000E+00 0.000000E+00 0.000000E+00 0.000000E+00 0.000000E+00 0.000000E+00 0.000000E+00 0.000000E+00 0.000000E+00 0.000000E+00 0.000000E+00 0.000000E+00 0.000000E+00 0.000000E+00 0.000000E+00 0.000000E+00 0.000000E+00 0.000000E+00 0.000000E+00 0.000000E+00 0.000000E+00 0.000000E+00 0.000000E+00 0.000000E+00 0.000000E+00 0.000000E+00 0.000000E+00 0.000000E+00 0.000000E+00 0.000000E+00 0.000000E+00 0.000000E+00 0.000000E+00 0.000000E+00 0.000000E+00 0.000000E+00 0.000000E+00 0.000000E+00 0.000000E+00 0.000000E+00 0.000000E+00 0.000000E+00 0.000000E+00 0.000000E+00 0.000000E+00 0.000000E+00 0.000000E+00 0.000000E+00 0.000000E+00 0.000000E+00 0.000000E+00 0.000000E+00 0.000000E+00 0.000000E+00 0.000000E+00 0.000000E+00 0.000000E+00 0.000000E+00 0.000000E+00 0.000000E+00 0.000000E+00 0.000000E+00 0.000000E+00 0.000000E+00 0.000000E+00 0.000000E+00 0.000000E+00 0.000000E+00 0.000000E+00 0.000000E+00 0.000000E+00 0.000000E+00 0.000000E+00 0.000000E+00 0.000000E+00 0.000000E+00 0.000000E+00 0.000000E+00 0.000000E+00 0.000000E+00 0.000000E+00 0.000000E+00 0.000000E+00 0.000000E+00 0.000000E+00 0.000000E+00 0.000000E+00 0.000000E+00 0.000000E+00 0.000000E+00 0.000000E+00 0.000000E+00 0.000000E+00 0.000000E+00
 0.525270E+02 0.663128E+01 0.232384E+01 0.102872E+01 0.536400E+00 0.308800E+00 0.178640E+00 0.109040E+00 0.677600E-01 0.455200E-01 0.296000E-01 0.207200E-01 0.143200E-01 0.976000E-02 0.592000E-02 0.408000E-02 0.248000E-02 0.240000E-02 0.160000E-02 0.136000E-02 0.960000E-03 0.240000E-03 0.240000E-03 0.240000E-03 0.400000E-03 0.320000E-03 0.160000E-03 0.000000E+00 0.000000E+00 0.000000E+00 0.000000E+00 0.000000E+00 0.000000E+00 0.000000E+00 0.000000E+00 0.000000E+00 0.000000E+00 0.000000E+00 0.000000E+00 0.000000E+00 0.000000E+00 0.000000E+00 0.000000E+00 0.800000E-04 0.000000E+00 0.000000E+00 0.000000E+00 0.000000E+00 0.000000E+00 0.000000E+00 0.000000E+00 0.000000E+00 0.000000E+00 0.000000E+00 0.000000E+00 0.000000E+00 0.000000E+00 0.000000E+00 0.000000E+00 0.000000E+00 0.000000E+00 0.000000E+00 0.000000E+00 0.000000E+00 0.000000E+00 0.000000E+00 0.000000E+00 0.000000E+00 0.000000E+00 0.000000E+00 0.000000E+00 0.000000E+00 0.000000E+00 0.000000E+00 0.000000E+00 0.000000E+00 0.000000E+00 0.000000E+00 0.000000E+00 0.000000E+00 0.000000E+00 0.000000E+00 0.000000E+00 0.000000E+00 0.000000E+00 0.000000E+00 0.000000E+00 0.000000E+00 0.000000E+00 0.000000E+00 0.000000E+00 0.000000E+00 0.000000E+00 0.000000E+00 0.000000E+00 0.000000E+00 0.000000E+00 0.000000E+00 0.000000E+00 0.000000E+00 0.000000E+00 0.000000E+00 0.000000E+00 0.000000E+00 0.000000E+00 0.000000E+00 0.000000E+00 0.000000E+00 0.000000E+00 0.000000E+00 0.000000E+00 0.000000E+00 0.000000E+00 0.000000E+00 0.000000E+00 0.000000E+00 0.000000E+00 0.000000E+00 0.000000E+00 0.000000E+00 0.000000E+00 0.000000E+00 0.000000E+00 0.000000E+00 0.000000E+00 0.000000E+00 0.000000E+00 0.000000E+00 0.000000E+00 0.000000E+00 0.000000E+00 0.000000E+00 0.000000E+00 0.000000E+00 0.000000E+00 0.000000E+00 0.000000E+00 0.000000E+00 0.000000E+00 0.000000E+00 0.000000E+00 0.000000E+00 0.000000E+00 0.000000E+00 0.000000E+00 0.000000E+00 0.000000E+00 0.000000E+00 0.000000E+00 0.000000E+00 0.000000E+00 0.000000E+00 0.000000E+00 0.000000E+00 0.000000E+00 0.000000E+00 0.000000E+00 0.000000E+00 0.000000E+00 0.000000E+00 0.000000E+00 0.000000E+00 0.000000E+00 0.000000E+00 0.000000E+00 0.000000E+00 0.000000E+00 0.000000E+00 0.000000E+00 0.000000E+00 0.000000E+00 0.000000E+00 0.000000E+00 0.000000E+00 0.000000E+00 0.000000E+00 0.000000E+00 0.000000E+00 0.000000E+00 0.000000E+00 0.000000E+00 0.000000E+00 0.000000E+00 0.000000E+00 0.000000E+00 0.000000E+00 0.000000E+00 0.000000E+00 0.000000E+00 0.000000E+00 0.000000E+00 0.000000E+00 0.000000E+00 0.000000E+00 0.000000E+00 0.000000E+00 0.000000E+00 0.000000E+00 0.000000E+00 0.000000E+00
 0.530808E+02 0.745608E+01 0.287048E+01 0.143208E+01 0.815680E+00 0.497760E+00 0.327440E+00 0.223680E+00 0.154000E+00 0.114880E+00 0.867200E-01 0.625600E-01 0.456000E-01 0.345600E-01 0.276000E-01 0.198400E-01 0.140800E-01 0.125600E-01 0.960000E-02 0.736000E-02 0.680000E-02 0.472000E-02 0.320000E-02 0.240000E-02 0.120000E-02 0.168000E-02 0.800000E-03 0.128000E-02 0.800000E-03 0.640000E-03 0.480000E-03 0.400000E-03 0.560000E-03 0.160000E-03 0.880000E-03 0.800000E-04 0.800000E-04 0.000000E+00 0.000000E+00 0.000000E+00 0.000000E+00 0.000000E+00 0.000000E+00 0.800000E-04 0.000000E+00 0.000000E+00 0.000000E+00 0.000000E+00 0.000000E+00 0.000000E+00 0.000000E+00 0.000000E+00 0.000000E+00 0.000000E+00 0.000000E+00 0.000000E+00 0.000000E+00 0.000000E+00 0.000000E+00 0.000000E+00 0.000000E+00 0.000000E+00 0.000000E+00 0.000000E+00 0.000000E+00 0.000000E+00 0.000000E+00 0.000000E+00 0.000000E+00 0.000000E+00 0.000000E+00 0.000000E+00 0.000000E+00 0.000000E+00 0.000000E+00 0.000000E+00 0.000000E+00 0.000000E+00 0.000000E+00 0.000000E+00 0.000000E+00 0.000000E+00 0.000000E+00 0.000000E+00 0.000000E+00 0.000000E+00 0.000000E+00 0.000000E+00 0.000000E+00 0.000000E+00 0.000000E+00 0.000000E+00 0.000000E+00 0.000000E+00 0.000000E+00 0.000000E+00 0.000000E+00 0.000000E+00 0.000000E+00 0.000000E+00 0.000000E+00 0.000000E+00 0.000000E+00 0.000000E+00 0.000000E+00 0.000000E+00 0.000000E+00 0.000000E+00 0.000000E+00 0.000000E+00 0.000000E+00 0.000000E+00 0.000000E+00 0.000000E+00 0.000000E+00 0.000000E+00 0.000000E+00 0.000000E+00 0.000000E+00 0.000000E+00 0.000000E+00 0.000000E+00 0.000000E+00 0.000000E+00 0.000000E+00 0.000000E+00 0.000000E+00 0.000000E+00 0.000000E+00 0.000000E+00 0.000000E+00 0.000000E+00 0.000000E+00 0.000000E+00 0.000000E+00 0.000000E+00 0.000000E+00 0.000000E+00 0.000000E+00 0.000000E+00 0.000000E+00 0.000000E+00 0.000000E+00 0.000000E+00 0.000000E+00 0.000000E+00 0.000000E+00 0.000000E+00 0.000000E+00 0.000000E+00 0.000000E+00 0.000000E+00 0.000000E+00 0.000000E+00 0.000000E+00 0.000000E+00 0.000000E+00 0.000000E+00 0.000000E+00 0.000000E+00 0.000000E+00 0.000000E+00 0.000000E+00 0.000000E+00 0.000000E+00 0.000000E+00 0.000000E+00 0.000000E+00 0.000000E+00 0.000000E+00 0.000000E+00 0.000000E+00 0.000000E+00 0.000000E+00 0.000000E+00 0.000000E+00 0.000000E+00 0.000000E+00 0.000000E+00 0.000000E+00 0.000000E+00 0.000000E+00 0.000000E+00 0.000000E+00 0.000000E+00 0.000000E+00 0.000000E+00 0.000000E+00 0.000000E+00 0.000000E+00 0.000000E+00 0.000000E+00 0.000000E+00 0.000000E+00 0.000000E+00 0.000000E+00 0.000000E+00 0.000000E+00 0.000000E+00 0.000000E+00
 0.532691E+02 0.482440E+01 0.203888E+01 0.105344E+01 0.610560E+00 0.382160E+00 0.234640E+00 0.155360E+00 0.101840E+00 0.724800E-01 0.460000E-01 0.316800E-01 0.225600E-01 0.148000E-01 0.992000E-02 0.664000E-02 0.424000E-02 0.344000E-02 0.280000E-02 0.200000E-02 0.104000E-02 0.168000E-02 0.320000E-03 0.560000E-03 0.320000E-03 0.160000E-03 0.800000E-04 0.160000E-03 0.000000E+00 0.800000E-04 0.000000E+00 0.800000E-04 0.000000E+00 0.000000E+00 0.000000E+00 0.800000E-04 0.000000E+00 0.000000E+00 0.000000E+00 0.000000E+00 0.000000E+00 0.000000E+00 0.000000E+00 0.000000E+00 0.000000E+00 0.000000E+00 0.000000E+00 0.000000E+00 0.000000E+00 0.000000E+00 0.000000E+00 0.000000E+00 0.000000E+00 0.000000E+00 0.000000E+00 0.000000E+00 0.000000E+00 0.000000E+00 0.000000E+00 0.000000E+00 0.000000E+00 0.000000E+00 0.000000E+00 0.000000E+00 0.000000E+00 0.000000E+00 0.000000E+00 0.000000E+00 0.000000E+00 0.000000E+00 0.000000E+00 0.000000E+00 0.000000E+00 0.000000E+00 0.000000E+00 0.000000E+00 0.000000E+00 0.000000E+00 0.000000E+00 0.000000E+00 0.000000E+00 0.000000E+00 0.000000E+00 0.000000E+00 0.000000E+00 0.000000E+00 0.000000E+00 0.000000E+00 0.000000E+00 0.000000E+00 0.000000E+00 0.000000E+00 0.000000E+00 0.000000E+00 0.000000E+00 0.000000E+00 0.000000E+00 0.000000E+00 0.000000E+00 0.000000E+00 0.000000E+00 0.000000E+00 0.000000E+00 0.000000E+00 0.000000E+00 0.000000E+00 0.000000E+00 0.000000E+00 0.000000E+00 0.000000E+00 0.000000E+00 0.000000E+00 0.000000E+00 0.000000E+00 0.000000E+00 0.000000E+00 0.000000E+00 0.000000E+00 0.000000E+00 0.000000E+00 0.000000E+00 0.000000E+00 0.000000E+00 0.000000E+00 0.000000E+00 0.000000E+00 0.000000E+00 0.000000E+00 0.000000E+00 0.000000E+00 0.000000E+00 0.000000E+00 0.000000E+00 0.000000E+00 0.000000E+00 0.000000E+00 0.000000E+00 0.000000E+00 0.000000E+00 0.000000E+00 0.000000E+00 0.000000E+00 0.000000E+00 0.000000E+00 0.000000E+00 0.000000E+00 0.000000E+00 0.000000E+00 0.000000E+00 0.000000E+00 0.000000E+00 0.000000E+00 0.000000E+00 0.000000E+00 0.000000E+00 0.000000E+00 0.000000E+00 0.000000E+00 0.000000E+00 0.000000E+00 0.000000E+00 0.000000E+00 0.000000E+00 0.000000E+00 0.000000E+00 0.000000E+00 0.000000E+00 0.000000E+00 0.000000E+00 0.000000E+00 0.000000E+00 0.000000E+00 0.000000E+00 0.000000E+00 0.000000E+00 0.000000E+00 0.000000E+00 0.000000E+00 0.000000E+00 0.000000E+00 0.000000E+00 0.000000E+00 0.000000E+00 0.000000E+00 0.000000E+00 0.000000E+00 0.000000E+00 0.000000E+00 0.000000E+00 0.000000E+00 0.000000E+00 0.000000E+00 0.000000E+00 0.000000E+00 0.000000E+00 0.000000E+00 0.000000E+00 0.000000E+00 0.000000E+00 0.000000E+00
 0.480056E+02 0.609272E+01 0.294632E+01 0.173144E+01 0.110264E+01 0.770160E+00 0.545040E+00 0.386000E+00 0.285440E+00 0.212160E+00 0.158640E+00 0.113120E+00 0.872000E-01 0.680000E-01 0.516000E-01 0.382400E-01 0.313600E-01 0.235200E-01 0.184000E-01 0.143200E-01 0.109600E-01 0.928000E-02 0.616000E-02 0.536000E-02 0.432000E-02 0.312000E-02 0.192000E-02 0.200000E-02 0.144000E-02 0.960000E-03 0.128000E-02 0.960000E-03 0.320000E-03 0.240000E-03 0.480000E-03 0.240000E-03 0.240000E-03 0.800000E-04 0.160000E-03 0.800000E-04 0.240000E-03 0.000000E+00 0.000000E+00 0.160000E-03 0.800000E-04 0.000000E+00 0.000000E+00 0.000000E+00 0.800000E-04 0.000000E+00 0.000000E+00 0.000000E+00 0.000000E+00 0.000000E+00 0.000000E+00 0.000000E+00 0.000000E+00 0.000000E+00 0.000000E+00 0.000000E+00 0.000000E+00 0.000000E+00 0.000000E+00 0.000000E+00 0.000000E+00 0.000000E+00 0.000000E+00 0.000000E+00 0.000000E+00 0.000000E+00 0.000000E+00 0.000000E+00 0.000000E+00 0.000000E+00 0.000000E+00 0.000000E+00 0.000000E+00 0.000000E+00 0.000000E+00 0.000000E+00 0.000000E+00 0.000000E+00 0.000000E+00 0.000000E+00 0.000000E+00 0.000000E+00 0.000000E+00 0.000000E+00 0.000000E+00 0.000000E+00 0.000000E+00 0.000000E+00 0.000000E+00 0.000000E+00 0.000000E+00 0.000000E+00 0.000000E+00 0.000000E+00 0.000000E+00 0.000000E+00 0.000000E+00 0.000000E+00 0.000000E+00 0.000000E+00 0.000000E+00 0.000000E+00 0.000000E+00 0.000000E+00 0.000000E+00 0.000000E+00 0.000000E+00 0.000000E+00 0.000000E+00 0.000000E+00 0.000000E+00 0.000000E+00 0.000000E+00 0.000000E+00 0.000000E+00 0.000000E+00 0.000000E+00 0.000000E+00 0.000000E+00 0.000000E+00 0.000000E+00 0.000000E+00 0.000000E+00 0.000000E+00 0.000000E+00 0.000000E+00 0.000000E+00 0.000000E+00 0.000000E+00 0.000000E+00 0.000000E+00 0.000000E+00 0.000000E+00 0.000000E+00 0.000000E+00 0.000000E+00 0.000000E+00 0.000000E+00 0.000000E+00 0.000000E+00 0.000000E+00 0.000000E+00 0.000000E+00 0.000000E+00 0.000000E+00 0.000000E+00 0.000000E+00 0.000000E+00 0.000000E+00 0.000000E+00 0.000000E+00 0.000000E+00 0.000000E+00 0.000000E+00 0.000000E+00 0.000000E+00 0.000000E+00 0.000000E+00 0.000000E+00 0.000000E+00 0.000000E+00 0.000000E+00 0.000000E+00 0.000000E+00 0.000000E+00 0.000000E+00 0.000000E+00 0.000000E+00 0.000000E+00 0.000000E+00 0.000000E+00 0.000000E+00 0.000000E+00 0.000000E+00 0.000000E+00 0.000000E+00 0.000000E+00 0.000000E+00 0.000000E+00 0.000000E+00 0.000000E+00 0.000000E+00 0.000000E+00 0.000000E+00 0.000000E+00 0.000000E+00 0.000000E+00 0.000000E+00 0.000000E+00 0.000000E+00 0.000000E+00 0.000000E+00 0.000000E+00 0.000000E+00 0.000000E+00 0.000000E+00
 0.107390E+02 0.140192E+01 0.598240E+00 0.321120E+00 0.178480E+00 0.103840E+00 0.628000E-01 0.378400E-01 0.260000E-01 0.162400E-01 0.114400E-01 0.824000E-02 0.424000E-02 0.304000E-02 0.168000E-02 0.144000E-02 0.136000E-02 0.960000E-03 0.240000E-03 0.640000E-03 0.240000E-03 0.160000E-03 0.800000E-04 0.160000E-03 0.800000E-04 0.800000E-04 0.000000E+00 0.800000E-04 0.000000E+00 0.000000E+00 0.000000E+00 0.000000E+00 0.000000E+00 0.000000E+00 0.000000E+00 0.000000E+00 0.000000E+00 0.000000E+00 0.000000E+00 0.000000E+00 0.000000E+00 0.000000E+00 0.000000E+00 0.000000E+00 0.000000E+00 0.000000E+00 0.000000E+00 0.000000E+00 0.000000E+00 0.000000E+00 0.000000E+00 0.000000E+00 0.000000E+00 0.000000E+00 0.000000E+00 0.000000E+00 0.000000E+00 0.000000E+00 0.000000E+00 0.000000E+00 0.000000E+00 0.000000E+00 0.000000E+00 0.000000E+00 0.000000E+00 0.000000E+00 0.000000E+00 0.000000E+00 0.000000E+00 0.000000E+00 0.000000E+00 0.000000E+00 0.000000E+00 0.000000E+00 0.000000E+00 0.000000E+00 0.000000E+00 0.000000E+00 0.000000E+00 0.000000E+00 0.000000E+00 0.000000E+00 0.000000E+00 0.000000E+00 0.000000E+00 0.000000E+00 0.000000E+00 0.000000E+00 0.000000E+00 0.000000E+00 0.000000E+00 0.000000E+00 0.000000E+00 0.000000E+00 0.000000E+00 0.000000E+00 0.000000E+00 0.000000E+00 0.000000E+00 0.000000E+00 0.000000E+00 0.000000E+00 0.000000E+00 0.000000E+00 0.000000E+00 0.000000E+00 0.000000E+00 0.000000E+00 0.000000E+00 0.000000E+00 0.000000E+00 0.000000E+00 0.000000E+00 0.000000E+00 0.000000E+00 0.000000E+00 0.000000E+00 0.000000E+00 0.000000E+00 0.000000E+00 0.000000E+00 0.000000E+00 0.000000E+00 0.000000E+00 0.000000E+00 0.000000E+00 0.000000E+00 0.000000E+00 0.000000E+00 0.000000E+00 0.000000E+00 0.000000E+00 0.000000E+00 0.000000E+00 0.000000E+00 0.000000E+00 0.000000E+00 0.000000E+00 0.000000E+00 0.000000E+00 0.000000E+00 0.000000E+00 0.000000E+00 0.000000E+00 0.000000E+00 0.000000E+00 0.000000E+00 0.000000E+00 0.000000E+00 0.000000E+00 0.000000E+00 0.000000E+00 0.000000E+00 0.000000E+00 0.000000E+00 0.000000E+00 0.000000E+00 0.000000E+00 0.000000E+00 0.000000E+00 0.000000E+00 0.000000E+00 0.000000E+00 0.000000E+00 0.000000E+00 0.000000E+00 0.000000E+00 0.000000E+00 0.000000E+00 0.000000E+00 0.000000E+00 0.000000E+00 0.000000E+00 0.000000E+00 0.000000E+00 0.000000E+00 0.000000E+00 0.000000E+00 0.000000E+00 0.000000E+00 0.000000E+00 0.000000E+00 0.000000E+00 0.000000E+00 0.000000E+00 0.000000E+00 0.000000E+00 0.000000E+00 0.000000E+00 0.000000E+00 0.000000E+00 0.000000E+00 0.000000E+00 0.000000E+00 0.000000E+00 0.000000E+00 0.000000E+00 0.000000E+00 0.000000E+00 0.000000E+00
 0.105147E+02 0.128920E+01 0.594000E+00 0.324400E+00 0.196240E+00 0.121840E+00 0.817600E-01 0.542400E-01 0.351200E-01 0.235200E-01 0.168000E-01 0.135200E-01 0.768000E-02 0.536000E-02 0.416000E-02 0.264000E-02 0.264000E-02 0.168000E-02 0.168000E-02 0.880000E-03 0.800000E-04 0.320000E-03 0.480000E-03 0.800000E-04 0.160000E-03 0.800000E-04 0.160000E-03 0.000000E+00 0.000000E+00 0.800000E-04 0.800000E-04 0.000000E+00 0.000000E+00 0.000000E+00 0.800000E-04 0.000000E+00 0.800000E-04 0.000000E+00 0.000000E+00 0.000000E+00 0.800000E-04 0.000000E+00 0.000000E+00 0.000000E+00 0.000000E+00 0.000000E+00 0.000000E+00 0.000000E+00 0.000000E+00 0.000000E+00 0.000000E+00 0.000000E+00 0.000000E+00 0.000000E+00 0.000000E+00 0.000000E+00 0.000000E+00 0.000000E+00 0.000000E+00 0.000000E+00 0.000000E+00 0.000000E+00 0.000000E+00 0.000000E+00 0.000000E+00 0.000000E+00 0.000000E+00 0.000000E+00 0.000000E+00 0.000000E+00 0.000000E+00 0.000000E+00 0.000000E+00 0.000000E+00 0.000000E+00 0.000000E+00 0.000000E+00 0.000000E+00 0.000000E+00 0.000000E+00 0.000000E+00 0.000000E+00 0.000000E+00 0.000000E+00 0.000000E+00 0.000000E+00 0.000000E+00 0.000000E+00 0.000000E+00 0.000000E+00 0.000000E+00 0.000000E+00 0.000000E+00 0.000000E+00 0.000000E+00 0.000000E+00 0.000000E+00 0.000000E+00 0.000000E+00 0.000000E+00 0.000000E+00 0.000000E+00 0.000000E+00 0.000000E+00 0.000000E+00 0.000000E+00 0.000000E+00 0.000000E+00 0.000000E+00 0.000000E+00 0.000000E+00 0.000000E+00 0.000000E+00 0.000000E+00 0.000000E+00 0.000000E+00 0.000000E+00 0.000000E+00 0.000000E+00 0.000000E+00 0.000000E+00 0.000000E+00 0.000000E+00 0.000000E+00 0.000000E+00 0.000000E+00 0.000000E+00 0.000000E+00 0.000000E+00 0.000000E+00 0.000000E+00 0.000000E+00 0.000000E+00 0.000000E+00 0.000000E+00 0.000000E+00 0.000000E+00 0.000000E+00 0.000000E+00 0.000000E+00 0.000000E+00 0.000000E+00 0.000000E+00 0.000000E+00 0.000000E+00 0.000000E+00 0.000000E+00 0.000000E+00 0.000000E+00 0.000000E+00 0.000000E+00 0.000000E+00 0.000000E+00 0.000000E+00 0.000000E+00 0.000000E+00 0.000000E+00 0.000000E+00 0.000000E+00 0.000000E+00 0.000000E+00 0.000000E+00 0.000000E+00 0.000000E+00 0.000000E+00 0.000000E+00 0.000000E+00 0.000000E+00 0.000000E+00 0.000000E+00 0.000000E+00 0.000000E+00 0.000000E+00 0.000000E+00 0.000000E+00 0.000000E+00 0.000000E+00 0.000000E+00 0.000000E+00 0.000000E+00 0.000000E+00 0.000000E+00 0.000000E+00 0.000000E+00 0.000000E+00 0.000000E+00 0.000000E+00 0.000000E+00 0.000000E+00 0.000000E+00 0.000000E+00 0.000000E+00 0.000000E+00 0.000000E+00 0.000000E+00 0.000000E+00 0.000000E+00 0.000000E+00 0.000000E+00 0.000000E+00
 0.104564E+02 0.135168E+01 0.603280E+00 0.301280E+00 0.178240E+00 0.103200E+00 0.614400E-01 0.368000E-01 0.253600E-01 0.158400E-01 0.108000E-01 0.824000E-02 0.464000E-02 0.432000E-02 0.144000E-02 0.104000E-02 0.104000E-02 0.880000E-03 0.320000E-03 0.560000E-03 0.240000E-03 0.160000E-03 0.800000E-04 0.160000E-03 0.800000E-04 0.000000E+00 0.000000E+00 0.000000E+00 0.000000E+00 0.000000E+00 0.000000E+00 0.000000E+00 0.000000E+00 0.000000E+00 0.000000E+00 0.000000E+00 0.000000E+00 0.000000E+00 0.000000E+00 0.000000E+00 0.000000E+00 0.000000E+00 0.000000E+00 0.000000E+00 0.000000E+00 0.000000E+00 0.000000E+00 0.000000E+00 0.000000E+00 0.000000E+00 0.000000E+00 0.000000E+00 0.000000E+00 0.000000E+00 0.000000E+00 0.000000E+00 0.000000E+00 0.000000E+00 0.000000E+00 0.000000E+00 0.000000E+00 0.000000E+00 0.000000E+00 0.000000E+00 0.000000E+00 0.000000E+00 0.000000E+00 0.000000E+00 0.000000E+00 0.000000E+00 0.000000E+00 0.000000E+00 0.000000E+00 0.000000E+00 0.000000E+00 0.000000E+00 0.000000E+00 0.000000E+00 0.000000E+00 0.000000E+00 0.000000E+00 0.000000E+00 0.000000E+00 0.000000E+00 0.000000E+00 0.000000E+00 0.000000E+00 0.000000E+00 0.000000E+00 0.000000E+00 0.000000E+00 0.000000E+00 0.000000E+00 0.000000E+00 0.000000E+00 0.000000E+00 0.000000E+00 0.000000E+00 0.000000E+00 0.000000E+00 0.000000E+00 0.000000E+00 0.000000E+00 0.000000E+00 0.000000E+00 0.000000E+00 0.000000E+00 0.000000E+00 0.000000E+00 0.000000E+00 0.000000E+00 0.000000E+00 0.000000E+00 0.000000E+00 0.000000E+00 0.000000E+00 0.000000E+00 0.000000E+00 0.000000E+00 0.000000E+00 0.000000E+00 0.000000E+00 0.000000E+00 0.000000E+00 0.000000E+00 0.000000E+00 0.000000E+00 0.000000E+00 0.000000E+00 0.000000E+00 0.000000E+00 0.000000E+00 0.000000E+00 0.000000E+00 0.000000E+00 0.000000E+00 0.000000E+00 0.000000E+00 0.000000E+00 0.000000E+00 0.000000E+00 0.000000E+00 0.000000E+00 0.000000E+00 0.000000E+00 0.000000E+00 0.000000E+00 0.000000E+00 0.000000E+00 0.000000E+00 0.000000E+00 0.000000E+00 0.000000E+00 0.000000E+00 0.000000E+00 0.000000E+00 0.000000E+00 0.000000E+00 0.000000E+00 0.000000E+00 0.000000E+00 0.000000E+00 0.000000E+00 0.000000E+00 0.000000E+00 0.000000E+00 0.000000E+00 0.000000E+00 0.000000E+00 0.000000E+00 0.000000E+00 0.000000E+00 0.000000E+00 0.000000E+00 0.000000E+00 0.000000E+00 0.000000E+00 0.000000E+00 0.000000E+00 0.000000E+00 0.000000E+00 0.000000E+00 0.000000E+00 0.000000E+00 0.000000E+00 0.000000E+00 0.000000E+00 0.000000E+00 0.000000E+00 0.000000E+00 0.000000E+00 0.000000E+00 0.000000E+00 0.000000E+00 0.000000E+00 0.000000E+00 0.000000E+00 0.000000E+00 0.000000E+00 0.000000E+00
 0.102610E+02 0.127024E+01 0.572000E+00 0.313200E+00 0.188720E+00 0.114240E+00 0.741600E-01 0.531200E-01 0.329600E-01 0.244800E-01 0.174400E-01 0.105600E-01 0.784000E-02 0.632000E-02 0.432000E-02 0.312000E-02 0.248000E-02 0.160000E-02 0.112000E-02 0.176000E-02 0.112000E-02 0.560000E-03 0.400000E-03 0.400000E-03 0.000000E+00 0.160000E-03 0.000000E+00 0.160000E-03 0.000000E+00 0.800000E-04 0.000000E+00 0.000000E+00 0.000000E+00 0.000000E+00 0.800000E-04 0.000000E+00 0.000000E+00 0.000000E+00 0.000000E+00 0.000000E+00 0.000000E+00 0.000000E+00 0.000000E+00 0.000000E+00 0.000000E+00 0.000000E+00 0.000000E+00 0.000000E+00 0.000000E+00 0.000000E+00 0.000000E+00 0.000000E+00 0.000000E+00 0.000000E+00 0.000000E+00 0.000000E+00 0.000000E+00 0.000000E+00 0.000000E+00 0.000000E+00 0.000000E+00 0.000000E+00 0.000000E+00 0.000000E+00 0.000000E+00 0.000000E+00 0.000000E+00 0.000000E+00 0.000000E+00 0.000000E+00 0.000000E+00 0.000000E+00 0.000000E+00 0.000000E+00 0.000000E+00 0.000000E+00 0.000000E+00 0.000000E+00 0.000000E+00 0.000000E+00 0.000000E+00 0.000000E+00 0.000000E+00 0.000000E+00 0.000000E+00 0.000000E+00 0.000000E+00 0.000000E+00 0.000000E+00 0.000000E+00 0.000000E+00 0.000000E+00 0.000000E+00 0.000000E+00 0.000000E+00 0.000000E+00 0.000000E+00 0.000000E+00 0.000000E+00 0.000000E+00 0.000000E+00 0.000000E+00 0.000000E+00 0.000000E+00 0.000000E+00 0.000000E+00 0.000000E+00 0.000000E+00 0.000000E+00 0.000000E+00 0.000000E+00 0.000000E+00 0.000000E+00 0.000000E+00 0.000000E+00 0.000000E+00 0.000000E+00 0.000000E+00 0.000000E+00 0.000000E+00 0.000000E+00 0.000000E+00 0.000000E+00 0.000000E+00 0.000000E+00 0.000000E+00 0.000000E+00 0.000000E+00 0.000000E+00 0.000000E+00 0.000000E+00 0.000000E+00 0.000000E+00 0.000000E+00 0.000000E+00 0.000000E+00 0.000000E+00 0.000000E+00 0.000000E+00 0.000000E+00 0.000000E+00 0.000000E+00 0.000000E+00 0.000000E+00 0.000000E+00 0.000000E+00 0.000000E+00 0.000000E+00 0.000000E+00 0.000000E+00 0.000000E+00 0.000000E+00 0.000000E+00 0.000000E+00 0.000000E+00 0.000000E+00 0.000000E+00 0.000000E+00 0.000000E+00 0.000000E+00 0.000000E+00 0.000000E+00 0.000000E+00 0.000000E+00 0.000000E+00 0.000000E+00 0.000000E+00 0.000000E+00 0.000000E+00 0.000000E+00 0.000000E+00 0.000000E+00 0.000000E+00 0.000000E+00 0.000000E+00 0.000000E+00 0.000000E+00 0.000000E+00 0.000000E+00 0.000000E+00 0.000000E+00 0.000000E+00 0.000000E+00 0.000000E+00 0.000000E+00 0.000000E+00 0.000000E+00 0.000000E+00 0.000000E+00 0.000000E+00 0.000000E+00 0.000000E+00 0.000000E+00 0.000000E+00 0.000000E+00 0.000000E+00 0.000000E+00 0.000000E+00 0.000000E+00 0.000000E+00
 0.369856E+02 0.995680E+00 0.354880E+00 0.155520E+00 0.801600E-01 0.439200E-01 0.220000E-01 0.117600E-01 0.808000E-02 0.520000E-02 0.352000E-02 0.176000E-02 0.192000E-02 0.136000E-02 0.960000E-03 0.400000E-03 0.000000E+00 0.000000E+00 0.000000E+00 0.160000E-03 0.000000E+00 0.160000E-03 0.800000E-04 0.000000E+00 0.000000E+00 0.800000E-04 0.000000E+00 0.000000E+00 0.000000E+00 0.000000E+00 0.000000E+00 0.000000E+00 0.000000E+00 0.000000E+00 0.000000E+00 0.000000E+00 0.000000E+00 0.000000E+00 0.000000E+00 0.000000E+00 0.000000E+00 0.000000E+00 0.000000E+00 0.000000E+00 0.000000E+00 0.000000E+00 0.000000E+00 0.000000E+00 0.000000E+00 0.000000E+00 0.000000E+00 0.000000E+00 0.000000E+00 0.000000E+00 0.000000E+00 0.000000E+00 0.000000E+00 0.000000E+00 0.000000E+00 0.000000E+00 0.000000E+00 0.000000E+00 0.000000E+00 0.000000E+00 0.000000E+00 0.000000E+00 0.000000E+00 0.000000E+00 0.000000E+00 0.000000E+00 0.000000E+00 0.000000E+00 0.000000E+00 0.000000E+00 0.000000E+00 0.000000E+00 0.000000E+00 0.000000E+00 0.000000E+00 0.000000E+00 0.000000E+00 0.000000E+00 0.000000E+00 0.000000E+00 0.000000E+00 0.000000E+00 0.000000E+00 0.000000E+00 0.000000E+00 0.000000E+00 0.000000E+00 0.000000E+00 0.000000E+00 0.000000E+00 0.000000E+00 0.000000E+00 0.000000E+00 0.000000E+00 0.000000E+00 0.000000E+00 0.000000E+00 0.000000E+00 0.000000E+00 0.000000E+00 0.000000E+00 0.000000E+00 0.000000E+00 0.000000E+00 0.000000E+00 0.000000E+00 0.000000E+00 0.000000E+00 0.000000E+00 0.000000E+00 0.000000E+00 0.000000E+00 0.000000E+00 0.000000E+00 0.000000E+00 0.000000E+00 0.000000E+00 0.000000E+00 0.000000E+00 0.000000E+00 0.000000E+00 0.000000E+00 0.000000E+00 0.000000E+00 0.000000E+00 0.000000E+00 0.000000E+00 0.000000E+00 0.000000E+00 0.000000E+00 0.000000E+00 0.000000E+00 0.000000E+00 0.000000E+00 0.000000E+00 0.000000E+00 0.000000E+00 0.000000E+00 0.000000E+00 0.000000E+00 0.000000E+00 0.000000E+00 0.000000E+00 0.000000E+00 0.000000E+00 0.000000E+00 0.000000E+00 0.000000E+00 0.000000E+00 0.000000E+00 0.000000E+00 0.000000E+00 0.000000E+00 0.000000E+00 0.000000E+00 0.000000E+00 0.000000E+00 0.000000E+00 0.000000E+00 0.000000E+00 0.000000E+00 0.000000E+00 0.000000E+00 0.000000E+00 0.000000E+00 0.000000E+00 0.000000E+00 0.000000E+00 0.000000E+00 0.000000E+00 0.000000E+00 0.000000E+00 0.000000E+00 0.000000E+00 0.000000E+00 0.000000E+00 0.000000E+00 0.000000E+00 0.000000E+00 0.000000E+00 0.000000E+00 0.000000E+00 0.000000E+00 0.000000E+00 0.000000E+00 0.000000E+00 0.000000E+00 0.000000E+00 0.000000E+00 0.000000E+00 0.000000E+00 0.000000E+00 0.000000E+00 0.000000E+00 0.000000E+00 0.000000E+00
 0.319268E+02 0.184168E+01 0.826480E+00 0.443440E+00 0.250720E+00 0.156800E+00 0.976000E-01 0.705600E-01 0.438400E-01 0.312000E-01 0.208000E-01 0.136000E-01 0.952000E-02 0.656000E-02 0.600000E-02 0.400000E-02 0.296000E-02 0.232000E-02 0.104000E-02 0.640000E-03 0.960000E-03 0.400000E-03 0.240000E-03 0.320000E-03 0.240000E-03 0.160000E-03 0.000000E+00 0.800000E-04 0.800000E-04 0.800000E-04 0.000000E+00 0.000000E+00 0.000000E+00 0.000000E+00 0.000000E+00 0.800000E-04 0.000000E+00 0.000000E+00 0.000000E+00 0.000000E+00 0.000000E+00 0.000000E+00 0.000000E+00 0.000000E+00 0.000000E+00 0.000000E+00 0.000000E+00 0.000000E+00 0.000000E+00 0.000000E+00 0.000000E+00 0.000000E+00 0.000000E+00 0.000000E+00 0.000000E+00 0.000000E+00 0.000000E+00 0.000000E+00 0.000000E+00 0.000000E+00 0.000000E+00 0.000000E+00 0.000000E+00 0.000000E+00 0.000000E+00 0.000000E+00 0.000000E+00 0.000000E+00 0.000000E+00 0.000000E+00 0.000000E+00 0.000000E+00 0.000000E+00 0.000000E+00 0.000000E+00 0.000000E+00 0.000000E+00 0.000000E+00 0.000000E+00 0.000000E+00 0.000000E+00 0.000000E+00 0.000000E+00 0.000000E+00 0.000000E+00 0.000000E+00 0.000000E+00 0.000000E+00 0.000000E+00 0.000000E+00 0.000000E+00 0.000000E+00 0.000000E+00 0.000000E+00 0.000000E+00 0.000000E+00 0.000000E+00 0.000000E+00 0.000000E+00 0.000000E+00 0.000000E+00 0.000000E+00 0.000000E+00 0.000000E+00 0.000000E+00 0.000000E+00 0.000000E+00 0.000000E+00 0.000000E+00 0.000000E+00 0.000000E+00 0.000000E+00 0.000000E+00 0.000000E+00 0.000000E+00 0.000000E+00 0.000000E+00 0.000000E+00 0.000000E+00 0.000000E+00 0.000000E+00 0.000000E+00 0.000000E+00 0.000000E+00 0.000000E+00 0.000000E+00 0.000000E+00 0.000000E+00 0.000000E+00 0.000000E+00 0.000000E+00 0.000000E+00 0.000000E+00 0.000000E+00 0.000000E+00 0.000000E+00 0.000000E+00 0.000000E+00 0.000000E+00 0.000000E+00 0.000000E+00 0.000000E+00 0.000000E+00 0.000000E+00 0.000000E+00 0.000000E+00 0.000000E+00 0.000000E+00 0.000000E+00 0.000000E+00 0.000000E+00 0.000000E+00 0.000000E+00 0.000000E+00 0.000000E+00 0.000000E+00 0.000000E+00 0.000000E+00 0.000000E+00 0.000000E+00 0.000000E+00 0.000000E+00 0.000000E+00 0.000000E+00 0.000000E+00 0.000000E+00 0.000000E+00 0.000000E+00 0.000000E+00 0.000000E+00 0.000000E+00 0.000000E+00 0.000000E+00 0.000000E+00 0.000000E+00 0.000000E+00 0.000000E+00 0.000000E+00 0.000000E+00 0.000000E+00 0.000000E+00 0.000000E+00 0.000000E+00 0.000000E+00 0.000000E+00 0.000000E+00 0.000000E+00 0.000000E+00 0.000000E+00 0.000000E+00 0.000000E+00 0.000000E+00 0.000000E+00 0.000000E+00 0.000000E+00 0.000000E+00 0.000000E+00 0.000000E+00 0.000000E+00 0.000000E+00
 0.107390E+02 0.140192E+01 0.598240E+00 0.321120E+00 0.178480E+00 0.103840E+00 0.628000E-01 0.378400E-01 0.260000E-01 0.162400E-01 0.114400E-01 0.824000E-02 0.424000E-02 0.304000E-02 0.168000E-02 0.144000E-02 0.136000E-02 0.960000E-03 0.240000E-03 0.640000E-03 0.240000E-03 0.160000E-03 0.800000E-04 0.160000E-03 0.800000E-04 0.800000E-04 0.000000E+00 0.800000E-04 0.000000E+00 0.000000E+00 0.000000E+00 0.000000E+00 0.000000E+00 0.000000E+00 0.000000E+00 0.000000E+00 0.000000E+00 0.000000E+00 0.000000E+00 0.000000E+00 0.000000E+00 0.000000E+00 0.000000E+00 0.000000E+00 0.000000E+00 0.000000E+00 0.000000E+00 0.000000E+00 0.000000E+00 0.000000E+00 0.000000E+00 0.000000E+00 0.000000E+00 0.000000E+00 0.000000E+00 0.000000E+00 0.000000E+00 0.000000E+00 0.000000E+00 0.000000E+00 0.000000E+00 0.000000E+00 0.000000E+00 0.000000E+00 0.000000E+00 0.000000E+00 0.000000E+00 0.000000E+00 0.000000E+00 0.000000E+00 0.000000E+00 0.000000E+00 0.000000E+00 0.000000E+00 0.000000E+00 0.000000E+00 0.000000E+00 0.000000E+00 0.000000E+00 0.000000E+00 0.000000E+00 0.000000E+00 0.000000E+00 0.000000E+00 0.000000E+00 0.000000E+00 0.000000E+00 0.000000E+00 0.000000E+00 0.000000E+00 0.000000E+00 0.000000E+00 0.000000E+00 0.000000E+00 0.000000E+00 0.000000E+00 0.000000E+00 0.000000E+00 0.000000E+00 0.000000E+00 0.000000E+00 0.000000E+00 0.000000E+00 0.000000E+00 0.000000E+00 0.000000E+00 0.000000E+00 0.000000E+00 0.000000E+00 0.000000E+00 0.000000E+00 0.000000E+00 0.000000E+00 0.000000E+00 0.000000E+00 0.000000E+00 0.000000E+00 0.000000E+00 0.000000E+00 0.000000E+00 0.000000E+00 0.000000E+00 0.000000E+00 0.000000E+00 0.000000E+00 0.000000E+00 0.000000E+00 0.000000E+00 0.000000E+00 0.000000E+00 0.000000E+00 0.000000E+00 0.000000E+00 0.000000E+00 0.000000E+00 0.000000E+00 0.000000E+00 0.000000E+00 0.000000E+00 0.000000E+00 0.000000E+00 0.000000E+00 0.000000E+00 0.000000E+00 0.000000E+00 0.000000E+00 0.000000E+00 0.000000E+00 0.000000E+00 0.000000E+00 0.000000E+00 0.000000E+00 0.000000E+00 0.000000E+00 0.000000E+00 0.000000E+00 0.000000E+00 0.000000E+00 0.000000E+00 0.000000E+00 0.000000E+00 0.000000E+00 0.000000E+00 0.000000E+00 0.000000E+00 0.000000E+00 0.000000E+00 0.000000E+00 0.000000E+00 0.000000E+00 0.000000E+00 0.000000E+00 0.000000E+00 0.000000E+00 0.000000E+00 0.000000E+00 0.000000E+00 0.000000E+00 0.000000E+00 0.000000E+00 0.000000E+00 0.000000E+00 0.000000E+00 0.000000E+00 0.000000E+00 0.000000E+00 0.000000E+00 0.000000E+00 0.000000E+00 0.000000E+00 0.000000E+00 0.000000E+00 0.000000E+00 0.000000E+00 0.000000E+00 0.000000E+00 0.000000E+00 0.000000E+00 0.000000E+00 0.000000E+00
 0.105147E+02 0.128920E+01 0.594000E+00 0.324400E+00 0.196240E+00 0.121840E+00 0.817600E-01 0.542400E-01 0.351200E-01 0.235200E-01 0.168000E-01 0.135200E-01 0.768000E-02 0.536000E-02 0.416000E-02 0.264000E-02 0.264000E-02 0.168000E-02 0.168000E-02 0.880000E-03 0.800000E-04 0.320000E-03 0.480000E-03 0.800000E-04 0.160000E-03 0.800000E-04 0.160000E-03 0.000000E+00 0.000000E+00 0.800000E-04 0.800000E-04 0.000000E+00 0.000000E+00 0.000000E+00 0.800000E-04 0.000000E+00 0.800000E-04 0.000000E+00 0.000000E+00 0.000000E+00 0.800000E-04 0.000000E+00 0.000000E+00 0.000000E+00 0.000000E+00 0.000000E+00 0.000000E+00 0.000000E+00 0.000000E+00 0.000000E+00 0.000000E+00 0.000000E+00 0.000000E+00 0.000000E+00 0.000000E+00 0.000000E+00 0.000000E+00 0.000000E+00 0.000000E+00 0.000000E+00 0.000000E+00 0.000000E+00 0.000000E+00 0.000000E+00 0.000000E+00 0.000000E+00 0.000000E+00 0.000000E+00 0.000000E+00 0.000000E+00 0.000000E+00 0.000000E+00 0.000000E+00 0.000000E+00 0.000000E+00 0.000000E+00 0.000000E+00 0.000000E+00 0.000000E+00 0.000000E+00 0.000000E+00 0.000000E+00 0.000000E+00 0.000000E+00 0.000000E+00 0.000000E+00 0.000000E+00 0.000000E+00 0.000000E+00 0.000000E+00 0.000000E+00 0.000000E+00 0.000000E+00 0.000000E+00 0.000000E+00 0.000000E+00 0.000000E+00 0.000000E+00 0.000000E+00 0.000000E+00 0.000000E+00 0.000000E+00 0.000000E+00 0.000000E+00 0.000000E+00 0.000000E+00 0.000000E+00 0.000000E+00 0.000000E+00 0.000000E+00 0.000000E+00 0.000000E+00 0.000000E+00 0.000000E+00 0.000000E+00 0.000000E+00 0.000000E+00 0.000000E+00 0.000000E+00 0.000000E+00 0.000000E+00 0.000000E+00 0.000000E+00 0.000000E+00 0.000000E+00 0.000000E+00 0.000000E+00 0.000000E+00 0.000000E+00 0.000000E+00 0.000000E+00 0.000000E+00 0.000000E+00 0.000000E+00 0.000000E+00 0.000000E+00 0.000000E+00 0.000000E+00 0.000000E+00 0.000000E+00 0.000000E+00 0.000000E+00 0.000000E+00 0.000000E+00 0.000000E+00 0.000000E+00 0.000000E+00 0.000000E+00 0.000000E+00 0.000000E+00 0.000000E+00 0.000000E+00 0.000000E+00 0.000000E+00 0.000000E+00 0.000000E+00 0.000000E+00 0.000000E+00 0.000000E+00 0.000000E+00 0.000000E+00 0.000000E+00 0.000000E+00 0.000000E+00 0.000000E+00 0.000000E+00 0.000000E+00 0.000000E+00 0.000000E+00 0.000000E+00 0.000000E+00 0.000000E+00 0.000000E+00 0.000000E+00 0.000000E+00 0.000000E+00 0.000000E+00 0.000000E+00 0.000000E+00 0.000000E+00 0.000000E+00 0.000000E+00 0.000000E+00 0.000000E+00 0.000000E+00 0.000000E+00 0.000000E+00 0.000000E+00 0.000000E+00 0.000000E+00 0.000000E+00 0.000000E+00 0.000000E+00 0.000000E+00 0.000000E+00 0.000000E+00 0.000000E+00 0.000000E+00 0.000000E+00 0.000000E+00
 0.104564E+02 0.135168E+01 0.603280E+00 0.301280E+00 0.178240E+00 0.103200E+00 0.614400E-01 0.368000E-01 0.253600E-01 0.158400E-01 0.108000E-01 0.824000E-02 0.464000E-02 0.432000E-02 0.144000E-02 0.104000E-02 0.104000E-02 0.880000E-03 0.320000E-03 0.560000E-03 0.240000E-03 0.160000E-03 0.800000E-04 0.160000E-03 0.800000E-04 0.000000E+00 0.000000E+00 0.000000E+00 0.000000E+00 0.000000E+00 0.000000E+00 0.000000E+00 0.000000E+00 0.000000E+00 0.000000E+00 0.000000E+00 0.000000E+00 0.000000E+00 0.000000E+00 0.000000E+00 0.000000E+00 0.000000E+00 0.000000E+00 0.000000E+00 0.000000E+00 0.000000E+00 0.000000E+00 0.000000E+00 0.000000E+00 0.000000E+00 0.000000E+00 0.000000E+00 0.000000E+00 0.000000E+00 0.000000E+00 0.000000E+00 0.000000E+00 0.000000E+00 0.000000E+00 0.000000E+00 0.000000E+00 0.000000E+00 0.000000E+00 0.000000E+00 0.000000E+00 0.000000E+00 0.000000E+00 0.000000E+00 0.000000E+00 0.000000E+00 0.000000E+00 0.000000E+00 0.000000E+00 0.000000E+00 0.000000E+00 0.000000E+00 0.000000E+00 0.000000E+00 0.000000E+00 0.000000E+00 0.000000E+00 0.000000E+00 0.000000E+00 0.000000E+00 0.000000E+00 0.000000E+00 0.000000E+00 0.000000E+00 0.000000E+00 0.000000E+00 0.000000E+00 0.000000E+00 0.000000E+00 0.000000E+00 0.000000E+00 0.000000E+00 0.000000E+00 0.000000E+00 0.000000E+00 0.000000E+00 0.000000E+00 0.000000E+00 0.000000E+00 0.000000E+00 0.000000E+00 0.000000E+00 0.000000E+00 0.000000E+00 0.000000E+00 0.000000E+00 0.000000E+00 0.000000E+00 0.000000E+00 0.000000E+00 0.000000E+00 0.000000E+00 0.000000E+00 0.000000E+00 0.000000E+00 0.000000E+00 0.000000E+00 0.000000E+00 0.000000E+00 0.000000E+00 0.000000E+00 0.000000E+00 0.000000E+00 0.000000E+00 0.000000E+00 0.000000E+00 0.000000E+00 0.000000E+00 0.000000E+00 0.000000E+00 0.000000E+00 0.000000E+00 0.000000E+00 0.000000E+00 0.000000E+00 0.000000E+00 0.000000E+00 0.000000E+00 0.000000E+00 0.000000E+00 0.000000E+00 0.000000E+00 0.000000E+00 0.000000E+00 0.000000E+00 0.000000E+00 0.000000E+00 0.000000E+00 0.000000E+00 0.000000E+00 0.000000E+00 0.000000E+00 0.000000E+00 0.000000E+00 0.000000E+00 0.000000E+00 0.000000E+00 0.000000E+00 0.000000E+00 0.000000E+00 0.000000E+00 0.000000E+00 0.000000E+00 0.000000E+00 0.000000E+00 0.000000E+00 0.000000E+00 0.000000E+00 0.000000E+00 0.000000E+00 0.000000E+00 0.000000E+00 0.000000E+00 0.000000E+00 0.000000E+00 0.000000E+00 0.000000E+00 0.000000E+00 0.000000E+00 0.000000E+00 0.000000E+00 0.000000E+00 0.000000E+00 0.000000E+00 0.000000E+00 0.000000E+00 0.000000E+00 0.000000E+00 0.000000E+00 0.000000E+00 0.000000E+00 0.000000E+00 0.000000E+00 0.000000E+00 0.000000E+00 0.000000E+00
 0.102610E+02 0.127024E+01 0.572000E+00 0.313200E+00 0.188720E+00 0.114240E+00 0.741600E-01 0.531200E-01 0.329600E-01 0.244800E-01 0.174400E-01 0.105600E-01 0.784000E-02 0.632000E-02 0.432000E-02 0.312000E-02 0.248000E-02 0.160000E-02 0.112000E-02 0.176000E-02 0.112000E-02 0.560000E-03 0.400000E-03 0.400000E-03 0.000000E+00 0.160000E-03 0.000000E+00 0.160000E-03 0.000000E+00 0.800000E-04 0.000000E+00 0.000000E+00 0.000000E+00 0.000000E+00 0.800000E-04 0.000000E+00 0.000000E+00 0.000000E+00 0.000000E+00 0.000000E+00 0.000000E+00 0.000000E+00 0.000000E+00 0.000000E+00 0.000000E+00 0.000000E+00 0.000000E+00 0.000000E+00 0.000000E+00 0.000000E+00 0.000000E+00 0.000000E+00 0.000000E+00 0.000000E+00 0.000000E+00 0.000000E+00 0.000000E+00 0.000000E+00 0.000000E+00 0.000000E+00 0.000000E+00 0.000000E+00 0.000000E+00 0.000000E+00 0.000000E+00 0.000000E+00 0.000000E+00 0.000000E+00 0.000000E+00 0.000000E+00 0.000000E+00 0.000000E+00 0.000000E+00 0.000000E+00 0.000000E+00 0.000000E+00 0.000000E+00 0.000000E+00 0.000000E+00 0.000000E+00 0.000000E+00 0.000000E+00 0.000000E+00 0.000000E+00 0.000000E+00 0.000000E+00 0.000000E+00 0.000000E+00 0.000000E+00 0.000000E+00 0.000000E+00 0.000000E+00 0.000000E+00 0.000000E+00 0.000000E+00 0.000000E+00 0.000000E+00 0.000000E+00 0.000000E+00 0.000000E+00 0.000000E+00 0.000000E+00 0.000000E+00 0.000000E+00 0.000000E+00 0.000000E+00 0.000000E+00 0.000000E+00 0.000000E+00 0.000000E+00 0.000000E+00 0.000000E+00 0.000000E+00 0.000000E+00 0.000000E+00 0.000000E+00 0.000000E+00 0.000000E+00 0.000000E+00 0.000000E+00 0.000000E+00 0.000000E+00 0.000000E+00 0.000000E+00 0.000000E+00 0.000000E+00 0.000000E+00 0.000000E+00 0.000000E+00 0.000000E+00 0.000000E+00 0.000000E+00 0.000000E+00 0.000000E+00 0.000000E+00 0.000000E+00 0.000000E+00 0.000000E+00 0.000000E+00 0.000000E+00 0.000000E+00 0.000000E+00 0.000000E+00 0.000000E+00 0.000000E+00 0.000000E+00 0.000000E+00 0.000000E+00 0.000000E+00 0.000000E+00 0.000000E+00 0.000000E+00 0.000000E+00 0.000000E+00 0.000000E+00 0.000000E+00 0.000000E+00 0.000000E+00 0.000000E+00 0.000000E+00 0.000000E+00 0.000000E+00 0.000000E+00 0.000000E+00 0.000000E+00 0.000000E+00 0.000000E+00 0.000000E+00 0.000000E+00 0.000000E+00 0.000000E+00 0.000000E+00 0.000000E+00 0.000000E+00 0.000000E+00 0.000000E+00 0.000000E+00 0.000000E+00 0.000000E+00 0.000000E+00 0.000000E+00 0.000000E+00 0.000000E+00 0.000000E+00 0.000000E+00 0.000000E+00 0.000000E+00 0.000000E+00 0.000000E+00 0.000000E+00 0.000000E+00 0.000000E+00 0.000000E+00 0.000000E+00 0.000000E+00 0.000000E+00 0.000000E+00 0.000000E+00 0.000000E+00 0.000000E+00
 0.369856E+02 0.995680E+00 0.354880E+00 0.155520E+00 0.801600E-01 0.439200E-01 0.220000E-01 0.117600E-01 0.808000E-02 0.520000E-02 0.352000E-02 0.176000E-02 0.192000E-02 0.136000E-02 0.960000E-03 0.400000E-03 0.000000E+00 0.000000E+00 0.000000E+00 0.160000E-03 0.000000E+00 0.160000E-03 0.800000E-04 0.000000E+00 0.000000E+00 0.800000E-04 0.000000E+00 0.000000E+00 0.000000E+00 0.000000E+00 0.000000E+00 0.000000E+00 0.000000E+00 0.000000E+00 0.000000E+00 0.000000E+00 0.000000E+00 0.000000E+00 0.000000E+00 0.000000E+00 0.000000E+00 0.000000E+00 0.000000E+00 0.000000E+00 0.000000E+00 0.000000E+00 0.000000E+00 0.000000E+00 0.000000E+00 0.000000E+00 0.000000E+00 0.000000E+00 0.000000E+00 0.000000E+00 0.000000E+00 0.000000E+00 0.000000E+00 0.000000E+00 0.000000E+00 0.000000E+00 0.000000E+00 0.000000E+00 0.000000E+00 0.000000E+00 0.000000E+00 0.000000E+00 0.000000E+00 0.000000E+00 0.000000E+00 0.000000E+00 0.000000E+00 0.000000E+00 0.000000E+00 0.000000E+00 0.000000E+00 0.000000E+00 0.000000E+00 0.000000E+00 0.000000E+00 0.000000E+00 0.000000E+00 0.000000E+00 0.000000E+00 0.000000E+00 0.000000E+00 0.000000E+00 0.000000E+00 0.000000E+00 0.000000E+00 0.000000E+00 0.000000E+00 0.000000E+00 0.000000E+00 0.000000E+00 0.000000E+00 0.000000E+00 0.000000E+00 0.000000E+00 0.000000E+00 0.000000E+00 0.000000E+00 0.000000E+00 0.000000E+00 0.000000E+00 0.000000E+00 0.000000E+00 0.000000E+00 0.000000E+00 0.000000E+00 0.000000E+00 0.000000E+00 0.000000E+00 0.000000E+00 0.000000E+00 0.000000E+00 0.000000E+00 0.000000E+00 0.000000E+00 0.000000E+00 0.000000E+00 0.000000E+00 0.000000E+00 0.000000E+00 0.000000E+00 0.000000E+00 0.000000E+00 0.000000E+00 0.000000E+00 0.000000E+00 0.000000E+00 0.000000E+00 0.000000E+00 0.000000E+00 0.000000E+00 0.000000E+00 0.000000E+00 0.000000E+00 0.000000E+00 0.000000E+00 0.000000E+00 0.000000E+00 0.000000E+00 0.000000E+00 0.000000E+00 0.000000E+00 0.000000E+00 0.000000E+00 0.000000E+00 0.000000E+00 0.000000E+00 0.000000E+00 0.000000E+00 0.000000E+00 0.000000E+00 0.000000E+00 0.000000E+00 0.000000E+00 0.000000E+00 0.000000E+00 0.000000E+00 0.000000E+00 0.000000E+00 0.000000E+00 0.000000E+00 0.000000E+00 0.000000E+00 0.000000E+00 0.000000E+00 0.000000E+00 0.000000E+00 0.000000E+00 0.000000E+00 0.000000E+00 0.000000E+00 0.000000E+00 0.000000E+00 0.000000E+00 0.000000E+00 0.000000E+00 0.000000E+00 0.000000E+00 0.000000E+00 0.000000E+00 0.000000E+00 0.000000E+00 0.000000E+00 0.000000E+00 0.000000E+00 0.000000E+00 0.000000E+00 0.000000E+00 0.000000E+00 0.000000E+00 0.000000E+00 0.000000E+00 0.000000E+00 0.000000E+00 0.000000E+00 0.000000E+00 0.000000E+00
 0.319268E+02 0.184168E+01 0.826480E+00 0.443440E+00 0.250720E+00 0.156800E+00 0.976000E-01 0.705600E-01 0.438400E-01 0.312000E-01 0.208000E-01 0.136000E-01 0.952000E-02 0.656000E-02 0.600000E-02 0.400000E-02 0.296000E-02 0.232000E-02 0.104000E-02 0.640000E-03 0.960000E-03 0.400000E-03 0.240000E-03 0.320000E-03 0.240000E-03 0.160000E-03 0.000000E+00 0.800000E-04 0.800000E-04 0.800000E-04 0.000000E+00 0.000000E+00 0.000000E+00 0.000000E+00 0.000000E+00 0.800000E-04 0.000000E+00 0.000000E+00 0.000000E+00 0.000000E+00 0.000000E+00 0.000000E+00 0.000000E+00 0.000000E+00 0.000000E+00 0.000000E+00 0.000000E+00 0.000000E+00 0.000000E+00 0.000000E+00 0.000000E+00 0.000000E+00 0.000000E+00 0.000000E+00 0.000000E+00 0.000000E+00 0.000000E+00 0.000000E+00 0.000000E+00 0.000000E+00 0.000000E+00 0.000000E+00 0.000000E+00 0.000000E+00 0.000000E+00 0.000000E+00 0.000000E+00 0.000000E+00 0.000000E+00 0.000000E+00 0.000000E+00 0.000000E+00 0.000000E+00 0.000000E+00 0.000000E+00 0.000000E+00 0.000000E+00 0.000000E+00 0.000000E+00 0.000000E+00 0.000000E+00 0.000000E+00 0.000000E+00 0.000000E+00 0.000000E+00 0.000000E+00 0.000000E+00 0.000000E+00 0.000000E+00 0.000000E+00 0.000000E+00 0.000000E+00 0.000000E+00 0.000000E+00 0.000000E+00 0.000000E+00 0.000000E+00 0.000000E+00 0.000000E+00 0.000000E+00 0.000000E+00 0.000000E+00 0.000000E+00 0.000000E+00 0.000000E+00 0.000000E+00 0.000000E+00 0.000000E+00 0.000000E+00 0.000000E+00 0.000000E+00 0.000000E+00 0.000000E+00 0.000000E+00 0.000000E+00 0.000000E+00 0.000000E+00 0.000000E+00 0.000000E+00 0.000000E+00 0.000000E+00 0.000000E+00 0.000000E+00 0.000000E+00 0.000000E+00 0.000000E+00 0.000000E+00 0.000000E+00 0.000000E+00 0.000000E+00 0.000000E+00 0.000000E+00 0.000000E+00 0.000000E+00 0.000000E+00 0.000000E+00 0.000000E+00 0.000000E+00 0.000000E+00 0.000000E+00 0.000000E+00 0.000000E+00 0.000000E+00 0.000000E+00 0.000000E+00 0.000000E+00 0.000000E+00 0.000000E+00 0.000000E+00 0.000000E+00 0.000000E+00 0.000000E+00 0.000000E+00 0.000000E+00 0.000000E+00 0.000000E+00 0.000000E+00 0.000000E+00 0.000000E+00 0.000000E+00 0.000000E+00 0.000000E+00 0.000000E+00 0.000000E+00 0.000000E+00 0.000000E+00 0.000000E+00 0.000000E+00 0.000000E+00 0.000000E+00 0.000000E+00 0.000000E+00 0.000000E+00 0.000000E+00 0.000000E+00 0.000000E+00 0.000000E+00 0.000000E+00 0.000000E+00 0.000000E+00 0.000000E+00 0.000000E+00 0.000000E+00 0.000000E+00 0.000000E+00 0.000000E+00 0.000000E+00 0.000000E+00 0.000000E+00 0.000000E+00 0.000000E+00 0.000000E+00 0.000000E+00 0.000000E+00 0.000000E+00 0.000000E+00 0.000000E+00 0.000000E+00 0.000000E+00 0.000000E+00
