### Run with WimpAnn version = wimpann-2.08                            
###   Using Pythia version   = Pythia 6.400    
###   Using nusigma version  = nusigma-1.15-pyr                        
###   Using DarkSUSY version = ds-4.1.6                                
###   WimpAnn run started at date 2007-09-06; time 13:05:39
### Neutrino oscillation parameters
#      theta_12 =  0.00000000E+00
#      theta_13 =  0.00000000E+00
#      theta_23 =  0.00000000E+00
#         delta =  0.00000000E+00
#  delta_m^2_21 =  0.81000000E-04
#  delta_m^2_31 =  0.22000000E-02
### WimpAnn run parameters
#  Annihilation channel =         6
#  Generated particles =  Z0               Z0              
#  WIMP mass =  0.10000000E+04
#  Number of annihilations =   2500000
#  Source = Sun
#...dPhi/dz in  200 bins from 0 to 1
#...Line  1- 6: flux at centre of Sun for neutrino 1-6
#...Line  7-12: flux at surface of Sun for neutrino 1-6
#...Line 13-18: flux at 1 AU from the Sun for neutrino 1-6
#...Line 19-24: flux at surface of Sun for secondary neutrino 1-6
#...Line 25-30: flux at 1 AU from the Sun for secondary neutrino 1-6
 0.507960E+01 0.317576E+01 0.219240E+01 0.160872E+01 0.126848E+01 0.102648E+01 0.856720E+00 0.747040E+00 0.656080E+00 0.551840E+00 0.508480E+00 0.444560E+00 0.416960E+00 0.378320E+00 0.346640E+00 0.332000E+00 0.311680E+00 0.297600E+00 0.281360E+00 0.253920E+00 0.255120E+00 0.245440E+00 0.240080E+00 0.223200E+00 0.216160E+00 0.212240E+00 0.209920E+00 0.194320E+00 0.200800E+00 0.195520E+00 0.187360E+00 0.181680E+00 0.184400E+00 0.184560E+00 0.178400E+00 0.174560E+00 0.173520E+00 0.174800E+00 0.167520E+00 0.165680E+00 0.159680E+00 0.169760E+00 0.161280E+00 0.165040E+00 0.158560E+00 0.160400E+00 0.156400E+00 0.154000E+00 0.153760E+00 0.156880E+00 0.153920E+00 0.151280E+00 0.151920E+00 0.154240E+00 0.155600E+00 0.156560E+00 0.149440E+00 0.149920E+00 0.148880E+00 0.146560E+00 0.153680E+00 0.146880E+00 0.149360E+00 0.144800E+00 0.145520E+00 0.143280E+00 0.138880E+00 0.142320E+00 0.143040E+00 0.147360E+00 0.140240E+00 0.143120E+00 0.143440E+00 0.138000E+00 0.142640E+00 0.146480E+00 0.142480E+00 0.144000E+00 0.142240E+00 0.140960E+00 0.142960E+00 0.142160E+00 0.138640E+00 0.142080E+00 0.137760E+00 0.141520E+00 0.144800E+00 0.141360E+00 0.135680E+00 0.131280E+00 0.144640E+00 0.136800E+00 0.141280E+00 0.136000E+00 0.142400E+00 0.133520E+00 0.141120E+00 0.143920E+00 0.136320E+00 0.138160E+00 0.141680E+00 0.135680E+00 0.142480E+00 0.136640E+00 0.142160E+00 0.140720E+00 0.137280E+00 0.140800E+00 0.137040E+00 0.135520E+00 0.133840E+00 0.135520E+00 0.136000E+00 0.134960E+00 0.136480E+00 0.131920E+00 0.136160E+00 0.139280E+00 0.141120E+00 0.134800E+00 0.131840E+00 0.134720E+00 0.139600E+00 0.136240E+00 0.135840E+00 0.134800E+00 0.135920E+00 0.131280E+00 0.138160E+00 0.139040E+00 0.134400E+00 0.133840E+00 0.137760E+00 0.132720E+00 0.134560E+00 0.137440E+00 0.135200E+00 0.133280E+00 0.132000E+00 0.139360E+00 0.134480E+00 0.130240E+00 0.129200E+00 0.135360E+00 0.133920E+00 0.139520E+00 0.131440E+00 0.136000E+00 0.130640E+00 0.130720E+00 0.136000E+00 0.133680E+00 0.130320E+00 0.136800E+00 0.131040E+00 0.131280E+00 0.134480E+00 0.126400E+00 0.134720E+00 0.136320E+00 0.136320E+00 0.131440E+00 0.128560E+00 0.141360E+00 0.133280E+00 0.131120E+00 0.132880E+00 0.132880E+00 0.134080E+00 0.134640E+00 0.129840E+00 0.133920E+00 0.132720E+00 0.137120E+00 0.132160E+00 0.132880E+00 0.134240E+00 0.133840E+00 0.135520E+00 0.131920E+00 0.139120E+00 0.129680E+00 0.128560E+00 0.131440E+00 0.132080E+00 0.140160E+00 0.131360E+00 0.135520E+00 0.133360E+00 0.132880E+00 0.143120E+00 0.132240E+00 0.135600E+00 0.134320E+00 0.134080E+00 0.137360E+00 0.128640E+00 0.135360E+00 0.133040E+00 0.696800E-01
 0.507952E+01 0.314088E+01 0.219328E+01 0.161136E+01 0.126296E+01 0.101864E+01 0.865280E+00 0.720800E+00 0.637360E+00 0.566960E+00 0.491920E+00 0.461440E+00 0.409680E+00 0.376080E+00 0.358640E+00 0.325760E+00 0.306400E+00 0.283760E+00 0.269840E+00 0.275920E+00 0.255440E+00 0.247280E+00 0.238480E+00 0.231680E+00 0.220560E+00 0.211520E+00 0.213360E+00 0.200880E+00 0.199760E+00 0.190080E+00 0.190960E+00 0.185040E+00 0.181840E+00 0.181440E+00 0.172720E+00 0.170960E+00 0.182160E+00 0.166640E+00 0.166560E+00 0.167200E+00 0.169040E+00 0.165760E+00 0.156160E+00 0.162080E+00 0.158080E+00 0.156720E+00 0.162000E+00 0.152560E+00 0.156880E+00 0.154160E+00 0.151920E+00 0.145600E+00 0.154720E+00 0.149120E+00 0.156560E+00 0.151440E+00 0.149600E+00 0.144240E+00 0.144560E+00 0.146000E+00 0.153840E+00 0.143920E+00 0.146160E+00 0.148640E+00 0.145200E+00 0.146800E+00 0.142080E+00 0.145520E+00 0.143440E+00 0.143520E+00 0.148880E+00 0.145760E+00 0.139840E+00 0.142960E+00 0.140640E+00 0.144400E+00 0.141600E+00 0.145680E+00 0.141600E+00 0.136800E+00 0.139840E+00 0.145440E+00 0.145200E+00 0.141760E+00 0.135840E+00 0.139760E+00 0.137440E+00 0.139760E+00 0.138400E+00 0.136080E+00 0.138560E+00 0.138320E+00 0.143280E+00 0.140400E+00 0.140800E+00 0.144720E+00 0.137600E+00 0.142320E+00 0.138000E+00 0.141920E+00 0.136320E+00 0.136560E+00 0.141440E+00 0.139040E+00 0.133360E+00 0.138480E+00 0.135520E+00 0.141360E+00 0.134800E+00 0.140480E+00 0.129280E+00 0.132240E+00 0.138720E+00 0.141840E+00 0.135520E+00 0.134720E+00 0.136080E+00 0.135920E+00 0.136880E+00 0.137520E+00 0.136800E+00 0.134640E+00 0.136000E+00 0.134640E+00 0.140400E+00 0.135760E+00 0.130160E+00 0.135760E+00 0.134160E+00 0.130240E+00 0.137600E+00 0.133120E+00 0.132160E+00 0.130480E+00 0.133360E+00 0.133040E+00 0.134080E+00 0.135840E+00 0.136240E+00 0.140640E+00 0.133840E+00 0.133840E+00 0.136000E+00 0.133680E+00 0.140720E+00 0.138480E+00 0.137120E+00 0.132480E+00 0.133520E+00 0.132720E+00 0.134560E+00 0.130880E+00 0.131680E+00 0.133680E+00 0.133280E+00 0.133360E+00 0.139280E+00 0.133360E+00 0.136560E+00 0.128080E+00 0.134000E+00 0.131840E+00 0.136320E+00 0.131760E+00 0.131040E+00 0.134000E+00 0.136640E+00 0.134320E+00 0.130000E+00 0.128000E+00 0.137040E+00 0.133120E+00 0.130320E+00 0.133440E+00 0.131120E+00 0.130080E+00 0.131520E+00 0.133280E+00 0.134560E+00 0.134320E+00 0.127920E+00 0.136400E+00 0.138480E+00 0.132080E+00 0.131760E+00 0.133120E+00 0.132720E+00 0.132640E+00 0.126720E+00 0.136880E+00 0.127680E+00 0.136480E+00 0.128720E+00 0.137440E+00 0.133680E+00 0.137760E+00 0.133600E+00 0.136560E+00 0.141040E+00 0.767200E-01
 0.511336E+01 0.317280E+01 0.216368E+01 0.159408E+01 0.124712E+01 0.100424E+01 0.852480E+00 0.728720E+00 0.622320E+00 0.556960E+00 0.496400E+00 0.454800E+00 0.405680E+00 0.385920E+00 0.351120E+00 0.331680E+00 0.303760E+00 0.284640E+00 0.279520E+00 0.261040E+00 0.261760E+00 0.240000E+00 0.233200E+00 0.230480E+00 0.218080E+00 0.215120E+00 0.213200E+00 0.201840E+00 0.192400E+00 0.192880E+00 0.190000E+00 0.193920E+00 0.185840E+00 0.190400E+00 0.179920E+00 0.182160E+00 0.175920E+00 0.170480E+00 0.167280E+00 0.170880E+00 0.161680E+00 0.164400E+00 0.167440E+00 0.160960E+00 0.155760E+00 0.165120E+00 0.164240E+00 0.159680E+00 0.158640E+00 0.159920E+00 0.153920E+00 0.149520E+00 0.148320E+00 0.151600E+00 0.151040E+00 0.148320E+00 0.154880E+00 0.144400E+00 0.143680E+00 0.146560E+00 0.147520E+00 0.138800E+00 0.143520E+00 0.150800E+00 0.149440E+00 0.150800E+00 0.144960E+00 0.146640E+00 0.141520E+00 0.141760E+00 0.140400E+00 0.137360E+00 0.145200E+00 0.141440E+00 0.143760E+00 0.135440E+00 0.148880E+00 0.143760E+00 0.141920E+00 0.145440E+00 0.135440E+00 0.145200E+00 0.141200E+00 0.142640E+00 0.139760E+00 0.139920E+00 0.141920E+00 0.137760E+00 0.132080E+00 0.138720E+00 0.138320E+00 0.133600E+00 0.138640E+00 0.135520E+00 0.140000E+00 0.139920E+00 0.138160E+00 0.141760E+00 0.142720E+00 0.137360E+00 0.129600E+00 0.140160E+00 0.143920E+00 0.141280E+00 0.140000E+00 0.138560E+00 0.132000E+00 0.136800E+00 0.139600E+00 0.139760E+00 0.138800E+00 0.137120E+00 0.137600E+00 0.135360E+00 0.136000E+00 0.133200E+00 0.132400E+00 0.135120E+00 0.130640E+00 0.142560E+00 0.138640E+00 0.134960E+00 0.129600E+00 0.133440E+00 0.138400E+00 0.134240E+00 0.136720E+00 0.136560E+00 0.132400E+00 0.136880E+00 0.136640E+00 0.132080E+00 0.138880E+00 0.135360E+00 0.137040E+00 0.130480E+00 0.128480E+00 0.132720E+00 0.137280E+00 0.132000E+00 0.140800E+00 0.131200E+00 0.139920E+00 0.134080E+00 0.135440E+00 0.129760E+00 0.141280E+00 0.130960E+00 0.128560E+00 0.136320E+00 0.137440E+00 0.135120E+00 0.134560E+00 0.139840E+00 0.134000E+00 0.135600E+00 0.135600E+00 0.129600E+00 0.139200E+00 0.133600E+00 0.132720E+00 0.140560E+00 0.141040E+00 0.134160E+00 0.132400E+00 0.131360E+00 0.138800E+00 0.132240E+00 0.130160E+00 0.132640E+00 0.127840E+00 0.126560E+00 0.138240E+00 0.134480E+00 0.136160E+00 0.134640E+00 0.131760E+00 0.131040E+00 0.133440E+00 0.139360E+00 0.135280E+00 0.135280E+00 0.137120E+00 0.130880E+00 0.137360E+00 0.132320E+00 0.134640E+00 0.136320E+00 0.133760E+00 0.135200E+00 0.136800E+00 0.134480E+00 0.126960E+00 0.129600E+00 0.135120E+00 0.132880E+00 0.128720E+00 0.136160E+00 0.137200E+00 0.768800E-01
 0.509928E+01 0.317392E+01 0.219848E+01 0.160080E+01 0.125208E+01 0.101224E+01 0.842400E+00 0.705840E+00 0.632160E+00 0.564160E+00 0.504320E+00 0.451440E+00 0.415200E+00 0.384080E+00 0.354960E+00 0.335600E+00 0.304080E+00 0.292720E+00 0.271520E+00 0.261840E+00 0.258080E+00 0.243760E+00 0.231360E+00 0.224480E+00 0.220480E+00 0.217120E+00 0.208560E+00 0.206640E+00 0.190320E+00 0.184800E+00 0.190560E+00 0.180000E+00 0.182800E+00 0.183440E+00 0.176480E+00 0.176080E+00 0.174640E+00 0.179120E+00 0.174160E+00 0.166720E+00 0.164000E+00 0.164480E+00 0.161120E+00 0.163920E+00 0.159680E+00 0.160800E+00 0.164640E+00 0.155600E+00 0.155680E+00 0.157840E+00 0.156400E+00 0.150080E+00 0.149600E+00 0.159360E+00 0.144400E+00 0.153040E+00 0.149760E+00 0.152240E+00 0.145840E+00 0.151920E+00 0.144160E+00 0.149920E+00 0.144640E+00 0.139440E+00 0.143840E+00 0.147440E+00 0.144800E+00 0.148080E+00 0.142000E+00 0.145920E+00 0.145680E+00 0.140960E+00 0.142800E+00 0.147440E+00 0.140240E+00 0.146400E+00 0.140240E+00 0.137600E+00 0.140800E+00 0.144000E+00 0.148000E+00 0.133200E+00 0.139280E+00 0.137280E+00 0.136880E+00 0.137840E+00 0.136880E+00 0.141680E+00 0.138640E+00 0.142480E+00 0.141360E+00 0.142080E+00 0.138560E+00 0.134240E+00 0.141840E+00 0.141520E+00 0.141920E+00 0.144880E+00 0.141520E+00 0.130480E+00 0.136640E+00 0.142720E+00 0.141280E+00 0.137760E+00 0.138320E+00 0.139280E+00 0.134080E+00 0.136240E+00 0.131440E+00 0.136720E+00 0.134960E+00 0.128480E+00 0.136560E+00 0.136880E+00 0.135520E+00 0.136320E+00 0.138480E+00 0.135680E+00 0.142160E+00 0.129520E+00 0.139360E+00 0.135600E+00 0.136960E+00 0.141920E+00 0.128880E+00 0.135120E+00 0.134560E+00 0.137440E+00 0.130800E+00 0.131280E+00 0.133120E+00 0.132960E+00 0.136560E+00 0.136720E+00 0.139440E+00 0.138080E+00 0.139760E+00 0.132000E+00 0.128240E+00 0.133600E+00 0.133200E+00 0.130880E+00 0.129360E+00 0.140000E+00 0.130480E+00 0.135440E+00 0.133600E+00 0.130800E+00 0.131440E+00 0.137360E+00 0.139920E+00 0.135440E+00 0.137200E+00 0.138880E+00 0.140000E+00 0.128080E+00 0.138000E+00 0.138720E+00 0.131360E+00 0.129840E+00 0.137120E+00 0.130960E+00 0.134880E+00 0.140080E+00 0.136720E+00 0.136000E+00 0.138080E+00 0.134160E+00 0.142560E+00 0.135760E+00 0.134400E+00 0.134640E+00 0.137840E+00 0.136960E+00 0.134240E+00 0.135360E+00 0.137040E+00 0.132640E+00 0.126720E+00 0.142800E+00 0.133120E+00 0.133680E+00 0.128080E+00 0.132080E+00 0.138240E+00 0.135520E+00 0.138080E+00 0.132800E+00 0.134080E+00 0.134640E+00 0.133520E+00 0.131680E+00 0.131600E+00 0.136720E+00 0.138000E+00 0.130560E+00 0.137440E+00 0.128480E+00 0.135120E+00 0.777600E-01
 0.199608E+01 0.149024E+01 0.119384E+01 0.997600E+00 0.848000E+00 0.760800E+00 0.690240E+00 0.618480E+00 0.572400E+00 0.536320E+00 0.512000E+00 0.476960E+00 0.440960E+00 0.422480E+00 0.414080E+00 0.396640E+00 0.380560E+00 0.380560E+00 0.352560E+00 0.341040E+00 0.342240E+00 0.335440E+00 0.315440E+00 0.322480E+00 0.321040E+00 0.305600E+00 0.297040E+00 0.301120E+00 0.293520E+00 0.281040E+00 0.279680E+00 0.270400E+00 0.272320E+00 0.274320E+00 0.259120E+00 0.253440E+00 0.264160E+00 0.247120E+00 0.260240E+00 0.245840E+00 0.244640E+00 0.241600E+00 0.238800E+00 0.237280E+00 0.240480E+00 0.230160E+00 0.228240E+00 0.220240E+00 0.225360E+00 0.220240E+00 0.223360E+00 0.215520E+00 0.216800E+00 0.211680E+00 0.215840E+00 0.216320E+00 0.213440E+00 0.203520E+00 0.205120E+00 0.202000E+00 0.201360E+00 0.201440E+00 0.196160E+00 0.200000E+00 0.197360E+00 0.191760E+00 0.190480E+00 0.189920E+00 0.193840E+00 0.196880E+00 0.197040E+00 0.185120E+00 0.190960E+00 0.198000E+00 0.183440E+00 0.189600E+00 0.187760E+00 0.182160E+00 0.187680E+00 0.177680E+00 0.182160E+00 0.180480E+00 0.182080E+00 0.172800E+00 0.167680E+00 0.172560E+00 0.168560E+00 0.166000E+00 0.171520E+00 0.172160E+00 0.169840E+00 0.162720E+00 0.168800E+00 0.161920E+00 0.164640E+00 0.170000E+00 0.161760E+00 0.165280E+00 0.160640E+00 0.163360E+00 0.166320E+00 0.165200E+00 0.155280E+00 0.157360E+00 0.158640E+00 0.154320E+00 0.150720E+00 0.154880E+00 0.157360E+00 0.152960E+00 0.154160E+00 0.152000E+00 0.152800E+00 0.150960E+00 0.152560E+00 0.155120E+00 0.158720E+00 0.149600E+00 0.148320E+00 0.153520E+00 0.147600E+00 0.146160E+00 0.151040E+00 0.146720E+00 0.144800E+00 0.146000E+00 0.144640E+00 0.149360E+00 0.146800E+00 0.147680E+00 0.146000E+00 0.149760E+00 0.146560E+00 0.146080E+00 0.142400E+00 0.146080E+00 0.139760E+00 0.148720E+00 0.144800E+00 0.140880E+00 0.140080E+00 0.137920E+00 0.140640E+00 0.135440E+00 0.146160E+00 0.145680E+00 0.140320E+00 0.136240E+00 0.140720E+00 0.140560E+00 0.140800E+00 0.139520E+00 0.133200E+00 0.140800E+00 0.136560E+00 0.138720E+00 0.136880E+00 0.140480E+00 0.138160E+00 0.138240E+00 0.139840E+00 0.140560E+00 0.130960E+00 0.136640E+00 0.133600E+00 0.132480E+00 0.136480E+00 0.136000E+00 0.139760E+00 0.132480E+00 0.136080E+00 0.134960E+00 0.134000E+00 0.135760E+00 0.131840E+00 0.133200E+00 0.137600E+00 0.135760E+00 0.136960E+00 0.132400E+00 0.130880E+00 0.142320E+00 0.135840E+00 0.138160E+00 0.136160E+00 0.131360E+00 0.135680E+00 0.132880E+00 0.130640E+00 0.137280E+00 0.133440E+00 0.140000E+00 0.132480E+00 0.135280E+00 0.129200E+00 0.131520E+00 0.129200E+00 0.135280E+00 0.128640E+00 0.788800E-01
 0.199088E+01 0.149200E+01 0.119832E+01 0.993440E+00 0.856880E+00 0.761360E+00 0.693600E+00 0.616720E+00 0.582720E+00 0.538480E+00 0.513040E+00 0.467200E+00 0.446240E+00 0.437200E+00 0.413600E+00 0.406080E+00 0.388880E+00 0.373280E+00 0.369120E+00 0.348080E+00 0.345840E+00 0.332960E+00 0.321760E+00 0.315760E+00 0.308640E+00 0.300560E+00 0.300880E+00 0.289840E+00 0.287120E+00 0.282320E+00 0.277760E+00 0.283200E+00 0.276160E+00 0.266640E+00 0.263280E+00 0.255760E+00 0.252160E+00 0.247200E+00 0.247920E+00 0.249600E+00 0.245680E+00 0.239120E+00 0.236640E+00 0.230640E+00 0.239360E+00 0.227440E+00 0.226080E+00 0.222560E+00 0.225680E+00 0.221680E+00 0.215440E+00 0.225520E+00 0.217520E+00 0.216560E+00 0.220880E+00 0.217760E+00 0.208080E+00 0.201840E+00 0.199440E+00 0.198480E+00 0.197520E+00 0.203600E+00 0.211440E+00 0.193680E+00 0.197520E+00 0.188240E+00 0.194480E+00 0.193600E+00 0.191760E+00 0.189360E+00 0.189280E+00 0.188480E+00 0.186560E+00 0.183280E+00 0.179840E+00 0.179760E+00 0.178800E+00 0.183360E+00 0.174480E+00 0.178400E+00 0.179840E+00 0.171680E+00 0.178240E+00 0.178960E+00 0.174560E+00 0.175280E+00 0.170960E+00 0.171360E+00 0.168320E+00 0.166560E+00 0.164560E+00 0.168960E+00 0.166400E+00 0.159680E+00 0.158960E+00 0.162240E+00 0.163680E+00 0.154880E+00 0.167280E+00 0.166640E+00 0.160240E+00 0.160800E+00 0.158640E+00 0.159840E+00 0.163040E+00 0.156000E+00 0.154240E+00 0.158400E+00 0.152880E+00 0.151840E+00 0.158160E+00 0.155440E+00 0.149280E+00 0.149440E+00 0.152640E+00 0.146240E+00 0.149840E+00 0.158960E+00 0.155520E+00 0.151280E+00 0.151040E+00 0.153760E+00 0.146160E+00 0.151760E+00 0.156800E+00 0.148880E+00 0.154880E+00 0.149200E+00 0.144000E+00 0.151920E+00 0.150560E+00 0.143040E+00 0.141280E+00 0.142080E+00 0.140640E+00 0.144400E+00 0.148560E+00 0.143600E+00 0.145600E+00 0.141040E+00 0.140960E+00 0.139920E+00 0.137200E+00 0.149760E+00 0.144640E+00 0.141680E+00 0.140080E+00 0.140080E+00 0.135440E+00 0.141520E+00 0.136880E+00 0.142960E+00 0.138240E+00 0.137040E+00 0.142880E+00 0.146240E+00 0.143920E+00 0.138960E+00 0.135280E+00 0.133280E+00 0.132480E+00 0.140960E+00 0.131200E+00 0.142240E+00 0.133680E+00 0.134560E+00 0.138240E+00 0.145680E+00 0.136720E+00 0.134800E+00 0.133520E+00 0.138080E+00 0.138080E+00 0.134000E+00 0.133280E+00 0.138160E+00 0.143760E+00 0.129040E+00 0.131280E+00 0.138320E+00 0.135040E+00 0.129920E+00 0.138720E+00 0.130000E+00 0.138000E+00 0.134080E+00 0.129920E+00 0.135040E+00 0.131440E+00 0.135280E+00 0.131520E+00 0.132000E+00 0.136800E+00 0.132320E+00 0.135280E+00 0.124160E+00 0.131200E+00 0.137680E+00 0.133360E+00 0.798400E-01
 0.707792E+01 0.387712E+01 0.261416E+01 0.189728E+01 0.146600E+01 0.117600E+01 0.975600E+00 0.825760E+00 0.705680E+00 0.590080E+00 0.532960E+00 0.451680E+00 0.417840E+00 0.370720E+00 0.335280E+00 0.308880E+00 0.286640E+00 0.250720E+00 0.235440E+00 0.212080E+00 0.201200E+00 0.182880E+00 0.180080E+00 0.167680E+00 0.149520E+00 0.146160E+00 0.140080E+00 0.123040E+00 0.116080E+00 0.113120E+00 0.106800E+00 0.101200E+00 0.991200E-01 0.931200E-01 0.888000E-01 0.820000E-01 0.796000E-01 0.760800E-01 0.745600E-01 0.680800E-01 0.639200E-01 0.648000E-01 0.598400E-01 0.644800E-01 0.533600E-01 0.544000E-01 0.487200E-01 0.466400E-01 0.475200E-01 0.495200E-01 0.389600E-01 0.371200E-01 0.408800E-01 0.375200E-01 0.367200E-01 0.363200E-01 0.320800E-01 0.292800E-01 0.297600E-01 0.290400E-01 0.286400E-01 0.268800E-01 0.252000E-01 0.240000E-01 0.256000E-01 0.243200E-01 0.220000E-01 0.214400E-01 0.204000E-01 0.206400E-01 0.195200E-01 0.196800E-01 0.170400E-01 0.164000E-01 0.158400E-01 0.155200E-01 0.152800E-01 0.137600E-01 0.120800E-01 0.131200E-01 0.135200E-01 0.128000E-01 0.120000E-01 0.111200E-01 0.121600E-01 0.117600E-01 0.103200E-01 0.984000E-02 0.968000E-02 0.100800E-01 0.944000E-02 0.928000E-02 0.864000E-02 0.752000E-02 0.976000E-02 0.728000E-02 0.824000E-02 0.952000E-02 0.752000E-02 0.536000E-02 0.648000E-02 0.560000E-02 0.800000E-02 0.568000E-02 0.768000E-02 0.552000E-02 0.472000E-02 0.536000E-02 0.584000E-02 0.464000E-02 0.440000E-02 0.384000E-02 0.360000E-02 0.368000E-02 0.336000E-02 0.448000E-02 0.496000E-02 0.392000E-02 0.456000E-02 0.296000E-02 0.336000E-02 0.352000E-02 0.224000E-02 0.296000E-02 0.328000E-02 0.312000E-02 0.272000E-02 0.192000E-02 0.304000E-02 0.216000E-02 0.232000E-02 0.224000E-02 0.184000E-02 0.192000E-02 0.160000E-02 0.200000E-02 0.960000E-03 0.168000E-02 0.152000E-02 0.192000E-02 0.120000E-02 0.184000E-02 0.136000E-02 0.152000E-02 0.136000E-02 0.120000E-02 0.136000E-02 0.112000E-02 0.176000E-02 0.960000E-03 0.120000E-02 0.960000E-03 0.960000E-03 0.136000E-02 0.560000E-03 0.112000E-02 0.880000E-03 0.720000E-03 0.880000E-03 0.320000E-03 0.104000E-02 0.400000E-03 0.880000E-03 0.400000E-03 0.560000E-03 0.560000E-03 0.880000E-03 0.320000E-03 0.880000E-03 0.400000E-03 0.480000E-03 0.480000E-03 0.400000E-03 0.400000E-03 0.640000E-03 0.320000E-03 0.720000E-03 0.800000E-03 0.560000E-03 0.400000E-03 0.400000E-03 0.560000E-03 0.800000E-04 0.480000E-03 0.400000E-03 0.800000E-04 0.400000E-03 0.240000E-03 0.160000E-03 0.240000E-03 0.160000E-03 0.480000E-03 0.160000E-03 0.160000E-03 0.400000E-03 0.320000E-03 0.160000E-03 0.240000E-03 0.800000E-04 0.000000E+00
 0.798080E+01 0.405408E+01 0.273240E+01 0.199472E+01 0.153600E+01 0.122960E+01 0.102432E+01 0.849280E+00 0.731280E+00 0.645840E+00 0.560400E+00 0.508480E+00 0.453120E+00 0.407120E+00 0.374080E+00 0.334400E+00 0.314560E+00 0.287920E+00 0.267360E+00 0.262480E+00 0.241840E+00 0.227440E+00 0.216720E+00 0.199440E+00 0.189120E+00 0.177200E+00 0.173280E+00 0.157920E+00 0.154560E+00 0.150080E+00 0.134960E+00 0.134480E+00 0.132400E+00 0.125760E+00 0.115600E+00 0.112960E+00 0.116240E+00 0.106560E+00 0.108160E+00 0.100800E+00 0.101280E+00 0.915200E-01 0.869600E-01 0.861600E-01 0.821600E-01 0.829600E-01 0.848000E-01 0.733600E-01 0.771200E-01 0.738400E-01 0.717600E-01 0.682400E-01 0.658400E-01 0.648800E-01 0.648000E-01 0.604000E-01 0.573600E-01 0.539200E-01 0.546400E-01 0.564000E-01 0.522400E-01 0.520800E-01 0.508800E-01 0.533600E-01 0.476800E-01 0.471200E-01 0.440000E-01 0.433600E-01 0.472000E-01 0.407200E-01 0.442400E-01 0.428800E-01 0.408000E-01 0.379200E-01 0.401600E-01 0.364000E-01 0.356000E-01 0.381600E-01 0.350400E-01 0.328800E-01 0.345600E-01 0.325600E-01 0.328800E-01 0.312800E-01 0.293600E-01 0.264000E-01 0.284800E-01 0.270400E-01 0.264800E-01 0.260000E-01 0.269600E-01 0.244000E-01 0.258400E-01 0.242400E-01 0.238400E-01 0.220000E-01 0.208000E-01 0.244000E-01 0.224000E-01 0.207200E-01 0.185600E-01 0.190400E-01 0.188000E-01 0.223200E-01 0.177600E-01 0.179200E-01 0.171200E-01 0.180800E-01 0.160000E-01 0.169600E-01 0.166400E-01 0.146400E-01 0.153600E-01 0.158400E-01 0.161600E-01 0.106400E-01 0.124800E-01 0.132000E-01 0.137600E-01 0.138400E-01 0.112000E-01 0.123200E-01 0.116000E-01 0.968000E-02 0.112000E-01 0.113600E-01 0.105600E-01 0.108000E-01 0.104800E-01 0.840000E-02 0.100000E-01 0.105600E-01 0.100800E-01 0.792000E-02 0.896000E-02 0.880000E-02 0.960000E-02 0.792000E-02 0.840000E-02 0.888000E-02 0.704000E-02 0.848000E-02 0.800000E-02 0.784000E-02 0.608000E-02 0.696000E-02 0.624000E-02 0.624000E-02 0.600000E-02 0.552000E-02 0.728000E-02 0.576000E-02 0.552000E-02 0.504000E-02 0.536000E-02 0.584000E-02 0.560000E-02 0.392000E-02 0.392000E-02 0.560000E-02 0.408000E-02 0.336000E-02 0.512000E-02 0.400000E-02 0.376000E-02 0.568000E-02 0.408000E-02 0.416000E-02 0.360000E-02 0.272000E-02 0.360000E-02 0.336000E-02 0.240000E-02 0.368000E-02 0.424000E-02 0.360000E-02 0.256000E-02 0.352000E-02 0.216000E-02 0.288000E-02 0.256000E-02 0.248000E-02 0.224000E-02 0.264000E-02 0.240000E-02 0.208000E-02 0.216000E-02 0.176000E-02 0.176000E-02 0.248000E-02 0.208000E-02 0.216000E-02 0.160000E-02 0.224000E-02 0.136000E-02 0.168000E-02 0.192000E-02 0.184000E-02 0.168000E-02 0.128000E-02
 0.703872E+01 0.387064E+01 0.257560E+01 0.187336E+01 0.144040E+01 0.114368E+01 0.949760E+00 0.806080E+00 0.676560E+00 0.590800E+00 0.509120E+00 0.465520E+00 0.405280E+00 0.365200E+00 0.334400E+00 0.309920E+00 0.275200E+00 0.249760E+00 0.239440E+00 0.214720E+00 0.209280E+00 0.182480E+00 0.174320E+00 0.159600E+00 0.156720E+00 0.139600E+00 0.140160E+00 0.124560E+00 0.118240E+00 0.120160E+00 0.109760E+00 0.106240E+00 0.944000E-01 0.906400E-01 0.913600E-01 0.844000E-01 0.784000E-01 0.754400E-01 0.732800E-01 0.688000E-01 0.606400E-01 0.616800E-01 0.608000E-01 0.547200E-01 0.515200E-01 0.549600E-01 0.486400E-01 0.460000E-01 0.454400E-01 0.449600E-01 0.441600E-01 0.409600E-01 0.402400E-01 0.358400E-01 0.364000E-01 0.329600E-01 0.334400E-01 0.293600E-01 0.284000E-01 0.282400E-01 0.265600E-01 0.248000E-01 0.257600E-01 0.264000E-01 0.248000E-01 0.238400E-01 0.204000E-01 0.204800E-01 0.196800E-01 0.189600E-01 0.158400E-01 0.175200E-01 0.184000E-01 0.171200E-01 0.154400E-01 0.155200E-01 0.164800E-01 0.164000E-01 0.141600E-01 0.150400E-01 0.141600E-01 0.120800E-01 0.125600E-01 0.142400E-01 0.116800E-01 0.104000E-01 0.107200E-01 0.976000E-02 0.904000E-02 0.952000E-02 0.744000E-02 0.896000E-02 0.768000E-02 0.664000E-02 0.100000E-01 0.824000E-02 0.688000E-02 0.752000E-02 0.688000E-02 0.624000E-02 0.568000E-02 0.688000E-02 0.616000E-02 0.680000E-02 0.584000E-02 0.544000E-02 0.480000E-02 0.488000E-02 0.512000E-02 0.272000E-02 0.448000E-02 0.504000E-02 0.384000E-02 0.464000E-02 0.384000E-02 0.344000E-02 0.416000E-02 0.360000E-02 0.312000E-02 0.304000E-02 0.328000E-02 0.200000E-02 0.224000E-02 0.240000E-02 0.352000E-02 0.336000E-02 0.280000E-02 0.336000E-02 0.264000E-02 0.224000E-02 0.216000E-02 0.248000E-02 0.224000E-02 0.264000E-02 0.272000E-02 0.200000E-02 0.200000E-02 0.136000E-02 0.176000E-02 0.880000E-03 0.120000E-02 0.144000E-02 0.200000E-02 0.128000E-02 0.104000E-02 0.168000E-02 0.112000E-02 0.112000E-02 0.112000E-02 0.128000E-02 0.112000E-02 0.880000E-03 0.960000E-03 0.136000E-02 0.104000E-02 0.144000E-02 0.104000E-02 0.128000E-02 0.720000E-03 0.560000E-03 0.104000E-02 0.720000E-03 0.800000E-03 0.640000E-03 0.560000E-03 0.104000E-02 0.800000E-03 0.240000E-03 0.640000E-03 0.720000E-03 0.880000E-03 0.880000E-03 0.240000E-03 0.480000E-03 0.160000E-03 0.640000E-03 0.240000E-03 0.800000E-04 0.400000E-03 0.480000E-03 0.480000E-03 0.800000E-03 0.400000E-03 0.880000E-03 0.400000E-03 0.160000E-03 0.240000E-03 0.160000E-03 0.480000E-03 0.160000E-03 0.240000E-03 0.800000E-04 0.160000E-03 0.160000E-03 0.320000E-03 0.240000E-03 0.240000E-03 0.800000E-04 0.240000E-03 0.800000E-04
 0.796016E+01 0.407960E+01 0.272056E+01 0.195832E+01 0.151456E+01 0.120336E+01 0.987920E+00 0.832560E+00 0.730800E+00 0.646400E+00 0.569840E+00 0.500160E+00 0.450080E+00 0.415280E+00 0.362960E+00 0.341600E+00 0.313680E+00 0.293440E+00 0.271840E+00 0.251360E+00 0.240160E+00 0.220240E+00 0.202800E+00 0.194320E+00 0.186320E+00 0.181760E+00 0.172320E+00 0.162560E+00 0.151600E+00 0.139760E+00 0.144720E+00 0.133280E+00 0.129280E+00 0.126800E+00 0.118400E+00 0.115680E+00 0.112480E+00 0.110560E+00 0.104880E+00 0.955200E-01 0.962400E-01 0.959200E-01 0.910400E-01 0.853600E-01 0.864800E-01 0.856000E-01 0.832800E-01 0.764800E-01 0.740800E-01 0.752000E-01 0.708000E-01 0.683200E-01 0.652800E-01 0.656000E-01 0.614400E-01 0.622400E-01 0.599200E-01 0.594400E-01 0.537600E-01 0.590400E-01 0.533600E-01 0.523200E-01 0.532800E-01 0.473600E-01 0.486400E-01 0.476800E-01 0.434400E-01 0.465600E-01 0.450400E-01 0.418400E-01 0.402400E-01 0.431200E-01 0.373600E-01 0.375200E-01 0.378400E-01 0.388800E-01 0.357600E-01 0.344000E-01 0.353600E-01 0.313600E-01 0.337600E-01 0.309600E-01 0.296800E-01 0.320800E-01 0.276000E-01 0.287200E-01 0.299200E-01 0.246400E-01 0.248800E-01 0.292000E-01 0.269600E-01 0.246400E-01 0.243200E-01 0.227200E-01 0.233600E-01 0.236800E-01 0.228000E-01 0.202400E-01 0.206400E-01 0.210400E-01 0.220800E-01 0.212800E-01 0.216000E-01 0.212800E-01 0.178400E-01 0.176800E-01 0.176000E-01 0.169600E-01 0.140800E-01 0.172000E-01 0.160800E-01 0.154400E-01 0.146400E-01 0.144800E-01 0.141600E-01 0.125600E-01 0.137600E-01 0.131200E-01 0.142400E-01 0.119200E-01 0.133600E-01 0.116000E-01 0.122400E-01 0.132000E-01 0.124000E-01 0.128000E-01 0.119200E-01 0.984000E-02 0.107200E-01 0.100000E-01 0.896000E-02 0.960000E-02 0.872000E-02 0.760000E-02 0.848000E-02 0.984000E-02 0.856000E-02 0.952000E-02 0.800000E-02 0.808000E-02 0.696000E-02 0.888000E-02 0.704000E-02 0.792000E-02 0.576000E-02 0.616000E-02 0.696000E-02 0.696000E-02 0.720000E-02 0.592000E-02 0.616000E-02 0.688000E-02 0.640000E-02 0.576000E-02 0.512000E-02 0.496000E-02 0.592000E-02 0.392000E-02 0.544000E-02 0.528000E-02 0.608000E-02 0.512000E-02 0.480000E-02 0.456000E-02 0.560000E-02 0.448000E-02 0.536000E-02 0.408000E-02 0.352000E-02 0.360000E-02 0.472000E-02 0.344000E-02 0.384000E-02 0.352000E-02 0.368000E-02 0.216000E-02 0.280000E-02 0.256000E-02 0.264000E-02 0.352000E-02 0.256000E-02 0.232000E-02 0.168000E-02 0.256000E-02 0.240000E-02 0.272000E-02 0.296000E-02 0.200000E-02 0.208000E-02 0.160000E-02 0.216000E-02 0.224000E-02 0.280000E-02 0.208000E-02 0.160000E-02 0.168000E-02 0.168000E-02 0.144000E-02 0.144000E-02 0.800000E-03
 0.195920E+02 0.365864E+01 0.251432E+01 0.194472E+01 0.154184E+01 0.131184E+01 0.112704E+01 0.968560E+00 0.860480E+00 0.762080E+00 0.698480E+00 0.628480E+00 0.557920E+00 0.508320E+00 0.483760E+00 0.438800E+00 0.403600E+00 0.391200E+00 0.351120E+00 0.326800E+00 0.312320E+00 0.290960E+00 0.276880E+00 0.258480E+00 0.239360E+00 0.232160E+00 0.223600E+00 0.213680E+00 0.197280E+00 0.186720E+00 0.176080E+00 0.166960E+00 0.159440E+00 0.150880E+00 0.141920E+00 0.130320E+00 0.132640E+00 0.121760E+00 0.124000E+00 0.108560E+00 0.104560E+00 0.101360E+00 0.992800E-01 0.900000E-01 0.896800E-01 0.865600E-01 0.809600E-01 0.760800E-01 0.723200E-01 0.689600E-01 0.708000E-01 0.617600E-01 0.616800E-01 0.587200E-01 0.576800E-01 0.546400E-01 0.520800E-01 0.492000E-01 0.488000E-01 0.475200E-01 0.468000E-01 0.419200E-01 0.401600E-01 0.427200E-01 0.380000E-01 0.380800E-01 0.353600E-01 0.352800E-01 0.332000E-01 0.299200E-01 0.292800E-01 0.286400E-01 0.275200E-01 0.257600E-01 0.252800E-01 0.236800E-01 0.260000E-01 0.237600E-01 0.230400E-01 0.220800E-01 0.186400E-01 0.172800E-01 0.166400E-01 0.177600E-01 0.179200E-01 0.164800E-01 0.153600E-01 0.164000E-01 0.129600E-01 0.139200E-01 0.136800E-01 0.121600E-01 0.151200E-01 0.102400E-01 0.130400E-01 0.105600E-01 0.968000E-02 0.103200E-01 0.100000E-01 0.100000E-01 0.928000E-02 0.856000E-02 0.840000E-02 0.752000E-02 0.760000E-02 0.768000E-02 0.768000E-02 0.656000E-02 0.616000E-02 0.576000E-02 0.736000E-02 0.600000E-02 0.576000E-02 0.584000E-02 0.576000E-02 0.584000E-02 0.608000E-02 0.400000E-02 0.536000E-02 0.384000E-02 0.432000E-02 0.432000E-02 0.520000E-02 0.360000E-02 0.376000E-02 0.528000E-02 0.328000E-02 0.368000E-02 0.344000E-02 0.272000E-02 0.312000E-02 0.336000E-02 0.256000E-02 0.344000E-02 0.312000E-02 0.248000E-02 0.216000E-02 0.232000E-02 0.256000E-02 0.208000E-02 0.160000E-02 0.272000E-02 0.272000E-02 0.152000E-02 0.184000E-02 0.160000E-02 0.168000E-02 0.208000E-02 0.176000E-02 0.216000E-02 0.184000E-02 0.120000E-02 0.160000E-02 0.136000E-02 0.176000E-02 0.128000E-02 0.152000E-02 0.128000E-02 0.880000E-03 0.128000E-02 0.128000E-02 0.800000E-03 0.800000E-03 0.128000E-02 0.960000E-03 0.560000E-03 0.400000E-03 0.480000E-03 0.960000E-03 0.720000E-03 0.800000E-04 0.720000E-03 0.104000E-02 0.720000E-03 0.880000E-03 0.400000E-03 0.800000E-03 0.640000E-03 0.640000E-03 0.560000E-03 0.640000E-03 0.400000E-03 0.640000E-03 0.720000E-03 0.640000E-03 0.800000E-04 0.400000E-03 0.640000E-03 0.480000E-03 0.480000E-03 0.320000E-03 0.240000E-03 0.480000E-03 0.000000E+00 0.160000E-03 0.320000E-03 0.320000E-03 0.480000E-03 0.320000E-03 0.160000E-03
 0.114762E+02 0.365584E+01 0.263032E+01 0.206320E+01 0.170504E+01 0.147424E+01 0.129872E+01 0.114040E+01 0.103480E+01 0.927760E+00 0.849920E+00 0.766080E+00 0.721760E+00 0.679360E+00 0.626560E+00 0.586000E+00 0.547760E+00 0.517760E+00 0.494400E+00 0.453280E+00 0.438160E+00 0.410880E+00 0.399200E+00 0.367840E+00 0.352480E+00 0.341920E+00 0.334400E+00 0.308400E+00 0.291680E+00 0.287520E+00 0.266480E+00 0.263600E+00 0.250240E+00 0.247520E+00 0.227600E+00 0.223360E+00 0.215280E+00 0.204960E+00 0.196160E+00 0.194400E+00 0.187520E+00 0.172320E+00 0.172160E+00 0.163520E+00 0.159040E+00 0.156720E+00 0.152160E+00 0.145200E+00 0.140000E+00 0.133680E+00 0.132720E+00 0.127680E+00 0.121680E+00 0.117200E+00 0.114400E+00 0.114080E+00 0.108880E+00 0.988000E-01 0.102000E+00 0.908000E-01 0.924800E-01 0.948800E-01 0.916800E-01 0.829600E-01 0.810400E-01 0.818400E-01 0.840800E-01 0.754400E-01 0.705600E-01 0.706400E-01 0.711200E-01 0.631200E-01 0.645600E-01 0.637600E-01 0.648000E-01 0.592000E-01 0.560000E-01 0.616000E-01 0.514400E-01 0.536000E-01 0.518400E-01 0.502400E-01 0.487200E-01 0.479200E-01 0.461600E-01 0.433600E-01 0.411200E-01 0.419200E-01 0.432000E-01 0.401600E-01 0.370400E-01 0.399200E-01 0.390400E-01 0.374400E-01 0.340000E-01 0.332800E-01 0.312000E-01 0.284000E-01 0.344000E-01 0.305600E-01 0.296000E-01 0.310400E-01 0.279200E-01 0.277600E-01 0.300000E-01 0.291200E-01 0.257600E-01 0.242400E-01 0.233600E-01 0.212000E-01 0.228000E-01 0.223200E-01 0.212000E-01 0.221600E-01 0.175200E-01 0.202400E-01 0.187200E-01 0.188800E-01 0.184800E-01 0.152000E-01 0.156800E-01 0.188800E-01 0.145600E-01 0.152800E-01 0.152800E-01 0.144000E-01 0.149600E-01 0.142400E-01 0.152800E-01 0.150400E-01 0.156800E-01 0.148000E-01 0.131200E-01 0.138400E-01 0.116000E-01 0.128800E-01 0.105600E-01 0.122400E-01 0.102400E-01 0.100000E-01 0.976000E-02 0.110400E-01 0.928000E-02 0.107200E-01 0.116000E-01 0.824000E-02 0.864000E-02 0.776000E-02 0.912000E-02 0.856000E-02 0.872000E-02 0.864000E-02 0.752000E-02 0.768000E-02 0.776000E-02 0.752000E-02 0.704000E-02 0.648000E-02 0.736000E-02 0.568000E-02 0.520000E-02 0.592000E-02 0.512000E-02 0.600000E-02 0.560000E-02 0.536000E-02 0.480000E-02 0.544000E-02 0.456000E-02 0.536000E-02 0.440000E-02 0.432000E-02 0.456000E-02 0.344000E-02 0.376000E-02 0.456000E-02 0.448000E-02 0.304000E-02 0.384000E-02 0.352000E-02 0.336000E-02 0.272000E-02 0.328000E-02 0.328000E-02 0.288000E-02 0.312000E-02 0.328000E-02 0.304000E-02 0.256000E-02 0.192000E-02 0.264000E-02 0.224000E-02 0.248000E-02 0.200000E-02 0.216000E-02 0.152000E-02 0.320000E-02 0.208000E-02 0.216000E-02 0.144000E-02
 0.707792E+01 0.387712E+01 0.261416E+01 0.189728E+01 0.146600E+01 0.117600E+01 0.975600E+00 0.825760E+00 0.705680E+00 0.590080E+00 0.532960E+00 0.451680E+00 0.417840E+00 0.370720E+00 0.335280E+00 0.308880E+00 0.286640E+00 0.250720E+00 0.235440E+00 0.212080E+00 0.201200E+00 0.182880E+00 0.180080E+00 0.167680E+00 0.149520E+00 0.146160E+00 0.140080E+00 0.123040E+00 0.116080E+00 0.113120E+00 0.106800E+00 0.101200E+00 0.991200E-01 0.931200E-01 0.888000E-01 0.820000E-01 0.796000E-01 0.760800E-01 0.745600E-01 0.680800E-01 0.639200E-01 0.648000E-01 0.598400E-01 0.644800E-01 0.533600E-01 0.544000E-01 0.487200E-01 0.466400E-01 0.475200E-01 0.495200E-01 0.389600E-01 0.371200E-01 0.408800E-01 0.375200E-01 0.367200E-01 0.363200E-01 0.320800E-01 0.292800E-01 0.297600E-01 0.290400E-01 0.286400E-01 0.268800E-01 0.252000E-01 0.240000E-01 0.256000E-01 0.243200E-01 0.220000E-01 0.214400E-01 0.204000E-01 0.206400E-01 0.195200E-01 0.196800E-01 0.170400E-01 0.164000E-01 0.158400E-01 0.155200E-01 0.152800E-01 0.137600E-01 0.120800E-01 0.131200E-01 0.135200E-01 0.128000E-01 0.120000E-01 0.111200E-01 0.121600E-01 0.117600E-01 0.103200E-01 0.984000E-02 0.968000E-02 0.100800E-01 0.944000E-02 0.928000E-02 0.864000E-02 0.752000E-02 0.976000E-02 0.728000E-02 0.824000E-02 0.952000E-02 0.752000E-02 0.536000E-02 0.648000E-02 0.560000E-02 0.800000E-02 0.568000E-02 0.768000E-02 0.552000E-02 0.472000E-02 0.536000E-02 0.584000E-02 0.464000E-02 0.440000E-02 0.384000E-02 0.360000E-02 0.368000E-02 0.336000E-02 0.448000E-02 0.496000E-02 0.392000E-02 0.456000E-02 0.296000E-02 0.336000E-02 0.352000E-02 0.224000E-02 0.296000E-02 0.328000E-02 0.312000E-02 0.272000E-02 0.192000E-02 0.304000E-02 0.216000E-02 0.232000E-02 0.224000E-02 0.184000E-02 0.192000E-02 0.160000E-02 0.200000E-02 0.960000E-03 0.168000E-02 0.152000E-02 0.192000E-02 0.120000E-02 0.184000E-02 0.136000E-02 0.152000E-02 0.136000E-02 0.120000E-02 0.136000E-02 0.112000E-02 0.176000E-02 0.960000E-03 0.120000E-02 0.960000E-03 0.960000E-03 0.136000E-02 0.560000E-03 0.112000E-02 0.880000E-03 0.720000E-03 0.880000E-03 0.320000E-03 0.104000E-02 0.400000E-03 0.880000E-03 0.400000E-03 0.560000E-03 0.560000E-03 0.880000E-03 0.320000E-03 0.880000E-03 0.400000E-03 0.480000E-03 0.480000E-03 0.400000E-03 0.400000E-03 0.640000E-03 0.320000E-03 0.720000E-03 0.800000E-03 0.560000E-03 0.400000E-03 0.400000E-03 0.560000E-03 0.800000E-04 0.480000E-03 0.400000E-03 0.800000E-04 0.400000E-03 0.240000E-03 0.160000E-03 0.240000E-03 0.160000E-03 0.480000E-03 0.160000E-03 0.160000E-03 0.400000E-03 0.320000E-03 0.160000E-03 0.240000E-03 0.800000E-04 0.000000E+00
 0.798080E+01 0.405408E+01 0.273240E+01 0.199472E+01 0.153600E+01 0.122960E+01 0.102432E+01 0.849280E+00 0.731280E+00 0.645840E+00 0.560400E+00 0.508480E+00 0.453120E+00 0.407120E+00 0.374080E+00 0.334400E+00 0.314560E+00 0.287920E+00 0.267360E+00 0.262480E+00 0.241840E+00 0.227440E+00 0.216720E+00 0.199440E+00 0.189120E+00 0.177200E+00 0.173280E+00 0.157920E+00 0.154560E+00 0.150080E+00 0.134960E+00 0.134480E+00 0.132400E+00 0.125760E+00 0.115600E+00 0.112960E+00 0.116240E+00 0.106560E+00 0.108160E+00 0.100800E+00 0.101280E+00 0.915200E-01 0.869600E-01 0.861600E-01 0.821600E-01 0.829600E-01 0.848000E-01 0.733600E-01 0.771200E-01 0.738400E-01 0.717600E-01 0.682400E-01 0.658400E-01 0.648800E-01 0.648000E-01 0.604000E-01 0.573600E-01 0.539200E-01 0.546400E-01 0.564000E-01 0.522400E-01 0.520800E-01 0.508800E-01 0.533600E-01 0.476800E-01 0.471200E-01 0.440000E-01 0.433600E-01 0.472000E-01 0.407200E-01 0.442400E-01 0.428800E-01 0.408000E-01 0.379200E-01 0.401600E-01 0.364000E-01 0.356000E-01 0.381600E-01 0.350400E-01 0.328800E-01 0.345600E-01 0.325600E-01 0.328800E-01 0.312800E-01 0.293600E-01 0.264000E-01 0.284800E-01 0.270400E-01 0.264800E-01 0.260000E-01 0.269600E-01 0.244000E-01 0.258400E-01 0.242400E-01 0.238400E-01 0.220000E-01 0.208000E-01 0.244000E-01 0.224000E-01 0.207200E-01 0.185600E-01 0.190400E-01 0.188000E-01 0.223200E-01 0.177600E-01 0.179200E-01 0.171200E-01 0.180800E-01 0.160000E-01 0.169600E-01 0.166400E-01 0.146400E-01 0.153600E-01 0.158400E-01 0.161600E-01 0.106400E-01 0.124800E-01 0.132000E-01 0.137600E-01 0.138400E-01 0.112000E-01 0.123200E-01 0.116000E-01 0.968000E-02 0.112000E-01 0.113600E-01 0.105600E-01 0.108000E-01 0.104800E-01 0.840000E-02 0.100000E-01 0.105600E-01 0.100800E-01 0.792000E-02 0.896000E-02 0.880000E-02 0.960000E-02 0.792000E-02 0.840000E-02 0.888000E-02 0.704000E-02 0.848000E-02 0.800000E-02 0.784000E-02 0.608000E-02 0.696000E-02 0.624000E-02 0.624000E-02 0.600000E-02 0.552000E-02 0.728000E-02 0.576000E-02 0.552000E-02 0.504000E-02 0.536000E-02 0.584000E-02 0.560000E-02 0.392000E-02 0.392000E-02 0.560000E-02 0.408000E-02 0.336000E-02 0.512000E-02 0.400000E-02 0.376000E-02 0.568000E-02 0.408000E-02 0.416000E-02 0.360000E-02 0.272000E-02 0.360000E-02 0.336000E-02 0.240000E-02 0.368000E-02 0.424000E-02 0.360000E-02 0.256000E-02 0.352000E-02 0.216000E-02 0.288000E-02 0.256000E-02 0.248000E-02 0.224000E-02 0.264000E-02 0.240000E-02 0.208000E-02 0.216000E-02 0.176000E-02 0.176000E-02 0.248000E-02 0.208000E-02 0.216000E-02 0.160000E-02 0.224000E-02 0.136000E-02 0.168000E-02 0.192000E-02 0.184000E-02 0.168000E-02 0.128000E-02
 0.703872E+01 0.387064E+01 0.257560E+01 0.187336E+01 0.144040E+01 0.114368E+01 0.949760E+00 0.806080E+00 0.676560E+00 0.590800E+00 0.509120E+00 0.465520E+00 0.405280E+00 0.365200E+00 0.334400E+00 0.309920E+00 0.275200E+00 0.249760E+00 0.239440E+00 0.214720E+00 0.209280E+00 0.182480E+00 0.174320E+00 0.159600E+00 0.156720E+00 0.139600E+00 0.140160E+00 0.124560E+00 0.118240E+00 0.120160E+00 0.109760E+00 0.106240E+00 0.944000E-01 0.906400E-01 0.913600E-01 0.844000E-01 0.784000E-01 0.754400E-01 0.732800E-01 0.688000E-01 0.606400E-01 0.616800E-01 0.608000E-01 0.547200E-01 0.515200E-01 0.549600E-01 0.486400E-01 0.460000E-01 0.454400E-01 0.449600E-01 0.441600E-01 0.409600E-01 0.402400E-01 0.358400E-01 0.364000E-01 0.329600E-01 0.334400E-01 0.293600E-01 0.284000E-01 0.282400E-01 0.265600E-01 0.248000E-01 0.257600E-01 0.264000E-01 0.248000E-01 0.238400E-01 0.204000E-01 0.204800E-01 0.196800E-01 0.189600E-01 0.158400E-01 0.175200E-01 0.184000E-01 0.171200E-01 0.154400E-01 0.155200E-01 0.164800E-01 0.164000E-01 0.141600E-01 0.150400E-01 0.141600E-01 0.120800E-01 0.125600E-01 0.142400E-01 0.116800E-01 0.104000E-01 0.107200E-01 0.976000E-02 0.904000E-02 0.952000E-02 0.744000E-02 0.896000E-02 0.768000E-02 0.664000E-02 0.100000E-01 0.824000E-02 0.688000E-02 0.752000E-02 0.688000E-02 0.624000E-02 0.568000E-02 0.688000E-02 0.616000E-02 0.680000E-02 0.584000E-02 0.544000E-02 0.480000E-02 0.488000E-02 0.512000E-02 0.272000E-02 0.448000E-02 0.504000E-02 0.384000E-02 0.464000E-02 0.384000E-02 0.344000E-02 0.416000E-02 0.360000E-02 0.312000E-02 0.304000E-02 0.328000E-02 0.200000E-02 0.224000E-02 0.240000E-02 0.352000E-02 0.336000E-02 0.280000E-02 0.336000E-02 0.264000E-02 0.224000E-02 0.216000E-02 0.248000E-02 0.224000E-02 0.264000E-02 0.272000E-02 0.200000E-02 0.200000E-02 0.136000E-02 0.176000E-02 0.880000E-03 0.120000E-02 0.144000E-02 0.200000E-02 0.128000E-02 0.104000E-02 0.168000E-02 0.112000E-02 0.112000E-02 0.112000E-02 0.128000E-02 0.112000E-02 0.880000E-03 0.960000E-03 0.136000E-02 0.104000E-02 0.144000E-02 0.104000E-02 0.128000E-02 0.720000E-03 0.560000E-03 0.104000E-02 0.720000E-03 0.800000E-03 0.640000E-03 0.560000E-03 0.104000E-02 0.800000E-03 0.240000E-03 0.640000E-03 0.720000E-03 0.880000E-03 0.880000E-03 0.240000E-03 0.480000E-03 0.160000E-03 0.640000E-03 0.240000E-03 0.800000E-04 0.400000E-03 0.480000E-03 0.480000E-03 0.800000E-03 0.400000E-03 0.880000E-03 0.400000E-03 0.160000E-03 0.240000E-03 0.160000E-03 0.480000E-03 0.160000E-03 0.240000E-03 0.800000E-04 0.160000E-03 0.160000E-03 0.320000E-03 0.240000E-03 0.240000E-03 0.800000E-04 0.240000E-03 0.800000E-04
 0.796016E+01 0.407960E+01 0.272056E+01 0.195832E+01 0.151456E+01 0.120336E+01 0.987920E+00 0.832560E+00 0.730800E+00 0.646400E+00 0.569840E+00 0.500160E+00 0.450080E+00 0.415280E+00 0.362960E+00 0.341600E+00 0.313680E+00 0.293440E+00 0.271840E+00 0.251360E+00 0.240160E+00 0.220240E+00 0.202800E+00 0.194320E+00 0.186320E+00 0.181760E+00 0.172320E+00 0.162560E+00 0.151600E+00 0.139760E+00 0.144720E+00 0.133280E+00 0.129280E+00 0.126800E+00 0.118400E+00 0.115680E+00 0.112480E+00 0.110560E+00 0.104880E+00 0.955200E-01 0.962400E-01 0.959200E-01 0.910400E-01 0.853600E-01 0.864800E-01 0.856000E-01 0.832800E-01 0.764800E-01 0.740800E-01 0.752000E-01 0.708000E-01 0.683200E-01 0.652800E-01 0.656000E-01 0.614400E-01 0.622400E-01 0.599200E-01 0.594400E-01 0.537600E-01 0.590400E-01 0.533600E-01 0.523200E-01 0.532800E-01 0.473600E-01 0.486400E-01 0.476800E-01 0.434400E-01 0.465600E-01 0.450400E-01 0.418400E-01 0.402400E-01 0.431200E-01 0.373600E-01 0.375200E-01 0.378400E-01 0.388800E-01 0.357600E-01 0.344000E-01 0.353600E-01 0.313600E-01 0.337600E-01 0.309600E-01 0.296800E-01 0.320800E-01 0.276000E-01 0.287200E-01 0.299200E-01 0.246400E-01 0.248800E-01 0.292000E-01 0.269600E-01 0.246400E-01 0.243200E-01 0.227200E-01 0.233600E-01 0.236800E-01 0.228000E-01 0.202400E-01 0.206400E-01 0.210400E-01 0.220800E-01 0.212800E-01 0.216000E-01 0.212800E-01 0.178400E-01 0.176800E-01 0.176000E-01 0.169600E-01 0.140800E-01 0.172000E-01 0.160800E-01 0.154400E-01 0.146400E-01 0.144800E-01 0.141600E-01 0.125600E-01 0.137600E-01 0.131200E-01 0.142400E-01 0.119200E-01 0.133600E-01 0.116000E-01 0.122400E-01 0.132000E-01 0.124000E-01 0.128000E-01 0.119200E-01 0.984000E-02 0.107200E-01 0.100000E-01 0.896000E-02 0.960000E-02 0.872000E-02 0.760000E-02 0.848000E-02 0.984000E-02 0.856000E-02 0.952000E-02 0.800000E-02 0.808000E-02 0.696000E-02 0.888000E-02 0.704000E-02 0.792000E-02 0.576000E-02 0.616000E-02 0.696000E-02 0.696000E-02 0.720000E-02 0.592000E-02 0.616000E-02 0.688000E-02 0.640000E-02 0.576000E-02 0.512000E-02 0.496000E-02 0.592000E-02 0.392000E-02 0.544000E-02 0.528000E-02 0.608000E-02 0.512000E-02 0.480000E-02 0.456000E-02 0.560000E-02 0.448000E-02 0.536000E-02 0.408000E-02 0.352000E-02 0.360000E-02 0.472000E-02 0.344000E-02 0.384000E-02 0.352000E-02 0.368000E-02 0.216000E-02 0.280000E-02 0.256000E-02 0.264000E-02 0.352000E-02 0.256000E-02 0.232000E-02 0.168000E-02 0.256000E-02 0.240000E-02 0.272000E-02 0.296000E-02 0.200000E-02 0.208000E-02 0.160000E-02 0.216000E-02 0.224000E-02 0.280000E-02 0.208000E-02 0.160000E-02 0.168000E-02 0.168000E-02 0.144000E-02 0.144000E-02 0.800000E-03
 0.195920E+02 0.365864E+01 0.251432E+01 0.194472E+01 0.154184E+01 0.131184E+01 0.112704E+01 0.968560E+00 0.860480E+00 0.762080E+00 0.698480E+00 0.628480E+00 0.557920E+00 0.508320E+00 0.483760E+00 0.438800E+00 0.403600E+00 0.391200E+00 0.351120E+00 0.326800E+00 0.312320E+00 0.290960E+00 0.276880E+00 0.258480E+00 0.239360E+00 0.232160E+00 0.223600E+00 0.213680E+00 0.197280E+00 0.186720E+00 0.176080E+00 0.166960E+00 0.159440E+00 0.150880E+00 0.141920E+00 0.130320E+00 0.132640E+00 0.121760E+00 0.124000E+00 0.108560E+00 0.104560E+00 0.101360E+00 0.992800E-01 0.900000E-01 0.896800E-01 0.865600E-01 0.809600E-01 0.760800E-01 0.723200E-01 0.689600E-01 0.708000E-01 0.617600E-01 0.616800E-01 0.587200E-01 0.576800E-01 0.546400E-01 0.520800E-01 0.492000E-01 0.488000E-01 0.475200E-01 0.468000E-01 0.419200E-01 0.401600E-01 0.427200E-01 0.380000E-01 0.380800E-01 0.353600E-01 0.352800E-01 0.332000E-01 0.299200E-01 0.292800E-01 0.286400E-01 0.275200E-01 0.257600E-01 0.252800E-01 0.236800E-01 0.260000E-01 0.237600E-01 0.230400E-01 0.220800E-01 0.186400E-01 0.172800E-01 0.166400E-01 0.177600E-01 0.179200E-01 0.164800E-01 0.153600E-01 0.164000E-01 0.129600E-01 0.139200E-01 0.136800E-01 0.121600E-01 0.151200E-01 0.102400E-01 0.130400E-01 0.105600E-01 0.968000E-02 0.103200E-01 0.100000E-01 0.100000E-01 0.928000E-02 0.856000E-02 0.840000E-02 0.752000E-02 0.760000E-02 0.768000E-02 0.768000E-02 0.656000E-02 0.616000E-02 0.576000E-02 0.736000E-02 0.600000E-02 0.576000E-02 0.584000E-02 0.576000E-02 0.584000E-02 0.608000E-02 0.400000E-02 0.536000E-02 0.384000E-02 0.432000E-02 0.432000E-02 0.520000E-02 0.360000E-02 0.376000E-02 0.528000E-02 0.328000E-02 0.368000E-02 0.344000E-02 0.272000E-02 0.312000E-02 0.336000E-02 0.256000E-02 0.344000E-02 0.312000E-02 0.248000E-02 0.216000E-02 0.232000E-02 0.256000E-02 0.208000E-02 0.160000E-02 0.272000E-02 0.272000E-02 0.152000E-02 0.184000E-02 0.160000E-02 0.168000E-02 0.208000E-02 0.176000E-02 0.216000E-02 0.184000E-02 0.120000E-02 0.160000E-02 0.136000E-02 0.176000E-02 0.128000E-02 0.152000E-02 0.128000E-02 0.880000E-03 0.128000E-02 0.128000E-02 0.800000E-03 0.800000E-03 0.128000E-02 0.960000E-03 0.560000E-03 0.400000E-03 0.480000E-03 0.960000E-03 0.720000E-03 0.800000E-04 0.720000E-03 0.104000E-02 0.720000E-03 0.880000E-03 0.400000E-03 0.800000E-03 0.640000E-03 0.640000E-03 0.560000E-03 0.640000E-03 0.400000E-03 0.640000E-03 0.720000E-03 0.640000E-03 0.800000E-04 0.400000E-03 0.640000E-03 0.480000E-03 0.480000E-03 0.320000E-03 0.240000E-03 0.480000E-03 0.000000E+00 0.160000E-03 0.320000E-03 0.320000E-03 0.480000E-03 0.320000E-03 0.160000E-03
 0.114762E+02 0.365584E+01 0.263032E+01 0.206320E+01 0.170504E+01 0.147424E+01 0.129872E+01 0.114040E+01 0.103480E+01 0.927760E+00 0.849920E+00 0.766080E+00 0.721760E+00 0.679360E+00 0.626560E+00 0.586000E+00 0.547760E+00 0.517760E+00 0.494400E+00 0.453280E+00 0.438160E+00 0.410880E+00 0.399200E+00 0.367840E+00 0.352480E+00 0.341920E+00 0.334400E+00 0.308400E+00 0.291680E+00 0.287520E+00 0.266480E+00 0.263600E+00 0.250240E+00 0.247520E+00 0.227600E+00 0.223360E+00 0.215280E+00 0.204960E+00 0.196160E+00 0.194400E+00 0.187520E+00 0.172320E+00 0.172160E+00 0.163520E+00 0.159040E+00 0.156720E+00 0.152160E+00 0.145200E+00 0.140000E+00 0.133680E+00 0.132720E+00 0.127680E+00 0.121680E+00 0.117200E+00 0.114400E+00 0.114080E+00 0.108880E+00 0.988000E-01 0.102000E+00 0.908000E-01 0.924800E-01 0.948800E-01 0.916800E-01 0.829600E-01 0.810400E-01 0.818400E-01 0.840800E-01 0.754400E-01 0.705600E-01 0.706400E-01 0.711200E-01 0.631200E-01 0.645600E-01 0.637600E-01 0.648000E-01 0.592000E-01 0.560000E-01 0.616000E-01 0.514400E-01 0.536000E-01 0.518400E-01 0.502400E-01 0.487200E-01 0.479200E-01 0.461600E-01 0.433600E-01 0.411200E-01 0.419200E-01 0.432000E-01 0.401600E-01 0.370400E-01 0.399200E-01 0.390400E-01 0.374400E-01 0.340000E-01 0.332800E-01 0.312000E-01 0.284000E-01 0.344000E-01 0.305600E-01 0.296000E-01 0.310400E-01 0.279200E-01 0.277600E-01 0.300000E-01 0.291200E-01 0.257600E-01 0.242400E-01 0.233600E-01 0.212000E-01 0.228000E-01 0.223200E-01 0.212000E-01 0.221600E-01 0.175200E-01 0.202400E-01 0.187200E-01 0.188800E-01 0.184800E-01 0.152000E-01 0.156800E-01 0.188800E-01 0.145600E-01 0.152800E-01 0.152800E-01 0.144000E-01 0.149600E-01 0.142400E-01 0.152800E-01 0.150400E-01 0.156800E-01 0.148000E-01 0.131200E-01 0.138400E-01 0.116000E-01 0.128800E-01 0.105600E-01 0.122400E-01 0.102400E-01 0.100000E-01 0.976000E-02 0.110400E-01 0.928000E-02 0.107200E-01 0.116000E-01 0.824000E-02 0.864000E-02 0.776000E-02 0.912000E-02 0.856000E-02 0.872000E-02 0.864000E-02 0.752000E-02 0.768000E-02 0.776000E-02 0.752000E-02 0.704000E-02 0.648000E-02 0.736000E-02 0.568000E-02 0.520000E-02 0.592000E-02 0.512000E-02 0.600000E-02 0.560000E-02 0.536000E-02 0.480000E-02 0.544000E-02 0.456000E-02 0.536000E-02 0.440000E-02 0.432000E-02 0.456000E-02 0.344000E-02 0.376000E-02 0.456000E-02 0.448000E-02 0.304000E-02 0.384000E-02 0.352000E-02 0.336000E-02 0.272000E-02 0.328000E-02 0.328000E-02 0.288000E-02 0.312000E-02 0.328000E-02 0.304000E-02 0.256000E-02 0.192000E-02 0.264000E-02 0.224000E-02 0.248000E-02 0.200000E-02 0.216000E-02 0.152000E-02 0.320000E-02 0.208000E-02 0.216000E-02 0.144000E-02
 0.188536E+01 0.727600E+00 0.478960E+00 0.376080E+00 0.291520E+00 0.249920E+00 0.219600E+00 0.188560E+00 0.160560E+00 0.143840E+00 0.131600E+00 0.114480E+00 0.108320E+00 0.964000E-01 0.883200E-01 0.796000E-01 0.720000E-01 0.636000E-01 0.620000E-01 0.524800E-01 0.536800E-01 0.458400E-01 0.417600E-01 0.431200E-01 0.370400E-01 0.369600E-01 0.326400E-01 0.264800E-01 0.258400E-01 0.252000E-01 0.252000E-01 0.216800E-01 0.199200E-01 0.185600E-01 0.208800E-01 0.184000E-01 0.175200E-01 0.144000E-01 0.142400E-01 0.137600E-01 0.120000E-01 0.119200E-01 0.101600E-01 0.113600E-01 0.109600E-01 0.856000E-02 0.880000E-02 0.928000E-02 0.928000E-02 0.848000E-02 0.600000E-02 0.600000E-02 0.496000E-02 0.504000E-02 0.584000E-02 0.488000E-02 0.472000E-02 0.400000E-02 0.424000E-02 0.320000E-02 0.392000E-02 0.280000E-02 0.224000E-02 0.256000E-02 0.328000E-02 0.328000E-02 0.224000E-02 0.168000E-02 0.184000E-02 0.216000E-02 0.104000E-02 0.184000E-02 0.184000E-02 0.160000E-02 0.144000E-02 0.152000E-02 0.112000E-02 0.720000E-03 0.800000E-03 0.112000E-02 0.104000E-02 0.800000E-03 0.560000E-03 0.640000E-03 0.880000E-03 0.120000E-02 0.720000E-03 0.560000E-03 0.640000E-03 0.480000E-03 0.480000E-03 0.800000E-03 0.240000E-03 0.480000E-03 0.560000E-03 0.400000E-03 0.640000E-03 0.240000E-03 0.160000E-03 0.240000E-03 0.480000E-03 0.320000E-03 0.320000E-03 0.800000E-04 0.240000E-03 0.160000E-03 0.240000E-03 0.240000E-03 0.240000E-03 0.160000E-03 0.240000E-03 0.800000E-04 0.160000E-03 0.000000E+00 0.800000E-04 0.240000E-03 0.160000E-03 0.000000E+00 0.240000E-03 0.000000E+00 0.800000E-04 0.000000E+00 0.000000E+00 0.000000E+00 0.800000E-04 0.000000E+00 0.800000E-04 0.000000E+00 0.000000E+00 0.800000E-04 0.000000E+00 0.000000E+00 0.800000E-04 0.000000E+00 0.000000E+00 0.800000E-04 0.000000E+00 0.800000E-04 0.000000E+00 0.000000E+00 0.000000E+00 0.000000E+00 0.000000E+00 0.000000E+00 0.000000E+00 0.000000E+00 0.800000E-04 0.000000E+00 0.000000E+00 0.000000E+00 0.000000E+00 0.000000E+00 0.000000E+00 0.800000E-04 0.000000E+00 0.000000E+00 0.000000E+00 0.000000E+00 0.000000E+00 0.800000E-04 0.000000E+00 0.000000E+00 0.000000E+00 0.000000E+00 0.000000E+00 0.000000E+00 0.000000E+00 0.000000E+00 0.000000E+00 0.000000E+00 0.000000E+00 0.000000E+00 0.000000E+00 0.000000E+00 0.000000E+00 0.000000E+00 0.000000E+00 0.000000E+00 0.000000E+00 0.000000E+00 0.000000E+00 0.000000E+00 0.000000E+00 0.000000E+00 0.000000E+00 0.000000E+00 0.000000E+00 0.000000E+00 0.000000E+00 0.000000E+00 0.000000E+00 0.000000E+00 0.000000E+00 0.000000E+00 0.000000E+00 0.000000E+00 0.000000E+00 0.000000E+00 0.000000E+00 0.000000E+00
 0.287968E+01 0.947760E+00 0.585360E+00 0.444000E+00 0.338320E+00 0.272080E+00 0.226640E+00 0.195600E+00 0.166640E+00 0.146560E+00 0.130880E+00 0.112240E+00 0.106000E+00 0.944000E-01 0.786400E-01 0.750400E-01 0.713600E-01 0.644000E-01 0.573600E-01 0.532000E-01 0.460800E-01 0.452000E-01 0.420800E-01 0.370400E-01 0.331200E-01 0.316800E-01 0.308800E-01 0.253600E-01 0.234400E-01 0.245600E-01 0.207200E-01 0.217600E-01 0.208000E-01 0.172800E-01 0.184800E-01 0.176000E-01 0.136000E-01 0.135200E-01 0.130400E-01 0.118400E-01 0.124800E-01 0.102400E-01 0.808000E-02 0.800000E-02 0.784000E-02 0.840000E-02 0.776000E-02 0.792000E-02 0.760000E-02 0.640000E-02 0.584000E-02 0.576000E-02 0.496000E-02 0.496000E-02 0.496000E-02 0.432000E-02 0.360000E-02 0.360000E-02 0.296000E-02 0.232000E-02 0.320000E-02 0.376000E-02 0.296000E-02 0.216000E-02 0.280000E-02 0.232000E-02 0.248000E-02 0.208000E-02 0.176000E-02 0.112000E-02 0.200000E-02 0.224000E-02 0.136000E-02 0.144000E-02 0.128000E-02 0.168000E-02 0.800000E-03 0.136000E-02 0.880000E-03 0.640000E-03 0.160000E-02 0.112000E-02 0.880000E-03 0.640000E-03 0.480000E-03 0.640000E-03 0.560000E-03 0.560000E-03 0.880000E-03 0.720000E-03 0.960000E-03 0.400000E-03 0.400000E-03 0.240000E-03 0.800000E-04 0.160000E-03 0.240000E-03 0.480000E-03 0.240000E-03 0.400000E-03 0.560000E-03 0.160000E-03 0.000000E+00 0.320000E-03 0.240000E-03 0.800000E-04 0.320000E-03 0.800000E-04 0.000000E+00 0.160000E-03 0.800000E-04 0.240000E-03 0.800000E-04 0.000000E+00 0.000000E+00 0.000000E+00 0.000000E+00 0.800000E-04 0.800000E-04 0.800000E-04 0.000000E+00 0.800000E-04 0.000000E+00 0.800000E-04 0.160000E-03 0.800000E-04 0.000000E+00 0.160000E-03 0.000000E+00 0.000000E+00 0.000000E+00 0.000000E+00 0.800000E-04 0.000000E+00 0.000000E+00 0.800000E-04 0.000000E+00 0.000000E+00 0.000000E+00 0.000000E+00 0.000000E+00 0.800000E-04 0.000000E+00 0.000000E+00 0.000000E+00 0.000000E+00 0.000000E+00 0.000000E+00 0.000000E+00 0.000000E+00 0.000000E+00 0.000000E+00 0.000000E+00 0.000000E+00 0.000000E+00 0.000000E+00 0.000000E+00 0.000000E+00 0.000000E+00 0.000000E+00 0.000000E+00 0.000000E+00 0.000000E+00 0.000000E+00 0.000000E+00 0.000000E+00 0.000000E+00 0.000000E+00 0.000000E+00 0.000000E+00 0.000000E+00 0.000000E+00 0.000000E+00 0.000000E+00 0.000000E+00 0.000000E+00 0.000000E+00 0.000000E+00 0.000000E+00 0.000000E+00 0.000000E+00 0.000000E+00 0.000000E+00 0.000000E+00 0.000000E+00 0.000000E+00 0.000000E+00 0.000000E+00 0.000000E+00 0.000000E+00 0.000000E+00 0.000000E+00 0.000000E+00 0.000000E+00 0.000000E+00 0.000000E+00 0.000000E+00 0.000000E+00 0.000000E+00 0.000000E+00
 0.181664E+01 0.713040E+00 0.483840E+00 0.367440E+00 0.284880E+00 0.240720E+00 0.211120E+00 0.179520E+00 0.155040E+00 0.139200E+00 0.119440E+00 0.112320E+00 0.101760E+00 0.880800E-01 0.872800E-01 0.744800E-01 0.717600E-01 0.624000E-01 0.582400E-01 0.552000E-01 0.524800E-01 0.448800E-01 0.434400E-01 0.392800E-01 0.369600E-01 0.298400E-01 0.288800E-01 0.273600E-01 0.261600E-01 0.251200E-01 0.234400E-01 0.208000E-01 0.191200E-01 0.174400E-01 0.188000E-01 0.167200E-01 0.160000E-01 0.148000E-01 0.140800E-01 0.124000E-01 0.101600E-01 0.112800E-01 0.112000E-01 0.720000E-02 0.840000E-02 0.984000E-02 0.816000E-02 0.728000E-02 0.704000E-02 0.664000E-02 0.784000E-02 0.656000E-02 0.576000E-02 0.552000E-02 0.520000E-02 0.416000E-02 0.352000E-02 0.336000E-02 0.296000E-02 0.336000E-02 0.288000E-02 0.264000E-02 0.280000E-02 0.208000E-02 0.264000E-02 0.320000E-02 0.232000E-02 0.192000E-02 0.264000E-02 0.216000E-02 0.128000E-02 0.144000E-02 0.128000E-02 0.136000E-02 0.168000E-02 0.960000E-03 0.960000E-03 0.152000E-02 0.880000E-03 0.136000E-02 0.128000E-02 0.720000E-03 0.128000E-02 0.112000E-02 0.960000E-03 0.480000E-03 0.720000E-03 0.240000E-03 0.480000E-03 0.720000E-03 0.560000E-03 0.560000E-03 0.640000E-03 0.480000E-03 0.320000E-03 0.480000E-03 0.240000E-03 0.160000E-03 0.240000E-03 0.480000E-03 0.800000E-04 0.160000E-03 0.240000E-03 0.320000E-03 0.240000E-03 0.240000E-03 0.160000E-03 0.000000E+00 0.240000E-03 0.240000E-03 0.160000E-03 0.000000E+00 0.800000E-04 0.000000E+00 0.800000E-04 0.800000E-04 0.000000E+00 0.000000E+00 0.160000E-03 0.800000E-04 0.160000E-03 0.000000E+00 0.000000E+00 0.000000E+00 0.000000E+00 0.800000E-04 0.000000E+00 0.160000E-03 0.800000E-04 0.800000E-04 0.160000E-03 0.000000E+00 0.800000E-04 0.000000E+00 0.000000E+00 0.000000E+00 0.000000E+00 0.000000E+00 0.800000E-04 0.000000E+00 0.000000E+00 0.000000E+00 0.000000E+00 0.000000E+00 0.000000E+00 0.000000E+00 0.000000E+00 0.000000E+00 0.800000E-04 0.000000E+00 0.000000E+00 0.000000E+00 0.000000E+00 0.000000E+00 0.000000E+00 0.000000E+00 0.000000E+00 0.000000E+00 0.000000E+00 0.000000E+00 0.000000E+00 0.000000E+00 0.000000E+00 0.000000E+00 0.000000E+00 0.000000E+00 0.000000E+00 0.000000E+00 0.000000E+00 0.000000E+00 0.000000E+00 0.000000E+00 0.000000E+00 0.000000E+00 0.000000E+00 0.000000E+00 0.000000E+00 0.000000E+00 0.000000E+00 0.000000E+00 0.000000E+00 0.000000E+00 0.000000E+00 0.000000E+00 0.000000E+00 0.000000E+00 0.000000E+00 0.000000E+00 0.000000E+00 0.000000E+00 0.000000E+00 0.000000E+00 0.000000E+00 0.000000E+00 0.000000E+00 0.000000E+00 0.000000E+00 0.000000E+00 0.000000E+00 0.000000E+00
 0.284096E+01 0.934240E+00 0.574160E+00 0.412240E+00 0.328960E+00 0.261920E+00 0.219360E+00 0.190560E+00 0.162720E+00 0.147840E+00 0.127920E+00 0.110720E+00 0.102960E+00 0.958400E-01 0.762400E-01 0.732000E-01 0.676000E-01 0.621600E-01 0.564800E-01 0.552000E-01 0.479200E-01 0.397600E-01 0.361600E-01 0.362400E-01 0.322400E-01 0.324800E-01 0.293600E-01 0.259200E-01 0.256800E-01 0.224000E-01 0.216000E-01 0.209600E-01 0.181600E-01 0.176800E-01 0.187200E-01 0.149600E-01 0.128000E-01 0.135200E-01 0.116000E-01 0.119200E-01 0.968000E-02 0.108000E-01 0.920000E-02 0.856000E-02 0.760000E-02 0.896000E-02 0.656000E-02 0.800000E-02 0.640000E-02 0.568000E-02 0.648000E-02 0.536000E-02 0.464000E-02 0.424000E-02 0.384000E-02 0.480000E-02 0.344000E-02 0.256000E-02 0.384000E-02 0.352000E-02 0.312000E-02 0.264000E-02 0.168000E-02 0.224000E-02 0.280000E-02 0.184000E-02 0.160000E-02 0.184000E-02 0.200000E-02 0.104000E-02 0.168000E-02 0.128000E-02 0.112000E-02 0.800000E-03 0.144000E-02 0.120000E-02 0.176000E-02 0.128000E-02 0.560000E-03 0.880000E-03 0.112000E-02 0.640000E-03 0.480000E-03 0.112000E-02 0.560000E-03 0.880000E-03 0.320000E-03 0.160000E-03 0.720000E-03 0.480000E-03 0.480000E-03 0.400000E-03 0.320000E-03 0.160000E-03 0.240000E-03 0.320000E-03 0.800000E-04 0.160000E-03 0.400000E-03 0.240000E-03 0.560000E-03 0.800000E-04 0.320000E-03 0.240000E-03 0.400000E-03 0.800000E-04 0.160000E-03 0.160000E-03 0.800000E-04 0.000000E+00 0.800000E-04 0.480000E-03 0.000000E+00 0.800000E-04 0.000000E+00 0.800000E-04 0.800000E-04 0.800000E-04 0.000000E+00 0.000000E+00 0.160000E-03 0.000000E+00 0.000000E+00 0.800000E-04 0.000000E+00 0.000000E+00 0.000000E+00 0.800000E-04 0.800000E-04 0.000000E+00 0.800000E-04 0.000000E+00 0.000000E+00 0.000000E+00 0.000000E+00 0.000000E+00 0.000000E+00 0.000000E+00 0.000000E+00 0.000000E+00 0.000000E+00 0.000000E+00 0.000000E+00 0.000000E+00 0.000000E+00 0.000000E+00 0.000000E+00 0.000000E+00 0.000000E+00 0.000000E+00 0.000000E+00 0.000000E+00 0.000000E+00 0.000000E+00 0.000000E+00 0.000000E+00 0.000000E+00 0.000000E+00 0.000000E+00 0.000000E+00 0.000000E+00 0.000000E+00 0.000000E+00 0.000000E+00 0.000000E+00 0.000000E+00 0.000000E+00 0.000000E+00 0.000000E+00 0.000000E+00 0.000000E+00 0.000000E+00 0.000000E+00 0.000000E+00 0.000000E+00 0.000000E+00 0.000000E+00 0.000000E+00 0.000000E+00 0.000000E+00 0.000000E+00 0.000000E+00 0.000000E+00 0.000000E+00 0.000000E+00 0.000000E+00 0.000000E+00 0.000000E+00 0.000000E+00 0.000000E+00 0.000000E+00 0.000000E+00 0.000000E+00 0.000000E+00 0.000000E+00 0.000000E+00 0.000000E+00 0.000000E+00 0.000000E+00 0.000000E+00
 0.174056E+02 0.203160E+01 0.122584E+01 0.882480E+00 0.650960E+00 0.526480E+00 0.438800E+00 0.361520E+00 0.309440E+00 0.261520E+00 0.229760E+00 0.199440E+00 0.175440E+00 0.150720E+00 0.146720E+00 0.119200E+00 0.106240E+00 0.984000E-01 0.900000E-01 0.814400E-01 0.765600E-01 0.705600E-01 0.684800E-01 0.552800E-01 0.504800E-01 0.533600E-01 0.497600E-01 0.485600E-01 0.387200E-01 0.365600E-01 0.332000E-01 0.322400E-01 0.281600E-01 0.284800E-01 0.251200E-01 0.228800E-01 0.206400E-01 0.204000E-01 0.180000E-01 0.164000E-01 0.177600E-01 0.144800E-01 0.144000E-01 0.144800E-01 0.124800E-01 0.116800E-01 0.108800E-01 0.100800E-01 0.952000E-02 0.792000E-02 0.872000E-02 0.840000E-02 0.800000E-02 0.632000E-02 0.640000E-02 0.600000E-02 0.656000E-02 0.600000E-02 0.632000E-02 0.480000E-02 0.464000E-02 0.408000E-02 0.368000E-02 0.328000E-02 0.392000E-02 0.408000E-02 0.368000E-02 0.296000E-02 0.168000E-02 0.224000E-02 0.272000E-02 0.216000E-02 0.248000E-02 0.184000E-02 0.168000E-02 0.176000E-02 0.216000E-02 0.224000E-02 0.144000E-02 0.168000E-02 0.112000E-02 0.128000E-02 0.880000E-03 0.144000E-02 0.184000E-02 0.104000E-02 0.720000E-03 0.720000E-03 0.640000E-03 0.800000E-03 0.480000E-03 0.720000E-03 0.120000E-02 0.640000E-03 0.640000E-03 0.720000E-03 0.560000E-03 0.480000E-03 0.480000E-03 0.320000E-03 0.640000E-03 0.240000E-03 0.400000E-03 0.400000E-03 0.480000E-03 0.400000E-03 0.400000E-03 0.560000E-03 0.400000E-03 0.240000E-03 0.320000E-03 0.640000E-03 0.240000E-03 0.160000E-03 0.160000E-03 0.320000E-03 0.240000E-03 0.000000E+00 0.800000E-04 0.320000E-03 0.160000E-03 0.160000E-03 0.160000E-03 0.160000E-03 0.800000E-04 0.160000E-03 0.000000E+00 0.000000E+00 0.000000E+00 0.000000E+00 0.000000E+00 0.160000E-03 0.000000E+00 0.160000E-03 0.800000E-04 0.000000E+00 0.000000E+00 0.000000E+00 0.000000E+00 0.160000E-03 0.800000E-04 0.800000E-04 0.000000E+00 0.000000E+00 0.000000E+00 0.000000E+00 0.160000E-03 0.160000E-03 0.000000E+00 0.000000E+00 0.000000E+00 0.000000E+00 0.000000E+00 0.000000E+00 0.000000E+00 0.000000E+00 0.000000E+00 0.000000E+00 0.800000E-04 0.000000E+00 0.000000E+00 0.000000E+00 0.000000E+00 0.000000E+00 0.000000E+00 0.000000E+00 0.000000E+00 0.000000E+00 0.000000E+00 0.000000E+00 0.000000E+00 0.000000E+00 0.000000E+00 0.000000E+00 0.000000E+00 0.000000E+00 0.800000E-04 0.000000E+00 0.000000E+00 0.000000E+00 0.000000E+00 0.000000E+00 0.000000E+00 0.000000E+00 0.000000E+00 0.000000E+00 0.000000E+00 0.000000E+00 0.000000E+00 0.000000E+00 0.000000E+00 0.000000E+00 0.000000E+00 0.000000E+00 0.000000E+00 0.000000E+00 0.000000E+00 0.000000E+00 0.000000E+00 0.000000E+00
 0.942264E+01 0.211192E+01 0.139328E+01 0.104680E+01 0.834160E+00 0.705280E+00 0.608320E+00 0.534000E+00 0.466640E+00 0.403680E+00 0.360000E+00 0.328960E+00 0.302480E+00 0.278880E+00 0.249040E+00 0.226640E+00 0.212080E+00 0.195440E+00 0.185120E+00 0.168080E+00 0.153360E+00 0.144560E+00 0.138880E+00 0.124160E+00 0.114800E+00 0.114400E+00 0.107120E+00 0.967200E-01 0.908000E-01 0.888000E-01 0.815200E-01 0.752800E-01 0.724800E-01 0.721600E-01 0.640800E-01 0.624800E-01 0.580800E-01 0.559200E-01 0.480000E-01 0.481600E-01 0.460800E-01 0.413600E-01 0.408800E-01 0.404000E-01 0.368800E-01 0.379200E-01 0.363200E-01 0.344800E-01 0.302400E-01 0.280000E-01 0.304000E-01 0.242400E-01 0.231200E-01 0.242400E-01 0.220800E-01 0.242400E-01 0.211200E-01 0.221600E-01 0.198400E-01 0.150400E-01 0.164000E-01 0.162400E-01 0.159200E-01 0.133600E-01 0.124000E-01 0.132000E-01 0.152000E-01 0.124000E-01 0.112800E-01 0.108000E-01 0.116800E-01 0.808000E-02 0.856000E-02 0.960000E-02 0.100800E-01 0.936000E-02 0.760000E-02 0.768000E-02 0.520000E-02 0.680000E-02 0.672000E-02 0.656000E-02 0.576000E-02 0.512000E-02 0.600000E-02 0.504000E-02 0.512000E-02 0.432000E-02 0.464000E-02 0.472000E-02 0.368000E-02 0.520000E-02 0.576000E-02 0.392000E-02 0.304000E-02 0.408000E-02 0.248000E-02 0.272000E-02 0.320000E-02 0.264000E-02 0.216000E-02 0.248000E-02 0.224000E-02 0.280000E-02 0.224000E-02 0.256000E-02 0.200000E-02 0.184000E-02 0.152000E-02 0.136000E-02 0.160000E-02 0.136000E-02 0.200000E-02 0.128000E-02 0.880000E-03 0.184000E-02 0.112000E-02 0.112000E-02 0.120000E-02 0.640000E-03 0.960000E-03 0.120000E-02 0.960000E-03 0.480000E-03 0.640000E-03 0.640000E-03 0.640000E-03 0.640000E-03 0.720000E-03 0.320000E-03 0.640000E-03 0.720000E-03 0.480000E-03 0.560000E-03 0.720000E-03 0.480000E-03 0.320000E-03 0.480000E-03 0.480000E-03 0.320000E-03 0.240000E-03 0.320000E-03 0.160000E-03 0.320000E-03 0.400000E-03 0.800000E-04 0.160000E-03 0.240000E-03 0.240000E-03 0.320000E-03 0.160000E-03 0.160000E-03 0.800000E-04 0.800000E-04 0.800000E-04 0.160000E-03 0.800000E-04 0.800000E-04 0.160000E-03 0.800000E-04 0.800000E-04 0.000000E+00 0.000000E+00 0.000000E+00 0.000000E+00 0.000000E+00 0.000000E+00 0.160000E-03 0.000000E+00 0.000000E+00 0.000000E+00 0.000000E+00 0.000000E+00 0.000000E+00 0.800000E-04 0.800000E-04 0.000000E+00 0.000000E+00 0.000000E+00 0.000000E+00 0.000000E+00 0.000000E+00 0.000000E+00 0.000000E+00 0.000000E+00 0.000000E+00 0.000000E+00 0.000000E+00 0.000000E+00 0.000000E+00 0.000000E+00 0.000000E+00 0.000000E+00 0.000000E+00 0.000000E+00 0.000000E+00 0.000000E+00 0.000000E+00 0.000000E+00 0.000000E+00
 0.188536E+01 0.727600E+00 0.478960E+00 0.376080E+00 0.291520E+00 0.249920E+00 0.219600E+00 0.188560E+00 0.160560E+00 0.143840E+00 0.131600E+00 0.114480E+00 0.108320E+00 0.964000E-01 0.883200E-01 0.796000E-01 0.720000E-01 0.636000E-01 0.620000E-01 0.524800E-01 0.536800E-01 0.458400E-01 0.417600E-01 0.431200E-01 0.370400E-01 0.369600E-01 0.326400E-01 0.264800E-01 0.258400E-01 0.252000E-01 0.252000E-01 0.216800E-01 0.199200E-01 0.185600E-01 0.208800E-01 0.184000E-01 0.175200E-01 0.144000E-01 0.142400E-01 0.137600E-01 0.120000E-01 0.119200E-01 0.101600E-01 0.113600E-01 0.109600E-01 0.856000E-02 0.880000E-02 0.928000E-02 0.928000E-02 0.848000E-02 0.600000E-02 0.600000E-02 0.496000E-02 0.504000E-02 0.584000E-02 0.488000E-02 0.472000E-02 0.400000E-02 0.424000E-02 0.320000E-02 0.392000E-02 0.280000E-02 0.224000E-02 0.256000E-02 0.328000E-02 0.328000E-02 0.224000E-02 0.168000E-02 0.184000E-02 0.216000E-02 0.104000E-02 0.184000E-02 0.184000E-02 0.160000E-02 0.144000E-02 0.152000E-02 0.112000E-02 0.720000E-03 0.800000E-03 0.112000E-02 0.104000E-02 0.800000E-03 0.560000E-03 0.640000E-03 0.880000E-03 0.120000E-02 0.720000E-03 0.560000E-03 0.640000E-03 0.480000E-03 0.480000E-03 0.800000E-03 0.240000E-03 0.480000E-03 0.560000E-03 0.400000E-03 0.640000E-03 0.240000E-03 0.160000E-03 0.240000E-03 0.480000E-03 0.320000E-03 0.320000E-03 0.800000E-04 0.240000E-03 0.160000E-03 0.240000E-03 0.240000E-03 0.240000E-03 0.160000E-03 0.240000E-03 0.800000E-04 0.160000E-03 0.000000E+00 0.800000E-04 0.240000E-03 0.160000E-03 0.000000E+00 0.240000E-03 0.000000E+00 0.800000E-04 0.000000E+00 0.000000E+00 0.000000E+00 0.800000E-04 0.000000E+00 0.800000E-04 0.000000E+00 0.000000E+00 0.800000E-04 0.000000E+00 0.000000E+00 0.800000E-04 0.000000E+00 0.000000E+00 0.800000E-04 0.000000E+00 0.800000E-04 0.000000E+00 0.000000E+00 0.000000E+00 0.000000E+00 0.000000E+00 0.000000E+00 0.000000E+00 0.000000E+00 0.800000E-04 0.000000E+00 0.000000E+00 0.000000E+00 0.000000E+00 0.000000E+00 0.000000E+00 0.800000E-04 0.000000E+00 0.000000E+00 0.000000E+00 0.000000E+00 0.000000E+00 0.800000E-04 0.000000E+00 0.000000E+00 0.000000E+00 0.000000E+00 0.000000E+00 0.000000E+00 0.000000E+00 0.000000E+00 0.000000E+00 0.000000E+00 0.000000E+00 0.000000E+00 0.000000E+00 0.000000E+00 0.000000E+00 0.000000E+00 0.000000E+00 0.000000E+00 0.000000E+00 0.000000E+00 0.000000E+00 0.000000E+00 0.000000E+00 0.000000E+00 0.000000E+00 0.000000E+00 0.000000E+00 0.000000E+00 0.000000E+00 0.000000E+00 0.000000E+00 0.000000E+00 0.000000E+00 0.000000E+00 0.000000E+00 0.000000E+00 0.000000E+00 0.000000E+00 0.000000E+00 0.000000E+00
 0.287968E+01 0.947760E+00 0.585360E+00 0.444000E+00 0.338320E+00 0.272080E+00 0.226640E+00 0.195600E+00 0.166640E+00 0.146560E+00 0.130880E+00 0.112240E+00 0.106000E+00 0.944000E-01 0.786400E-01 0.750400E-01 0.713600E-01 0.644000E-01 0.573600E-01 0.532000E-01 0.460800E-01 0.452000E-01 0.420800E-01 0.370400E-01 0.331200E-01 0.316800E-01 0.308800E-01 0.253600E-01 0.234400E-01 0.245600E-01 0.207200E-01 0.217600E-01 0.208000E-01 0.172800E-01 0.184800E-01 0.176000E-01 0.136000E-01 0.135200E-01 0.130400E-01 0.118400E-01 0.124800E-01 0.102400E-01 0.808000E-02 0.800000E-02 0.784000E-02 0.840000E-02 0.776000E-02 0.792000E-02 0.760000E-02 0.640000E-02 0.584000E-02 0.576000E-02 0.496000E-02 0.496000E-02 0.496000E-02 0.432000E-02 0.360000E-02 0.360000E-02 0.296000E-02 0.232000E-02 0.320000E-02 0.376000E-02 0.296000E-02 0.216000E-02 0.280000E-02 0.232000E-02 0.248000E-02 0.208000E-02 0.176000E-02 0.112000E-02 0.200000E-02 0.224000E-02 0.136000E-02 0.144000E-02 0.128000E-02 0.168000E-02 0.800000E-03 0.136000E-02 0.880000E-03 0.640000E-03 0.160000E-02 0.112000E-02 0.880000E-03 0.640000E-03 0.480000E-03 0.640000E-03 0.560000E-03 0.560000E-03 0.880000E-03 0.720000E-03 0.960000E-03 0.400000E-03 0.400000E-03 0.240000E-03 0.800000E-04 0.160000E-03 0.240000E-03 0.480000E-03 0.240000E-03 0.400000E-03 0.560000E-03 0.160000E-03 0.000000E+00 0.320000E-03 0.240000E-03 0.800000E-04 0.320000E-03 0.800000E-04 0.000000E+00 0.160000E-03 0.800000E-04 0.240000E-03 0.800000E-04 0.000000E+00 0.000000E+00 0.000000E+00 0.000000E+00 0.800000E-04 0.800000E-04 0.800000E-04 0.000000E+00 0.800000E-04 0.000000E+00 0.800000E-04 0.160000E-03 0.800000E-04 0.000000E+00 0.160000E-03 0.000000E+00 0.000000E+00 0.000000E+00 0.000000E+00 0.800000E-04 0.000000E+00 0.000000E+00 0.800000E-04 0.000000E+00 0.000000E+00 0.000000E+00 0.000000E+00 0.000000E+00 0.800000E-04 0.000000E+00 0.000000E+00 0.000000E+00 0.000000E+00 0.000000E+00 0.000000E+00 0.000000E+00 0.000000E+00 0.000000E+00 0.000000E+00 0.000000E+00 0.000000E+00 0.000000E+00 0.000000E+00 0.000000E+00 0.000000E+00 0.000000E+00 0.000000E+00 0.000000E+00 0.000000E+00 0.000000E+00 0.000000E+00 0.000000E+00 0.000000E+00 0.000000E+00 0.000000E+00 0.000000E+00 0.000000E+00 0.000000E+00 0.000000E+00 0.000000E+00 0.000000E+00 0.000000E+00 0.000000E+00 0.000000E+00 0.000000E+00 0.000000E+00 0.000000E+00 0.000000E+00 0.000000E+00 0.000000E+00 0.000000E+00 0.000000E+00 0.000000E+00 0.000000E+00 0.000000E+00 0.000000E+00 0.000000E+00 0.000000E+00 0.000000E+00 0.000000E+00 0.000000E+00 0.000000E+00 0.000000E+00 0.000000E+00 0.000000E+00 0.000000E+00 0.000000E+00
 0.181664E+01 0.713040E+00 0.483840E+00 0.367440E+00 0.284880E+00 0.240720E+00 0.211120E+00 0.179520E+00 0.155040E+00 0.139200E+00 0.119440E+00 0.112320E+00 0.101760E+00 0.880800E-01 0.872800E-01 0.744800E-01 0.717600E-01 0.624000E-01 0.582400E-01 0.552000E-01 0.524800E-01 0.448800E-01 0.434400E-01 0.392800E-01 0.369600E-01 0.298400E-01 0.288800E-01 0.273600E-01 0.261600E-01 0.251200E-01 0.234400E-01 0.208000E-01 0.191200E-01 0.174400E-01 0.188000E-01 0.167200E-01 0.160000E-01 0.148000E-01 0.140800E-01 0.124000E-01 0.101600E-01 0.112800E-01 0.112000E-01 0.720000E-02 0.840000E-02 0.984000E-02 0.816000E-02 0.728000E-02 0.704000E-02 0.664000E-02 0.784000E-02 0.656000E-02 0.576000E-02 0.552000E-02 0.520000E-02 0.416000E-02 0.352000E-02 0.336000E-02 0.296000E-02 0.336000E-02 0.288000E-02 0.264000E-02 0.280000E-02 0.208000E-02 0.264000E-02 0.320000E-02 0.232000E-02 0.192000E-02 0.264000E-02 0.216000E-02 0.128000E-02 0.144000E-02 0.128000E-02 0.136000E-02 0.168000E-02 0.960000E-03 0.960000E-03 0.152000E-02 0.880000E-03 0.136000E-02 0.128000E-02 0.720000E-03 0.128000E-02 0.112000E-02 0.960000E-03 0.480000E-03 0.720000E-03 0.240000E-03 0.480000E-03 0.720000E-03 0.560000E-03 0.560000E-03 0.640000E-03 0.480000E-03 0.320000E-03 0.480000E-03 0.240000E-03 0.160000E-03 0.240000E-03 0.480000E-03 0.800000E-04 0.160000E-03 0.240000E-03 0.320000E-03 0.240000E-03 0.240000E-03 0.160000E-03 0.000000E+00 0.240000E-03 0.240000E-03 0.160000E-03 0.000000E+00 0.800000E-04 0.000000E+00 0.800000E-04 0.800000E-04 0.000000E+00 0.000000E+00 0.160000E-03 0.800000E-04 0.160000E-03 0.000000E+00 0.000000E+00 0.000000E+00 0.000000E+00 0.800000E-04 0.000000E+00 0.160000E-03 0.800000E-04 0.800000E-04 0.160000E-03 0.000000E+00 0.800000E-04 0.000000E+00 0.000000E+00 0.000000E+00 0.000000E+00 0.000000E+00 0.800000E-04 0.000000E+00 0.000000E+00 0.000000E+00 0.000000E+00 0.000000E+00 0.000000E+00 0.000000E+00 0.000000E+00 0.000000E+00 0.800000E-04 0.000000E+00 0.000000E+00 0.000000E+00 0.000000E+00 0.000000E+00 0.000000E+00 0.000000E+00 0.000000E+00 0.000000E+00 0.000000E+00 0.000000E+00 0.000000E+00 0.000000E+00 0.000000E+00 0.000000E+00 0.000000E+00 0.000000E+00 0.000000E+00 0.000000E+00 0.000000E+00 0.000000E+00 0.000000E+00 0.000000E+00 0.000000E+00 0.000000E+00 0.000000E+00 0.000000E+00 0.000000E+00 0.000000E+00 0.000000E+00 0.000000E+00 0.000000E+00 0.000000E+00 0.000000E+00 0.000000E+00 0.000000E+00 0.000000E+00 0.000000E+00 0.000000E+00 0.000000E+00 0.000000E+00 0.000000E+00 0.000000E+00 0.000000E+00 0.000000E+00 0.000000E+00 0.000000E+00 0.000000E+00 0.000000E+00 0.000000E+00 0.000000E+00
 0.284096E+01 0.934240E+00 0.574160E+00 0.412240E+00 0.328960E+00 0.261920E+00 0.219360E+00 0.190560E+00 0.162720E+00 0.147840E+00 0.127920E+00 0.110720E+00 0.102960E+00 0.958400E-01 0.762400E-01 0.732000E-01 0.676000E-01 0.621600E-01 0.564800E-01 0.552000E-01 0.479200E-01 0.397600E-01 0.361600E-01 0.362400E-01 0.322400E-01 0.324800E-01 0.293600E-01 0.259200E-01 0.256800E-01 0.224000E-01 0.216000E-01 0.209600E-01 0.181600E-01 0.176800E-01 0.187200E-01 0.149600E-01 0.128000E-01 0.135200E-01 0.116000E-01 0.119200E-01 0.968000E-02 0.108000E-01 0.920000E-02 0.856000E-02 0.760000E-02 0.896000E-02 0.656000E-02 0.800000E-02 0.640000E-02 0.568000E-02 0.648000E-02 0.536000E-02 0.464000E-02 0.424000E-02 0.384000E-02 0.480000E-02 0.344000E-02 0.256000E-02 0.384000E-02 0.352000E-02 0.312000E-02 0.264000E-02 0.168000E-02 0.224000E-02 0.280000E-02 0.184000E-02 0.160000E-02 0.184000E-02 0.200000E-02 0.104000E-02 0.168000E-02 0.128000E-02 0.112000E-02 0.800000E-03 0.144000E-02 0.120000E-02 0.176000E-02 0.128000E-02 0.560000E-03 0.880000E-03 0.112000E-02 0.640000E-03 0.480000E-03 0.112000E-02 0.560000E-03 0.880000E-03 0.320000E-03 0.160000E-03 0.720000E-03 0.480000E-03 0.480000E-03 0.400000E-03 0.320000E-03 0.160000E-03 0.240000E-03 0.320000E-03 0.800000E-04 0.160000E-03 0.400000E-03 0.240000E-03 0.560000E-03 0.800000E-04 0.320000E-03 0.240000E-03 0.400000E-03 0.800000E-04 0.160000E-03 0.160000E-03 0.800000E-04 0.000000E+00 0.800000E-04 0.480000E-03 0.000000E+00 0.800000E-04 0.000000E+00 0.800000E-04 0.800000E-04 0.800000E-04 0.000000E+00 0.000000E+00 0.160000E-03 0.000000E+00 0.000000E+00 0.800000E-04 0.000000E+00 0.000000E+00 0.000000E+00 0.800000E-04 0.800000E-04 0.000000E+00 0.800000E-04 0.000000E+00 0.000000E+00 0.000000E+00 0.000000E+00 0.000000E+00 0.000000E+00 0.000000E+00 0.000000E+00 0.000000E+00 0.000000E+00 0.000000E+00 0.000000E+00 0.000000E+00 0.000000E+00 0.000000E+00 0.000000E+00 0.000000E+00 0.000000E+00 0.000000E+00 0.000000E+00 0.000000E+00 0.000000E+00 0.000000E+00 0.000000E+00 0.000000E+00 0.000000E+00 0.000000E+00 0.000000E+00 0.000000E+00 0.000000E+00 0.000000E+00 0.000000E+00 0.000000E+00 0.000000E+00 0.000000E+00 0.000000E+00 0.000000E+00 0.000000E+00 0.000000E+00 0.000000E+00 0.000000E+00 0.000000E+00 0.000000E+00 0.000000E+00 0.000000E+00 0.000000E+00 0.000000E+00 0.000000E+00 0.000000E+00 0.000000E+00 0.000000E+00 0.000000E+00 0.000000E+00 0.000000E+00 0.000000E+00 0.000000E+00 0.000000E+00 0.000000E+00 0.000000E+00 0.000000E+00 0.000000E+00 0.000000E+00 0.000000E+00 0.000000E+00 0.000000E+00 0.000000E+00 0.000000E+00 0.000000E+00 0.000000E+00
 0.174056E+02 0.203160E+01 0.122584E+01 0.882480E+00 0.650960E+00 0.526480E+00 0.438800E+00 0.361520E+00 0.309440E+00 0.261520E+00 0.229760E+00 0.199440E+00 0.175440E+00 0.150720E+00 0.146720E+00 0.119200E+00 0.106240E+00 0.984000E-01 0.900000E-01 0.814400E-01 0.765600E-01 0.705600E-01 0.684800E-01 0.552800E-01 0.504800E-01 0.533600E-01 0.497600E-01 0.485600E-01 0.387200E-01 0.365600E-01 0.332000E-01 0.322400E-01 0.281600E-01 0.284800E-01 0.251200E-01 0.228800E-01 0.206400E-01 0.204000E-01 0.180000E-01 0.164000E-01 0.177600E-01 0.144800E-01 0.144000E-01 0.144800E-01 0.124800E-01 0.116800E-01 0.108800E-01 0.100800E-01 0.952000E-02 0.792000E-02 0.872000E-02 0.840000E-02 0.800000E-02 0.632000E-02 0.640000E-02 0.600000E-02 0.656000E-02 0.600000E-02 0.632000E-02 0.480000E-02 0.464000E-02 0.408000E-02 0.368000E-02 0.328000E-02 0.392000E-02 0.408000E-02 0.368000E-02 0.296000E-02 0.168000E-02 0.224000E-02 0.272000E-02 0.216000E-02 0.248000E-02 0.184000E-02 0.168000E-02 0.176000E-02 0.216000E-02 0.224000E-02 0.144000E-02 0.168000E-02 0.112000E-02 0.128000E-02 0.880000E-03 0.144000E-02 0.184000E-02 0.104000E-02 0.720000E-03 0.720000E-03 0.640000E-03 0.800000E-03 0.480000E-03 0.720000E-03 0.120000E-02 0.640000E-03 0.640000E-03 0.720000E-03 0.560000E-03 0.480000E-03 0.480000E-03 0.320000E-03 0.640000E-03 0.240000E-03 0.400000E-03 0.400000E-03 0.480000E-03 0.400000E-03 0.400000E-03 0.560000E-03 0.400000E-03 0.240000E-03 0.320000E-03 0.640000E-03 0.240000E-03 0.160000E-03 0.160000E-03 0.320000E-03 0.240000E-03 0.000000E+00 0.800000E-04 0.320000E-03 0.160000E-03 0.160000E-03 0.160000E-03 0.160000E-03 0.800000E-04 0.160000E-03 0.000000E+00 0.000000E+00 0.000000E+00 0.000000E+00 0.000000E+00 0.160000E-03 0.000000E+00 0.160000E-03 0.800000E-04 0.000000E+00 0.000000E+00 0.000000E+00 0.000000E+00 0.160000E-03 0.800000E-04 0.800000E-04 0.000000E+00 0.000000E+00 0.000000E+00 0.000000E+00 0.160000E-03 0.160000E-03 0.000000E+00 0.000000E+00 0.000000E+00 0.000000E+00 0.000000E+00 0.000000E+00 0.000000E+00 0.000000E+00 0.000000E+00 0.000000E+00 0.800000E-04 0.000000E+00 0.000000E+00 0.000000E+00 0.000000E+00 0.000000E+00 0.000000E+00 0.000000E+00 0.000000E+00 0.000000E+00 0.000000E+00 0.000000E+00 0.000000E+00 0.000000E+00 0.000000E+00 0.000000E+00 0.000000E+00 0.000000E+00 0.800000E-04 0.000000E+00 0.000000E+00 0.000000E+00 0.000000E+00 0.000000E+00 0.000000E+00 0.000000E+00 0.000000E+00 0.000000E+00 0.000000E+00 0.000000E+00 0.000000E+00 0.000000E+00 0.000000E+00 0.000000E+00 0.000000E+00 0.000000E+00 0.000000E+00 0.000000E+00 0.000000E+00 0.000000E+00 0.000000E+00 0.000000E+00
 0.942264E+01 0.211192E+01 0.139328E+01 0.104680E+01 0.834160E+00 0.705280E+00 0.608320E+00 0.534000E+00 0.466640E+00 0.403680E+00 0.360000E+00 0.328960E+00 0.302480E+00 0.278880E+00 0.249040E+00 0.226640E+00 0.212080E+00 0.195440E+00 0.185120E+00 0.168080E+00 0.153360E+00 0.144560E+00 0.138880E+00 0.124160E+00 0.114800E+00 0.114400E+00 0.107120E+00 0.967200E-01 0.908000E-01 0.888000E-01 0.815200E-01 0.752800E-01 0.724800E-01 0.721600E-01 0.640800E-01 0.624800E-01 0.580800E-01 0.559200E-01 0.480000E-01 0.481600E-01 0.460800E-01 0.413600E-01 0.408800E-01 0.404000E-01 0.368800E-01 0.379200E-01 0.363200E-01 0.344800E-01 0.302400E-01 0.280000E-01 0.304000E-01 0.242400E-01 0.231200E-01 0.242400E-01 0.220800E-01 0.242400E-01 0.211200E-01 0.221600E-01 0.198400E-01 0.150400E-01 0.164000E-01 0.162400E-01 0.159200E-01 0.133600E-01 0.124000E-01 0.132000E-01 0.152000E-01 0.124000E-01 0.112800E-01 0.108000E-01 0.116800E-01 0.808000E-02 0.856000E-02 0.960000E-02 0.100800E-01 0.936000E-02 0.760000E-02 0.768000E-02 0.520000E-02 0.680000E-02 0.672000E-02 0.656000E-02 0.576000E-02 0.512000E-02 0.600000E-02 0.504000E-02 0.512000E-02 0.432000E-02 0.464000E-02 0.472000E-02 0.368000E-02 0.520000E-02 0.576000E-02 0.392000E-02 0.304000E-02 0.408000E-02 0.248000E-02 0.272000E-02 0.320000E-02 0.264000E-02 0.216000E-02 0.248000E-02 0.224000E-02 0.280000E-02 0.224000E-02 0.256000E-02 0.200000E-02 0.184000E-02 0.152000E-02 0.136000E-02 0.160000E-02 0.136000E-02 0.200000E-02 0.128000E-02 0.880000E-03 0.184000E-02 0.112000E-02 0.112000E-02 0.120000E-02 0.640000E-03 0.960000E-03 0.120000E-02 0.960000E-03 0.480000E-03 0.640000E-03 0.640000E-03 0.640000E-03 0.640000E-03 0.720000E-03 0.320000E-03 0.640000E-03 0.720000E-03 0.480000E-03 0.560000E-03 0.720000E-03 0.480000E-03 0.320000E-03 0.480000E-03 0.480000E-03 0.320000E-03 0.240000E-03 0.320000E-03 0.160000E-03 0.320000E-03 0.400000E-03 0.800000E-04 0.160000E-03 0.240000E-03 0.240000E-03 0.320000E-03 0.160000E-03 0.160000E-03 0.800000E-04 0.800000E-04 0.800000E-04 0.160000E-03 0.800000E-04 0.800000E-04 0.160000E-03 0.800000E-04 0.800000E-04 0.000000E+00 0.000000E+00 0.000000E+00 0.000000E+00 0.000000E+00 0.000000E+00 0.160000E-03 0.000000E+00 0.000000E+00 0.000000E+00 0.000000E+00 0.000000E+00 0.000000E+00 0.800000E-04 0.800000E-04 0.000000E+00 0.000000E+00 0.000000E+00 0.000000E+00 0.000000E+00 0.000000E+00 0.000000E+00 0.000000E+00 0.000000E+00 0.000000E+00 0.000000E+00 0.000000E+00 0.000000E+00 0.000000E+00 0.000000E+00 0.000000E+00 0.000000E+00 0.000000E+00 0.000000E+00 0.000000E+00 0.000000E+00 0.000000E+00 0.000000E+00 0.000000E+00
