### Run with WimpAnn version = wimpann-2.08                            
###   Using Pythia version   = Pythia 6.400    
###   Using nusigma version  = nusigma-1.15-pyr                        
###   Using DarkSUSY version = ds-4.1.6                                
###   WimpAnn run started at date 2007-09-12; time 05:44:06
### Neutrino oscillation parameters
#      theta_12 =  0.00000000E+00
#      theta_13 =  0.00000000E+00
#      theta_23 =  0.00000000E+00
#         delta =  0.00000000E+00
#  delta_m^2_21 =  0.81000000E-04
#  delta_m^2_31 =  0.22000000E-02
### WimpAnn run parameters
#  Annihilation channel =         1
#  Generated particles =  c                cbar            
#  WIMP mass =  0.91200000E+02
#  Number of annihilations =   2500000
#  Source = Earth
#...dPhi/dz in  200 bins from 0 to 1
#...Line  1- 6: flux at centre of Earth for neutrino 1-6
 0.782640E+00 0.832720E+00 0.780080E+00 0.731760E+00 0.692880E+00 0.663680E+00 0.631440E+00 0.607200E+00 0.574720E+00 0.563360E+00 0.535840E+00 0.508080E+00 0.494480E+00 0.465040E+00 0.451600E+00 0.428880E+00 0.420240E+00 0.390800E+00 0.378800E+00 0.358480E+00 0.352880E+00 0.339120E+00 0.324800E+00 0.310160E+00 0.301840E+00 0.292800E+00 0.269120E+00 0.268320E+00 0.251920E+00 0.249440E+00 0.236000E+00 0.222720E+00 0.204800E+00 0.209920E+00 0.197680E+00 0.187280E+00 0.185040E+00 0.175920E+00 0.168160E+00 0.159840E+00 0.148320E+00 0.149840E+00 0.142480E+00 0.129200E+00 0.131680E+00 0.116480E+00 0.111840E+00 0.109040E+00 0.102720E+00 0.971200E-01 0.924000E-01 0.877600E-01 0.913600E-01 0.817600E-01 0.776000E-01 0.734400E-01 0.692000E-01 0.659200E-01 0.625600E-01 0.612800E-01 0.587200E-01 0.568800E-01 0.552000E-01 0.478400E-01 0.503200E-01 0.432800E-01 0.407200E-01 0.398400E-01 0.404800E-01 0.354400E-01 0.346400E-01 0.296800E-01 0.310400E-01 0.264000E-01 0.273600E-01 0.260800E-01 0.245600E-01 0.244000E-01 0.212800E-01 0.220000E-01 0.207200E-01 0.184800E-01 0.155200E-01 0.141600E-01 0.128000E-01 0.144800E-01 0.115200E-01 0.112800E-01 0.127200E-01 0.105600E-01 0.976000E-02 0.100000E-01 0.912000E-02 0.832000E-02 0.776000E-02 0.680000E-02 0.736000E-02 0.704000E-02 0.664000E-02 0.504000E-02 0.480000E-02 0.344000E-02 0.520000E-02 0.456000E-02 0.296000E-02 0.448000E-02 0.376000E-02 0.328000E-02 0.328000E-02 0.184000E-02 0.240000E-02 0.224000E-02 0.272000E-02 0.192000E-02 0.256000E-02 0.200000E-02 0.160000E-02 0.128000E-02 0.136000E-02 0.184000E-02 0.184000E-02 0.400000E-03 0.960000E-03 0.120000E-02 0.400000E-03 0.400000E-03 0.560000E-03 0.400000E-03 0.104000E-02 0.720000E-03 0.480000E-03 0.320000E-03 0.400000E-03 0.800000E-04 0.320000E-03 0.320000E-03 0.320000E-03 0.400000E-03 0.400000E-03 0.240000E-03 0.160000E-03 0.800000E-04 0.000000E+00 0.240000E-03 0.160000E-03 0.800000E-04 0.800000E-04 0.000000E+00 0.000000E+00 0.000000E+00 0.800000E-04 0.000000E+00 0.000000E+00 0.000000E+00 0.000000E+00 0.000000E+00 0.000000E+00 0.000000E+00 0.000000E+00 0.800000E-04 0.000000E+00 0.000000E+00 0.000000E+00 0.000000E+00 0.000000E+00 0.000000E+00 0.000000E+00 0.000000E+00 0.000000E+00 0.000000E+00 0.000000E+00 0.000000E+00 0.000000E+00 0.000000E+00 0.000000E+00 0.000000E+00 0.000000E+00 0.000000E+00 0.000000E+00 0.000000E+00 0.000000E+00 0.000000E+00 0.000000E+00 0.000000E+00 0.000000E+00 0.000000E+00 0.000000E+00 0.000000E+00 0.000000E+00 0.000000E+00 0.000000E+00 0.000000E+00 0.000000E+00 0.000000E+00 0.000000E+00 0.000000E+00 0.000000E+00 0.000000E+00 0.000000E+00 0.000000E+00
 0.799200E+00 0.839520E+00 0.785920E+00 0.735520E+00 0.714800E+00 0.665520E+00 0.635040E+00 0.607040E+00 0.578960E+00 0.560160E+00 0.535200E+00 0.515840E+00 0.499920E+00 0.472480E+00 0.446320E+00 0.433600E+00 0.419200E+00 0.403600E+00 0.379600E+00 0.368560E+00 0.360560E+00 0.345120E+00 0.323840E+00 0.312400E+00 0.303200E+00 0.294400E+00 0.282960E+00 0.269600E+00 0.249120E+00 0.238720E+00 0.234960E+00 0.224160E+00 0.212800E+00 0.209200E+00 0.198480E+00 0.186800E+00 0.182320E+00 0.177200E+00 0.159440E+00 0.156480E+00 0.155440E+00 0.145760E+00 0.143120E+00 0.130800E+00 0.121920E+00 0.120560E+00 0.113520E+00 0.109040E+00 0.104640E+00 0.991200E-01 0.942400E-01 0.908800E-01 0.897600E-01 0.800000E-01 0.778400E-01 0.716000E-01 0.696800E-01 0.708000E-01 0.644800E-01 0.621600E-01 0.564000E-01 0.563200E-01 0.508000E-01 0.485600E-01 0.486400E-01 0.442400E-01 0.439200E-01 0.392000E-01 0.403200E-01 0.355200E-01 0.343200E-01 0.336000E-01 0.322400E-01 0.263200E-01 0.271200E-01 0.264000E-01 0.234400E-01 0.221600E-01 0.231200E-01 0.217600E-01 0.206400E-01 0.196000E-01 0.163200E-01 0.147200E-01 0.156800E-01 0.138400E-01 0.128000E-01 0.120800E-01 0.120800E-01 0.106400E-01 0.100800E-01 0.952000E-02 0.712000E-02 0.872000E-02 0.896000E-02 0.656000E-02 0.776000E-02 0.784000E-02 0.728000E-02 0.608000E-02 0.504000E-02 0.560000E-02 0.448000E-02 0.456000E-02 0.416000E-02 0.504000E-02 0.280000E-02 0.232000E-02 0.352000E-02 0.288000E-02 0.208000E-02 0.232000E-02 0.264000E-02 0.224000E-02 0.152000E-02 0.184000E-02 0.216000E-02 0.144000E-02 0.104000E-02 0.136000E-02 0.152000E-02 0.720000E-03 0.960000E-03 0.720000E-03 0.800000E-03 0.400000E-03 0.800000E-03 0.720000E-03 0.640000E-03 0.320000E-03 0.400000E-03 0.160000E-03 0.160000E-03 0.480000E-03 0.560000E-03 0.240000E-03 0.240000E-03 0.160000E-03 0.160000E-03 0.240000E-03 0.160000E-03 0.800000E-04 0.240000E-03 0.000000E+00 0.800000E-04 0.800000E-04 0.000000E+00 0.000000E+00 0.000000E+00 0.160000E-03 0.800000E-04 0.000000E+00 0.800000E-04 0.000000E+00 0.000000E+00 0.000000E+00 0.000000E+00 0.000000E+00 0.000000E+00 0.000000E+00 0.000000E+00 0.000000E+00 0.000000E+00 0.000000E+00 0.000000E+00 0.000000E+00 0.000000E+00 0.000000E+00 0.000000E+00 0.000000E+00 0.000000E+00 0.000000E+00 0.000000E+00 0.000000E+00 0.000000E+00 0.000000E+00 0.000000E+00 0.000000E+00 0.000000E+00 0.000000E+00 0.000000E+00 0.000000E+00 0.000000E+00 0.000000E+00 0.000000E+00 0.000000E+00 0.000000E+00 0.000000E+00 0.000000E+00 0.000000E+00 0.000000E+00 0.000000E+00 0.000000E+00 0.000000E+00 0.000000E+00 0.000000E+00 0.000000E+00 0.000000E+00 0.000000E+00 0.000000E+00
 0.815680E+00 0.840240E+00 0.784000E+00 0.758320E+00 0.715200E+00 0.674000E+00 0.644000E+00 0.608000E+00 0.590720E+00 0.563760E+00 0.540240E+00 0.521760E+00 0.500800E+00 0.475200E+00 0.445440E+00 0.443280E+00 0.418240E+00 0.394480E+00 0.389840E+00 0.371360E+00 0.352400E+00 0.338640E+00 0.326400E+00 0.308320E+00 0.304720E+00 0.286160E+00 0.273600E+00 0.270000E+00 0.249280E+00 0.245040E+00 0.232560E+00 0.227840E+00 0.211920E+00 0.206400E+00 0.191680E+00 0.176400E+00 0.180560E+00 0.172560E+00 0.168000E+00 0.163440E+00 0.147760E+00 0.145280E+00 0.139840E+00 0.138320E+00 0.119200E+00 0.115600E+00 0.111040E+00 0.107600E+00 0.102560E+00 0.997600E-01 0.906400E-01 0.893600E-01 0.856000E-01 0.839200E-01 0.770400E-01 0.731200E-01 0.697600E-01 0.599200E-01 0.628800E-01 0.614400E-01 0.560000E-01 0.520000E-01 0.487200E-01 0.463200E-01 0.491200E-01 0.428000E-01 0.429600E-01 0.371200E-01 0.352000E-01 0.334400E-01 0.328000E-01 0.324000E-01 0.287200E-01 0.274400E-01 0.272800E-01 0.247200E-01 0.232000E-01 0.209600E-01 0.198400E-01 0.196000E-01 0.175200E-01 0.158400E-01 0.153600E-01 0.132800E-01 0.142400E-01 0.135200E-01 0.118400E-01 0.104800E-01 0.108800E-01 0.105600E-01 0.936000E-02 0.952000E-02 0.664000E-02 0.816000E-02 0.592000E-02 0.576000E-02 0.656000E-02 0.504000E-02 0.528000E-02 0.480000E-02 0.544000E-02 0.496000E-02 0.584000E-02 0.368000E-02 0.336000E-02 0.280000E-02 0.208000E-02 0.344000E-02 0.160000E-02 0.240000E-02 0.256000E-02 0.192000E-02 0.208000E-02 0.176000E-02 0.160000E-02 0.880000E-03 0.960000E-03 0.184000E-02 0.104000E-02 0.400000E-03 0.112000E-02 0.112000E-02 0.104000E-02 0.104000E-02 0.560000E-03 0.480000E-03 0.320000E-03 0.640000E-03 0.400000E-03 0.480000E-03 0.320000E-03 0.320000E-03 0.160000E-03 0.320000E-03 0.320000E-03 0.480000E-03 0.240000E-03 0.160000E-03 0.160000E-03 0.160000E-03 0.000000E+00 0.800000E-04 0.240000E-03 0.800000E-04 0.000000E+00 0.800000E-04 0.000000E+00 0.800000E-04 0.000000E+00 0.000000E+00 0.000000E+00 0.800000E-04 0.000000E+00 0.000000E+00 0.000000E+00 0.000000E+00 0.000000E+00 0.000000E+00 0.000000E+00 0.000000E+00 0.000000E+00 0.000000E+00 0.000000E+00 0.000000E+00 0.000000E+00 0.000000E+00 0.000000E+00 0.000000E+00 0.000000E+00 0.000000E+00 0.000000E+00 0.000000E+00 0.000000E+00 0.000000E+00 0.000000E+00 0.000000E+00 0.000000E+00 0.000000E+00 0.000000E+00 0.000000E+00 0.000000E+00 0.000000E+00 0.000000E+00 0.000000E+00 0.000000E+00 0.000000E+00 0.000000E+00 0.000000E+00 0.000000E+00 0.000000E+00 0.000000E+00 0.000000E+00 0.000000E+00 0.000000E+00 0.000000E+00 0.000000E+00 0.000000E+00 0.000000E+00 0.000000E+00 0.000000E+00
 0.820400E+00 0.843840E+00 0.807200E+00 0.740640E+00 0.709200E+00 0.680960E+00 0.637680E+00 0.614160E+00 0.581840E+00 0.559200E+00 0.536880E+00 0.523760E+00 0.488240E+00 0.480400E+00 0.452240E+00 0.443760E+00 0.420640E+00 0.412560E+00 0.384320E+00 0.365680E+00 0.348720E+00 0.349360E+00 0.332320E+00 0.314160E+00 0.306720E+00 0.293600E+00 0.276240E+00 0.266480E+00 0.256000E+00 0.239760E+00 0.231680E+00 0.221920E+00 0.210960E+00 0.205600E+00 0.194480E+00 0.183200E+00 0.179680E+00 0.169920E+00 0.165200E+00 0.157760E+00 0.148480E+00 0.140160E+00 0.131760E+00 0.128800E+00 0.129120E+00 0.114640E+00 0.112320E+00 0.105840E+00 0.101920E+00 0.966400E-01 0.915200E-01 0.900800E-01 0.824000E-01 0.831200E-01 0.808800E-01 0.736000E-01 0.650400E-01 0.683200E-01 0.640000E-01 0.654400E-01 0.541600E-01 0.491200E-01 0.512000E-01 0.465600E-01 0.455200E-01 0.412000E-01 0.391200E-01 0.352800E-01 0.354400E-01 0.359200E-01 0.304800E-01 0.308800E-01 0.287200E-01 0.276000E-01 0.256000E-01 0.259200E-01 0.219200E-01 0.211200E-01 0.219200E-01 0.192000E-01 0.189600E-01 0.181600E-01 0.144800E-01 0.149600E-01 0.128000E-01 0.116000E-01 0.117600E-01 0.100800E-01 0.101600E-01 0.984000E-02 0.952000E-02 0.904000E-02 0.896000E-02 0.744000E-02 0.744000E-02 0.904000E-02 0.688000E-02 0.624000E-02 0.608000E-02 0.448000E-02 0.576000E-02 0.488000E-02 0.448000E-02 0.440000E-02 0.296000E-02 0.344000E-02 0.352000E-02 0.328000E-02 0.344000E-02 0.192000E-02 0.224000E-02 0.192000E-02 0.224000E-02 0.192000E-02 0.176000E-02 0.128000E-02 0.112000E-02 0.720000E-03 0.104000E-02 0.800000E-03 0.800000E-03 0.120000E-02 0.112000E-02 0.480000E-03 0.104000E-02 0.640000E-03 0.240000E-03 0.640000E-03 0.400000E-03 0.320000E-03 0.480000E-03 0.800000E-04 0.000000E+00 0.000000E+00 0.240000E-03 0.160000E-03 0.800000E-04 0.240000E-03 0.800000E-04 0.160000E-03 0.000000E+00 0.800000E-04 0.160000E-03 0.000000E+00 0.800000E-04 0.160000E-03 0.800000E-04 0.000000E+00 0.000000E+00 0.000000E+00 0.000000E+00 0.000000E+00 0.000000E+00 0.800000E-04 0.800000E-04 0.000000E+00 0.000000E+00 0.000000E+00 0.000000E+00 0.000000E+00 0.000000E+00 0.000000E+00 0.800000E-04 0.000000E+00 0.000000E+00 0.000000E+00 0.000000E+00 0.000000E+00 0.000000E+00 0.000000E+00 0.000000E+00 0.000000E+00 0.000000E+00 0.000000E+00 0.000000E+00 0.000000E+00 0.000000E+00 0.000000E+00 0.000000E+00 0.000000E+00 0.000000E+00 0.000000E+00 0.000000E+00 0.000000E+00 0.000000E+00 0.000000E+00 0.000000E+00 0.000000E+00 0.000000E+00 0.000000E+00 0.000000E+00 0.000000E+00 0.000000E+00 0.000000E+00 0.000000E+00 0.000000E+00 0.000000E+00 0.000000E+00 0.000000E+00 0.000000E+00
 0.380000E-01 0.376000E-01 0.325600E-01 0.310400E-01 0.296000E-01 0.264800E-01 0.240800E-01 0.264800E-01 0.225600E-01 0.190400E-01 0.191200E-01 0.163200E-01 0.173600E-01 0.136800E-01 0.151200E-01 0.131200E-01 0.115200E-01 0.112000E-01 0.992000E-02 0.912000E-02 0.840000E-02 0.760000E-02 0.576000E-02 0.624000E-02 0.648000E-02 0.440000E-02 0.480000E-02 0.440000E-02 0.464000E-02 0.312000E-02 0.312000E-02 0.304000E-02 0.296000E-02 0.280000E-02 0.280000E-02 0.184000E-02 0.328000E-02 0.256000E-02 0.296000E-02 0.248000E-02 0.192000E-02 0.168000E-02 0.184000E-02 0.184000E-02 0.200000E-02 0.184000E-02 0.232000E-02 0.208000E-02 0.176000E-02 0.160000E-02 0.200000E-02 0.200000E-02 0.120000E-02 0.168000E-02 0.136000E-02 0.176000E-02 0.120000E-02 0.128000E-02 0.168000E-02 0.152000E-02 0.640000E-03 0.160000E-02 0.880000E-03 0.144000E-02 0.112000E-02 0.112000E-02 0.640000E-03 0.880000E-03 0.800000E-03 0.152000E-02 0.560000E-03 0.104000E-02 0.800000E-03 0.720000E-03 0.560000E-03 0.320000E-03 0.104000E-02 0.880000E-03 0.800000E-03 0.640000E-03 0.480000E-03 0.960000E-03 0.640000E-03 0.320000E-03 0.800000E-03 0.560000E-03 0.240000E-03 0.320000E-03 0.320000E-03 0.240000E-03 0.320000E-03 0.160000E-03 0.400000E-03 0.400000E-03 0.240000E-03 0.400000E-03 0.160000E-03 0.320000E-03 0.400000E-03 0.800000E-04 0.320000E-03 0.400000E-03 0.000000E+00 0.400000E-03 0.160000E-03 0.800000E-04 0.800000E-04 0.400000E-03 0.240000E-03 0.160000E-03 0.160000E-03 0.800000E-04 0.800000E-04 0.000000E+00 0.000000E+00 0.800000E-04 0.240000E-03 0.000000E+00 0.320000E-03 0.800000E-04 0.800000E-04 0.800000E-04 0.800000E-04 0.320000E-03 0.000000E+00 0.000000E+00 0.000000E+00 0.000000E+00 0.000000E+00 0.000000E+00 0.000000E+00 0.000000E+00 0.000000E+00 0.000000E+00 0.000000E+00 0.000000E+00 0.000000E+00 0.000000E+00 0.800000E-04 0.000000E+00 0.000000E+00 0.000000E+00 0.800000E-04 0.000000E+00 0.800000E-04 0.000000E+00 0.000000E+00 0.000000E+00 0.000000E+00 0.000000E+00 0.000000E+00 0.000000E+00 0.800000E-04 0.000000E+00 0.000000E+00 0.000000E+00 0.000000E+00 0.000000E+00 0.000000E+00 0.000000E+00 0.000000E+00 0.000000E+00 0.000000E+00 0.000000E+00 0.000000E+00 0.000000E+00 0.000000E+00 0.000000E+00 0.000000E+00 0.000000E+00 0.000000E+00 0.000000E+00 0.000000E+00 0.000000E+00 0.000000E+00 0.000000E+00 0.000000E+00 0.000000E+00 0.000000E+00 0.000000E+00 0.000000E+00 0.000000E+00 0.000000E+00 0.000000E+00 0.000000E+00 0.000000E+00 0.000000E+00 0.000000E+00 0.000000E+00 0.000000E+00 0.000000E+00 0.000000E+00 0.000000E+00 0.000000E+00 0.000000E+00 0.000000E+00 0.000000E+00 0.000000E+00 0.000000E+00 0.000000E+00
 0.377600E-01 0.378400E-01 0.350400E-01 0.318400E-01 0.288000E-01 0.251200E-01 0.257600E-01 0.233600E-01 0.236800E-01 0.187200E-01 0.184000E-01 0.170400E-01 0.176800E-01 0.132800E-01 0.134400E-01 0.135200E-01 0.113600E-01 0.108800E-01 0.111200E-01 0.880000E-02 0.896000E-02 0.680000E-02 0.568000E-02 0.536000E-02 0.496000E-02 0.360000E-02 0.552000E-02 0.448000E-02 0.416000E-02 0.408000E-02 0.448000E-02 0.408000E-02 0.328000E-02 0.256000E-02 0.248000E-02 0.384000E-02 0.248000E-02 0.312000E-02 0.192000E-02 0.336000E-02 0.168000E-02 0.176000E-02 0.224000E-02 0.208000E-02 0.216000E-02 0.224000E-02 0.152000E-02 0.160000E-02 0.256000E-02 0.240000E-02 0.200000E-02 0.192000E-02 0.136000E-02 0.160000E-02 0.160000E-02 0.192000E-02 0.104000E-02 0.104000E-02 0.128000E-02 0.960000E-03 0.168000E-02 0.112000E-02 0.136000E-02 0.800000E-03 0.112000E-02 0.112000E-02 0.880000E-03 0.640000E-03 0.480000E-03 0.800000E-03 0.880000E-03 0.480000E-03 0.880000E-03 0.640000E-03 0.960000E-03 0.720000E-03 0.480000E-03 0.720000E-03 0.880000E-03 0.320000E-03 0.400000E-03 0.720000E-03 0.560000E-03 0.960000E-03 0.560000E-03 0.480000E-03 0.240000E-03 0.240000E-03 0.320000E-03 0.400000E-03 0.160000E-03 0.480000E-03 0.800000E-04 0.400000E-03 0.160000E-03 0.320000E-03 0.160000E-03 0.400000E-03 0.400000E-03 0.240000E-03 0.240000E-03 0.240000E-03 0.240000E-03 0.480000E-03 0.320000E-03 0.240000E-03 0.160000E-03 0.800000E-04 0.160000E-03 0.160000E-03 0.800000E-04 0.800000E-04 0.240000E-03 0.160000E-03 0.800000E-04 0.160000E-03 0.000000E+00 0.800000E-04 0.160000E-03 0.000000E+00 0.000000E+00 0.800000E-04 0.000000E+00 0.800000E-04 0.800000E-04 0.000000E+00 0.000000E+00 0.160000E-03 0.000000E+00 0.000000E+00 0.000000E+00 0.000000E+00 0.000000E+00 0.000000E+00 0.000000E+00 0.800000E-04 0.000000E+00 0.000000E+00 0.000000E+00 0.000000E+00 0.000000E+00 0.000000E+00 0.000000E+00 0.000000E+00 0.000000E+00 0.000000E+00 0.000000E+00 0.000000E+00 0.000000E+00 0.000000E+00 0.000000E+00 0.000000E+00 0.000000E+00 0.000000E+00 0.000000E+00 0.000000E+00 0.000000E+00 0.000000E+00 0.000000E+00 0.000000E+00 0.000000E+00 0.000000E+00 0.000000E+00 0.000000E+00 0.000000E+00 0.000000E+00 0.000000E+00 0.000000E+00 0.000000E+00 0.000000E+00 0.000000E+00 0.000000E+00 0.000000E+00 0.000000E+00 0.000000E+00 0.000000E+00 0.000000E+00 0.000000E+00 0.000000E+00 0.000000E+00 0.000000E+00 0.000000E+00 0.000000E+00 0.000000E+00 0.000000E+00 0.000000E+00 0.000000E+00 0.000000E+00 0.000000E+00 0.000000E+00 0.000000E+00 0.000000E+00 0.000000E+00 0.000000E+00 0.000000E+00 0.000000E+00 0.000000E+00 0.000000E+00 0.000000E+00 0.000000E+00
