### Run with WimpAnn version = wimpann-2.08                            
###   Using Pythia version   = Pythia 6.400    
###   Using nusigma version  = nusigma-1.15-pyr                        
###   Using DarkSUSY version = ds-4.1.6                                
###   WimpAnn run started at date 2007-09-10; time 10:34:48
### Neutrino oscillation parameters
#      theta_12 =  0.00000000E+00
#      theta_13 =  0.00000000E+00
#      theta_23 =  0.00000000E+00
#         delta =  0.00000000E+00
#  delta_m^2_21 =  0.81000000E-04
#  delta_m^2_31 =  0.22000000E-02
### WimpAnn run parameters
#  Annihilation channel =         6
#  Generated particles =  Z0               Z0              
#  WIMP mass =  0.35000000E+03
#  Number of annihilations =   2500000
#  Source = Sun
#...dPhi/dz in  200 bins from 0 to 1
#...Line  1- 6: flux at centre of Sun for neutrino 1-6
#...Line  7-12: flux at surface of Sun for neutrino 1-6
#...Line 13-18: flux at 1 AU from the Sun for neutrino 1-6
#...Line 19-24: flux at surface of Sun for secondary neutrino 1-6
#...Line 25-30: flux at 1 AU from the Sun for secondary neutrino 1-6
 0.327160E+01 0.245232E+01 0.188328E+01 0.157552E+01 0.134560E+01 0.114648E+01 0.991600E+00 0.871520E+00 0.782640E+00 0.691520E+00 0.621920E+00 0.580480E+00 0.530720E+00 0.482480E+00 0.441040E+00 0.406640E+00 0.391520E+00 0.361360E+00 0.350640E+00 0.328960E+00 0.315520E+00 0.301200E+00 0.290560E+00 0.275520E+00 0.270000E+00 0.250560E+00 0.252160E+00 0.246320E+00 0.234320E+00 0.225040E+00 0.213280E+00 0.213920E+00 0.216800E+00 0.207760E+00 0.199840E+00 0.201360E+00 0.198080E+00 0.193280E+00 0.192880E+00 0.190240E+00 0.184400E+00 0.179920E+00 0.182000E+00 0.177760E+00 0.174800E+00 0.175280E+00 0.179120E+00 0.166800E+00 0.171600E+00 0.164160E+00 0.165280E+00 0.163600E+00 0.161920E+00 0.163200E+00 0.158000E+00 0.162000E+00 0.159120E+00 0.161440E+00 0.157840E+00 0.154000E+00 0.156320E+00 0.154480E+00 0.159440E+00 0.149680E+00 0.147520E+00 0.151840E+00 0.150320E+00 0.149200E+00 0.149280E+00 0.152640E+00 0.147840E+00 0.148080E+00 0.147680E+00 0.152640E+00 0.140640E+00 0.145680E+00 0.144800E+00 0.145200E+00 0.151440E+00 0.148480E+00 0.152160E+00 0.143360E+00 0.141440E+00 0.143280E+00 0.142400E+00 0.137840E+00 0.150080E+00 0.142720E+00 0.146160E+00 0.143600E+00 0.139200E+00 0.140000E+00 0.142480E+00 0.140800E+00 0.148240E+00 0.135920E+00 0.137760E+00 0.138240E+00 0.146080E+00 0.145360E+00 0.139360E+00 0.138880E+00 0.140640E+00 0.141760E+00 0.141040E+00 0.141680E+00 0.139200E+00 0.133680E+00 0.144160E+00 0.144160E+00 0.142320E+00 0.148560E+00 0.146880E+00 0.134000E+00 0.139440E+00 0.137360E+00 0.138960E+00 0.137840E+00 0.135840E+00 0.139840E+00 0.139280E+00 0.141360E+00 0.141600E+00 0.139840E+00 0.140240E+00 0.133920E+00 0.142000E+00 0.141600E+00 0.135840E+00 0.132960E+00 0.138320E+00 0.137680E+00 0.138800E+00 0.139760E+00 0.134960E+00 0.134960E+00 0.138160E+00 0.138480E+00 0.139120E+00 0.133440E+00 0.138080E+00 0.136320E+00 0.138240E+00 0.136720E+00 0.140800E+00 0.138640E+00 0.135840E+00 0.136080E+00 0.136880E+00 0.136480E+00 0.136080E+00 0.140400E+00 0.135040E+00 0.139680E+00 0.138960E+00 0.140080E+00 0.136080E+00 0.136480E+00 0.133920E+00 0.143280E+00 0.134880E+00 0.135920E+00 0.136000E+00 0.139280E+00 0.138000E+00 0.141360E+00 0.141600E+00 0.136560E+00 0.141840E+00 0.132320E+00 0.138480E+00 0.137440E+00 0.139040E+00 0.135840E+00 0.144720E+00 0.135920E+00 0.141600E+00 0.134400E+00 0.141120E+00 0.137760E+00 0.137120E+00 0.138400E+00 0.135920E+00 0.138080E+00 0.136560E+00 0.139520E+00 0.136720E+00 0.139600E+00 0.138560E+00 0.134800E+00 0.140000E+00 0.136560E+00 0.131600E+00 0.140160E+00 0.131040E+00 0.136320E+00 0.762400E-01 0.176000E-02 0.160000E-03 0.000000E+00
 0.324720E+01 0.245912E+01 0.188360E+01 0.159728E+01 0.136808E+01 0.112880E+01 0.984480E+00 0.862720E+00 0.763600E+00 0.684800E+00 0.615920E+00 0.573440E+00 0.523200E+00 0.468480E+00 0.453120E+00 0.415600E+00 0.390560E+00 0.357600E+00 0.346400E+00 0.331360E+00 0.312320E+00 0.302160E+00 0.288560E+00 0.281360E+00 0.259520E+00 0.266640E+00 0.249040E+00 0.239600E+00 0.230160E+00 0.231680E+00 0.214800E+00 0.220800E+00 0.219200E+00 0.206800E+00 0.205280E+00 0.196000E+00 0.197920E+00 0.188560E+00 0.183520E+00 0.182560E+00 0.187440E+00 0.182800E+00 0.172320E+00 0.177520E+00 0.179600E+00 0.171520E+00 0.170880E+00 0.165840E+00 0.167840E+00 0.168720E+00 0.160880E+00 0.162880E+00 0.160560E+00 0.155520E+00 0.160880E+00 0.158640E+00 0.158240E+00 0.159360E+00 0.154960E+00 0.156240E+00 0.149280E+00 0.155840E+00 0.152720E+00 0.148560E+00 0.152480E+00 0.151520E+00 0.151440E+00 0.151120E+00 0.152080E+00 0.145040E+00 0.147600E+00 0.147600E+00 0.147920E+00 0.146000E+00 0.148640E+00 0.142560E+00 0.144320E+00 0.151920E+00 0.148000E+00 0.149040E+00 0.143840E+00 0.145120E+00 0.142400E+00 0.143760E+00 0.140640E+00 0.146320E+00 0.137200E+00 0.146480E+00 0.151200E+00 0.146160E+00 0.144880E+00 0.148400E+00 0.138720E+00 0.139360E+00 0.144480E+00 0.144320E+00 0.140320E+00 0.136960E+00 0.142960E+00 0.138960E+00 0.148400E+00 0.142400E+00 0.139520E+00 0.135120E+00 0.137040E+00 0.146000E+00 0.138560E+00 0.136880E+00 0.140240E+00 0.137920E+00 0.138720E+00 0.141280E+00 0.138480E+00 0.145840E+00 0.134880E+00 0.142480E+00 0.137920E+00 0.135920E+00 0.143680E+00 0.141600E+00 0.142400E+00 0.146160E+00 0.138480E+00 0.136000E+00 0.138400E+00 0.134800E+00 0.140000E+00 0.138880E+00 0.142720E+00 0.135200E+00 0.141280E+00 0.138240E+00 0.140640E+00 0.139280E+00 0.140320E+00 0.134000E+00 0.135520E+00 0.141200E+00 0.139440E+00 0.140320E+00 0.138560E+00 0.136960E+00 0.140960E+00 0.140160E+00 0.140240E+00 0.135440E+00 0.139920E+00 0.134800E+00 0.142640E+00 0.139840E+00 0.137600E+00 0.141120E+00 0.138640E+00 0.142880E+00 0.142400E+00 0.138800E+00 0.138560E+00 0.137200E+00 0.140400E+00 0.137680E+00 0.140240E+00 0.146320E+00 0.134160E+00 0.143680E+00 0.136400E+00 0.137440E+00 0.135120E+00 0.142400E+00 0.134000E+00 0.134960E+00 0.137360E+00 0.140880E+00 0.145680E+00 0.138640E+00 0.139680E+00 0.134640E+00 0.136160E+00 0.136560E+00 0.142240E+00 0.138000E+00 0.144240E+00 0.135600E+00 0.137120E+00 0.145120E+00 0.131760E+00 0.136160E+00 0.138640E+00 0.142720E+00 0.144880E+00 0.136000E+00 0.135920E+00 0.144000E+00 0.138320E+00 0.136640E+00 0.144160E+00 0.130240E+00 0.797600E-01 0.224000E-02 0.000000E+00 0.000000E+00
 0.332960E+01 0.248488E+01 0.187512E+01 0.156736E+01 0.134512E+01 0.113736E+01 0.983760E+00 0.860720E+00 0.762960E+00 0.684000E+00 0.622560E+00 0.569760E+00 0.517600E+00 0.476640E+00 0.433280E+00 0.408720E+00 0.392480E+00 0.367920E+00 0.352000E+00 0.325440E+00 0.307280E+00 0.300000E+00 0.298960E+00 0.278880E+00 0.263600E+00 0.255360E+00 0.248960E+00 0.243920E+00 0.236800E+00 0.230960E+00 0.228640E+00 0.209120E+00 0.213920E+00 0.207040E+00 0.204880E+00 0.194160E+00 0.198960E+00 0.190880E+00 0.188400E+00 0.184160E+00 0.182400E+00 0.180720E+00 0.174400E+00 0.174800E+00 0.168240E+00 0.173040E+00 0.171520E+00 0.165840E+00 0.176560E+00 0.170240E+00 0.168720E+00 0.162800E+00 0.163520E+00 0.163520E+00 0.161360E+00 0.163520E+00 0.163040E+00 0.158000E+00 0.158160E+00 0.157360E+00 0.156000E+00 0.154720E+00 0.150960E+00 0.151920E+00 0.156080E+00 0.150640E+00 0.151600E+00 0.153840E+00 0.145200E+00 0.153200E+00 0.148720E+00 0.153120E+00 0.148000E+00 0.146240E+00 0.146160E+00 0.147280E+00 0.147840E+00 0.145040E+00 0.147760E+00 0.149440E+00 0.140320E+00 0.141440E+00 0.143440E+00 0.143200E+00 0.148080E+00 0.144400E+00 0.144080E+00 0.147120E+00 0.141600E+00 0.144320E+00 0.144800E+00 0.142480E+00 0.146720E+00 0.143360E+00 0.142960E+00 0.138720E+00 0.138240E+00 0.149200E+00 0.139680E+00 0.144320E+00 0.138960E+00 0.144800E+00 0.138800E+00 0.139360E+00 0.137600E+00 0.142160E+00 0.141600E+00 0.140080E+00 0.137520E+00 0.139520E+00 0.144960E+00 0.140800E+00 0.140400E+00 0.141520E+00 0.137520E+00 0.145600E+00 0.145360E+00 0.142560E+00 0.138560E+00 0.137440E+00 0.139280E+00 0.139360E+00 0.136720E+00 0.139360E+00 0.137680E+00 0.134480E+00 0.137760E+00 0.145440E+00 0.140880E+00 0.138880E+00 0.135120E+00 0.136640E+00 0.138960E+00 0.140000E+00 0.138480E+00 0.138960E+00 0.141040E+00 0.135840E+00 0.136720E+00 0.137600E+00 0.137200E+00 0.138640E+00 0.142720E+00 0.139360E+00 0.140240E+00 0.137760E+00 0.144800E+00 0.135680E+00 0.136560E+00 0.137280E+00 0.136480E+00 0.138720E+00 0.130160E+00 0.131280E+00 0.142560E+00 0.139360E+00 0.140880E+00 0.143120E+00 0.138400E+00 0.142720E+00 0.136560E+00 0.135760E+00 0.139760E+00 0.135200E+00 0.134960E+00 0.135280E+00 0.138800E+00 0.134400E+00 0.141040E+00 0.141360E+00 0.138960E+00 0.138880E+00 0.134800E+00 0.135120E+00 0.136240E+00 0.140160E+00 0.134000E+00 0.141840E+00 0.136160E+00 0.139440E+00 0.134240E+00 0.136480E+00 0.140800E+00 0.136720E+00 0.137520E+00 0.139680E+00 0.139760E+00 0.143520E+00 0.140480E+00 0.138000E+00 0.140880E+00 0.140320E+00 0.135760E+00 0.135760E+00 0.135920E+00 0.131520E+00 0.749600E-01 0.184000E-02 0.000000E+00 0.000000E+00
 0.332128E+01 0.247928E+01 0.187944E+01 0.157136E+01 0.133752E+01 0.112144E+01 0.974480E+00 0.870000E+00 0.762400E+00 0.680160E+00 0.621840E+00 0.571040E+00 0.516400E+00 0.472800E+00 0.448320E+00 0.420480E+00 0.389920E+00 0.369040E+00 0.348240E+00 0.332880E+00 0.320480E+00 0.294880E+00 0.289680E+00 0.267520E+00 0.261680E+00 0.249520E+00 0.250400E+00 0.240080E+00 0.226160E+00 0.227440E+00 0.221840E+00 0.218640E+00 0.206400E+00 0.203600E+00 0.198800E+00 0.193040E+00 0.195200E+00 0.188400E+00 0.183440E+00 0.181920E+00 0.187840E+00 0.180960E+00 0.182160E+00 0.175840E+00 0.174480E+00 0.176480E+00 0.164640E+00 0.165040E+00 0.167200E+00 0.159600E+00 0.159200E+00 0.163280E+00 0.158160E+00 0.169680E+00 0.163520E+00 0.158080E+00 0.155360E+00 0.161600E+00 0.159120E+00 0.148320E+00 0.155760E+00 0.153360E+00 0.151600E+00 0.147520E+00 0.153360E+00 0.148320E+00 0.150640E+00 0.150240E+00 0.147760E+00 0.145840E+00 0.149520E+00 0.146400E+00 0.153440E+00 0.148800E+00 0.143600E+00 0.146000E+00 0.145440E+00 0.147200E+00 0.148080E+00 0.143040E+00 0.143280E+00 0.142000E+00 0.150960E+00 0.152080E+00 0.151120E+00 0.141360E+00 0.146080E+00 0.140880E+00 0.144800E+00 0.151360E+00 0.139040E+00 0.143120E+00 0.138720E+00 0.146720E+00 0.145360E+00 0.139280E+00 0.138880E+00 0.141120E+00 0.141040E+00 0.143200E+00 0.141520E+00 0.142720E+00 0.145360E+00 0.138160E+00 0.136000E+00 0.142320E+00 0.144480E+00 0.139840E+00 0.140320E+00 0.144560E+00 0.137440E+00 0.141200E+00 0.140000E+00 0.141680E+00 0.142080E+00 0.138880E+00 0.145200E+00 0.140880E+00 0.134480E+00 0.133360E+00 0.146240E+00 0.138960E+00 0.137040E+00 0.142160E+00 0.142720E+00 0.140800E+00 0.140800E+00 0.136240E+00 0.144240E+00 0.136240E+00 0.141120E+00 0.139600E+00 0.141200E+00 0.138480E+00 0.137600E+00 0.141120E+00 0.135280E+00 0.141600E+00 0.136400E+00 0.138320E+00 0.142880E+00 0.138800E+00 0.138080E+00 0.141600E+00 0.142160E+00 0.143280E+00 0.140240E+00 0.137440E+00 0.141360E+00 0.141120E+00 0.141120E+00 0.144080E+00 0.138240E+00 0.136720E+00 0.144720E+00 0.127360E+00 0.141760E+00 0.134240E+00 0.140000E+00 0.139760E+00 0.137280E+00 0.137280E+00 0.140320E+00 0.138960E+00 0.137840E+00 0.142400E+00 0.140080E+00 0.137440E+00 0.135680E+00 0.143440E+00 0.139920E+00 0.136880E+00 0.140560E+00 0.142240E+00 0.135600E+00 0.137280E+00 0.139520E+00 0.149440E+00 0.136480E+00 0.139760E+00 0.134480E+00 0.135120E+00 0.137040E+00 0.149040E+00 0.135920E+00 0.130720E+00 0.137600E+00 0.139040E+00 0.133760E+00 0.134560E+00 0.140560E+00 0.135760E+00 0.137840E+00 0.141440E+00 0.140320E+00 0.138720E+00 0.728000E-01 0.232000E-02 0.800000E-04 0.000000E+00
 0.139848E+01 0.115904E+01 0.979040E+00 0.922320E+00 0.875280E+00 0.802720E+00 0.718640E+00 0.672560E+00 0.632720E+00 0.589520E+00 0.555520E+00 0.517280E+00 0.487440E+00 0.473120E+00 0.458560E+00 0.439360E+00 0.414240E+00 0.396880E+00 0.391040E+00 0.374640E+00 0.377040E+00 0.358640E+00 0.347520E+00 0.336960E+00 0.334720E+00 0.313280E+00 0.316960E+00 0.310880E+00 0.304000E+00 0.298720E+00 0.293920E+00 0.283200E+00 0.288560E+00 0.274480E+00 0.277360E+00 0.270640E+00 0.261760E+00 0.258880E+00 0.254880E+00 0.255440E+00 0.253200E+00 0.257520E+00 0.246640E+00 0.249680E+00 0.244000E+00 0.236800E+00 0.232720E+00 0.230640E+00 0.233680E+00 0.232400E+00 0.234400E+00 0.219040E+00 0.214960E+00 0.216480E+00 0.223760E+00 0.210400E+00 0.212000E+00 0.218000E+00 0.210000E+00 0.210400E+00 0.203280E+00 0.203360E+00 0.201040E+00 0.199040E+00 0.206240E+00 0.205520E+00 0.193520E+00 0.190640E+00 0.197440E+00 0.198080E+00 0.189840E+00 0.195600E+00 0.196000E+00 0.193520E+00 0.189440E+00 0.182800E+00 0.185920E+00 0.181920E+00 0.187280E+00 0.188080E+00 0.187840E+00 0.180640E+00 0.183120E+00 0.176960E+00 0.181360E+00 0.177680E+00 0.171920E+00 0.174480E+00 0.176080E+00 0.177120E+00 0.170640E+00 0.174240E+00 0.167920E+00 0.167360E+00 0.166240E+00 0.171840E+00 0.161680E+00 0.166320E+00 0.162560E+00 0.160640E+00 0.163760E+00 0.162640E+00 0.163680E+00 0.166000E+00 0.162400E+00 0.162320E+00 0.158960E+00 0.158480E+00 0.160000E+00 0.156000E+00 0.159840E+00 0.158880E+00 0.157440E+00 0.153600E+00 0.157920E+00 0.155920E+00 0.155200E+00 0.152400E+00 0.149680E+00 0.153440E+00 0.155360E+00 0.145200E+00 0.152400E+00 0.154160E+00 0.151280E+00 0.154960E+00 0.152720E+00 0.146240E+00 0.151360E+00 0.150080E+00 0.154880E+00 0.147280E+00 0.151840E+00 0.144640E+00 0.145920E+00 0.153520E+00 0.141520E+00 0.142720E+00 0.146320E+00 0.152000E+00 0.141600E+00 0.151920E+00 0.147200E+00 0.148880E+00 0.141680E+00 0.149040E+00 0.142320E+00 0.147600E+00 0.145440E+00 0.140320E+00 0.142160E+00 0.142960E+00 0.140640E+00 0.145680E+00 0.139280E+00 0.145360E+00 0.140720E+00 0.139600E+00 0.137040E+00 0.138800E+00 0.135520E+00 0.142320E+00 0.133600E+00 0.137200E+00 0.139760E+00 0.137680E+00 0.142720E+00 0.134160E+00 0.136480E+00 0.139760E+00 0.137120E+00 0.137600E+00 0.141120E+00 0.143280E+00 0.138000E+00 0.136560E+00 0.144880E+00 0.139920E+00 0.142000E+00 0.139520E+00 0.138080E+00 0.141920E+00 0.136320E+00 0.134160E+00 0.140000E+00 0.142000E+00 0.136480E+00 0.136800E+00 0.138960E+00 0.138240E+00 0.139520E+00 0.135200E+00 0.131280E+00 0.138640E+00 0.131360E+00 0.140800E+00 0.772000E-01 0.224000E-02 0.800000E-04 0.000000E+00
 0.138688E+01 0.115768E+01 0.997280E+00 0.913200E+00 0.875040E+00 0.782560E+00 0.730240E+00 0.659440E+00 0.627680E+00 0.580480E+00 0.552880E+00 0.529600E+00 0.485360E+00 0.468720E+00 0.451600E+00 0.439200E+00 0.415280E+00 0.396720E+00 0.388880E+00 0.380720E+00 0.361200E+00 0.365360E+00 0.347440E+00 0.346640E+00 0.320160E+00 0.317920E+00 0.317040E+00 0.311840E+00 0.303280E+00 0.298560E+00 0.289760E+00 0.281040E+00 0.278560E+00 0.277280E+00 0.276000E+00 0.277440E+00 0.258720E+00 0.256480E+00 0.257520E+00 0.253120E+00 0.247360E+00 0.255600E+00 0.243040E+00 0.246800E+00 0.239440E+00 0.235280E+00 0.236480E+00 0.225680E+00 0.226640E+00 0.222960E+00 0.225200E+00 0.224400E+00 0.227520E+00 0.218640E+00 0.223840E+00 0.211040E+00 0.217680E+00 0.212320E+00 0.216400E+00 0.213200E+00 0.212720E+00 0.202000E+00 0.200000E+00 0.196400E+00 0.203120E+00 0.204400E+00 0.194720E+00 0.201360E+00 0.193520E+00 0.196880E+00 0.195920E+00 0.193200E+00 0.185520E+00 0.190880E+00 0.191440E+00 0.190960E+00 0.187440E+00 0.185760E+00 0.180800E+00 0.180960E+00 0.176080E+00 0.178160E+00 0.173520E+00 0.184080E+00 0.176720E+00 0.176400E+00 0.179040E+00 0.174800E+00 0.180480E+00 0.174160E+00 0.172240E+00 0.169520E+00 0.170800E+00 0.167360E+00 0.169200E+00 0.167520E+00 0.169680E+00 0.163600E+00 0.169040E+00 0.166640E+00 0.163360E+00 0.160080E+00 0.159360E+00 0.162240E+00 0.164640E+00 0.163200E+00 0.155040E+00 0.157280E+00 0.159760E+00 0.162160E+00 0.160000E+00 0.159680E+00 0.158000E+00 0.157120E+00 0.158400E+00 0.153840E+00 0.153360E+00 0.153840E+00 0.156320E+00 0.160080E+00 0.156320E+00 0.157520E+00 0.147440E+00 0.151120E+00 0.150400E+00 0.153040E+00 0.154720E+00 0.151280E+00 0.155840E+00 0.150480E+00 0.154720E+00 0.147040E+00 0.147440E+00 0.140000E+00 0.151760E+00 0.152080E+00 0.144320E+00 0.145520E+00 0.149600E+00 0.141760E+00 0.149840E+00 0.148160E+00 0.148320E+00 0.138880E+00 0.147040E+00 0.143600E+00 0.145360E+00 0.136080E+00 0.146480E+00 0.143840E+00 0.143440E+00 0.142960E+00 0.139680E+00 0.142240E+00 0.143360E+00 0.145840E+00 0.140400E+00 0.145760E+00 0.145040E+00 0.142000E+00 0.141040E+00 0.138880E+00 0.143280E+00 0.141600E+00 0.142960E+00 0.138560E+00 0.141440E+00 0.143840E+00 0.132560E+00 0.138160E+00 0.133680E+00 0.148480E+00 0.137200E+00 0.137200E+00 0.143120E+00 0.139040E+00 0.142480E+00 0.135520E+00 0.140880E+00 0.145040E+00 0.140960E+00 0.144720E+00 0.133840E+00 0.138560E+00 0.138560E+00 0.135600E+00 0.142080E+00 0.138640E+00 0.135120E+00 0.140160E+00 0.141600E+00 0.141520E+00 0.146240E+00 0.134080E+00 0.137920E+00 0.134480E+00 0.772000E-01 0.168000E-02 0.800000E-04 0.000000E+00
 0.362904E+01 0.268440E+01 0.203752E+01 0.169952E+01 0.144376E+01 0.122320E+01 0.105032E+01 0.920800E+00 0.818320E+00 0.731760E+00 0.657520E+00 0.606960E+00 0.552880E+00 0.502880E+00 0.452560E+00 0.417680E+00 0.394800E+00 0.368000E+00 0.350160E+00 0.322640E+00 0.314720E+00 0.289520E+00 0.281360E+00 0.271520E+00 0.257280E+00 0.238480E+00 0.240480E+00 0.228000E+00 0.211680E+00 0.206560E+00 0.200800E+00 0.191760E+00 0.186080E+00 0.179280E+00 0.173680E+00 0.169040E+00 0.166160E+00 0.161760E+00 0.155360E+00 0.156400E+00 0.149040E+00 0.142960E+00 0.141120E+00 0.137200E+00 0.135680E+00 0.133360E+00 0.131280E+00 0.119840E+00 0.121600E+00 0.118000E+00 0.116320E+00 0.115440E+00 0.112480E+00 0.108320E+00 0.106240E+00 0.105920E+00 0.102160E+00 0.102480E+00 0.986400E-01 0.972000E-01 0.964000E-01 0.908000E-01 0.948000E-01 0.884800E-01 0.884000E-01 0.857600E-01 0.856000E-01 0.830400E-01 0.861600E-01 0.853600E-01 0.821600E-01 0.777600E-01 0.790400E-01 0.795200E-01 0.717600E-01 0.730400E-01 0.709600E-01 0.720800E-01 0.716800E-01 0.697600E-01 0.700000E-01 0.679200E-01 0.661600E-01 0.628800E-01 0.666400E-01 0.608800E-01 0.646400E-01 0.643200E-01 0.632800E-01 0.600000E-01 0.556000E-01 0.595200E-01 0.572800E-01 0.528000E-01 0.581600E-01 0.526400E-01 0.520000E-01 0.504800E-01 0.560800E-01 0.511200E-01 0.512800E-01 0.497600E-01 0.479200E-01 0.484800E-01 0.478400E-01 0.442400E-01 0.451200E-01 0.443200E-01 0.435200E-01 0.456800E-01 0.466400E-01 0.479200E-01 0.438400E-01 0.381600E-01 0.394400E-01 0.420000E-01 0.412800E-01 0.391200E-01 0.396000E-01 0.378400E-01 0.405600E-01 0.416800E-01 0.358400E-01 0.354400E-01 0.366400E-01 0.364000E-01 0.332800E-01 0.364000E-01 0.330400E-01 0.312000E-01 0.326400E-01 0.302400E-01 0.304800E-01 0.301600E-01 0.310400E-01 0.316800E-01 0.294400E-01 0.320000E-01 0.310400E-01 0.275200E-01 0.318400E-01 0.300000E-01 0.298400E-01 0.318400E-01 0.272800E-01 0.272800E-01 0.243200E-01 0.286400E-01 0.255200E-01 0.248000E-01 0.268800E-01 0.245600E-01 0.236000E-01 0.248000E-01 0.232800E-01 0.227200E-01 0.215200E-01 0.224800E-01 0.215200E-01 0.224000E-01 0.248000E-01 0.211200E-01 0.216000E-01 0.198400E-01 0.220000E-01 0.224000E-01 0.204000E-01 0.204000E-01 0.212800E-01 0.188000E-01 0.203200E-01 0.199200E-01 0.188000E-01 0.164800E-01 0.186400E-01 0.171200E-01 0.159200E-01 0.162400E-01 0.181600E-01 0.180000E-01 0.156800E-01 0.148000E-01 0.151200E-01 0.162400E-01 0.165600E-01 0.152000E-01 0.150400E-01 0.142400E-01 0.149600E-01 0.168800E-01 0.128800E-01 0.166400E-01 0.131200E-01 0.149600E-01 0.130400E-01 0.128000E-01 0.720000E-02 0.320000E-03 0.000000E+00 0.000000E+00
 0.389688E+01 0.282152E+01 0.213760E+01 0.179040E+01 0.151104E+01 0.124304E+01 0.108960E+01 0.953520E+00 0.836080E+00 0.745360E+00 0.672000E+00 0.618240E+00 0.558880E+00 0.509120E+00 0.488800E+00 0.441520E+00 0.418160E+00 0.378640E+00 0.366880E+00 0.346640E+00 0.325680E+00 0.305920E+00 0.296960E+00 0.290160E+00 0.264960E+00 0.261440E+00 0.254080E+00 0.235520E+00 0.226800E+00 0.221920E+00 0.210640E+00 0.215840E+00 0.210720E+00 0.196320E+00 0.190480E+00 0.182160E+00 0.187360E+00 0.170160E+00 0.165040E+00 0.167200E+00 0.169680E+00 0.159040E+00 0.150240E+00 0.154000E+00 0.152400E+00 0.145920E+00 0.146160E+00 0.142000E+00 0.139280E+00 0.140800E+00 0.135120E+00 0.130720E+00 0.129920E+00 0.124800E+00 0.126160E+00 0.123520E+00 0.124800E+00 0.120720E+00 0.119120E+00 0.118880E+00 0.114720E+00 0.116720E+00 0.113200E+00 0.111920E+00 0.114240E+00 0.105760E+00 0.111680E+00 0.109360E+00 0.112160E+00 0.100960E+00 0.101120E+00 0.104240E+00 0.101200E+00 0.984800E-01 0.104960E+00 0.952800E-01 0.950400E-01 0.995200E-01 0.958400E-01 0.983200E-01 0.944800E-01 0.960800E-01 0.908000E-01 0.874400E-01 0.908000E-01 0.897600E-01 0.828000E-01 0.870400E-01 0.881600E-01 0.901600E-01 0.880800E-01 0.831200E-01 0.800800E-01 0.786400E-01 0.808800E-01 0.779200E-01 0.800000E-01 0.782400E-01 0.776000E-01 0.778400E-01 0.776000E-01 0.754400E-01 0.738400E-01 0.754400E-01 0.721600E-01 0.765600E-01 0.694400E-01 0.693600E-01 0.702400E-01 0.697600E-01 0.692000E-01 0.692800E-01 0.660000E-01 0.685600E-01 0.620800E-01 0.670400E-01 0.653600E-01 0.632000E-01 0.674400E-01 0.660000E-01 0.648800E-01 0.668800E-01 0.628800E-01 0.622400E-01 0.577600E-01 0.594400E-01 0.602400E-01 0.608800E-01 0.581600E-01 0.564000E-01 0.572000E-01 0.576000E-01 0.541600E-01 0.547200E-01 0.572800E-01 0.544000E-01 0.544800E-01 0.558400E-01 0.532000E-01 0.537600E-01 0.519200E-01 0.535200E-01 0.510400E-01 0.547200E-01 0.548000E-01 0.490400E-01 0.488800E-01 0.470400E-01 0.508000E-01 0.467200E-01 0.480000E-01 0.492000E-01 0.481600E-01 0.531200E-01 0.473600E-01 0.476000E-01 0.461600E-01 0.456000E-01 0.479200E-01 0.448800E-01 0.417600E-01 0.476800E-01 0.432000E-01 0.444800E-01 0.443200E-01 0.403200E-01 0.396000E-01 0.424000E-01 0.400800E-01 0.388800E-01 0.390400E-01 0.388000E-01 0.415200E-01 0.368800E-01 0.380000E-01 0.394400E-01 0.377600E-01 0.370400E-01 0.374400E-01 0.353600E-01 0.372000E-01 0.359200E-01 0.364000E-01 0.356800E-01 0.329600E-01 0.328000E-01 0.316800E-01 0.364000E-01 0.348800E-01 0.296000E-01 0.332800E-01 0.340000E-01 0.283200E-01 0.340000E-01 0.303200E-01 0.297600E-01 0.159200E-01 0.400000E-03 0.000000E+00 0.000000E+00
 0.368760E+01 0.270952E+01 0.204360E+01 0.169376E+01 0.144160E+01 0.120792E+01 0.104624E+01 0.916000E+00 0.803520E+00 0.715920E+00 0.647040E+00 0.592640E+00 0.535040E+00 0.495680E+00 0.443360E+00 0.415920E+00 0.398560E+00 0.371600E+00 0.348800E+00 0.323360E+00 0.306480E+00 0.294400E+00 0.288640E+00 0.270080E+00 0.251440E+00 0.240640E+00 0.232400E+00 0.229200E+00 0.217680E+00 0.208400E+00 0.204240E+00 0.186320E+00 0.189760E+00 0.184320E+00 0.173280E+00 0.163120E+00 0.165600E+00 0.159120E+00 0.150560E+00 0.144400E+00 0.148960E+00 0.142640E+00 0.138720E+00 0.138880E+00 0.127120E+00 0.125920E+00 0.126960E+00 0.122160E+00 0.126080E+00 0.117600E+00 0.119760E+00 0.113600E+00 0.108640E+00 0.109280E+00 0.105200E+00 0.105280E+00 0.103920E+00 0.100400E+00 0.976000E-01 0.993600E-01 0.967200E-01 0.943200E-01 0.920000E-01 0.868000E-01 0.891200E-01 0.888800E-01 0.860800E-01 0.861600E-01 0.802400E-01 0.847200E-01 0.796800E-01 0.783200E-01 0.780800E-01 0.742400E-01 0.736800E-01 0.750400E-01 0.725600E-01 0.718400E-01 0.684000E-01 0.698400E-01 0.686400E-01 0.660000E-01 0.646400E-01 0.674400E-01 0.662400E-01 0.657600E-01 0.608000E-01 0.660800E-01 0.624000E-01 0.585600E-01 0.597600E-01 0.553600E-01 0.580000E-01 0.580000E-01 0.582400E-01 0.557600E-01 0.550400E-01 0.548000E-01 0.505600E-01 0.548800E-01 0.500800E-01 0.513600E-01 0.482400E-01 0.458400E-01 0.496800E-01 0.480000E-01 0.460800E-01 0.460000E-01 0.459200E-01 0.446400E-01 0.431200E-01 0.441600E-01 0.411200E-01 0.415200E-01 0.401600E-01 0.449600E-01 0.444000E-01 0.407200E-01 0.360800E-01 0.378400E-01 0.378400E-01 0.383200E-01 0.356800E-01 0.371200E-01 0.368800E-01 0.353600E-01 0.348000E-01 0.370400E-01 0.348800E-01 0.394400E-01 0.342400E-01 0.315200E-01 0.327200E-01 0.303200E-01 0.314400E-01 0.320000E-01 0.326400E-01 0.281600E-01 0.306400E-01 0.284000E-01 0.316000E-01 0.301600E-01 0.285600E-01 0.270400E-01 0.291200E-01 0.264000E-01 0.280800E-01 0.239200E-01 0.264800E-01 0.260000E-01 0.240000E-01 0.234400E-01 0.246400E-01 0.220800E-01 0.261600E-01 0.248000E-01 0.237600E-01 0.230400E-01 0.250400E-01 0.231200E-01 0.232000E-01 0.208000E-01 0.206400E-01 0.199200E-01 0.209600E-01 0.194400E-01 0.205600E-01 0.197600E-01 0.218400E-01 0.185600E-01 0.178400E-01 0.191200E-01 0.176800E-01 0.181600E-01 0.172800E-01 0.182400E-01 0.177600E-01 0.204800E-01 0.150400E-01 0.171200E-01 0.160000E-01 0.156000E-01 0.155200E-01 0.174400E-01 0.162400E-01 0.148800E-01 0.160800E-01 0.152000E-01 0.149600E-01 0.148000E-01 0.148800E-01 0.140800E-01 0.135200E-01 0.126400E-01 0.127200E-01 0.135200E-01 0.728000E-02 0.240000E-03 0.000000E+00 0.000000E+00
 0.393808E+01 0.283504E+01 0.212256E+01 0.175088E+01 0.148080E+01 0.123648E+01 0.107200E+01 0.944400E+00 0.829680E+00 0.734240E+00 0.669920E+00 0.611600E+00 0.550080E+00 0.511760E+00 0.477840E+00 0.449680E+00 0.415600E+00 0.388240E+00 0.366080E+00 0.345120E+00 0.332800E+00 0.298720E+00 0.294320E+00 0.273360E+00 0.266160E+00 0.251040E+00 0.254000E+00 0.234400E+00 0.223680E+00 0.218720E+00 0.214320E+00 0.210000E+00 0.194320E+00 0.198160E+00 0.186640E+00 0.180800E+00 0.176960E+00 0.178000E+00 0.165840E+00 0.167040E+00 0.170240E+00 0.159280E+00 0.162400E+00 0.154560E+00 0.151920E+00 0.150640E+00 0.135920E+00 0.140000E+00 0.142720E+00 0.131680E+00 0.131280E+00 0.131440E+00 0.127120E+00 0.140160E+00 0.128960E+00 0.120720E+00 0.122320E+00 0.124240E+00 0.124720E+00 0.113120E+00 0.117680E+00 0.118160E+00 0.112880E+00 0.107520E+00 0.111040E+00 0.109440E+00 0.102960E+00 0.110080E+00 0.104080E+00 0.101440E+00 0.103760E+00 0.103120E+00 0.104080E+00 0.102320E+00 0.967200E-01 0.989600E-01 0.973600E-01 0.991200E-01 0.951200E-01 0.922400E-01 0.928800E-01 0.892800E-01 0.932800E-01 0.889600E-01 0.905600E-01 0.877600E-01 0.877600E-01 0.878400E-01 0.861600E-01 0.901600E-01 0.805600E-01 0.850400E-01 0.796000E-01 0.800000E-01 0.852000E-01 0.806400E-01 0.802400E-01 0.772000E-01 0.785600E-01 0.768800E-01 0.758400E-01 0.777600E-01 0.768000E-01 0.751200E-01 0.714400E-01 0.721600E-01 0.770400E-01 0.700800E-01 0.720800E-01 0.726400E-01 0.681600E-01 0.718400E-01 0.687200E-01 0.691200E-01 0.640000E-01 0.673600E-01 0.672000E-01 0.636800E-01 0.640000E-01 0.607200E-01 0.671200E-01 0.627200E-01 0.623200E-01 0.628000E-01 0.636800E-01 0.589600E-01 0.617600E-01 0.590400E-01 0.628000E-01 0.604800E-01 0.588800E-01 0.605600E-01 0.544800E-01 0.566400E-01 0.556800E-01 0.552800E-01 0.543200E-01 0.559200E-01 0.542400E-01 0.532000E-01 0.532800E-01 0.510400E-01 0.528800E-01 0.510400E-01 0.511200E-01 0.543200E-01 0.493600E-01 0.484000E-01 0.510400E-01 0.461600E-01 0.494400E-01 0.516000E-01 0.479200E-01 0.440800E-01 0.481600E-01 0.432000E-01 0.445600E-01 0.448800E-01 0.456800E-01 0.454400E-01 0.444000E-01 0.444800E-01 0.446400E-01 0.406400E-01 0.420800E-01 0.415200E-01 0.411200E-01 0.402400E-01 0.412000E-01 0.424800E-01 0.423200E-01 0.407200E-01 0.384800E-01 0.357600E-01 0.367200E-01 0.388000E-01 0.378400E-01 0.386400E-01 0.367200E-01 0.347200E-01 0.336800E-01 0.337600E-01 0.331200E-01 0.378400E-01 0.332800E-01 0.316800E-01 0.332800E-01 0.348800E-01 0.320000E-01 0.303200E-01 0.329600E-01 0.288000E-01 0.332000E-01 0.311200E-01 0.316800E-01 0.295200E-01 0.180000E-01 0.560000E-03 0.000000E+00 0.000000E+00
 0.634784E+01 0.264440E+01 0.202344E+01 0.172672E+01 0.154048E+01 0.137096E+01 0.121168E+01 0.110264E+01 0.101064E+01 0.931840E+00 0.864240E+00 0.804800E+00 0.738560E+00 0.698960E+00 0.658320E+00 0.630560E+00 0.589280E+00 0.559760E+00 0.541600E+00 0.506000E+00 0.501120E+00 0.467760E+00 0.443760E+00 0.431920E+00 0.417440E+00 0.389360E+00 0.391520E+00 0.375680E+00 0.355280E+00 0.351760E+00 0.334000E+00 0.326320E+00 0.321680E+00 0.303520E+00 0.296320E+00 0.288800E+00 0.279200E+00 0.268400E+00 0.258960E+00 0.258240E+00 0.251920E+00 0.243520E+00 0.241680E+00 0.236160E+00 0.230240E+00 0.215520E+00 0.210960E+00 0.206000E+00 0.208080E+00 0.204720E+00 0.194400E+00 0.181280E+00 0.180000E+00 0.175920E+00 0.185680E+00 0.171200E+00 0.166640E+00 0.169360E+00 0.159760E+00 0.156320E+00 0.150480E+00 0.149120E+00 0.141920E+00 0.140480E+00 0.143680E+00 0.140640E+00 0.132800E+00 0.132160E+00 0.126640E+00 0.125520E+00 0.124400E+00 0.122720E+00 0.120640E+00 0.122160E+00 0.121760E+00 0.110960E+00 0.111600E+00 0.104800E+00 0.107840E+00 0.109120E+00 0.106880E+00 0.102960E+00 0.980800E-01 0.991200E-01 0.967200E-01 0.931200E-01 0.896800E-01 0.899200E-01 0.884000E-01 0.872800E-01 0.846400E-01 0.845600E-01 0.785600E-01 0.833600E-01 0.821600E-01 0.801600E-01 0.782400E-01 0.729600E-01 0.744000E-01 0.709600E-01 0.694400E-01 0.740000E-01 0.685600E-01 0.695200E-01 0.702400E-01 0.658400E-01 0.622400E-01 0.636000E-01 0.613600E-01 0.611200E-01 0.586400E-01 0.601600E-01 0.594400E-01 0.564800E-01 0.597600E-01 0.529600E-01 0.520000E-01 0.518400E-01 0.509600E-01 0.508000E-01 0.502400E-01 0.476800E-01 0.480800E-01 0.484000E-01 0.464800E-01 0.440000E-01 0.471200E-01 0.424800E-01 0.433600E-01 0.420800E-01 0.448000E-01 0.409600E-01 0.440000E-01 0.389600E-01 0.417600E-01 0.420800E-01 0.382400E-01 0.383200E-01 0.391200E-01 0.380000E-01 0.349600E-01 0.394400E-01 0.349600E-01 0.366400E-01 0.345600E-01 0.372000E-01 0.343200E-01 0.356000E-01 0.323200E-01 0.304000E-01 0.304800E-01 0.317600E-01 0.314400E-01 0.323200E-01 0.293600E-01 0.281600E-01 0.313600E-01 0.248800E-01 0.272000E-01 0.265600E-01 0.266400E-01 0.288800E-01 0.247200E-01 0.252000E-01 0.256000E-01 0.243200E-01 0.249600E-01 0.247200E-01 0.226400E-01 0.266400E-01 0.234400E-01 0.222400E-01 0.220800E-01 0.212800E-01 0.211200E-01 0.219200E-01 0.221600E-01 0.199200E-01 0.209600E-01 0.196800E-01 0.192000E-01 0.212800E-01 0.196000E-01 0.179200E-01 0.203200E-01 0.200800E-01 0.177600E-01 0.179200E-01 0.194400E-01 0.155200E-01 0.209600E-01 0.179200E-01 0.152800E-01 0.171200E-01 0.164000E-01 0.158400E-01 0.904000E-02 0.560000E-03 0.800000E-04 0.000000E+00
 0.321272E+01 0.201416E+01 0.164648E+01 0.145560E+01 0.134040E+01 0.121088E+01 0.109768E+01 0.988720E+00 0.935280E+00 0.859520E+00 0.811840E+00 0.766400E+00 0.714480E+00 0.677360E+00 0.650080E+00 0.622800E+00 0.587760E+00 0.561760E+00 0.545760E+00 0.524480E+00 0.491040E+00 0.493760E+00 0.466240E+00 0.465440E+00 0.423360E+00 0.418240E+00 0.414320E+00 0.398000E+00 0.385680E+00 0.374320E+00 0.365360E+00 0.352480E+00 0.340160E+00 0.334000E+00 0.326880E+00 0.330480E+00 0.305600E+00 0.297440E+00 0.296800E+00 0.292160E+00 0.277600E+00 0.284400E+00 0.275840E+00 0.271120E+00 0.259040E+00 0.255280E+00 0.252000E+00 0.241920E+00 0.238240E+00 0.237280E+00 0.231520E+00 0.230960E+00 0.234000E+00 0.214000E+00 0.219440E+00 0.206320E+00 0.212720E+00 0.203520E+00 0.201440E+00 0.196560E+00 0.195120E+00 0.191520E+00 0.186000E+00 0.182240E+00 0.182960E+00 0.184800E+00 0.172000E+00 0.173440E+00 0.170640E+00 0.165280E+00 0.168000E+00 0.162000E+00 0.150800E+00 0.155920E+00 0.156800E+00 0.158320E+00 0.150240E+00 0.140960E+00 0.139760E+00 0.137600E+00 0.136880E+00 0.133440E+00 0.130160E+00 0.139200E+00 0.126800E+00 0.128800E+00 0.132800E+00 0.128240E+00 0.127200E+00 0.122320E+00 0.121920E+00 0.121280E+00 0.117040E+00 0.111200E+00 0.116640E+00 0.108880E+00 0.114800E+00 0.105760E+00 0.111120E+00 0.101120E+00 0.106640E+00 0.103040E+00 0.101520E+00 0.100320E+00 0.106640E+00 0.984800E-01 0.942400E-01 0.908000E-01 0.941600E-01 0.952800E-01 0.916000E-01 0.876000E-01 0.883200E-01 0.868000E-01 0.848000E-01 0.856800E-01 0.852000E-01 0.821600E-01 0.849600E-01 0.862400E-01 0.843200E-01 0.802400E-01 0.738400E-01 0.834400E-01 0.737600E-01 0.742400E-01 0.766400E-01 0.729600E-01 0.756800E-01 0.724800E-01 0.744000E-01 0.732000E-01 0.689600E-01 0.671200E-01 0.675200E-01 0.690400E-01 0.643200E-01 0.672000E-01 0.672800E-01 0.596000E-01 0.664800E-01 0.666400E-01 0.641600E-01 0.605600E-01 0.624800E-01 0.622400E-01 0.608800E-01 0.570400E-01 0.594400E-01 0.575200E-01 0.588000E-01 0.547200E-01 0.538400E-01 0.569600E-01 0.558400E-01 0.557600E-01 0.557600E-01 0.558400E-01 0.525600E-01 0.553600E-01 0.488800E-01 0.515200E-01 0.516000E-01 0.488000E-01 0.500800E-01 0.500800E-01 0.484800E-01 0.493600E-01 0.434400E-01 0.461600E-01 0.454400E-01 0.490400E-01 0.432800E-01 0.427200E-01 0.470400E-01 0.390400E-01 0.428800E-01 0.430400E-01 0.404000E-01 0.416800E-01 0.419200E-01 0.426400E-01 0.376800E-01 0.403200E-01 0.389600E-01 0.374400E-01 0.416000E-01 0.412000E-01 0.358400E-01 0.375200E-01 0.379200E-01 0.364800E-01 0.361600E-01 0.328800E-01 0.357600E-01 0.352000E-01 0.187200E-01 0.400000E-03 0.000000E+00 0.000000E+00
 0.362904E+01 0.268440E+01 0.203752E+01 0.169952E+01 0.144376E+01 0.122320E+01 0.105032E+01 0.920800E+00 0.818320E+00 0.731760E+00 0.657520E+00 0.606960E+00 0.552880E+00 0.502880E+00 0.452560E+00 0.417680E+00 0.394800E+00 0.368000E+00 0.350160E+00 0.322640E+00 0.314720E+00 0.289520E+00 0.281360E+00 0.271520E+00 0.257280E+00 0.238480E+00 0.240480E+00 0.228000E+00 0.211680E+00 0.206560E+00 0.200800E+00 0.191760E+00 0.186080E+00 0.179280E+00 0.173680E+00 0.169040E+00 0.166160E+00 0.161760E+00 0.155360E+00 0.156400E+00 0.149040E+00 0.142960E+00 0.141120E+00 0.137200E+00 0.135680E+00 0.133360E+00 0.131280E+00 0.119840E+00 0.121600E+00 0.118000E+00 0.116320E+00 0.115440E+00 0.112480E+00 0.108320E+00 0.106240E+00 0.105920E+00 0.102160E+00 0.102480E+00 0.986400E-01 0.972000E-01 0.964000E-01 0.908000E-01 0.948000E-01 0.884800E-01 0.884000E-01 0.857600E-01 0.856000E-01 0.830400E-01 0.861600E-01 0.853600E-01 0.821600E-01 0.777600E-01 0.790400E-01 0.795200E-01 0.717600E-01 0.730400E-01 0.709600E-01 0.720800E-01 0.716800E-01 0.697600E-01 0.700000E-01 0.679200E-01 0.661600E-01 0.628800E-01 0.666400E-01 0.608800E-01 0.646400E-01 0.643200E-01 0.632800E-01 0.600000E-01 0.556000E-01 0.595200E-01 0.572800E-01 0.528000E-01 0.581600E-01 0.526400E-01 0.520000E-01 0.504800E-01 0.560800E-01 0.511200E-01 0.512800E-01 0.497600E-01 0.479200E-01 0.484800E-01 0.478400E-01 0.442400E-01 0.451200E-01 0.443200E-01 0.435200E-01 0.456800E-01 0.466400E-01 0.479200E-01 0.438400E-01 0.381600E-01 0.394400E-01 0.420000E-01 0.412800E-01 0.391200E-01 0.396000E-01 0.378400E-01 0.405600E-01 0.416800E-01 0.358400E-01 0.354400E-01 0.366400E-01 0.364000E-01 0.332800E-01 0.364000E-01 0.330400E-01 0.312000E-01 0.326400E-01 0.302400E-01 0.304800E-01 0.301600E-01 0.310400E-01 0.316800E-01 0.294400E-01 0.320000E-01 0.310400E-01 0.275200E-01 0.318400E-01 0.300000E-01 0.298400E-01 0.318400E-01 0.272800E-01 0.272800E-01 0.243200E-01 0.286400E-01 0.255200E-01 0.248000E-01 0.268800E-01 0.245600E-01 0.236000E-01 0.248000E-01 0.232800E-01 0.227200E-01 0.215200E-01 0.224800E-01 0.215200E-01 0.224000E-01 0.248000E-01 0.211200E-01 0.216000E-01 0.198400E-01 0.220000E-01 0.224000E-01 0.204000E-01 0.204000E-01 0.212800E-01 0.188000E-01 0.203200E-01 0.199200E-01 0.188000E-01 0.164800E-01 0.186400E-01 0.171200E-01 0.159200E-01 0.162400E-01 0.181600E-01 0.180000E-01 0.156800E-01 0.148000E-01 0.151200E-01 0.162400E-01 0.165600E-01 0.152000E-01 0.150400E-01 0.142400E-01 0.149600E-01 0.168800E-01 0.128800E-01 0.166400E-01 0.131200E-01 0.149600E-01 0.130400E-01 0.128000E-01 0.720000E-02 0.320000E-03 0.000000E+00 0.000000E+00
 0.389688E+01 0.282152E+01 0.213760E+01 0.179040E+01 0.151104E+01 0.124304E+01 0.108960E+01 0.953520E+00 0.836080E+00 0.745360E+00 0.672000E+00 0.618240E+00 0.558880E+00 0.509120E+00 0.488800E+00 0.441520E+00 0.418160E+00 0.378640E+00 0.366880E+00 0.346640E+00 0.325680E+00 0.305920E+00 0.296960E+00 0.290160E+00 0.264960E+00 0.261440E+00 0.254080E+00 0.235520E+00 0.226800E+00 0.221920E+00 0.210640E+00 0.215840E+00 0.210720E+00 0.196320E+00 0.190480E+00 0.182160E+00 0.187360E+00 0.170160E+00 0.165040E+00 0.167200E+00 0.169680E+00 0.159040E+00 0.150240E+00 0.154000E+00 0.152400E+00 0.145920E+00 0.146160E+00 0.142000E+00 0.139280E+00 0.140800E+00 0.135120E+00 0.130720E+00 0.129920E+00 0.124800E+00 0.126160E+00 0.123520E+00 0.124800E+00 0.120720E+00 0.119120E+00 0.118880E+00 0.114720E+00 0.116720E+00 0.113200E+00 0.111920E+00 0.114240E+00 0.105760E+00 0.111680E+00 0.109360E+00 0.112160E+00 0.100960E+00 0.101120E+00 0.104240E+00 0.101200E+00 0.984800E-01 0.104960E+00 0.952800E-01 0.950400E-01 0.995200E-01 0.958400E-01 0.983200E-01 0.944800E-01 0.960800E-01 0.908000E-01 0.874400E-01 0.908000E-01 0.897600E-01 0.828000E-01 0.870400E-01 0.881600E-01 0.901600E-01 0.880800E-01 0.831200E-01 0.800800E-01 0.786400E-01 0.808800E-01 0.779200E-01 0.800000E-01 0.782400E-01 0.776000E-01 0.778400E-01 0.776000E-01 0.754400E-01 0.738400E-01 0.754400E-01 0.721600E-01 0.765600E-01 0.694400E-01 0.693600E-01 0.702400E-01 0.697600E-01 0.692000E-01 0.692800E-01 0.660000E-01 0.685600E-01 0.620800E-01 0.670400E-01 0.653600E-01 0.632000E-01 0.674400E-01 0.660000E-01 0.648800E-01 0.668800E-01 0.628800E-01 0.622400E-01 0.577600E-01 0.594400E-01 0.602400E-01 0.608800E-01 0.581600E-01 0.564000E-01 0.572000E-01 0.576000E-01 0.541600E-01 0.547200E-01 0.572800E-01 0.544000E-01 0.544800E-01 0.558400E-01 0.532000E-01 0.537600E-01 0.519200E-01 0.535200E-01 0.510400E-01 0.547200E-01 0.548000E-01 0.490400E-01 0.488800E-01 0.470400E-01 0.508000E-01 0.467200E-01 0.480000E-01 0.492000E-01 0.481600E-01 0.531200E-01 0.473600E-01 0.476000E-01 0.461600E-01 0.456000E-01 0.479200E-01 0.448800E-01 0.417600E-01 0.476800E-01 0.432000E-01 0.444800E-01 0.443200E-01 0.403200E-01 0.396000E-01 0.424000E-01 0.400800E-01 0.388800E-01 0.390400E-01 0.388000E-01 0.415200E-01 0.368800E-01 0.380000E-01 0.394400E-01 0.377600E-01 0.370400E-01 0.374400E-01 0.353600E-01 0.372000E-01 0.359200E-01 0.364000E-01 0.356800E-01 0.329600E-01 0.328000E-01 0.316800E-01 0.364000E-01 0.348800E-01 0.296000E-01 0.332800E-01 0.340000E-01 0.283200E-01 0.340000E-01 0.303200E-01 0.297600E-01 0.159200E-01 0.400000E-03 0.000000E+00 0.000000E+00
 0.368760E+01 0.270952E+01 0.204360E+01 0.169376E+01 0.144160E+01 0.120792E+01 0.104624E+01 0.916000E+00 0.803520E+00 0.715920E+00 0.647040E+00 0.592640E+00 0.535040E+00 0.495680E+00 0.443360E+00 0.415920E+00 0.398560E+00 0.371600E+00 0.348800E+00 0.323360E+00 0.306480E+00 0.294400E+00 0.288640E+00 0.270080E+00 0.251440E+00 0.240640E+00 0.232400E+00 0.229200E+00 0.217680E+00 0.208400E+00 0.204240E+00 0.186320E+00 0.189760E+00 0.184320E+00 0.173280E+00 0.163120E+00 0.165600E+00 0.159120E+00 0.150560E+00 0.144400E+00 0.148960E+00 0.142640E+00 0.138720E+00 0.138880E+00 0.127120E+00 0.125920E+00 0.126960E+00 0.122160E+00 0.126080E+00 0.117600E+00 0.119760E+00 0.113600E+00 0.108640E+00 0.109280E+00 0.105200E+00 0.105280E+00 0.103920E+00 0.100400E+00 0.976000E-01 0.993600E-01 0.967200E-01 0.943200E-01 0.920000E-01 0.868000E-01 0.891200E-01 0.888800E-01 0.860800E-01 0.861600E-01 0.802400E-01 0.847200E-01 0.796800E-01 0.783200E-01 0.780800E-01 0.742400E-01 0.736800E-01 0.750400E-01 0.725600E-01 0.718400E-01 0.684000E-01 0.698400E-01 0.686400E-01 0.660000E-01 0.646400E-01 0.674400E-01 0.662400E-01 0.657600E-01 0.608000E-01 0.660800E-01 0.624000E-01 0.585600E-01 0.597600E-01 0.553600E-01 0.580000E-01 0.580000E-01 0.582400E-01 0.557600E-01 0.550400E-01 0.548000E-01 0.505600E-01 0.548800E-01 0.500800E-01 0.513600E-01 0.482400E-01 0.458400E-01 0.496800E-01 0.480000E-01 0.460800E-01 0.460000E-01 0.459200E-01 0.446400E-01 0.431200E-01 0.441600E-01 0.411200E-01 0.415200E-01 0.401600E-01 0.449600E-01 0.444000E-01 0.407200E-01 0.360800E-01 0.378400E-01 0.378400E-01 0.383200E-01 0.356800E-01 0.371200E-01 0.368800E-01 0.353600E-01 0.348000E-01 0.370400E-01 0.348800E-01 0.394400E-01 0.342400E-01 0.315200E-01 0.327200E-01 0.303200E-01 0.314400E-01 0.320000E-01 0.326400E-01 0.281600E-01 0.306400E-01 0.284000E-01 0.316000E-01 0.301600E-01 0.285600E-01 0.270400E-01 0.291200E-01 0.264000E-01 0.280800E-01 0.239200E-01 0.264800E-01 0.260000E-01 0.240000E-01 0.234400E-01 0.246400E-01 0.220800E-01 0.261600E-01 0.248000E-01 0.237600E-01 0.230400E-01 0.250400E-01 0.231200E-01 0.232000E-01 0.208000E-01 0.206400E-01 0.199200E-01 0.209600E-01 0.194400E-01 0.205600E-01 0.197600E-01 0.218400E-01 0.185600E-01 0.178400E-01 0.191200E-01 0.176800E-01 0.181600E-01 0.172800E-01 0.182400E-01 0.177600E-01 0.204800E-01 0.150400E-01 0.171200E-01 0.160000E-01 0.156000E-01 0.155200E-01 0.174400E-01 0.162400E-01 0.148800E-01 0.160800E-01 0.152000E-01 0.149600E-01 0.148000E-01 0.148800E-01 0.140800E-01 0.135200E-01 0.126400E-01 0.127200E-01 0.135200E-01 0.728000E-02 0.240000E-03 0.000000E+00 0.000000E+00
 0.393808E+01 0.283504E+01 0.212256E+01 0.175088E+01 0.148080E+01 0.123648E+01 0.107200E+01 0.944400E+00 0.829680E+00 0.734240E+00 0.669920E+00 0.611600E+00 0.550080E+00 0.511760E+00 0.477840E+00 0.449680E+00 0.415600E+00 0.388240E+00 0.366080E+00 0.345120E+00 0.332800E+00 0.298720E+00 0.294320E+00 0.273360E+00 0.266160E+00 0.251040E+00 0.254000E+00 0.234400E+00 0.223680E+00 0.218720E+00 0.214320E+00 0.210000E+00 0.194320E+00 0.198160E+00 0.186640E+00 0.180800E+00 0.176960E+00 0.178000E+00 0.165840E+00 0.167040E+00 0.170240E+00 0.159280E+00 0.162400E+00 0.154560E+00 0.151920E+00 0.150640E+00 0.135920E+00 0.140000E+00 0.142720E+00 0.131680E+00 0.131280E+00 0.131440E+00 0.127120E+00 0.140160E+00 0.128960E+00 0.120720E+00 0.122320E+00 0.124240E+00 0.124720E+00 0.113120E+00 0.117680E+00 0.118160E+00 0.112880E+00 0.107520E+00 0.111040E+00 0.109440E+00 0.102960E+00 0.110080E+00 0.104080E+00 0.101440E+00 0.103760E+00 0.103120E+00 0.104080E+00 0.102320E+00 0.967200E-01 0.989600E-01 0.973600E-01 0.991200E-01 0.951200E-01 0.922400E-01 0.928800E-01 0.892800E-01 0.932800E-01 0.889600E-01 0.905600E-01 0.877600E-01 0.877600E-01 0.878400E-01 0.861600E-01 0.901600E-01 0.805600E-01 0.850400E-01 0.796000E-01 0.800000E-01 0.852000E-01 0.806400E-01 0.802400E-01 0.772000E-01 0.785600E-01 0.768800E-01 0.758400E-01 0.777600E-01 0.768000E-01 0.751200E-01 0.714400E-01 0.721600E-01 0.770400E-01 0.700800E-01 0.720800E-01 0.726400E-01 0.681600E-01 0.718400E-01 0.687200E-01 0.691200E-01 0.640000E-01 0.673600E-01 0.672000E-01 0.636800E-01 0.640000E-01 0.607200E-01 0.671200E-01 0.627200E-01 0.623200E-01 0.628000E-01 0.636800E-01 0.589600E-01 0.617600E-01 0.590400E-01 0.628000E-01 0.604800E-01 0.588800E-01 0.605600E-01 0.544800E-01 0.566400E-01 0.556800E-01 0.552800E-01 0.543200E-01 0.559200E-01 0.542400E-01 0.532000E-01 0.532800E-01 0.510400E-01 0.528800E-01 0.510400E-01 0.511200E-01 0.543200E-01 0.493600E-01 0.484000E-01 0.510400E-01 0.461600E-01 0.494400E-01 0.516000E-01 0.479200E-01 0.440800E-01 0.481600E-01 0.432000E-01 0.445600E-01 0.448800E-01 0.456800E-01 0.454400E-01 0.444000E-01 0.444800E-01 0.446400E-01 0.406400E-01 0.420800E-01 0.415200E-01 0.411200E-01 0.402400E-01 0.412000E-01 0.424800E-01 0.423200E-01 0.407200E-01 0.384800E-01 0.357600E-01 0.367200E-01 0.388000E-01 0.378400E-01 0.386400E-01 0.367200E-01 0.347200E-01 0.336800E-01 0.337600E-01 0.331200E-01 0.378400E-01 0.332800E-01 0.316800E-01 0.332800E-01 0.348800E-01 0.320000E-01 0.303200E-01 0.329600E-01 0.288000E-01 0.332000E-01 0.311200E-01 0.316800E-01 0.295200E-01 0.180000E-01 0.560000E-03 0.000000E+00 0.000000E+00
 0.634784E+01 0.264440E+01 0.202344E+01 0.172672E+01 0.154048E+01 0.137096E+01 0.121168E+01 0.110264E+01 0.101064E+01 0.931840E+00 0.864240E+00 0.804800E+00 0.738560E+00 0.698960E+00 0.658320E+00 0.630560E+00 0.589280E+00 0.559760E+00 0.541600E+00 0.506000E+00 0.501120E+00 0.467760E+00 0.443760E+00 0.431920E+00 0.417440E+00 0.389360E+00 0.391520E+00 0.375680E+00 0.355280E+00 0.351760E+00 0.334000E+00 0.326320E+00 0.321680E+00 0.303520E+00 0.296320E+00 0.288800E+00 0.279200E+00 0.268400E+00 0.258960E+00 0.258240E+00 0.251920E+00 0.243520E+00 0.241680E+00 0.236160E+00 0.230240E+00 0.215520E+00 0.210960E+00 0.206000E+00 0.208080E+00 0.204720E+00 0.194400E+00 0.181280E+00 0.180000E+00 0.175920E+00 0.185680E+00 0.171200E+00 0.166640E+00 0.169360E+00 0.159760E+00 0.156320E+00 0.150480E+00 0.149120E+00 0.141920E+00 0.140480E+00 0.143680E+00 0.140640E+00 0.132800E+00 0.132160E+00 0.126640E+00 0.125520E+00 0.124400E+00 0.122720E+00 0.120640E+00 0.122160E+00 0.121760E+00 0.110960E+00 0.111600E+00 0.104800E+00 0.107840E+00 0.109120E+00 0.106880E+00 0.102960E+00 0.980800E-01 0.991200E-01 0.967200E-01 0.931200E-01 0.896800E-01 0.899200E-01 0.884000E-01 0.872800E-01 0.846400E-01 0.845600E-01 0.785600E-01 0.833600E-01 0.821600E-01 0.801600E-01 0.782400E-01 0.729600E-01 0.744000E-01 0.709600E-01 0.694400E-01 0.740000E-01 0.685600E-01 0.695200E-01 0.702400E-01 0.658400E-01 0.622400E-01 0.636000E-01 0.613600E-01 0.611200E-01 0.586400E-01 0.601600E-01 0.594400E-01 0.564800E-01 0.597600E-01 0.529600E-01 0.520000E-01 0.518400E-01 0.509600E-01 0.508000E-01 0.502400E-01 0.476800E-01 0.480800E-01 0.484000E-01 0.464800E-01 0.440000E-01 0.471200E-01 0.424800E-01 0.433600E-01 0.420800E-01 0.448000E-01 0.409600E-01 0.440000E-01 0.389600E-01 0.417600E-01 0.420800E-01 0.382400E-01 0.383200E-01 0.391200E-01 0.380000E-01 0.349600E-01 0.394400E-01 0.349600E-01 0.366400E-01 0.345600E-01 0.372000E-01 0.343200E-01 0.356000E-01 0.323200E-01 0.304000E-01 0.304800E-01 0.317600E-01 0.314400E-01 0.323200E-01 0.293600E-01 0.281600E-01 0.313600E-01 0.248800E-01 0.272000E-01 0.265600E-01 0.266400E-01 0.288800E-01 0.247200E-01 0.252000E-01 0.256000E-01 0.243200E-01 0.249600E-01 0.247200E-01 0.226400E-01 0.266400E-01 0.234400E-01 0.222400E-01 0.220800E-01 0.212800E-01 0.211200E-01 0.219200E-01 0.221600E-01 0.199200E-01 0.209600E-01 0.196800E-01 0.192000E-01 0.212800E-01 0.196000E-01 0.179200E-01 0.203200E-01 0.200800E-01 0.177600E-01 0.179200E-01 0.194400E-01 0.155200E-01 0.209600E-01 0.179200E-01 0.152800E-01 0.171200E-01 0.164000E-01 0.158400E-01 0.904000E-02 0.560000E-03 0.800000E-04 0.000000E+00
 0.321272E+01 0.201416E+01 0.164648E+01 0.145560E+01 0.134040E+01 0.121088E+01 0.109768E+01 0.988720E+00 0.935280E+00 0.859520E+00 0.811840E+00 0.766400E+00 0.714480E+00 0.677360E+00 0.650080E+00 0.622800E+00 0.587760E+00 0.561760E+00 0.545760E+00 0.524480E+00 0.491040E+00 0.493760E+00 0.466240E+00 0.465440E+00 0.423360E+00 0.418240E+00 0.414320E+00 0.398000E+00 0.385680E+00 0.374320E+00 0.365360E+00 0.352480E+00 0.340160E+00 0.334000E+00 0.326880E+00 0.330480E+00 0.305600E+00 0.297440E+00 0.296800E+00 0.292160E+00 0.277600E+00 0.284400E+00 0.275840E+00 0.271120E+00 0.259040E+00 0.255280E+00 0.252000E+00 0.241920E+00 0.238240E+00 0.237280E+00 0.231520E+00 0.230960E+00 0.234000E+00 0.214000E+00 0.219440E+00 0.206320E+00 0.212720E+00 0.203520E+00 0.201440E+00 0.196560E+00 0.195120E+00 0.191520E+00 0.186000E+00 0.182240E+00 0.182960E+00 0.184800E+00 0.172000E+00 0.173440E+00 0.170640E+00 0.165280E+00 0.168000E+00 0.162000E+00 0.150800E+00 0.155920E+00 0.156800E+00 0.158320E+00 0.150240E+00 0.140960E+00 0.139760E+00 0.137600E+00 0.136880E+00 0.133440E+00 0.130160E+00 0.139200E+00 0.126800E+00 0.128800E+00 0.132800E+00 0.128240E+00 0.127200E+00 0.122320E+00 0.121920E+00 0.121280E+00 0.117040E+00 0.111200E+00 0.116640E+00 0.108880E+00 0.114800E+00 0.105760E+00 0.111120E+00 0.101120E+00 0.106640E+00 0.103040E+00 0.101520E+00 0.100320E+00 0.106640E+00 0.984800E-01 0.942400E-01 0.908000E-01 0.941600E-01 0.952800E-01 0.916000E-01 0.876000E-01 0.883200E-01 0.868000E-01 0.848000E-01 0.856800E-01 0.852000E-01 0.821600E-01 0.849600E-01 0.862400E-01 0.843200E-01 0.802400E-01 0.738400E-01 0.834400E-01 0.737600E-01 0.742400E-01 0.766400E-01 0.729600E-01 0.756800E-01 0.724800E-01 0.744000E-01 0.732000E-01 0.689600E-01 0.671200E-01 0.675200E-01 0.690400E-01 0.643200E-01 0.672000E-01 0.672800E-01 0.596000E-01 0.664800E-01 0.666400E-01 0.641600E-01 0.605600E-01 0.624800E-01 0.622400E-01 0.608800E-01 0.570400E-01 0.594400E-01 0.575200E-01 0.588000E-01 0.547200E-01 0.538400E-01 0.569600E-01 0.558400E-01 0.557600E-01 0.557600E-01 0.558400E-01 0.525600E-01 0.553600E-01 0.488800E-01 0.515200E-01 0.516000E-01 0.488000E-01 0.500800E-01 0.500800E-01 0.484800E-01 0.493600E-01 0.434400E-01 0.461600E-01 0.454400E-01 0.490400E-01 0.432800E-01 0.427200E-01 0.470400E-01 0.390400E-01 0.428800E-01 0.430400E-01 0.404000E-01 0.416800E-01 0.419200E-01 0.426400E-01 0.376800E-01 0.403200E-01 0.389600E-01 0.374400E-01 0.416000E-01 0.412000E-01 0.358400E-01 0.375200E-01 0.379200E-01 0.364800E-01 0.361600E-01 0.328800E-01 0.357600E-01 0.352000E-01 0.187200E-01 0.400000E-03 0.000000E+00 0.000000E+00
 0.280720E+00 0.189360E+00 0.143600E+00 0.123440E+00 0.107120E+00 0.976800E-01 0.856000E-01 0.735200E-01 0.700800E-01 0.631200E-01 0.584800E-01 0.587200E-01 0.552000E-01 0.504000E-01 0.449600E-01 0.416000E-01 0.384000E-01 0.380800E-01 0.358400E-01 0.323200E-01 0.316000E-01 0.300000E-01 0.268000E-01 0.295200E-01 0.265600E-01 0.246400E-01 0.231200E-01 0.232800E-01 0.199200E-01 0.222400E-01 0.206400E-01 0.186400E-01 0.188000E-01 0.175200E-01 0.164000E-01 0.168800E-01 0.144800E-01 0.152000E-01 0.111200E-01 0.121600E-01 0.136800E-01 0.116800E-01 0.104000E-01 0.984000E-02 0.114400E-01 0.108800E-01 0.102400E-01 0.792000E-02 0.912000E-02 0.760000E-02 0.920000E-02 0.808000E-02 0.736000E-02 0.768000E-02 0.688000E-02 0.648000E-02 0.632000E-02 0.544000E-02 0.600000E-02 0.592000E-02 0.552000E-02 0.416000E-02 0.464000E-02 0.552000E-02 0.360000E-02 0.360000E-02 0.472000E-02 0.408000E-02 0.368000E-02 0.312000E-02 0.400000E-02 0.272000E-02 0.256000E-02 0.392000E-02 0.224000E-02 0.264000E-02 0.192000E-02 0.224000E-02 0.256000E-02 0.296000E-02 0.192000E-02 0.184000E-02 0.208000E-02 0.152000E-02 0.168000E-02 0.960000E-03 0.960000E-03 0.136000E-02 0.168000E-02 0.128000E-02 0.128000E-02 0.136000E-02 0.640000E-03 0.800000E-03 0.104000E-02 0.128000E-02 0.640000E-03 0.640000E-03 0.800000E-03 0.720000E-03 0.112000E-02 0.560000E-03 0.640000E-03 0.320000E-03 0.640000E-03 0.320000E-03 0.480000E-03 0.560000E-03 0.320000E-03 0.400000E-03 0.720000E-03 0.560000E-03 0.480000E-03 0.400000E-03 0.160000E-03 0.240000E-03 0.320000E-03 0.240000E-03 0.240000E-03 0.160000E-03 0.320000E-03 0.480000E-03 0.160000E-03 0.160000E-03 0.240000E-03 0.240000E-03 0.000000E+00 0.800000E-04 0.800000E-04 0.000000E+00 0.240000E-03 0.000000E+00 0.000000E+00 0.800000E-04 0.240000E-03 0.000000E+00 0.000000E+00 0.000000E+00 0.800000E-04 0.800000E-04 0.800000E-04 0.000000E+00 0.000000E+00 0.000000E+00 0.160000E-03 0.800000E-04 0.800000E-04 0.000000E+00 0.800000E-04 0.000000E+00 0.000000E+00 0.800000E-04 0.000000E+00 0.000000E+00 0.000000E+00 0.000000E+00 0.800000E-04 0.000000E+00 0.000000E+00 0.000000E+00 0.000000E+00 0.800000E-04 0.000000E+00 0.000000E+00 0.000000E+00 0.000000E+00 0.000000E+00 0.000000E+00 0.000000E+00 0.000000E+00 0.000000E+00 0.800000E-04 0.000000E+00 0.000000E+00 0.000000E+00 0.000000E+00 0.000000E+00 0.000000E+00 0.000000E+00 0.000000E+00 0.000000E+00 0.000000E+00 0.000000E+00 0.000000E+00 0.000000E+00 0.000000E+00 0.000000E+00 0.000000E+00 0.000000E+00 0.000000E+00 0.000000E+00 0.000000E+00 0.000000E+00 0.000000E+00 0.000000E+00 0.000000E+00 0.000000E+00 0.000000E+00 0.000000E+00 0.000000E+00
 0.633200E+00 0.354400E+00 0.255680E+00 0.204480E+00 0.158080E+00 0.135040E+00 0.119840E+00 0.108640E+00 0.919200E-01 0.827200E-01 0.761600E-01 0.688000E-01 0.613600E-01 0.616800E-01 0.540000E-01 0.500800E-01 0.487200E-01 0.456000E-01 0.424800E-01 0.358400E-01 0.376000E-01 0.316000E-01 0.335200E-01 0.313600E-01 0.289600E-01 0.268000E-01 0.280000E-01 0.235200E-01 0.240800E-01 0.212000E-01 0.220800E-01 0.200800E-01 0.192000E-01 0.162400E-01 0.152000E-01 0.149600E-01 0.159200E-01 0.145600E-01 0.132800E-01 0.126400E-01 0.118400E-01 0.116800E-01 0.108000E-01 0.112000E-01 0.952000E-02 0.984000E-02 0.848000E-02 0.840000E-02 0.752000E-02 0.648000E-02 0.728000E-02 0.680000E-02 0.608000E-02 0.640000E-02 0.576000E-02 0.480000E-02 0.608000E-02 0.464000E-02 0.344000E-02 0.528000E-02 0.440000E-02 0.400000E-02 0.496000E-02 0.400000E-02 0.456000E-02 0.424000E-02 0.392000E-02 0.312000E-02 0.296000E-02 0.352000E-02 0.216000E-02 0.184000E-02 0.192000E-02 0.200000E-02 0.304000E-02 0.264000E-02 0.184000E-02 0.184000E-02 0.120000E-02 0.192000E-02 0.160000E-02 0.184000E-02 0.960000E-03 0.152000E-02 0.800000E-03 0.136000E-02 0.960000E-03 0.136000E-02 0.128000E-02 0.136000E-02 0.128000E-02 0.960000E-03 0.152000E-02 0.320000E-03 0.480000E-03 0.640000E-03 0.112000E-02 0.320000E-03 0.640000E-03 0.320000E-03 0.480000E-03 0.560000E-03 0.640000E-03 0.720000E-03 0.160000E-03 0.640000E-03 0.800000E-04 0.640000E-03 0.240000E-03 0.560000E-03 0.320000E-03 0.320000E-03 0.160000E-03 0.160000E-03 0.160000E-03 0.400000E-03 0.240000E-03 0.480000E-03 0.160000E-03 0.160000E-03 0.320000E-03 0.240000E-03 0.800000E-04 0.240000E-03 0.800000E-04 0.160000E-03 0.800000E-04 0.320000E-03 0.000000E+00 0.000000E+00 0.160000E-03 0.800000E-04 0.000000E+00 0.000000E+00 0.000000E+00 0.160000E-03 0.160000E-03 0.800000E-04 0.160000E-03 0.000000E+00 0.000000E+00 0.800000E-04 0.000000E+00 0.000000E+00 0.000000E+00 0.000000E+00 0.000000E+00 0.000000E+00 0.800000E-04 0.800000E-04 0.000000E+00 0.000000E+00 0.000000E+00 0.000000E+00 0.000000E+00 0.000000E+00 0.000000E+00 0.000000E+00 0.000000E+00 0.000000E+00 0.000000E+00 0.000000E+00 0.000000E+00 0.000000E+00 0.000000E+00 0.000000E+00 0.000000E+00 0.000000E+00 0.000000E+00 0.000000E+00 0.000000E+00 0.000000E+00 0.000000E+00 0.000000E+00 0.000000E+00 0.000000E+00 0.000000E+00 0.000000E+00 0.000000E+00 0.000000E+00 0.000000E+00 0.000000E+00 0.000000E+00 0.000000E+00 0.000000E+00 0.000000E+00 0.000000E+00 0.000000E+00 0.000000E+00 0.000000E+00 0.000000E+00 0.000000E+00 0.000000E+00 0.000000E+00 0.000000E+00 0.000000E+00 0.000000E+00 0.000000E+00 0.000000E+00 0.000000E+00
 0.281840E+00 0.185600E+00 0.148080E+00 0.117280E+00 0.103280E+00 0.883200E-01 0.791200E-01 0.753600E-01 0.675200E-01 0.636800E-01 0.556000E-01 0.544000E-01 0.500000E-01 0.507200E-01 0.448000E-01 0.396800E-01 0.400800E-01 0.404800E-01 0.344800E-01 0.329600E-01 0.337600E-01 0.321600E-01 0.279200E-01 0.284000E-01 0.262400E-01 0.224000E-01 0.217600E-01 0.219200E-01 0.204000E-01 0.195200E-01 0.195200E-01 0.172000E-01 0.164000E-01 0.168800E-01 0.137600E-01 0.128800E-01 0.128800E-01 0.127200E-01 0.121600E-01 0.111200E-01 0.121600E-01 0.122400E-01 0.129600E-01 0.109600E-01 0.104800E-01 0.760000E-02 0.936000E-02 0.752000E-02 0.880000E-02 0.728000E-02 0.680000E-02 0.656000E-02 0.672000E-02 0.608000E-02 0.616000E-02 0.488000E-02 0.600000E-02 0.616000E-02 0.496000E-02 0.480000E-02 0.472000E-02 0.408000E-02 0.448000E-02 0.448000E-02 0.416000E-02 0.376000E-02 0.408000E-02 0.392000E-02 0.336000E-02 0.288000E-02 0.328000E-02 0.328000E-02 0.224000E-02 0.264000E-02 0.272000E-02 0.288000E-02 0.304000E-02 0.232000E-02 0.248000E-02 0.144000E-02 0.208000E-02 0.200000E-02 0.120000E-02 0.200000E-02 0.128000E-02 0.144000E-02 0.232000E-02 0.184000E-02 0.144000E-02 0.800000E-03 0.880000E-03 0.960000E-03 0.104000E-02 0.112000E-02 0.960000E-03 0.136000E-02 0.960000E-03 0.800000E-03 0.640000E-03 0.880000E-03 0.480000E-03 0.400000E-03 0.104000E-02 0.960000E-03 0.960000E-03 0.400000E-03 0.560000E-03 0.560000E-03 0.560000E-03 0.240000E-03 0.800000E-04 0.400000E-03 0.480000E-03 0.480000E-03 0.320000E-03 0.800000E-04 0.240000E-03 0.480000E-03 0.160000E-03 0.000000E+00 0.800000E-04 0.160000E-03 0.160000E-03 0.400000E-03 0.240000E-03 0.160000E-03 0.000000E+00 0.000000E+00 0.160000E-03 0.240000E-03 0.160000E-03 0.240000E-03 0.800000E-04 0.000000E+00 0.800000E-04 0.160000E-03 0.000000E+00 0.800000E-04 0.000000E+00 0.000000E+00 0.000000E+00 0.800000E-04 0.800000E-04 0.000000E+00 0.800000E-04 0.800000E-04 0.800000E-04 0.800000E-04 0.000000E+00 0.000000E+00 0.000000E+00 0.000000E+00 0.000000E+00 0.800000E-04 0.000000E+00 0.800000E-04 0.800000E-04 0.800000E-04 0.000000E+00 0.000000E+00 0.000000E+00 0.000000E+00 0.000000E+00 0.000000E+00 0.000000E+00 0.000000E+00 0.000000E+00 0.000000E+00 0.000000E+00 0.000000E+00 0.000000E+00 0.000000E+00 0.000000E+00 0.000000E+00 0.000000E+00 0.000000E+00 0.000000E+00 0.000000E+00 0.000000E+00 0.000000E+00 0.000000E+00 0.000000E+00 0.000000E+00 0.000000E+00 0.000000E+00 0.000000E+00 0.000000E+00 0.000000E+00 0.000000E+00 0.000000E+00 0.000000E+00 0.000000E+00 0.000000E+00 0.000000E+00 0.000000E+00 0.000000E+00 0.000000E+00 0.000000E+00 0.000000E+00 0.000000E+00
 0.596000E+00 0.349040E+00 0.246960E+00 0.193680E+00 0.154720E+00 0.133840E+00 0.115760E+00 0.961600E-01 0.900000E-01 0.792800E-01 0.728800E-01 0.657600E-01 0.596800E-01 0.596800E-01 0.547200E-01 0.547200E-01 0.481600E-01 0.422400E-01 0.399200E-01 0.384800E-01 0.361600E-01 0.322400E-01 0.304000E-01 0.301600E-01 0.308800E-01 0.253600E-01 0.269600E-01 0.209600E-01 0.217600E-01 0.192800E-01 0.180800E-01 0.184800E-01 0.161600E-01 0.180000E-01 0.156000E-01 0.141600E-01 0.135200E-01 0.146400E-01 0.129600E-01 0.124800E-01 0.135200E-01 0.100800E-01 0.109600E-01 0.912000E-02 0.104000E-01 0.872000E-02 0.824000E-02 0.832000E-02 0.728000E-02 0.752000E-02 0.792000E-02 0.656000E-02 0.504000E-02 0.640000E-02 0.504000E-02 0.504000E-02 0.552000E-02 0.568000E-02 0.576000E-02 0.472000E-02 0.416000E-02 0.504000E-02 0.384000E-02 0.336000E-02 0.424000E-02 0.264000E-02 0.344000E-02 0.264000E-02 0.216000E-02 0.288000E-02 0.248000E-02 0.304000E-02 0.304000E-02 0.232000E-02 0.184000E-02 0.208000E-02 0.208000E-02 0.200000E-02 0.168000E-02 0.192000E-02 0.192000E-02 0.152000E-02 0.144000E-02 0.128000E-02 0.152000E-02 0.120000E-02 0.120000E-02 0.120000E-02 0.640000E-03 0.720000E-03 0.560000E-03 0.800000E-03 0.880000E-03 0.480000E-03 0.960000E-03 0.800000E-04 0.960000E-03 0.320000E-03 0.400000E-03 0.240000E-03 0.320000E-03 0.400000E-03 0.320000E-03 0.800000E-03 0.640000E-03 0.480000E-03 0.240000E-03 0.560000E-03 0.320000E-03 0.240000E-03 0.320000E-03 0.560000E-03 0.240000E-03 0.160000E-03 0.800000E-04 0.160000E-03 0.320000E-03 0.240000E-03 0.800000E-04 0.240000E-03 0.160000E-03 0.240000E-03 0.160000E-03 0.240000E-03 0.160000E-03 0.800000E-04 0.800000E-04 0.000000E+00 0.000000E+00 0.160000E-03 0.800000E-04 0.160000E-03 0.000000E+00 0.000000E+00 0.000000E+00 0.000000E+00 0.800000E-04 0.800000E-04 0.800000E-04 0.000000E+00 0.000000E+00 0.800000E-04 0.000000E+00 0.000000E+00 0.800000E-04 0.800000E-04 0.000000E+00 0.000000E+00 0.000000E+00 0.000000E+00 0.000000E+00 0.000000E+00 0.000000E+00 0.000000E+00 0.000000E+00 0.000000E+00 0.000000E+00 0.800000E-04 0.000000E+00 0.000000E+00 0.000000E+00 0.000000E+00 0.000000E+00 0.000000E+00 0.000000E+00 0.000000E+00 0.000000E+00 0.000000E+00 0.000000E+00 0.000000E+00 0.000000E+00 0.000000E+00 0.000000E+00 0.000000E+00 0.000000E+00 0.000000E+00 0.000000E+00 0.000000E+00 0.000000E+00 0.000000E+00 0.000000E+00 0.000000E+00 0.000000E+00 0.000000E+00 0.000000E+00 0.000000E+00 0.000000E+00 0.000000E+00 0.000000E+00 0.000000E+00 0.000000E+00 0.000000E+00 0.000000E+00 0.000000E+00 0.000000E+00 0.000000E+00 0.000000E+00 0.000000E+00 0.000000E+00 0.000000E+00
 0.484616E+01 0.138992E+01 0.960480E+00 0.731040E+00 0.601360E+00 0.514160E+00 0.442240E+00 0.384160E+00 0.339440E+00 0.307440E+00 0.282400E+00 0.258800E+00 0.230960E+00 0.212080E+00 0.194080E+00 0.185520E+00 0.169120E+00 0.160080E+00 0.149760E+00 0.132880E+00 0.130640E+00 0.124720E+00 0.108000E+00 0.112720E+00 0.103760E+00 0.944800E-01 0.907200E-01 0.867200E-01 0.783200E-01 0.791200E-01 0.733600E-01 0.715200E-01 0.668800E-01 0.660000E-01 0.646400E-01 0.568000E-01 0.530400E-01 0.530400E-01 0.477600E-01 0.439200E-01 0.425600E-01 0.391200E-01 0.416800E-01 0.376800E-01 0.405600E-01 0.328800E-01 0.344800E-01 0.308000E-01 0.323200E-01 0.328800E-01 0.273600E-01 0.254400E-01 0.271200E-01 0.235200E-01 0.247200E-01 0.240000E-01 0.209600E-01 0.236000E-01 0.200000E-01 0.173600E-01 0.198400E-01 0.187200E-01 0.154400E-01 0.147200E-01 0.141600E-01 0.127200E-01 0.148800E-01 0.146400E-01 0.133600E-01 0.121600E-01 0.117600E-01 0.101600E-01 0.115200E-01 0.112800E-01 0.106400E-01 0.106400E-01 0.920000E-02 0.856000E-02 0.872000E-02 0.104000E-01 0.856000E-02 0.832000E-02 0.744000E-02 0.672000E-02 0.656000E-02 0.744000E-02 0.632000E-02 0.544000E-02 0.552000E-02 0.576000E-02 0.632000E-02 0.408000E-02 0.496000E-02 0.512000E-02 0.400000E-02 0.448000E-02 0.400000E-02 0.440000E-02 0.376000E-02 0.384000E-02 0.312000E-02 0.400000E-02 0.360000E-02 0.376000E-02 0.288000E-02 0.264000E-02 0.336000E-02 0.344000E-02 0.184000E-02 0.176000E-02 0.248000E-02 0.320000E-02 0.216000E-02 0.168000E-02 0.248000E-02 0.168000E-02 0.168000E-02 0.176000E-02 0.176000E-02 0.120000E-02 0.112000E-02 0.128000E-02 0.144000E-02 0.176000E-02 0.960000E-03 0.640000E-03 0.112000E-02 0.880000E-03 0.152000E-02 0.880000E-03 0.640000E-03 0.400000E-03 0.560000E-03 0.800000E-03 0.000000E+00 0.400000E-03 0.640000E-03 0.480000E-03 0.640000E-03 0.160000E-03 0.400000E-03 0.240000E-03 0.320000E-03 0.480000E-03 0.400000E-03 0.160000E-03 0.160000E-03 0.800000E-04 0.320000E-03 0.400000E-03 0.160000E-03 0.800000E-04 0.240000E-03 0.000000E+00 0.240000E-03 0.000000E+00 0.400000E-03 0.160000E-03 0.160000E-03 0.240000E-03 0.800000E-04 0.160000E-03 0.240000E-03 0.160000E-03 0.240000E-03 0.800000E-04 0.800000E-04 0.000000E+00 0.000000E+00 0.800000E-04 0.800000E-04 0.000000E+00 0.800000E-04 0.800000E-04 0.800000E-04 0.800000E-04 0.000000E+00 0.000000E+00 0.000000E+00 0.800000E-04 0.000000E+00 0.000000E+00 0.000000E+00 0.000000E+00 0.000000E+00 0.000000E+00 0.000000E+00 0.000000E+00 0.000000E+00 0.000000E+00 0.000000E+00 0.000000E+00 0.000000E+00 0.000000E+00 0.000000E+00 0.000000E+00 0.000000E+00 0.000000E+00 0.000000E+00 0.000000E+00
 0.179624E+01 0.825280E+00 0.619280E+00 0.517680E+00 0.442160E+00 0.408800E+00 0.351600E+00 0.318320E+00 0.293440E+00 0.271200E+00 0.251840E+00 0.235520E+00 0.224320E+00 0.208160E+00 0.199120E+00 0.185840E+00 0.174480E+00 0.168000E+00 0.158800E+00 0.151840E+00 0.137440E+00 0.134960E+00 0.125920E+00 0.126800E+00 0.118320E+00 0.112240E+00 0.110000E+00 0.100480E+00 0.102000E+00 0.919200E-01 0.937600E-01 0.892000E-01 0.857600E-01 0.800800E-01 0.764800E-01 0.778400E-01 0.734400E-01 0.655200E-01 0.672800E-01 0.668800E-01 0.628800E-01 0.587200E-01 0.606400E-01 0.563200E-01 0.508800E-01 0.507200E-01 0.504000E-01 0.486400E-01 0.475200E-01 0.464000E-01 0.416000E-01 0.430400E-01 0.448800E-01 0.388000E-01 0.359200E-01 0.350400E-01 0.366400E-01 0.329600E-01 0.310400E-01 0.292800E-01 0.304000E-01 0.305600E-01 0.291200E-01 0.284000E-01 0.276000E-01 0.300800E-01 0.257600E-01 0.236000E-01 0.242400E-01 0.221600E-01 0.203200E-01 0.197600E-01 0.183200E-01 0.187200E-01 0.200800E-01 0.199200E-01 0.185600E-01 0.155200E-01 0.153600E-01 0.152800E-01 0.148000E-01 0.132000E-01 0.133600E-01 0.132000E-01 0.101600E-01 0.142400E-01 0.120000E-01 0.108000E-01 0.113600E-01 0.100000E-01 0.107200E-01 0.108800E-01 0.104000E-01 0.904000E-02 0.106400E-01 0.880000E-02 0.832000E-02 0.792000E-02 0.720000E-02 0.608000E-02 0.744000E-02 0.624000E-02 0.528000E-02 0.600000E-02 0.640000E-02 0.600000E-02 0.472000E-02 0.560000E-02 0.528000E-02 0.528000E-02 0.376000E-02 0.384000E-02 0.480000E-02 0.336000E-02 0.344000E-02 0.360000E-02 0.400000E-02 0.368000E-02 0.344000E-02 0.368000E-02 0.440000E-02 0.256000E-02 0.232000E-02 0.264000E-02 0.200000E-02 0.208000E-02 0.232000E-02 0.200000E-02 0.288000E-02 0.152000E-02 0.192000E-02 0.136000E-02 0.168000E-02 0.112000E-02 0.128000E-02 0.144000E-02 0.184000E-02 0.136000E-02 0.880000E-03 0.960000E-03 0.720000E-03 0.880000E-03 0.960000E-03 0.880000E-03 0.400000E-03 0.560000E-03 0.720000E-03 0.560000E-03 0.720000E-03 0.720000E-03 0.560000E-03 0.240000E-03 0.240000E-03 0.480000E-03 0.240000E-03 0.880000E-03 0.480000E-03 0.320000E-03 0.160000E-03 0.400000E-03 0.320000E-03 0.320000E-03 0.240000E-03 0.800000E-04 0.240000E-03 0.320000E-03 0.240000E-03 0.800000E-04 0.800000E-04 0.240000E-03 0.240000E-03 0.800000E-04 0.800000E-04 0.800000E-04 0.160000E-03 0.160000E-03 0.160000E-03 0.000000E+00 0.800000E-04 0.000000E+00 0.800000E-04 0.160000E-03 0.000000E+00 0.000000E+00 0.000000E+00 0.000000E+00 0.000000E+00 0.000000E+00 0.000000E+00 0.000000E+00 0.000000E+00 0.000000E+00 0.000000E+00 0.000000E+00 0.000000E+00 0.000000E+00 0.000000E+00 0.000000E+00 0.000000E+00 0.000000E+00
 0.280720E+00 0.189360E+00 0.143600E+00 0.123440E+00 0.107120E+00 0.976800E-01 0.856000E-01 0.735200E-01 0.700800E-01 0.631200E-01 0.584800E-01 0.587200E-01 0.552000E-01 0.504000E-01 0.449600E-01 0.416000E-01 0.384000E-01 0.380800E-01 0.358400E-01 0.323200E-01 0.316000E-01 0.300000E-01 0.268000E-01 0.295200E-01 0.265600E-01 0.246400E-01 0.231200E-01 0.232800E-01 0.199200E-01 0.222400E-01 0.206400E-01 0.186400E-01 0.188000E-01 0.175200E-01 0.164000E-01 0.168800E-01 0.144800E-01 0.152000E-01 0.111200E-01 0.121600E-01 0.136800E-01 0.116800E-01 0.104000E-01 0.984000E-02 0.114400E-01 0.108800E-01 0.102400E-01 0.792000E-02 0.912000E-02 0.760000E-02 0.920000E-02 0.808000E-02 0.736000E-02 0.768000E-02 0.688000E-02 0.648000E-02 0.632000E-02 0.544000E-02 0.600000E-02 0.592000E-02 0.552000E-02 0.416000E-02 0.464000E-02 0.552000E-02 0.360000E-02 0.360000E-02 0.472000E-02 0.408000E-02 0.368000E-02 0.312000E-02 0.400000E-02 0.272000E-02 0.256000E-02 0.392000E-02 0.224000E-02 0.264000E-02 0.192000E-02 0.224000E-02 0.256000E-02 0.296000E-02 0.192000E-02 0.184000E-02 0.208000E-02 0.152000E-02 0.168000E-02 0.960000E-03 0.960000E-03 0.136000E-02 0.168000E-02 0.128000E-02 0.128000E-02 0.136000E-02 0.640000E-03 0.800000E-03 0.104000E-02 0.128000E-02 0.640000E-03 0.640000E-03 0.800000E-03 0.720000E-03 0.112000E-02 0.560000E-03 0.640000E-03 0.320000E-03 0.640000E-03 0.320000E-03 0.480000E-03 0.560000E-03 0.320000E-03 0.400000E-03 0.720000E-03 0.560000E-03 0.480000E-03 0.400000E-03 0.160000E-03 0.240000E-03 0.320000E-03 0.240000E-03 0.240000E-03 0.160000E-03 0.320000E-03 0.480000E-03 0.160000E-03 0.160000E-03 0.240000E-03 0.240000E-03 0.000000E+00 0.800000E-04 0.800000E-04 0.000000E+00 0.240000E-03 0.000000E+00 0.000000E+00 0.800000E-04 0.240000E-03 0.000000E+00 0.000000E+00 0.000000E+00 0.800000E-04 0.800000E-04 0.800000E-04 0.000000E+00 0.000000E+00 0.000000E+00 0.160000E-03 0.800000E-04 0.800000E-04 0.000000E+00 0.800000E-04 0.000000E+00 0.000000E+00 0.800000E-04 0.000000E+00 0.000000E+00 0.000000E+00 0.000000E+00 0.800000E-04 0.000000E+00 0.000000E+00 0.000000E+00 0.000000E+00 0.800000E-04 0.000000E+00 0.000000E+00 0.000000E+00 0.000000E+00 0.000000E+00 0.000000E+00 0.000000E+00 0.000000E+00 0.000000E+00 0.800000E-04 0.000000E+00 0.000000E+00 0.000000E+00 0.000000E+00 0.000000E+00 0.000000E+00 0.000000E+00 0.000000E+00 0.000000E+00 0.000000E+00 0.000000E+00 0.000000E+00 0.000000E+00 0.000000E+00 0.000000E+00 0.000000E+00 0.000000E+00 0.000000E+00 0.000000E+00 0.000000E+00 0.000000E+00 0.000000E+00 0.000000E+00 0.000000E+00 0.000000E+00 0.000000E+00 0.000000E+00 0.000000E+00
 0.633200E+00 0.354400E+00 0.255680E+00 0.204480E+00 0.158080E+00 0.135040E+00 0.119840E+00 0.108640E+00 0.919200E-01 0.827200E-01 0.761600E-01 0.688000E-01 0.613600E-01 0.616800E-01 0.540000E-01 0.500800E-01 0.487200E-01 0.456000E-01 0.424800E-01 0.358400E-01 0.376000E-01 0.316000E-01 0.335200E-01 0.313600E-01 0.289600E-01 0.268000E-01 0.280000E-01 0.235200E-01 0.240800E-01 0.212000E-01 0.220800E-01 0.200800E-01 0.192000E-01 0.162400E-01 0.152000E-01 0.149600E-01 0.159200E-01 0.145600E-01 0.132800E-01 0.126400E-01 0.118400E-01 0.116800E-01 0.108000E-01 0.112000E-01 0.952000E-02 0.984000E-02 0.848000E-02 0.840000E-02 0.752000E-02 0.648000E-02 0.728000E-02 0.680000E-02 0.608000E-02 0.640000E-02 0.576000E-02 0.480000E-02 0.608000E-02 0.464000E-02 0.344000E-02 0.528000E-02 0.440000E-02 0.400000E-02 0.496000E-02 0.400000E-02 0.456000E-02 0.424000E-02 0.392000E-02 0.312000E-02 0.296000E-02 0.352000E-02 0.216000E-02 0.184000E-02 0.192000E-02 0.200000E-02 0.304000E-02 0.264000E-02 0.184000E-02 0.184000E-02 0.120000E-02 0.192000E-02 0.160000E-02 0.184000E-02 0.960000E-03 0.152000E-02 0.800000E-03 0.136000E-02 0.960000E-03 0.136000E-02 0.128000E-02 0.136000E-02 0.128000E-02 0.960000E-03 0.152000E-02 0.320000E-03 0.480000E-03 0.640000E-03 0.112000E-02 0.320000E-03 0.640000E-03 0.320000E-03 0.480000E-03 0.560000E-03 0.640000E-03 0.720000E-03 0.160000E-03 0.640000E-03 0.800000E-04 0.640000E-03 0.240000E-03 0.560000E-03 0.320000E-03 0.320000E-03 0.160000E-03 0.160000E-03 0.160000E-03 0.400000E-03 0.240000E-03 0.480000E-03 0.160000E-03 0.160000E-03 0.320000E-03 0.240000E-03 0.800000E-04 0.240000E-03 0.800000E-04 0.160000E-03 0.800000E-04 0.320000E-03 0.000000E+00 0.000000E+00 0.160000E-03 0.800000E-04 0.000000E+00 0.000000E+00 0.000000E+00 0.160000E-03 0.160000E-03 0.800000E-04 0.160000E-03 0.000000E+00 0.000000E+00 0.800000E-04 0.000000E+00 0.000000E+00 0.000000E+00 0.000000E+00 0.000000E+00 0.000000E+00 0.800000E-04 0.800000E-04 0.000000E+00 0.000000E+00 0.000000E+00 0.000000E+00 0.000000E+00 0.000000E+00 0.000000E+00 0.000000E+00 0.000000E+00 0.000000E+00 0.000000E+00 0.000000E+00 0.000000E+00 0.000000E+00 0.000000E+00 0.000000E+00 0.000000E+00 0.000000E+00 0.000000E+00 0.000000E+00 0.000000E+00 0.000000E+00 0.000000E+00 0.000000E+00 0.000000E+00 0.000000E+00 0.000000E+00 0.000000E+00 0.000000E+00 0.000000E+00 0.000000E+00 0.000000E+00 0.000000E+00 0.000000E+00 0.000000E+00 0.000000E+00 0.000000E+00 0.000000E+00 0.000000E+00 0.000000E+00 0.000000E+00 0.000000E+00 0.000000E+00 0.000000E+00 0.000000E+00 0.000000E+00 0.000000E+00 0.000000E+00 0.000000E+00 0.000000E+00
 0.281840E+00 0.185600E+00 0.148080E+00 0.117280E+00 0.103280E+00 0.883200E-01 0.791200E-01 0.753600E-01 0.675200E-01 0.636800E-01 0.556000E-01 0.544000E-01 0.500000E-01 0.507200E-01 0.448000E-01 0.396800E-01 0.400800E-01 0.404800E-01 0.344800E-01 0.329600E-01 0.337600E-01 0.321600E-01 0.279200E-01 0.284000E-01 0.262400E-01 0.224000E-01 0.217600E-01 0.219200E-01 0.204000E-01 0.195200E-01 0.195200E-01 0.172000E-01 0.164000E-01 0.168800E-01 0.137600E-01 0.128800E-01 0.128800E-01 0.127200E-01 0.121600E-01 0.111200E-01 0.121600E-01 0.122400E-01 0.129600E-01 0.109600E-01 0.104800E-01 0.760000E-02 0.936000E-02 0.752000E-02 0.880000E-02 0.728000E-02 0.680000E-02 0.656000E-02 0.672000E-02 0.608000E-02 0.616000E-02 0.488000E-02 0.600000E-02 0.616000E-02 0.496000E-02 0.480000E-02 0.472000E-02 0.408000E-02 0.448000E-02 0.448000E-02 0.416000E-02 0.376000E-02 0.408000E-02 0.392000E-02 0.336000E-02 0.288000E-02 0.328000E-02 0.328000E-02 0.224000E-02 0.264000E-02 0.272000E-02 0.288000E-02 0.304000E-02 0.232000E-02 0.248000E-02 0.144000E-02 0.208000E-02 0.200000E-02 0.120000E-02 0.200000E-02 0.128000E-02 0.144000E-02 0.232000E-02 0.184000E-02 0.144000E-02 0.800000E-03 0.880000E-03 0.960000E-03 0.104000E-02 0.112000E-02 0.960000E-03 0.136000E-02 0.960000E-03 0.800000E-03 0.640000E-03 0.880000E-03 0.480000E-03 0.400000E-03 0.104000E-02 0.960000E-03 0.960000E-03 0.400000E-03 0.560000E-03 0.560000E-03 0.560000E-03 0.240000E-03 0.800000E-04 0.400000E-03 0.480000E-03 0.480000E-03 0.320000E-03 0.800000E-04 0.240000E-03 0.480000E-03 0.160000E-03 0.000000E+00 0.800000E-04 0.160000E-03 0.160000E-03 0.400000E-03 0.240000E-03 0.160000E-03 0.000000E+00 0.000000E+00 0.160000E-03 0.240000E-03 0.160000E-03 0.240000E-03 0.800000E-04 0.000000E+00 0.800000E-04 0.160000E-03 0.000000E+00 0.800000E-04 0.000000E+00 0.000000E+00 0.000000E+00 0.800000E-04 0.800000E-04 0.000000E+00 0.800000E-04 0.800000E-04 0.800000E-04 0.800000E-04 0.000000E+00 0.000000E+00 0.000000E+00 0.000000E+00 0.000000E+00 0.800000E-04 0.000000E+00 0.800000E-04 0.800000E-04 0.800000E-04 0.000000E+00 0.000000E+00 0.000000E+00 0.000000E+00 0.000000E+00 0.000000E+00 0.000000E+00 0.000000E+00 0.000000E+00 0.000000E+00 0.000000E+00 0.000000E+00 0.000000E+00 0.000000E+00 0.000000E+00 0.000000E+00 0.000000E+00 0.000000E+00 0.000000E+00 0.000000E+00 0.000000E+00 0.000000E+00 0.000000E+00 0.000000E+00 0.000000E+00 0.000000E+00 0.000000E+00 0.000000E+00 0.000000E+00 0.000000E+00 0.000000E+00 0.000000E+00 0.000000E+00 0.000000E+00 0.000000E+00 0.000000E+00 0.000000E+00 0.000000E+00 0.000000E+00 0.000000E+00 0.000000E+00 0.000000E+00
 0.596000E+00 0.349040E+00 0.246960E+00 0.193680E+00 0.154720E+00 0.133840E+00 0.115760E+00 0.961600E-01 0.900000E-01 0.792800E-01 0.728800E-01 0.657600E-01 0.596800E-01 0.596800E-01 0.547200E-01 0.547200E-01 0.481600E-01 0.422400E-01 0.399200E-01 0.384800E-01 0.361600E-01 0.322400E-01 0.304000E-01 0.301600E-01 0.308800E-01 0.253600E-01 0.269600E-01 0.209600E-01 0.217600E-01 0.192800E-01 0.180800E-01 0.184800E-01 0.161600E-01 0.180000E-01 0.156000E-01 0.141600E-01 0.135200E-01 0.146400E-01 0.129600E-01 0.124800E-01 0.135200E-01 0.100800E-01 0.109600E-01 0.912000E-02 0.104000E-01 0.872000E-02 0.824000E-02 0.832000E-02 0.728000E-02 0.752000E-02 0.792000E-02 0.656000E-02 0.504000E-02 0.640000E-02 0.504000E-02 0.504000E-02 0.552000E-02 0.568000E-02 0.576000E-02 0.472000E-02 0.416000E-02 0.504000E-02 0.384000E-02 0.336000E-02 0.424000E-02 0.264000E-02 0.344000E-02 0.264000E-02 0.216000E-02 0.288000E-02 0.248000E-02 0.304000E-02 0.304000E-02 0.232000E-02 0.184000E-02 0.208000E-02 0.208000E-02 0.200000E-02 0.168000E-02 0.192000E-02 0.192000E-02 0.152000E-02 0.144000E-02 0.128000E-02 0.152000E-02 0.120000E-02 0.120000E-02 0.120000E-02 0.640000E-03 0.720000E-03 0.560000E-03 0.800000E-03 0.880000E-03 0.480000E-03 0.960000E-03 0.800000E-04 0.960000E-03 0.320000E-03 0.400000E-03 0.240000E-03 0.320000E-03 0.400000E-03 0.320000E-03 0.800000E-03 0.640000E-03 0.480000E-03 0.240000E-03 0.560000E-03 0.320000E-03 0.240000E-03 0.320000E-03 0.560000E-03 0.240000E-03 0.160000E-03 0.800000E-04 0.160000E-03 0.320000E-03 0.240000E-03 0.800000E-04 0.240000E-03 0.160000E-03 0.240000E-03 0.160000E-03 0.240000E-03 0.160000E-03 0.800000E-04 0.800000E-04 0.000000E+00 0.000000E+00 0.160000E-03 0.800000E-04 0.160000E-03 0.000000E+00 0.000000E+00 0.000000E+00 0.000000E+00 0.800000E-04 0.800000E-04 0.800000E-04 0.000000E+00 0.000000E+00 0.800000E-04 0.000000E+00 0.000000E+00 0.800000E-04 0.800000E-04 0.000000E+00 0.000000E+00 0.000000E+00 0.000000E+00 0.000000E+00 0.000000E+00 0.000000E+00 0.000000E+00 0.000000E+00 0.000000E+00 0.000000E+00 0.800000E-04 0.000000E+00 0.000000E+00 0.000000E+00 0.000000E+00 0.000000E+00 0.000000E+00 0.000000E+00 0.000000E+00 0.000000E+00 0.000000E+00 0.000000E+00 0.000000E+00 0.000000E+00 0.000000E+00 0.000000E+00 0.000000E+00 0.000000E+00 0.000000E+00 0.000000E+00 0.000000E+00 0.000000E+00 0.000000E+00 0.000000E+00 0.000000E+00 0.000000E+00 0.000000E+00 0.000000E+00 0.000000E+00 0.000000E+00 0.000000E+00 0.000000E+00 0.000000E+00 0.000000E+00 0.000000E+00 0.000000E+00 0.000000E+00 0.000000E+00 0.000000E+00 0.000000E+00 0.000000E+00 0.000000E+00 0.000000E+00
 0.484616E+01 0.138992E+01 0.960480E+00 0.731040E+00 0.601360E+00 0.514160E+00 0.442240E+00 0.384160E+00 0.339440E+00 0.307440E+00 0.282400E+00 0.258800E+00 0.230960E+00 0.212080E+00 0.194080E+00 0.185520E+00 0.169120E+00 0.160080E+00 0.149760E+00 0.132880E+00 0.130640E+00 0.124720E+00 0.108000E+00 0.112720E+00 0.103760E+00 0.944800E-01 0.907200E-01 0.867200E-01 0.783200E-01 0.791200E-01 0.733600E-01 0.715200E-01 0.668800E-01 0.660000E-01 0.646400E-01 0.568000E-01 0.530400E-01 0.530400E-01 0.477600E-01 0.439200E-01 0.425600E-01 0.391200E-01 0.416800E-01 0.376800E-01 0.405600E-01 0.328800E-01 0.344800E-01 0.308000E-01 0.323200E-01 0.328800E-01 0.273600E-01 0.254400E-01 0.271200E-01 0.235200E-01 0.247200E-01 0.240000E-01 0.209600E-01 0.236000E-01 0.200000E-01 0.173600E-01 0.198400E-01 0.187200E-01 0.154400E-01 0.147200E-01 0.141600E-01 0.127200E-01 0.148800E-01 0.146400E-01 0.133600E-01 0.121600E-01 0.117600E-01 0.101600E-01 0.115200E-01 0.112800E-01 0.106400E-01 0.106400E-01 0.920000E-02 0.856000E-02 0.872000E-02 0.104000E-01 0.856000E-02 0.832000E-02 0.744000E-02 0.672000E-02 0.656000E-02 0.744000E-02 0.632000E-02 0.544000E-02 0.552000E-02 0.576000E-02 0.632000E-02 0.408000E-02 0.496000E-02 0.512000E-02 0.400000E-02 0.448000E-02 0.400000E-02 0.440000E-02 0.376000E-02 0.384000E-02 0.312000E-02 0.400000E-02 0.360000E-02 0.376000E-02 0.288000E-02 0.264000E-02 0.336000E-02 0.344000E-02 0.184000E-02 0.176000E-02 0.248000E-02 0.320000E-02 0.216000E-02 0.168000E-02 0.248000E-02 0.168000E-02 0.168000E-02 0.176000E-02 0.176000E-02 0.120000E-02 0.112000E-02 0.128000E-02 0.144000E-02 0.176000E-02 0.960000E-03 0.640000E-03 0.112000E-02 0.880000E-03 0.152000E-02 0.880000E-03 0.640000E-03 0.400000E-03 0.560000E-03 0.800000E-03 0.000000E+00 0.400000E-03 0.640000E-03 0.480000E-03 0.640000E-03 0.160000E-03 0.400000E-03 0.240000E-03 0.320000E-03 0.480000E-03 0.400000E-03 0.160000E-03 0.160000E-03 0.800000E-04 0.320000E-03 0.400000E-03 0.160000E-03 0.800000E-04 0.240000E-03 0.000000E+00 0.240000E-03 0.000000E+00 0.400000E-03 0.160000E-03 0.160000E-03 0.240000E-03 0.800000E-04 0.160000E-03 0.240000E-03 0.160000E-03 0.240000E-03 0.800000E-04 0.800000E-04 0.000000E+00 0.000000E+00 0.800000E-04 0.800000E-04 0.000000E+00 0.800000E-04 0.800000E-04 0.800000E-04 0.800000E-04 0.000000E+00 0.000000E+00 0.000000E+00 0.800000E-04 0.000000E+00 0.000000E+00 0.000000E+00 0.000000E+00 0.000000E+00 0.000000E+00 0.000000E+00 0.000000E+00 0.000000E+00 0.000000E+00 0.000000E+00 0.000000E+00 0.000000E+00 0.000000E+00 0.000000E+00 0.000000E+00 0.000000E+00 0.000000E+00 0.000000E+00 0.000000E+00
 0.179624E+01 0.825280E+00 0.619280E+00 0.517680E+00 0.442160E+00 0.408800E+00 0.351600E+00 0.318320E+00 0.293440E+00 0.271200E+00 0.251840E+00 0.235520E+00 0.224320E+00 0.208160E+00 0.199120E+00 0.185840E+00 0.174480E+00 0.168000E+00 0.158800E+00 0.151840E+00 0.137440E+00 0.134960E+00 0.125920E+00 0.126800E+00 0.118320E+00 0.112240E+00 0.110000E+00 0.100480E+00 0.102000E+00 0.919200E-01 0.937600E-01 0.892000E-01 0.857600E-01 0.800800E-01 0.764800E-01 0.778400E-01 0.734400E-01 0.655200E-01 0.672800E-01 0.668800E-01 0.628800E-01 0.587200E-01 0.606400E-01 0.563200E-01 0.508800E-01 0.507200E-01 0.504000E-01 0.486400E-01 0.475200E-01 0.464000E-01 0.416000E-01 0.430400E-01 0.448800E-01 0.388000E-01 0.359200E-01 0.350400E-01 0.366400E-01 0.329600E-01 0.310400E-01 0.292800E-01 0.304000E-01 0.305600E-01 0.291200E-01 0.284000E-01 0.276000E-01 0.300800E-01 0.257600E-01 0.236000E-01 0.242400E-01 0.221600E-01 0.203200E-01 0.197600E-01 0.183200E-01 0.187200E-01 0.200800E-01 0.199200E-01 0.185600E-01 0.155200E-01 0.153600E-01 0.152800E-01 0.148000E-01 0.132000E-01 0.133600E-01 0.132000E-01 0.101600E-01 0.142400E-01 0.120000E-01 0.108000E-01 0.113600E-01 0.100000E-01 0.107200E-01 0.108800E-01 0.104000E-01 0.904000E-02 0.106400E-01 0.880000E-02 0.832000E-02 0.792000E-02 0.720000E-02 0.608000E-02 0.744000E-02 0.624000E-02 0.528000E-02 0.600000E-02 0.640000E-02 0.600000E-02 0.472000E-02 0.560000E-02 0.528000E-02 0.528000E-02 0.376000E-02 0.384000E-02 0.480000E-02 0.336000E-02 0.344000E-02 0.360000E-02 0.400000E-02 0.368000E-02 0.344000E-02 0.368000E-02 0.440000E-02 0.256000E-02 0.232000E-02 0.264000E-02 0.200000E-02 0.208000E-02 0.232000E-02 0.200000E-02 0.288000E-02 0.152000E-02 0.192000E-02 0.136000E-02 0.168000E-02 0.112000E-02 0.128000E-02 0.144000E-02 0.184000E-02 0.136000E-02 0.880000E-03 0.960000E-03 0.720000E-03 0.880000E-03 0.960000E-03 0.880000E-03 0.400000E-03 0.560000E-03 0.720000E-03 0.560000E-03 0.720000E-03 0.720000E-03 0.560000E-03 0.240000E-03 0.240000E-03 0.480000E-03 0.240000E-03 0.880000E-03 0.480000E-03 0.320000E-03 0.160000E-03 0.400000E-03 0.320000E-03 0.320000E-03 0.240000E-03 0.800000E-04 0.240000E-03 0.320000E-03 0.240000E-03 0.800000E-04 0.800000E-04 0.240000E-03 0.240000E-03 0.800000E-04 0.800000E-04 0.800000E-04 0.160000E-03 0.160000E-03 0.160000E-03 0.000000E+00 0.800000E-04 0.000000E+00 0.800000E-04 0.160000E-03 0.000000E+00 0.000000E+00 0.000000E+00 0.000000E+00 0.000000E+00 0.000000E+00 0.000000E+00 0.000000E+00 0.000000E+00 0.000000E+00 0.000000E+00 0.000000E+00 0.000000E+00 0.000000E+00 0.000000E+00 0.000000E+00 0.000000E+00 0.000000E+00
