### Run with WimpAnn version = wimpann-2.08                            
###   Using Pythia version   = Pythia 6.400    
###   Using nusigma version  = nusigma-1.15-pyr                        
###   Using DarkSUSY version = ds-4.1.6                                
###   WimpAnn run started at date 2007-09-08; time 06:24:18
### Neutrino oscillation parameters
#      theta_12 =  0.00000000E+00
#      theta_13 =  0.00000000E+00
#      theta_23 =  0.00000000E+00
#         delta =  0.00000000E+00
#  delta_m^2_21 =  0.81000000E-04
#  delta_m^2_31 =  0.22000000E-02
### WimpAnn run parameters
#  Annihilation channel =         1
#  Generated particles =  c                cbar            
#  WIMP mass =  0.20000000E+03
#  Number of annihilations =   2500000
#  Source = Sun
#...dPhi/dz in  200 bins from 0 to 1
#...Line  1- 6: flux at centre of Sun for neutrino 1-6
#...Line  7-12: flux at surface of Sun for neutrino 1-6
#...Line 13-18: flux at 1 AU from the Sun for neutrino 1-6
#...Line 19-24: flux at surface of Sun for secondary neutrino 1-6
#...Line 25-30: flux at 1 AU from the Sun for secondary neutrino 1-6
 0.175288E+01 0.156080E+01 0.135280E+01 0.122672E+01 0.106840E+01 0.961360E+00 0.874480E+00 0.790880E+00 0.741040E+00 0.653520E+00 0.611520E+00 0.563680E+00 0.494800E+00 0.487440E+00 0.436080E+00 0.397360E+00 0.376560E+00 0.342240E+00 0.313680E+00 0.307120E+00 0.283680E+00 0.265360E+00 0.243680E+00 0.235520E+00 0.212960E+00 0.202000E+00 0.191760E+00 0.174080E+00 0.157760E+00 0.157840E+00 0.149040E+00 0.129680E+00 0.122320E+00 0.120720E+00 0.113120E+00 0.108080E+00 0.976000E-01 0.925600E-01 0.928000E-01 0.804800E-01 0.784800E-01 0.734400E-01 0.725600E-01 0.632800E-01 0.641600E-01 0.593600E-01 0.556000E-01 0.485600E-01 0.522400E-01 0.473600E-01 0.450400E-01 0.404800E-01 0.381600E-01 0.370400E-01 0.341600E-01 0.328800E-01 0.332800E-01 0.281600E-01 0.272000E-01 0.261600E-01 0.254400E-01 0.238400E-01 0.236000E-01 0.235200E-01 0.186400E-01 0.179200E-01 0.169600E-01 0.148000E-01 0.146400E-01 0.145600E-01 0.133600E-01 0.128800E-01 0.115200E-01 0.102400E-01 0.113600E-01 0.896000E-02 0.824000E-02 0.744000E-02 0.784000E-02 0.760000E-02 0.688000E-02 0.672000E-02 0.528000E-02 0.712000E-02 0.568000E-02 0.568000E-02 0.456000E-02 0.464000E-02 0.520000E-02 0.360000E-02 0.296000E-02 0.264000E-02 0.312000E-02 0.392000E-02 0.336000E-02 0.224000E-02 0.224000E-02 0.272000E-02 0.216000E-02 0.200000E-02 0.168000E-02 0.176000E-02 0.176000E-02 0.168000E-02 0.128000E-02 0.960000E-03 0.112000E-02 0.560000E-03 0.960000E-03 0.112000E-02 0.136000E-02 0.640000E-03 0.480000E-03 0.112000E-02 0.400000E-03 0.720000E-03 0.800000E-03 0.560000E-03 0.320000E-03 0.320000E-03 0.400000E-03 0.480000E-03 0.560000E-03 0.480000E-03 0.400000E-03 0.480000E-03 0.160000E-03 0.160000E-03 0.000000E+00 0.000000E+00 0.000000E+00 0.800000E-04 0.160000E-03 0.240000E-03 0.240000E-03 0.000000E+00 0.800000E-04 0.000000E+00 0.000000E+00 0.000000E+00 0.800000E-04 0.000000E+00 0.000000E+00 0.000000E+00 0.000000E+00 0.800000E-04 0.800000E-04 0.000000E+00 0.000000E+00 0.000000E+00 0.000000E+00 0.000000E+00 0.000000E+00 0.000000E+00 0.000000E+00 0.000000E+00 0.000000E+00 0.000000E+00 0.000000E+00 0.000000E+00 0.000000E+00 0.000000E+00 0.000000E+00 0.000000E+00 0.000000E+00 0.000000E+00 0.000000E+00 0.000000E+00 0.000000E+00 0.000000E+00 0.000000E+00 0.000000E+00 0.000000E+00 0.000000E+00 0.000000E+00 0.000000E+00 0.000000E+00 0.000000E+00 0.000000E+00 0.000000E+00 0.000000E+00 0.000000E+00 0.000000E+00 0.000000E+00 0.000000E+00 0.000000E+00 0.000000E+00 0.000000E+00 0.000000E+00 0.000000E+00 0.000000E+00 0.000000E+00 0.000000E+00 0.000000E+00 0.000000E+00 0.000000E+00 0.000000E+00 0.000000E+00 0.000000E+00 0.000000E+00
 0.175504E+01 0.156088E+01 0.137232E+01 0.121864E+01 0.107560E+01 0.974960E+00 0.870400E+00 0.795120E+00 0.730480E+00 0.654720E+00 0.611520E+00 0.562320E+00 0.513440E+00 0.486640E+00 0.435360E+00 0.403440E+00 0.371600E+00 0.344400E+00 0.317280E+00 0.294160E+00 0.282800E+00 0.265120E+00 0.243440E+00 0.236080E+00 0.212880E+00 0.195920E+00 0.188320E+00 0.169280E+00 0.166720E+00 0.157600E+00 0.143360E+00 0.136560E+00 0.122320E+00 0.126880E+00 0.113840E+00 0.105760E+00 0.992800E-01 0.964800E-01 0.840000E-01 0.888000E-01 0.794400E-01 0.789600E-01 0.721600E-01 0.659200E-01 0.617600E-01 0.602400E-01 0.576800E-01 0.530400E-01 0.530400E-01 0.496000E-01 0.435200E-01 0.436800E-01 0.400000E-01 0.369600E-01 0.348800E-01 0.364000E-01 0.320800E-01 0.276800E-01 0.275200E-01 0.273600E-01 0.225600E-01 0.231200E-01 0.243200E-01 0.208800E-01 0.214400E-01 0.189600E-01 0.179200E-01 0.151200E-01 0.135200E-01 0.142400E-01 0.128800E-01 0.115200E-01 0.105600E-01 0.112800E-01 0.111200E-01 0.920000E-02 0.106400E-01 0.848000E-02 0.872000E-02 0.832000E-02 0.680000E-02 0.472000E-02 0.512000E-02 0.480000E-02 0.520000E-02 0.488000E-02 0.472000E-02 0.528000E-02 0.472000E-02 0.368000E-02 0.392000E-02 0.352000E-02 0.376000E-02 0.264000E-02 0.256000E-02 0.216000E-02 0.248000E-02 0.240000E-02 0.176000E-02 0.192000E-02 0.136000E-02 0.216000E-02 0.160000E-02 0.120000E-02 0.160000E-02 0.152000E-02 0.112000E-02 0.800000E-03 0.560000E-03 0.960000E-03 0.400000E-03 0.480000E-03 0.112000E-02 0.400000E-03 0.960000E-03 0.560000E-03 0.400000E-03 0.320000E-03 0.640000E-03 0.320000E-03 0.400000E-03 0.400000E-03 0.160000E-03 0.000000E+00 0.000000E+00 0.320000E-03 0.160000E-03 0.320000E-03 0.160000E-03 0.160000E-03 0.800000E-04 0.800000E-04 0.800000E-04 0.160000E-03 0.800000E-04 0.800000E-04 0.000000E+00 0.000000E+00 0.800000E-04 0.000000E+00 0.000000E+00 0.800000E-04 0.000000E+00 0.000000E+00 0.000000E+00 0.000000E+00 0.160000E-03 0.800000E-04 0.000000E+00 0.000000E+00 0.000000E+00 0.800000E-04 0.000000E+00 0.000000E+00 0.000000E+00 0.000000E+00 0.000000E+00 0.000000E+00 0.000000E+00 0.000000E+00 0.000000E+00 0.000000E+00 0.000000E+00 0.000000E+00 0.000000E+00 0.000000E+00 0.000000E+00 0.000000E+00 0.000000E+00 0.000000E+00 0.000000E+00 0.000000E+00 0.000000E+00 0.000000E+00 0.000000E+00 0.000000E+00 0.000000E+00 0.000000E+00 0.000000E+00 0.000000E+00 0.000000E+00 0.000000E+00 0.000000E+00 0.000000E+00 0.000000E+00 0.000000E+00 0.000000E+00 0.000000E+00 0.000000E+00 0.000000E+00 0.000000E+00 0.000000E+00 0.000000E+00 0.000000E+00 0.000000E+00 0.000000E+00 0.000000E+00 0.000000E+00 0.000000E+00 0.000000E+00
 0.178800E+01 0.158208E+01 0.138352E+01 0.123464E+01 0.110176E+01 0.960400E+00 0.879280E+00 0.801520E+00 0.737840E+00 0.658880E+00 0.611760E+00 0.553200E+00 0.508160E+00 0.470320E+00 0.438640E+00 0.397680E+00 0.369040E+00 0.344080E+00 0.321280E+00 0.301040E+00 0.274480E+00 0.269440E+00 0.234400E+00 0.218480E+00 0.215120E+00 0.195520E+00 0.184400E+00 0.171200E+00 0.162960E+00 0.154960E+00 0.146480E+00 0.133360E+00 0.125440E+00 0.120640E+00 0.110400E+00 0.104880E+00 0.953600E-01 0.926400E-01 0.827200E-01 0.771200E-01 0.781600E-01 0.740800E-01 0.632000E-01 0.640000E-01 0.597600E-01 0.581600E-01 0.543200E-01 0.508000E-01 0.460800E-01 0.427200E-01 0.416800E-01 0.431200E-01 0.384800E-01 0.343200E-01 0.352800E-01 0.308000E-01 0.292000E-01 0.241600E-01 0.276800E-01 0.260800E-01 0.229600E-01 0.232000E-01 0.203200E-01 0.188800E-01 0.189600E-01 0.162400E-01 0.160000E-01 0.156000E-01 0.132000E-01 0.156000E-01 0.124800E-01 0.124000E-01 0.116000E-01 0.124800E-01 0.968000E-02 0.816000E-02 0.840000E-02 0.752000E-02 0.672000E-02 0.656000E-02 0.552000E-02 0.688000E-02 0.552000E-02 0.608000E-02 0.536000E-02 0.464000E-02 0.456000E-02 0.488000E-02 0.408000E-02 0.440000E-02 0.256000E-02 0.336000E-02 0.368000E-02 0.288000E-02 0.224000E-02 0.200000E-02 0.144000E-02 0.160000E-02 0.200000E-02 0.192000E-02 0.208000E-02 0.144000E-02 0.160000E-02 0.128000E-02 0.192000E-02 0.880000E-03 0.800000E-03 0.880000E-03 0.136000E-02 0.880000E-03 0.640000E-03 0.400000E-03 0.800000E-03 0.800000E-03 0.640000E-03 0.400000E-03 0.640000E-03 0.320000E-03 0.240000E-03 0.400000E-03 0.240000E-03 0.800000E-04 0.240000E-03 0.160000E-03 0.800000E-04 0.240000E-03 0.800000E-04 0.240000E-03 0.800000E-04 0.320000E-03 0.800000E-04 0.800000E-04 0.800000E-04 0.800000E-04 0.800000E-04 0.000000E+00 0.800000E-04 0.000000E+00 0.800000E-04 0.000000E+00 0.000000E+00 0.000000E+00 0.000000E+00 0.000000E+00 0.000000E+00 0.000000E+00 0.800000E-04 0.000000E+00 0.000000E+00 0.000000E+00 0.000000E+00 0.800000E-04 0.000000E+00 0.000000E+00 0.000000E+00 0.000000E+00 0.000000E+00 0.000000E+00 0.800000E-04 0.000000E+00 0.000000E+00 0.000000E+00 0.000000E+00 0.000000E+00 0.000000E+00 0.000000E+00 0.000000E+00 0.000000E+00 0.000000E+00 0.000000E+00 0.000000E+00 0.000000E+00 0.000000E+00 0.000000E+00 0.000000E+00 0.000000E+00 0.000000E+00 0.000000E+00 0.000000E+00 0.000000E+00 0.000000E+00 0.000000E+00 0.000000E+00 0.000000E+00 0.000000E+00 0.000000E+00 0.000000E+00 0.000000E+00 0.000000E+00 0.000000E+00 0.000000E+00 0.000000E+00 0.000000E+00 0.000000E+00 0.000000E+00 0.000000E+00 0.000000E+00 0.000000E+00 0.000000E+00 0.000000E+00
 0.180672E+01 0.161408E+01 0.138568E+01 0.123088E+01 0.108504E+01 0.972240E+00 0.880080E+00 0.794960E+00 0.728880E+00 0.673760E+00 0.602400E+00 0.566960E+00 0.512560E+00 0.482000E+00 0.435680E+00 0.406880E+00 0.376000E+00 0.343120E+00 0.314000E+00 0.303360E+00 0.273200E+00 0.250320E+00 0.244160E+00 0.224880E+00 0.216000E+00 0.192560E+00 0.187200E+00 0.181120E+00 0.152640E+00 0.155760E+00 0.144880E+00 0.135680E+00 0.120880E+00 0.112400E+00 0.115120E+00 0.997600E-01 0.988000E-01 0.902400E-01 0.882400E-01 0.812000E-01 0.793600E-01 0.711200E-01 0.648800E-01 0.608000E-01 0.636800E-01 0.539200E-01 0.527200E-01 0.527200E-01 0.492800E-01 0.409600E-01 0.421600E-01 0.410400E-01 0.370400E-01 0.333600E-01 0.334400E-01 0.340800E-01 0.276000E-01 0.267200E-01 0.258400E-01 0.263200E-01 0.228000E-01 0.204800E-01 0.196000E-01 0.181600E-01 0.180800E-01 0.148800E-01 0.140800E-01 0.149600E-01 0.143200E-01 0.139200E-01 0.122400E-01 0.120000E-01 0.116800E-01 0.872000E-02 0.102400E-01 0.944000E-02 0.888000E-02 0.912000E-02 0.888000E-02 0.664000E-02 0.600000E-02 0.552000E-02 0.608000E-02 0.432000E-02 0.480000E-02 0.504000E-02 0.472000E-02 0.448000E-02 0.344000E-02 0.352000E-02 0.392000E-02 0.344000E-02 0.288000E-02 0.232000E-02 0.192000E-02 0.240000E-02 0.320000E-02 0.168000E-02 0.248000E-02 0.200000E-02 0.136000E-02 0.136000E-02 0.120000E-02 0.144000E-02 0.192000E-02 0.112000E-02 0.960000E-03 0.160000E-02 0.800000E-03 0.800000E-03 0.720000E-03 0.400000E-03 0.720000E-03 0.400000E-03 0.800000E-03 0.560000E-03 0.160000E-03 0.240000E-03 0.240000E-03 0.320000E-03 0.160000E-03 0.800000E-04 0.320000E-03 0.160000E-03 0.800000E-04 0.800000E-04 0.320000E-03 0.240000E-03 0.800000E-04 0.800000E-04 0.800000E-04 0.320000E-03 0.160000E-03 0.160000E-03 0.800000E-04 0.000000E+00 0.800000E-04 0.800000E-04 0.800000E-04 0.800000E-04 0.000000E+00 0.000000E+00 0.000000E+00 0.000000E+00 0.000000E+00 0.000000E+00 0.000000E+00 0.800000E-04 0.000000E+00 0.000000E+00 0.000000E+00 0.000000E+00 0.000000E+00 0.000000E+00 0.000000E+00 0.000000E+00 0.000000E+00 0.000000E+00 0.000000E+00 0.000000E+00 0.000000E+00 0.000000E+00 0.000000E+00 0.000000E+00 0.000000E+00 0.000000E+00 0.000000E+00 0.000000E+00 0.000000E+00 0.000000E+00 0.000000E+00 0.000000E+00 0.000000E+00 0.000000E+00 0.000000E+00 0.000000E+00 0.000000E+00 0.000000E+00 0.000000E+00 0.000000E+00 0.000000E+00 0.000000E+00 0.000000E+00 0.000000E+00 0.000000E+00 0.000000E+00 0.000000E+00 0.000000E+00 0.000000E+00 0.000000E+00 0.000000E+00 0.000000E+00 0.000000E+00 0.000000E+00 0.000000E+00 0.000000E+00 0.000000E+00 0.000000E+00 0.000000E+00 0.000000E+00
 0.863200E-01 0.802400E-01 0.628000E-01 0.524800E-01 0.423200E-01 0.379200E-01 0.316800E-01 0.299200E-01 0.227200E-01 0.217600E-01 0.166400E-01 0.171200E-01 0.150400E-01 0.129600E-01 0.106400E-01 0.111200E-01 0.944000E-02 0.800000E-02 0.840000E-02 0.752000E-02 0.600000E-02 0.584000E-02 0.448000E-02 0.424000E-02 0.400000E-02 0.408000E-02 0.504000E-02 0.384000E-02 0.344000E-02 0.416000E-02 0.280000E-02 0.224000E-02 0.240000E-02 0.232000E-02 0.192000E-02 0.128000E-02 0.152000E-02 0.208000E-02 0.168000E-02 0.800000E-03 0.120000E-02 0.160000E-02 0.128000E-02 0.144000E-02 0.232000E-02 0.136000E-02 0.800000E-03 0.160000E-02 0.800000E-03 0.800000E-03 0.400000E-03 0.560000E-03 0.104000E-02 0.960000E-03 0.640000E-03 0.400000E-03 0.560000E-03 0.880000E-03 0.120000E-02 0.104000E-02 0.320000E-03 0.960000E-03 0.320000E-03 0.320000E-03 0.400000E-03 0.400000E-03 0.400000E-03 0.800000E-04 0.640000E-03 0.640000E-03 0.240000E-03 0.160000E-03 0.240000E-03 0.400000E-03 0.480000E-03 0.480000E-03 0.400000E-03 0.400000E-03 0.160000E-03 0.320000E-03 0.400000E-03 0.240000E-03 0.480000E-03 0.000000E+00 0.160000E-03 0.400000E-03 0.240000E-03 0.240000E-03 0.800000E-04 0.480000E-03 0.800000E-04 0.160000E-03 0.800000E-04 0.160000E-03 0.160000E-03 0.240000E-03 0.000000E+00 0.240000E-03 0.000000E+00 0.800000E-04 0.000000E+00 0.000000E+00 0.000000E+00 0.800000E-04 0.000000E+00 0.000000E+00 0.000000E+00 0.800000E-04 0.160000E-03 0.800000E-04 0.800000E-04 0.000000E+00 0.800000E-04 0.000000E+00 0.000000E+00 0.800000E-04 0.800000E-04 0.000000E+00 0.000000E+00 0.000000E+00 0.800000E-04 0.000000E+00 0.000000E+00 0.000000E+00 0.000000E+00 0.000000E+00 0.000000E+00 0.800000E-04 0.000000E+00 0.000000E+00 0.000000E+00 0.000000E+00 0.000000E+00 0.000000E+00 0.000000E+00 0.800000E-04 0.000000E+00 0.000000E+00 0.000000E+00 0.000000E+00 0.000000E+00 0.000000E+00 0.000000E+00 0.000000E+00 0.000000E+00 0.000000E+00 0.000000E+00 0.000000E+00 0.800000E-04 0.000000E+00 0.000000E+00 0.000000E+00 0.000000E+00 0.000000E+00 0.800000E-04 0.000000E+00 0.000000E+00 0.000000E+00 0.000000E+00 0.000000E+00 0.000000E+00 0.000000E+00 0.000000E+00 0.000000E+00 0.000000E+00 0.000000E+00 0.000000E+00 0.000000E+00 0.000000E+00 0.000000E+00 0.000000E+00 0.000000E+00 0.000000E+00 0.000000E+00 0.000000E+00 0.000000E+00 0.000000E+00 0.000000E+00 0.000000E+00 0.000000E+00 0.000000E+00 0.000000E+00 0.000000E+00 0.000000E+00 0.000000E+00 0.000000E+00 0.000000E+00 0.000000E+00 0.000000E+00 0.000000E+00 0.000000E+00 0.000000E+00 0.000000E+00 0.000000E+00 0.000000E+00 0.000000E+00 0.000000E+00 0.000000E+00 0.000000E+00 0.000000E+00
 0.936800E-01 0.787200E-01 0.639200E-01 0.546400E-01 0.455200E-01 0.368000E-01 0.312000E-01 0.263200E-01 0.224800E-01 0.198400E-01 0.190400E-01 0.136000E-01 0.135200E-01 0.120800E-01 0.115200E-01 0.104800E-01 0.872000E-02 0.808000E-02 0.872000E-02 0.584000E-02 0.568000E-02 0.440000E-02 0.464000E-02 0.336000E-02 0.464000E-02 0.456000E-02 0.368000E-02 0.376000E-02 0.352000E-02 0.360000E-02 0.312000E-02 0.328000E-02 0.208000E-02 0.224000E-02 0.152000E-02 0.224000E-02 0.192000E-02 0.192000E-02 0.152000E-02 0.160000E-02 0.128000E-02 0.176000E-02 0.176000E-02 0.120000E-02 0.104000E-02 0.112000E-02 0.960000E-03 0.960000E-03 0.136000E-02 0.112000E-02 0.144000E-02 0.104000E-02 0.880000E-03 0.112000E-02 0.120000E-02 0.960000E-03 0.800000E-03 0.800000E-03 0.960000E-03 0.640000E-03 0.880000E-03 0.480000E-03 0.480000E-03 0.880000E-03 0.720000E-03 0.480000E-03 0.480000E-03 0.400000E-03 0.160000E-03 0.160000E-03 0.320000E-03 0.720000E-03 0.320000E-03 0.000000E+00 0.400000E-03 0.400000E-03 0.240000E-03 0.800000E-04 0.640000E-03 0.240000E-03 0.240000E-03 0.240000E-03 0.240000E-03 0.320000E-03 0.800000E-04 0.160000E-03 0.160000E-03 0.800000E-04 0.800000E-04 0.800000E-04 0.800000E-04 0.160000E-03 0.320000E-03 0.800000E-04 0.160000E-03 0.160000E-03 0.800000E-04 0.000000E+00 0.000000E+00 0.800000E-04 0.160000E-03 0.000000E+00 0.160000E-03 0.000000E+00 0.000000E+00 0.800000E-04 0.800000E-04 0.800000E-04 0.800000E-04 0.240000E-03 0.000000E+00 0.000000E+00 0.000000E+00 0.000000E+00 0.000000E+00 0.000000E+00 0.000000E+00 0.000000E+00 0.000000E+00 0.800000E-04 0.000000E+00 0.000000E+00 0.000000E+00 0.000000E+00 0.000000E+00 0.000000E+00 0.800000E-04 0.800000E-04 0.000000E+00 0.800000E-04 0.000000E+00 0.000000E+00 0.000000E+00 0.000000E+00 0.000000E+00 0.000000E+00 0.000000E+00 0.000000E+00 0.000000E+00 0.000000E+00 0.000000E+00 0.000000E+00 0.000000E+00 0.000000E+00 0.000000E+00 0.000000E+00 0.000000E+00 0.000000E+00 0.000000E+00 0.000000E+00 0.000000E+00 0.000000E+00 0.000000E+00 0.000000E+00 0.000000E+00 0.000000E+00 0.000000E+00 0.000000E+00 0.000000E+00 0.000000E+00 0.000000E+00 0.000000E+00 0.000000E+00 0.000000E+00 0.000000E+00 0.000000E+00 0.000000E+00 0.000000E+00 0.000000E+00 0.000000E+00 0.000000E+00 0.000000E+00 0.000000E+00 0.000000E+00 0.000000E+00 0.000000E+00 0.000000E+00 0.000000E+00 0.000000E+00 0.000000E+00 0.000000E+00 0.000000E+00 0.000000E+00 0.000000E+00 0.000000E+00 0.000000E+00 0.000000E+00 0.000000E+00 0.000000E+00 0.000000E+00 0.000000E+00 0.000000E+00 0.000000E+00 0.000000E+00 0.000000E+00 0.000000E+00 0.000000E+00 0.000000E+00 0.000000E+00 0.000000E+00
 0.177592E+01 0.157168E+01 0.135272E+01 0.121984E+01 0.105472E+01 0.944960E+00 0.852560E+00 0.762000E+00 0.708720E+00 0.623120E+00 0.578800E+00 0.531200E+00 0.463840E+00 0.448400E+00 0.405120E+00 0.364560E+00 0.341200E+00 0.305120E+00 0.279680E+00 0.269200E+00 0.253120E+00 0.233840E+00 0.211280E+00 0.200800E+00 0.185120E+00 0.173120E+00 0.164000E+00 0.148320E+00 0.132800E+00 0.131760E+00 0.124640E+00 0.106160E+00 0.980800E-01 0.980000E-01 0.900000E-01 0.865600E-01 0.792000E-01 0.732000E-01 0.743200E-01 0.624000E-01 0.596000E-01 0.544800E-01 0.530400E-01 0.480800E-01 0.489600E-01 0.431200E-01 0.397600E-01 0.362400E-01 0.388800E-01 0.347200E-01 0.321600E-01 0.284800E-01 0.268000E-01 0.244800E-01 0.236000E-01 0.218400E-01 0.233600E-01 0.184000E-01 0.171200E-01 0.180000E-01 0.169600E-01 0.160000E-01 0.152800E-01 0.140000E-01 0.120000E-01 0.108800E-01 0.104000E-01 0.904000E-02 0.896000E-02 0.896000E-02 0.888000E-02 0.712000E-02 0.760000E-02 0.600000E-02 0.680000E-02 0.536000E-02 0.536000E-02 0.376000E-02 0.528000E-02 0.472000E-02 0.376000E-02 0.352000E-02 0.336000E-02 0.416000E-02 0.312000E-02 0.360000E-02 0.280000E-02 0.224000E-02 0.320000E-02 0.208000E-02 0.152000E-02 0.112000E-02 0.176000E-02 0.216000E-02 0.168000E-02 0.136000E-02 0.120000E-02 0.144000E-02 0.104000E-02 0.880000E-03 0.120000E-02 0.800000E-03 0.880000E-03 0.880000E-03 0.560000E-03 0.640000E-03 0.640000E-03 0.320000E-03 0.560000E-03 0.400000E-03 0.880000E-03 0.400000E-03 0.160000E-03 0.480000E-03 0.240000E-03 0.400000E-03 0.320000E-03 0.160000E-03 0.800000E-04 0.160000E-03 0.240000E-03 0.800000E-04 0.160000E-03 0.480000E-03 0.240000E-03 0.240000E-03 0.160000E-03 0.000000E+00 0.000000E+00 0.000000E+00 0.000000E+00 0.800000E-04 0.800000E-04 0.800000E-04 0.000000E+00 0.000000E+00 0.000000E+00 0.000000E+00 0.000000E+00 0.000000E+00 0.800000E-04 0.000000E+00 0.000000E+00 0.000000E+00 0.000000E+00 0.000000E+00 0.800000E-04 0.000000E+00 0.000000E+00 0.000000E+00 0.000000E+00 0.000000E+00 0.000000E+00 0.000000E+00 0.000000E+00 0.000000E+00 0.000000E+00 0.000000E+00 0.000000E+00 0.000000E+00 0.000000E+00 0.000000E+00 0.000000E+00 0.000000E+00 0.000000E+00 0.000000E+00 0.000000E+00 0.000000E+00 0.000000E+00 0.000000E+00 0.000000E+00 0.000000E+00 0.000000E+00 0.000000E+00 0.000000E+00 0.000000E+00 0.000000E+00 0.000000E+00 0.000000E+00 0.000000E+00 0.000000E+00 0.000000E+00 0.000000E+00 0.000000E+00 0.000000E+00 0.000000E+00 0.000000E+00 0.000000E+00 0.000000E+00 0.000000E+00 0.000000E+00 0.000000E+00 0.000000E+00 0.000000E+00 0.000000E+00 0.000000E+00 0.000000E+00 0.000000E+00 0.000000E+00 0.000000E+00
 0.175752E+01 0.156024E+01 0.137064E+01 0.121080E+01 0.106368E+01 0.962880E+00 0.856240E+00 0.778880E+00 0.710080E+00 0.636480E+00 0.592080E+00 0.544000E+00 0.489760E+00 0.464800E+00 0.418240E+00 0.381600E+00 0.351680E+00 0.327120E+00 0.296000E+00 0.275200E+00 0.261920E+00 0.247520E+00 0.223840E+00 0.216000E+00 0.196960E+00 0.180160E+00 0.169760E+00 0.152320E+00 0.148880E+00 0.142400E+00 0.129760E+00 0.121680E+00 0.107360E+00 0.112880E+00 0.984800E-01 0.910400E-01 0.878400E-01 0.847200E-01 0.727200E-01 0.748000E-01 0.680000E-01 0.673600E-01 0.600800E-01 0.544800E-01 0.530400E-01 0.483200E-01 0.488800E-01 0.425600E-01 0.436800E-01 0.406400E-01 0.342400E-01 0.367200E-01 0.324800E-01 0.305600E-01 0.280000E-01 0.299200E-01 0.264800E-01 0.227200E-01 0.201600E-01 0.216000E-01 0.172000E-01 0.165600E-01 0.203200E-01 0.162400E-01 0.172000E-01 0.143200E-01 0.136000E-01 0.117600E-01 0.100000E-01 0.104000E-01 0.896000E-02 0.904000E-02 0.824000E-02 0.816000E-02 0.832000E-02 0.736000E-02 0.744000E-02 0.648000E-02 0.616000E-02 0.624000E-02 0.480000E-02 0.360000E-02 0.352000E-02 0.328000E-02 0.360000E-02 0.336000E-02 0.312000E-02 0.392000E-02 0.352000E-02 0.280000E-02 0.280000E-02 0.264000E-02 0.256000E-02 0.144000E-02 0.152000E-02 0.168000E-02 0.144000E-02 0.128000E-02 0.112000E-02 0.120000E-02 0.960000E-03 0.168000E-02 0.128000E-02 0.104000E-02 0.144000E-02 0.800000E-03 0.480000E-03 0.560000E-03 0.240000E-03 0.720000E-03 0.320000E-03 0.400000E-03 0.880000E-03 0.240000E-03 0.640000E-03 0.160000E-03 0.400000E-03 0.240000E-03 0.480000E-03 0.240000E-03 0.160000E-03 0.240000E-03 0.160000E-03 0.000000E+00 0.000000E+00 0.320000E-03 0.160000E-03 0.160000E-03 0.800000E-04 0.800000E-04 0.000000E+00 0.800000E-04 0.800000E-04 0.160000E-03 0.800000E-04 0.000000E+00 0.000000E+00 0.000000E+00 0.000000E+00 0.000000E+00 0.000000E+00 0.000000E+00 0.000000E+00 0.000000E+00 0.000000E+00 0.000000E+00 0.800000E-04 0.800000E-04 0.000000E+00 0.000000E+00 0.000000E+00 0.000000E+00 0.000000E+00 0.000000E+00 0.000000E+00 0.000000E+00 0.000000E+00 0.000000E+00 0.000000E+00 0.000000E+00 0.000000E+00 0.000000E+00 0.000000E+00 0.000000E+00 0.000000E+00 0.000000E+00 0.000000E+00 0.000000E+00 0.000000E+00 0.000000E+00 0.000000E+00 0.000000E+00 0.000000E+00 0.000000E+00 0.000000E+00 0.000000E+00 0.000000E+00 0.000000E+00 0.000000E+00 0.000000E+00 0.000000E+00 0.000000E+00 0.000000E+00 0.000000E+00 0.000000E+00 0.000000E+00 0.000000E+00 0.000000E+00 0.000000E+00 0.000000E+00 0.000000E+00 0.000000E+00 0.000000E+00 0.000000E+00 0.000000E+00 0.000000E+00 0.000000E+00 0.000000E+00 0.000000E+00 0.000000E+00
 0.180952E+01 0.159448E+01 0.138208E+01 0.122712E+01 0.108864E+01 0.942800E+00 0.854560E+00 0.774160E+00 0.705440E+00 0.627760E+00 0.581840E+00 0.521600E+00 0.473280E+00 0.437280E+00 0.402000E+00 0.360800E+00 0.337280E+00 0.309440E+00 0.286000E+00 0.265280E+00 0.243200E+00 0.230800E+00 0.205040E+00 0.188240E+00 0.182800E+00 0.168960E+00 0.157040E+00 0.142080E+00 0.137520E+00 0.126560E+00 0.120480E+00 0.109280E+00 0.101200E+00 0.973600E-01 0.886400E-01 0.831200E-01 0.760000E-01 0.717600E-01 0.642400E-01 0.601600E-01 0.592800E-01 0.563200E-01 0.495200E-01 0.492800E-01 0.469600E-01 0.421600E-01 0.396800E-01 0.368000E-01 0.324800E-01 0.303200E-01 0.301600E-01 0.300800E-01 0.280800E-01 0.246400E-01 0.247200E-01 0.215200E-01 0.197600E-01 0.163200E-01 0.182400E-01 0.180000E-01 0.152800E-01 0.164800E-01 0.132800E-01 0.122400E-01 0.129600E-01 0.104800E-01 0.104800E-01 0.920000E-02 0.888000E-02 0.904000E-02 0.728000E-02 0.792000E-02 0.680000E-02 0.688000E-02 0.632000E-02 0.504000E-02 0.480000E-02 0.456000E-02 0.408000E-02 0.296000E-02 0.368000E-02 0.352000E-02 0.328000E-02 0.288000E-02 0.368000E-02 0.272000E-02 0.216000E-02 0.280000E-02 0.240000E-02 0.216000E-02 0.128000E-02 0.192000E-02 0.216000E-02 0.112000E-02 0.112000E-02 0.120000E-02 0.960000E-03 0.640000E-03 0.880000E-03 0.128000E-02 0.104000E-02 0.720000E-03 0.800000E-03 0.800000E-03 0.104000E-02 0.400000E-03 0.400000E-03 0.560000E-03 0.640000E-03 0.480000E-03 0.240000E-03 0.800000E-04 0.400000E-03 0.400000E-03 0.400000E-03 0.160000E-03 0.400000E-03 0.160000E-03 0.160000E-03 0.240000E-03 0.800000E-04 0.800000E-04 0.000000E+00 0.000000E+00 0.800000E-04 0.000000E+00 0.000000E+00 0.000000E+00 0.000000E+00 0.800000E-04 0.000000E+00 0.800000E-04 0.800000E-04 0.000000E+00 0.000000E+00 0.000000E+00 0.800000E-04 0.000000E+00 0.000000E+00 0.000000E+00 0.000000E+00 0.000000E+00 0.000000E+00 0.000000E+00 0.000000E+00 0.000000E+00 0.000000E+00 0.000000E+00 0.000000E+00 0.000000E+00 0.000000E+00 0.800000E-04 0.000000E+00 0.000000E+00 0.000000E+00 0.000000E+00 0.000000E+00 0.000000E+00 0.800000E-04 0.000000E+00 0.000000E+00 0.000000E+00 0.000000E+00 0.000000E+00 0.000000E+00 0.000000E+00 0.000000E+00 0.000000E+00 0.000000E+00 0.000000E+00 0.000000E+00 0.000000E+00 0.000000E+00 0.000000E+00 0.000000E+00 0.000000E+00 0.000000E+00 0.000000E+00 0.000000E+00 0.000000E+00 0.000000E+00 0.000000E+00 0.000000E+00 0.000000E+00 0.000000E+00 0.000000E+00 0.000000E+00 0.000000E+00 0.000000E+00 0.000000E+00 0.000000E+00 0.000000E+00 0.000000E+00 0.000000E+00 0.000000E+00 0.000000E+00 0.000000E+00 0.000000E+00 0.000000E+00 0.000000E+00
 0.180824E+01 0.161520E+01 0.138168E+01 0.122256E+01 0.107480E+01 0.958240E+00 0.864560E+00 0.779440E+00 0.711200E+00 0.654240E+00 0.587520E+00 0.544000E+00 0.492640E+00 0.460000E+00 0.414000E+00 0.386640E+00 0.354000E+00 0.326240E+00 0.294160E+00 0.282320E+00 0.253840E+00 0.231440E+00 0.225120E+00 0.206160E+00 0.197760E+00 0.174240E+00 0.171760E+00 0.162720E+00 0.136480E+00 0.137680E+00 0.128720E+00 0.118640E+00 0.106000E+00 0.100720E+00 0.100480E+00 0.865600E-01 0.860000E-01 0.780800E-01 0.756000E-01 0.704000E-01 0.680000E-01 0.604000E-01 0.528800E-01 0.524000E-01 0.528800E-01 0.459200E-01 0.443200E-01 0.435200E-01 0.402400E-01 0.339200E-01 0.334400E-01 0.321600E-01 0.303200E-01 0.264000E-01 0.280000E-01 0.275200E-01 0.219200E-01 0.217600E-01 0.204800E-01 0.215200E-01 0.169600E-01 0.160800E-01 0.159200E-01 0.148800E-01 0.135200E-01 0.117600E-01 0.992000E-02 0.116000E-01 0.112800E-01 0.103200E-01 0.904000E-02 0.904000E-02 0.872000E-02 0.656000E-02 0.776000E-02 0.640000E-02 0.632000E-02 0.632000E-02 0.584000E-02 0.520000E-02 0.408000E-02 0.392000E-02 0.432000E-02 0.232000E-02 0.336000E-02 0.328000E-02 0.320000E-02 0.336000E-02 0.240000E-02 0.208000E-02 0.288000E-02 0.216000E-02 0.160000E-02 0.192000E-02 0.136000E-02 0.160000E-02 0.200000E-02 0.112000E-02 0.144000E-02 0.112000E-02 0.800000E-03 0.120000E-02 0.720000E-03 0.720000E-03 0.104000E-02 0.720000E-03 0.640000E-03 0.800000E-03 0.560000E-03 0.640000E-03 0.560000E-03 0.160000E-03 0.400000E-03 0.240000E-03 0.720000E-03 0.240000E-03 0.160000E-03 0.160000E-03 0.160000E-03 0.800000E-04 0.000000E+00 0.800000E-04 0.800000E-04 0.800000E-04 0.800000E-04 0.800000E-04 0.160000E-03 0.160000E-03 0.800000E-04 0.000000E+00 0.800000E-04 0.800000E-04 0.800000E-04 0.160000E-03 0.800000E-04 0.000000E+00 0.800000E-04 0.000000E+00 0.000000E+00 0.800000E-04 0.000000E+00 0.000000E+00 0.000000E+00 0.000000E+00 0.000000E+00 0.000000E+00 0.000000E+00 0.800000E-04 0.000000E+00 0.000000E+00 0.000000E+00 0.000000E+00 0.000000E+00 0.000000E+00 0.000000E+00 0.000000E+00 0.000000E+00 0.000000E+00 0.000000E+00 0.000000E+00 0.000000E+00 0.000000E+00 0.000000E+00 0.000000E+00 0.000000E+00 0.000000E+00 0.000000E+00 0.000000E+00 0.000000E+00 0.000000E+00 0.000000E+00 0.000000E+00 0.000000E+00 0.000000E+00 0.000000E+00 0.000000E+00 0.000000E+00 0.000000E+00 0.000000E+00 0.000000E+00 0.000000E+00 0.000000E+00 0.000000E+00 0.000000E+00 0.000000E+00 0.000000E+00 0.000000E+00 0.000000E+00 0.000000E+00 0.000000E+00 0.000000E+00 0.000000E+00 0.000000E+00 0.000000E+00 0.000000E+00 0.000000E+00 0.000000E+00 0.000000E+00 0.000000E+00 0.000000E+00
 0.894400E-01 0.828800E-01 0.649600E-01 0.540000E-01 0.438400E-01 0.387200E-01 0.322400E-01 0.304000E-01 0.230400E-01 0.225600E-01 0.169600E-01 0.167200E-01 0.151200E-01 0.126400E-01 0.104800E-01 0.109600E-01 0.912000E-02 0.760000E-02 0.872000E-02 0.736000E-02 0.576000E-02 0.584000E-02 0.408000E-02 0.384000E-02 0.376000E-02 0.392000E-02 0.416000E-02 0.376000E-02 0.304000E-02 0.360000E-02 0.256000E-02 0.208000E-02 0.200000E-02 0.224000E-02 0.184000E-02 0.128000E-02 0.120000E-02 0.208000E-02 0.120000E-02 0.720000E-03 0.120000E-02 0.112000E-02 0.104000E-02 0.120000E-02 0.232000E-02 0.120000E-02 0.560000E-03 0.136000E-02 0.720000E-03 0.560000E-03 0.480000E-03 0.640000E-03 0.104000E-02 0.800000E-03 0.560000E-03 0.400000E-03 0.400000E-03 0.720000E-03 0.880000E-03 0.800000E-03 0.240000E-03 0.720000E-03 0.320000E-03 0.160000E-03 0.320000E-03 0.320000E-03 0.160000E-03 0.000000E+00 0.560000E-03 0.560000E-03 0.000000E+00 0.000000E+00 0.240000E-03 0.240000E-03 0.320000E-03 0.320000E-03 0.160000E-03 0.240000E-03 0.000000E+00 0.240000E-03 0.320000E-03 0.800000E-04 0.320000E-03 0.000000E+00 0.800000E-04 0.320000E-03 0.320000E-03 0.160000E-03 0.000000E+00 0.320000E-03 0.800000E-04 0.160000E-03 0.800000E-04 0.800000E-04 0.000000E+00 0.240000E-03 0.000000E+00 0.800000E-04 0.000000E+00 0.000000E+00 0.000000E+00 0.000000E+00 0.000000E+00 0.000000E+00 0.000000E+00 0.000000E+00 0.000000E+00 0.000000E+00 0.000000E+00 0.000000E+00 0.800000E-04 0.000000E+00 0.800000E-04 0.000000E+00 0.000000E+00 0.800000E-04 0.000000E+00 0.000000E+00 0.000000E+00 0.000000E+00 0.800000E-04 0.000000E+00 0.000000E+00 0.000000E+00 0.000000E+00 0.000000E+00 0.000000E+00 0.000000E+00 0.000000E+00 0.000000E+00 0.000000E+00 0.000000E+00 0.000000E+00 0.000000E+00 0.000000E+00 0.800000E-04 0.000000E+00 0.000000E+00 0.000000E+00 0.000000E+00 0.000000E+00 0.000000E+00 0.000000E+00 0.000000E+00 0.000000E+00 0.000000E+00 0.000000E+00 0.000000E+00 0.000000E+00 0.000000E+00 0.000000E+00 0.000000E+00 0.000000E+00 0.000000E+00 0.000000E+00 0.000000E+00 0.000000E+00 0.000000E+00 0.000000E+00 0.000000E+00 0.000000E+00 0.000000E+00 0.000000E+00 0.000000E+00 0.000000E+00 0.000000E+00 0.000000E+00 0.000000E+00 0.000000E+00 0.000000E+00 0.000000E+00 0.000000E+00 0.000000E+00 0.000000E+00 0.000000E+00 0.000000E+00 0.000000E+00 0.000000E+00 0.000000E+00 0.000000E+00 0.000000E+00 0.000000E+00 0.000000E+00 0.000000E+00 0.000000E+00 0.000000E+00 0.000000E+00 0.000000E+00 0.000000E+00 0.000000E+00 0.000000E+00 0.000000E+00 0.000000E+00 0.000000E+00 0.000000E+00 0.000000E+00 0.000000E+00 0.000000E+00 0.000000E+00 0.000000E+00
 0.946400E-01 0.800800E-01 0.642400E-01 0.555200E-01 0.462400E-01 0.379200E-01 0.312800E-01 0.266400E-01 0.228000E-01 0.196000E-01 0.195200E-01 0.140000E-01 0.134400E-01 0.120000E-01 0.112800E-01 0.108000E-01 0.864000E-02 0.808000E-02 0.872000E-02 0.560000E-02 0.536000E-02 0.456000E-02 0.448000E-02 0.336000E-02 0.456000E-02 0.464000E-02 0.368000E-02 0.368000E-02 0.328000E-02 0.344000E-02 0.288000E-02 0.320000E-02 0.168000E-02 0.200000E-02 0.160000E-02 0.208000E-02 0.200000E-02 0.168000E-02 0.136000E-02 0.144000E-02 0.128000E-02 0.160000E-02 0.168000E-02 0.960000E-03 0.104000E-02 0.112000E-02 0.800000E-03 0.960000E-03 0.120000E-02 0.104000E-02 0.136000E-02 0.960000E-03 0.720000E-03 0.880000E-03 0.960000E-03 0.880000E-03 0.480000E-03 0.800000E-03 0.880000E-03 0.560000E-03 0.800000E-03 0.400000E-03 0.400000E-03 0.720000E-03 0.640000E-03 0.560000E-03 0.320000E-03 0.400000E-03 0.160000E-03 0.000000E+00 0.240000E-03 0.720000E-03 0.320000E-03 0.000000E+00 0.320000E-03 0.400000E-03 0.160000E-03 0.000000E+00 0.480000E-03 0.240000E-03 0.160000E-03 0.160000E-03 0.240000E-03 0.320000E-03 0.800000E-04 0.160000E-03 0.160000E-03 0.000000E+00 0.800000E-04 0.800000E-04 0.800000E-04 0.800000E-04 0.320000E-03 0.160000E-03 0.160000E-03 0.160000E-03 0.000000E+00 0.000000E+00 0.000000E+00 0.800000E-04 0.800000E-04 0.000000E+00 0.160000E-03 0.000000E+00 0.000000E+00 0.800000E-04 0.800000E-04 0.800000E-04 0.800000E-04 0.240000E-03 0.000000E+00 0.000000E+00 0.000000E+00 0.000000E+00 0.000000E+00 0.000000E+00 0.000000E+00 0.000000E+00 0.000000E+00 0.000000E+00 0.000000E+00 0.000000E+00 0.000000E+00 0.000000E+00 0.000000E+00 0.000000E+00 0.800000E-04 0.000000E+00 0.000000E+00 0.800000E-04 0.000000E+00 0.000000E+00 0.000000E+00 0.000000E+00 0.000000E+00 0.000000E+00 0.000000E+00 0.000000E+00 0.000000E+00 0.000000E+00 0.000000E+00 0.000000E+00 0.000000E+00 0.000000E+00 0.000000E+00 0.000000E+00 0.000000E+00 0.000000E+00 0.000000E+00 0.000000E+00 0.000000E+00 0.000000E+00 0.000000E+00 0.000000E+00 0.000000E+00 0.000000E+00 0.000000E+00 0.000000E+00 0.000000E+00 0.000000E+00 0.000000E+00 0.000000E+00 0.000000E+00 0.000000E+00 0.000000E+00 0.000000E+00 0.000000E+00 0.000000E+00 0.000000E+00 0.000000E+00 0.000000E+00 0.000000E+00 0.000000E+00 0.000000E+00 0.000000E+00 0.000000E+00 0.000000E+00 0.000000E+00 0.000000E+00 0.000000E+00 0.000000E+00 0.000000E+00 0.000000E+00 0.000000E+00 0.000000E+00 0.000000E+00 0.000000E+00 0.000000E+00 0.000000E+00 0.000000E+00 0.000000E+00 0.000000E+00 0.000000E+00 0.000000E+00 0.000000E+00 0.000000E+00 0.000000E+00 0.000000E+00 0.000000E+00 0.000000E+00
 0.177592E+01 0.157168E+01 0.135272E+01 0.121984E+01 0.105472E+01 0.944960E+00 0.852560E+00 0.762000E+00 0.708720E+00 0.623120E+00 0.578800E+00 0.531200E+00 0.463840E+00 0.448400E+00 0.405120E+00 0.364560E+00 0.341200E+00 0.305120E+00 0.279680E+00 0.269200E+00 0.253120E+00 0.233840E+00 0.211280E+00 0.200800E+00 0.185120E+00 0.173120E+00 0.164000E+00 0.148320E+00 0.132800E+00 0.131760E+00 0.124640E+00 0.106160E+00 0.980800E-01 0.980000E-01 0.900000E-01 0.865600E-01 0.792000E-01 0.732000E-01 0.743200E-01 0.624000E-01 0.596000E-01 0.544800E-01 0.530400E-01 0.480800E-01 0.489600E-01 0.431200E-01 0.397600E-01 0.362400E-01 0.388800E-01 0.347200E-01 0.321600E-01 0.284800E-01 0.268000E-01 0.244800E-01 0.236000E-01 0.218400E-01 0.233600E-01 0.184000E-01 0.171200E-01 0.180000E-01 0.169600E-01 0.160000E-01 0.152800E-01 0.140000E-01 0.120000E-01 0.108800E-01 0.104000E-01 0.904000E-02 0.896000E-02 0.896000E-02 0.888000E-02 0.712000E-02 0.760000E-02 0.600000E-02 0.680000E-02 0.536000E-02 0.536000E-02 0.376000E-02 0.528000E-02 0.472000E-02 0.376000E-02 0.352000E-02 0.336000E-02 0.416000E-02 0.312000E-02 0.360000E-02 0.280000E-02 0.224000E-02 0.320000E-02 0.208000E-02 0.152000E-02 0.112000E-02 0.176000E-02 0.216000E-02 0.168000E-02 0.136000E-02 0.120000E-02 0.144000E-02 0.104000E-02 0.880000E-03 0.120000E-02 0.800000E-03 0.880000E-03 0.880000E-03 0.560000E-03 0.640000E-03 0.640000E-03 0.320000E-03 0.560000E-03 0.400000E-03 0.880000E-03 0.400000E-03 0.160000E-03 0.480000E-03 0.240000E-03 0.400000E-03 0.320000E-03 0.160000E-03 0.800000E-04 0.160000E-03 0.240000E-03 0.800000E-04 0.160000E-03 0.480000E-03 0.240000E-03 0.240000E-03 0.160000E-03 0.000000E+00 0.000000E+00 0.000000E+00 0.000000E+00 0.800000E-04 0.800000E-04 0.800000E-04 0.000000E+00 0.000000E+00 0.000000E+00 0.000000E+00 0.000000E+00 0.000000E+00 0.800000E-04 0.000000E+00 0.000000E+00 0.000000E+00 0.000000E+00 0.000000E+00 0.800000E-04 0.000000E+00 0.000000E+00 0.000000E+00 0.000000E+00 0.000000E+00 0.000000E+00 0.000000E+00 0.000000E+00 0.000000E+00 0.000000E+00 0.000000E+00 0.000000E+00 0.000000E+00 0.000000E+00 0.000000E+00 0.000000E+00 0.000000E+00 0.000000E+00 0.000000E+00 0.000000E+00 0.000000E+00 0.000000E+00 0.000000E+00 0.000000E+00 0.000000E+00 0.000000E+00 0.000000E+00 0.000000E+00 0.000000E+00 0.000000E+00 0.000000E+00 0.000000E+00 0.000000E+00 0.000000E+00 0.000000E+00 0.000000E+00 0.000000E+00 0.000000E+00 0.000000E+00 0.000000E+00 0.000000E+00 0.000000E+00 0.000000E+00 0.000000E+00 0.000000E+00 0.000000E+00 0.000000E+00 0.000000E+00 0.000000E+00 0.000000E+00 0.000000E+00 0.000000E+00 0.000000E+00
 0.175752E+01 0.156024E+01 0.137064E+01 0.121080E+01 0.106368E+01 0.962880E+00 0.856240E+00 0.778880E+00 0.710080E+00 0.636480E+00 0.592080E+00 0.544000E+00 0.489760E+00 0.464800E+00 0.418240E+00 0.381600E+00 0.351680E+00 0.327120E+00 0.296000E+00 0.275200E+00 0.261920E+00 0.247520E+00 0.223840E+00 0.216000E+00 0.196960E+00 0.180160E+00 0.169760E+00 0.152320E+00 0.148880E+00 0.142400E+00 0.129760E+00 0.121680E+00 0.107360E+00 0.112880E+00 0.984800E-01 0.910400E-01 0.878400E-01 0.847200E-01 0.727200E-01 0.748000E-01 0.680000E-01 0.673600E-01 0.600800E-01 0.544800E-01 0.530400E-01 0.483200E-01 0.488800E-01 0.425600E-01 0.436800E-01 0.406400E-01 0.342400E-01 0.367200E-01 0.324800E-01 0.305600E-01 0.280000E-01 0.299200E-01 0.264800E-01 0.227200E-01 0.201600E-01 0.216000E-01 0.172000E-01 0.165600E-01 0.203200E-01 0.162400E-01 0.172000E-01 0.143200E-01 0.136000E-01 0.117600E-01 0.100000E-01 0.104000E-01 0.896000E-02 0.904000E-02 0.824000E-02 0.816000E-02 0.832000E-02 0.736000E-02 0.744000E-02 0.648000E-02 0.616000E-02 0.624000E-02 0.480000E-02 0.360000E-02 0.352000E-02 0.328000E-02 0.360000E-02 0.336000E-02 0.312000E-02 0.392000E-02 0.352000E-02 0.280000E-02 0.280000E-02 0.264000E-02 0.256000E-02 0.144000E-02 0.152000E-02 0.168000E-02 0.144000E-02 0.128000E-02 0.112000E-02 0.120000E-02 0.960000E-03 0.168000E-02 0.128000E-02 0.104000E-02 0.144000E-02 0.800000E-03 0.480000E-03 0.560000E-03 0.240000E-03 0.720000E-03 0.320000E-03 0.400000E-03 0.880000E-03 0.240000E-03 0.640000E-03 0.160000E-03 0.400000E-03 0.240000E-03 0.480000E-03 0.240000E-03 0.160000E-03 0.240000E-03 0.160000E-03 0.000000E+00 0.000000E+00 0.320000E-03 0.160000E-03 0.160000E-03 0.800000E-04 0.800000E-04 0.000000E+00 0.800000E-04 0.800000E-04 0.160000E-03 0.800000E-04 0.000000E+00 0.000000E+00 0.000000E+00 0.000000E+00 0.000000E+00 0.000000E+00 0.000000E+00 0.000000E+00 0.000000E+00 0.000000E+00 0.000000E+00 0.800000E-04 0.800000E-04 0.000000E+00 0.000000E+00 0.000000E+00 0.000000E+00 0.000000E+00 0.000000E+00 0.000000E+00 0.000000E+00 0.000000E+00 0.000000E+00 0.000000E+00 0.000000E+00 0.000000E+00 0.000000E+00 0.000000E+00 0.000000E+00 0.000000E+00 0.000000E+00 0.000000E+00 0.000000E+00 0.000000E+00 0.000000E+00 0.000000E+00 0.000000E+00 0.000000E+00 0.000000E+00 0.000000E+00 0.000000E+00 0.000000E+00 0.000000E+00 0.000000E+00 0.000000E+00 0.000000E+00 0.000000E+00 0.000000E+00 0.000000E+00 0.000000E+00 0.000000E+00 0.000000E+00 0.000000E+00 0.000000E+00 0.000000E+00 0.000000E+00 0.000000E+00 0.000000E+00 0.000000E+00 0.000000E+00 0.000000E+00 0.000000E+00 0.000000E+00 0.000000E+00 0.000000E+00
 0.180952E+01 0.159448E+01 0.138208E+01 0.122712E+01 0.108864E+01 0.942800E+00 0.854560E+00 0.774160E+00 0.705440E+00 0.627760E+00 0.581840E+00 0.521600E+00 0.473280E+00 0.437280E+00 0.402000E+00 0.360800E+00 0.337280E+00 0.309440E+00 0.286000E+00 0.265280E+00 0.243200E+00 0.230800E+00 0.205040E+00 0.188240E+00 0.182800E+00 0.168960E+00 0.157040E+00 0.142080E+00 0.137520E+00 0.126560E+00 0.120480E+00 0.109280E+00 0.101200E+00 0.973600E-01 0.886400E-01 0.831200E-01 0.760000E-01 0.717600E-01 0.642400E-01 0.601600E-01 0.592800E-01 0.563200E-01 0.495200E-01 0.492800E-01 0.469600E-01 0.421600E-01 0.396800E-01 0.368000E-01 0.324800E-01 0.303200E-01 0.301600E-01 0.300800E-01 0.280800E-01 0.246400E-01 0.247200E-01 0.215200E-01 0.197600E-01 0.163200E-01 0.182400E-01 0.180000E-01 0.152800E-01 0.164800E-01 0.132800E-01 0.122400E-01 0.129600E-01 0.104800E-01 0.104800E-01 0.920000E-02 0.888000E-02 0.904000E-02 0.728000E-02 0.792000E-02 0.680000E-02 0.688000E-02 0.632000E-02 0.504000E-02 0.480000E-02 0.456000E-02 0.408000E-02 0.296000E-02 0.368000E-02 0.352000E-02 0.328000E-02 0.288000E-02 0.368000E-02 0.272000E-02 0.216000E-02 0.280000E-02 0.240000E-02 0.216000E-02 0.128000E-02 0.192000E-02 0.216000E-02 0.112000E-02 0.112000E-02 0.120000E-02 0.960000E-03 0.640000E-03 0.880000E-03 0.128000E-02 0.104000E-02 0.720000E-03 0.800000E-03 0.800000E-03 0.104000E-02 0.400000E-03 0.400000E-03 0.560000E-03 0.640000E-03 0.480000E-03 0.240000E-03 0.800000E-04 0.400000E-03 0.400000E-03 0.400000E-03 0.160000E-03 0.400000E-03 0.160000E-03 0.160000E-03 0.240000E-03 0.800000E-04 0.800000E-04 0.000000E+00 0.000000E+00 0.800000E-04 0.000000E+00 0.000000E+00 0.000000E+00 0.000000E+00 0.800000E-04 0.000000E+00 0.800000E-04 0.800000E-04 0.000000E+00 0.000000E+00 0.000000E+00 0.800000E-04 0.000000E+00 0.000000E+00 0.000000E+00 0.000000E+00 0.000000E+00 0.000000E+00 0.000000E+00 0.000000E+00 0.000000E+00 0.000000E+00 0.000000E+00 0.000000E+00 0.000000E+00 0.000000E+00 0.800000E-04 0.000000E+00 0.000000E+00 0.000000E+00 0.000000E+00 0.000000E+00 0.000000E+00 0.800000E-04 0.000000E+00 0.000000E+00 0.000000E+00 0.000000E+00 0.000000E+00 0.000000E+00 0.000000E+00 0.000000E+00 0.000000E+00 0.000000E+00 0.000000E+00 0.000000E+00 0.000000E+00 0.000000E+00 0.000000E+00 0.000000E+00 0.000000E+00 0.000000E+00 0.000000E+00 0.000000E+00 0.000000E+00 0.000000E+00 0.000000E+00 0.000000E+00 0.000000E+00 0.000000E+00 0.000000E+00 0.000000E+00 0.000000E+00 0.000000E+00 0.000000E+00 0.000000E+00 0.000000E+00 0.000000E+00 0.000000E+00 0.000000E+00 0.000000E+00 0.000000E+00 0.000000E+00 0.000000E+00 0.000000E+00
 0.180824E+01 0.161520E+01 0.138168E+01 0.122256E+01 0.107480E+01 0.958240E+00 0.864560E+00 0.779440E+00 0.711200E+00 0.654240E+00 0.587520E+00 0.544000E+00 0.492640E+00 0.460000E+00 0.414000E+00 0.386640E+00 0.354000E+00 0.326240E+00 0.294160E+00 0.282320E+00 0.253840E+00 0.231440E+00 0.225120E+00 0.206160E+00 0.197760E+00 0.174240E+00 0.171760E+00 0.162720E+00 0.136480E+00 0.137680E+00 0.128720E+00 0.118640E+00 0.106000E+00 0.100720E+00 0.100480E+00 0.865600E-01 0.860000E-01 0.780800E-01 0.756000E-01 0.704000E-01 0.680000E-01 0.604000E-01 0.528800E-01 0.524000E-01 0.528800E-01 0.459200E-01 0.443200E-01 0.435200E-01 0.402400E-01 0.339200E-01 0.334400E-01 0.321600E-01 0.303200E-01 0.264000E-01 0.280000E-01 0.275200E-01 0.219200E-01 0.217600E-01 0.204800E-01 0.215200E-01 0.169600E-01 0.160800E-01 0.159200E-01 0.148800E-01 0.135200E-01 0.117600E-01 0.992000E-02 0.116000E-01 0.112800E-01 0.103200E-01 0.904000E-02 0.904000E-02 0.872000E-02 0.656000E-02 0.776000E-02 0.640000E-02 0.632000E-02 0.632000E-02 0.584000E-02 0.520000E-02 0.408000E-02 0.392000E-02 0.432000E-02 0.232000E-02 0.336000E-02 0.328000E-02 0.320000E-02 0.336000E-02 0.240000E-02 0.208000E-02 0.288000E-02 0.216000E-02 0.160000E-02 0.192000E-02 0.136000E-02 0.160000E-02 0.200000E-02 0.112000E-02 0.144000E-02 0.112000E-02 0.800000E-03 0.120000E-02 0.720000E-03 0.720000E-03 0.104000E-02 0.720000E-03 0.640000E-03 0.800000E-03 0.560000E-03 0.640000E-03 0.560000E-03 0.160000E-03 0.400000E-03 0.240000E-03 0.720000E-03 0.240000E-03 0.160000E-03 0.160000E-03 0.160000E-03 0.800000E-04 0.000000E+00 0.800000E-04 0.800000E-04 0.800000E-04 0.800000E-04 0.800000E-04 0.160000E-03 0.160000E-03 0.800000E-04 0.000000E+00 0.800000E-04 0.800000E-04 0.800000E-04 0.160000E-03 0.800000E-04 0.000000E+00 0.800000E-04 0.000000E+00 0.000000E+00 0.800000E-04 0.000000E+00 0.000000E+00 0.000000E+00 0.000000E+00 0.000000E+00 0.000000E+00 0.000000E+00 0.800000E-04 0.000000E+00 0.000000E+00 0.000000E+00 0.000000E+00 0.000000E+00 0.000000E+00 0.000000E+00 0.000000E+00 0.000000E+00 0.000000E+00 0.000000E+00 0.000000E+00 0.000000E+00 0.000000E+00 0.000000E+00 0.000000E+00 0.000000E+00 0.000000E+00 0.000000E+00 0.000000E+00 0.000000E+00 0.000000E+00 0.000000E+00 0.000000E+00 0.000000E+00 0.000000E+00 0.000000E+00 0.000000E+00 0.000000E+00 0.000000E+00 0.000000E+00 0.000000E+00 0.000000E+00 0.000000E+00 0.000000E+00 0.000000E+00 0.000000E+00 0.000000E+00 0.000000E+00 0.000000E+00 0.000000E+00 0.000000E+00 0.000000E+00 0.000000E+00 0.000000E+00 0.000000E+00 0.000000E+00 0.000000E+00 0.000000E+00 0.000000E+00 0.000000E+00 0.000000E+00
 0.894400E-01 0.828800E-01 0.649600E-01 0.540000E-01 0.438400E-01 0.387200E-01 0.322400E-01 0.304000E-01 0.230400E-01 0.225600E-01 0.169600E-01 0.167200E-01 0.151200E-01 0.126400E-01 0.104800E-01 0.109600E-01 0.912000E-02 0.760000E-02 0.872000E-02 0.736000E-02 0.576000E-02 0.584000E-02 0.408000E-02 0.384000E-02 0.376000E-02 0.392000E-02 0.416000E-02 0.376000E-02 0.304000E-02 0.360000E-02 0.256000E-02 0.208000E-02 0.200000E-02 0.224000E-02 0.184000E-02 0.128000E-02 0.120000E-02 0.208000E-02 0.120000E-02 0.720000E-03 0.120000E-02 0.112000E-02 0.104000E-02 0.120000E-02 0.232000E-02 0.120000E-02 0.560000E-03 0.136000E-02 0.720000E-03 0.560000E-03 0.480000E-03 0.640000E-03 0.104000E-02 0.800000E-03 0.560000E-03 0.400000E-03 0.400000E-03 0.720000E-03 0.880000E-03 0.800000E-03 0.240000E-03 0.720000E-03 0.320000E-03 0.160000E-03 0.320000E-03 0.320000E-03 0.160000E-03 0.000000E+00 0.560000E-03 0.560000E-03 0.000000E+00 0.000000E+00 0.240000E-03 0.240000E-03 0.320000E-03 0.320000E-03 0.160000E-03 0.240000E-03 0.000000E+00 0.240000E-03 0.320000E-03 0.800000E-04 0.320000E-03 0.000000E+00 0.800000E-04 0.320000E-03 0.320000E-03 0.160000E-03 0.000000E+00 0.320000E-03 0.800000E-04 0.160000E-03 0.800000E-04 0.800000E-04 0.000000E+00 0.240000E-03 0.000000E+00 0.800000E-04 0.000000E+00 0.000000E+00 0.000000E+00 0.000000E+00 0.000000E+00 0.000000E+00 0.000000E+00 0.000000E+00 0.000000E+00 0.000000E+00 0.000000E+00 0.000000E+00 0.800000E-04 0.000000E+00 0.800000E-04 0.000000E+00 0.000000E+00 0.800000E-04 0.000000E+00 0.000000E+00 0.000000E+00 0.000000E+00 0.800000E-04 0.000000E+00 0.000000E+00 0.000000E+00 0.000000E+00 0.000000E+00 0.000000E+00 0.000000E+00 0.000000E+00 0.000000E+00 0.000000E+00 0.000000E+00 0.000000E+00 0.000000E+00 0.000000E+00 0.800000E-04 0.000000E+00 0.000000E+00 0.000000E+00 0.000000E+00 0.000000E+00 0.000000E+00 0.000000E+00 0.000000E+00 0.000000E+00 0.000000E+00 0.000000E+00 0.000000E+00 0.000000E+00 0.000000E+00 0.000000E+00 0.000000E+00 0.000000E+00 0.000000E+00 0.000000E+00 0.000000E+00 0.000000E+00 0.000000E+00 0.000000E+00 0.000000E+00 0.000000E+00 0.000000E+00 0.000000E+00 0.000000E+00 0.000000E+00 0.000000E+00 0.000000E+00 0.000000E+00 0.000000E+00 0.000000E+00 0.000000E+00 0.000000E+00 0.000000E+00 0.000000E+00 0.000000E+00 0.000000E+00 0.000000E+00 0.000000E+00 0.000000E+00 0.000000E+00 0.000000E+00 0.000000E+00 0.000000E+00 0.000000E+00 0.000000E+00 0.000000E+00 0.000000E+00 0.000000E+00 0.000000E+00 0.000000E+00 0.000000E+00 0.000000E+00 0.000000E+00 0.000000E+00 0.000000E+00 0.000000E+00 0.000000E+00 0.000000E+00 0.000000E+00 0.000000E+00
 0.946400E-01 0.800800E-01 0.642400E-01 0.555200E-01 0.462400E-01 0.379200E-01 0.312800E-01 0.266400E-01 0.228000E-01 0.196000E-01 0.195200E-01 0.140000E-01 0.134400E-01 0.120000E-01 0.112800E-01 0.108000E-01 0.864000E-02 0.808000E-02 0.872000E-02 0.560000E-02 0.536000E-02 0.456000E-02 0.448000E-02 0.336000E-02 0.456000E-02 0.464000E-02 0.368000E-02 0.368000E-02 0.328000E-02 0.344000E-02 0.288000E-02 0.320000E-02 0.168000E-02 0.200000E-02 0.160000E-02 0.208000E-02 0.200000E-02 0.168000E-02 0.136000E-02 0.144000E-02 0.128000E-02 0.160000E-02 0.168000E-02 0.960000E-03 0.104000E-02 0.112000E-02 0.800000E-03 0.960000E-03 0.120000E-02 0.104000E-02 0.136000E-02 0.960000E-03 0.720000E-03 0.880000E-03 0.960000E-03 0.880000E-03 0.480000E-03 0.800000E-03 0.880000E-03 0.560000E-03 0.800000E-03 0.400000E-03 0.400000E-03 0.720000E-03 0.640000E-03 0.560000E-03 0.320000E-03 0.400000E-03 0.160000E-03 0.000000E+00 0.240000E-03 0.720000E-03 0.320000E-03 0.000000E+00 0.320000E-03 0.400000E-03 0.160000E-03 0.000000E+00 0.480000E-03 0.240000E-03 0.160000E-03 0.160000E-03 0.240000E-03 0.320000E-03 0.800000E-04 0.160000E-03 0.160000E-03 0.000000E+00 0.800000E-04 0.800000E-04 0.800000E-04 0.800000E-04 0.320000E-03 0.160000E-03 0.160000E-03 0.160000E-03 0.000000E+00 0.000000E+00 0.000000E+00 0.800000E-04 0.800000E-04 0.000000E+00 0.160000E-03 0.000000E+00 0.000000E+00 0.800000E-04 0.800000E-04 0.800000E-04 0.800000E-04 0.240000E-03 0.000000E+00 0.000000E+00 0.000000E+00 0.000000E+00 0.000000E+00 0.000000E+00 0.000000E+00 0.000000E+00 0.000000E+00 0.000000E+00 0.000000E+00 0.000000E+00 0.000000E+00 0.000000E+00 0.000000E+00 0.000000E+00 0.800000E-04 0.000000E+00 0.000000E+00 0.800000E-04 0.000000E+00 0.000000E+00 0.000000E+00 0.000000E+00 0.000000E+00 0.000000E+00 0.000000E+00 0.000000E+00 0.000000E+00 0.000000E+00 0.000000E+00 0.000000E+00 0.000000E+00 0.000000E+00 0.000000E+00 0.000000E+00 0.000000E+00 0.000000E+00 0.000000E+00 0.000000E+00 0.000000E+00 0.000000E+00 0.000000E+00 0.000000E+00 0.000000E+00 0.000000E+00 0.000000E+00 0.000000E+00 0.000000E+00 0.000000E+00 0.000000E+00 0.000000E+00 0.000000E+00 0.000000E+00 0.000000E+00 0.000000E+00 0.000000E+00 0.000000E+00 0.000000E+00 0.000000E+00 0.000000E+00 0.000000E+00 0.000000E+00 0.000000E+00 0.000000E+00 0.000000E+00 0.000000E+00 0.000000E+00 0.000000E+00 0.000000E+00 0.000000E+00 0.000000E+00 0.000000E+00 0.000000E+00 0.000000E+00 0.000000E+00 0.000000E+00 0.000000E+00 0.000000E+00 0.000000E+00 0.000000E+00 0.000000E+00 0.000000E+00 0.000000E+00 0.000000E+00 0.000000E+00 0.000000E+00 0.000000E+00 0.000000E+00 0.000000E+00
 0.240000E-03 0.240000E-03 0.160000E-03 0.800000E-04 0.000000E+00 0.000000E+00 0.160000E-03 0.000000E+00 0.000000E+00 0.800000E-04 0.000000E+00 0.160000E-03 0.000000E+00 0.800000E-04 0.000000E+00 0.800000E-04 0.000000E+00 0.000000E+00 0.800000E-04 0.000000E+00 0.000000E+00 0.000000E+00 0.000000E+00 0.000000E+00 0.000000E+00 0.000000E+00 0.000000E+00 0.000000E+00 0.000000E+00 0.800000E-04 0.000000E+00 0.000000E+00 0.000000E+00 0.000000E+00 0.000000E+00 0.000000E+00 0.000000E+00 0.000000E+00 0.000000E+00 0.000000E+00 0.000000E+00 0.000000E+00 0.000000E+00 0.000000E+00 0.000000E+00 0.000000E+00 0.000000E+00 0.000000E+00 0.000000E+00 0.000000E+00 0.000000E+00 0.000000E+00 0.000000E+00 0.000000E+00 0.000000E+00 0.000000E+00 0.000000E+00 0.000000E+00 0.000000E+00 0.000000E+00 0.000000E+00 0.000000E+00 0.000000E+00 0.000000E+00 0.000000E+00 0.000000E+00 0.000000E+00 0.000000E+00 0.000000E+00 0.000000E+00 0.000000E+00 0.000000E+00 0.000000E+00 0.000000E+00 0.000000E+00 0.000000E+00 0.000000E+00 0.000000E+00 0.000000E+00 0.000000E+00 0.000000E+00 0.000000E+00 0.000000E+00 0.000000E+00 0.000000E+00 0.000000E+00 0.000000E+00 0.000000E+00 0.000000E+00 0.000000E+00 0.000000E+00 0.000000E+00 0.000000E+00 0.000000E+00 0.000000E+00 0.000000E+00 0.000000E+00 0.000000E+00 0.000000E+00 0.000000E+00 0.000000E+00 0.000000E+00 0.000000E+00 0.000000E+00 0.000000E+00 0.000000E+00 0.000000E+00 0.000000E+00 0.000000E+00 0.000000E+00 0.000000E+00 0.000000E+00 0.000000E+00 0.000000E+00 0.000000E+00 0.000000E+00 0.000000E+00 0.000000E+00 0.000000E+00 0.000000E+00 0.000000E+00 0.000000E+00 0.000000E+00 0.000000E+00 0.000000E+00 0.000000E+00 0.000000E+00 0.000000E+00 0.000000E+00 0.000000E+00 0.000000E+00 0.000000E+00 0.000000E+00 0.000000E+00 0.000000E+00 0.000000E+00 0.000000E+00 0.000000E+00 0.000000E+00 0.000000E+00 0.000000E+00 0.000000E+00 0.000000E+00 0.000000E+00 0.000000E+00 0.000000E+00 0.000000E+00 0.000000E+00 0.000000E+00 0.000000E+00 0.000000E+00 0.000000E+00 0.000000E+00 0.000000E+00 0.000000E+00 0.000000E+00 0.000000E+00 0.000000E+00 0.000000E+00 0.000000E+00 0.000000E+00 0.000000E+00 0.000000E+00 0.000000E+00 0.000000E+00 0.000000E+00 0.000000E+00 0.000000E+00 0.000000E+00 0.000000E+00 0.000000E+00 0.000000E+00 0.000000E+00 0.000000E+00 0.000000E+00 0.000000E+00 0.000000E+00 0.000000E+00 0.000000E+00 0.000000E+00 0.000000E+00 0.000000E+00 0.000000E+00 0.000000E+00 0.000000E+00 0.000000E+00 0.000000E+00 0.000000E+00 0.000000E+00 0.000000E+00 0.000000E+00 0.000000E+00 0.000000E+00 0.000000E+00 0.000000E+00 0.000000E+00 0.000000E+00 0.000000E+00 0.000000E+00 0.000000E+00
 0.320000E-03 0.240000E-03 0.320000E-03 0.320000E-03 0.160000E-03 0.800000E-04 0.160000E-03 0.800000E-04 0.800000E-04 0.800000E-04 0.800000E-04 0.800000E-04 0.000000E+00 0.000000E+00 0.800000E-04 0.000000E+00 0.800000E-04 0.800000E-04 0.000000E+00 0.000000E+00 0.000000E+00 0.000000E+00 0.800000E-04 0.000000E+00 0.000000E+00 0.000000E+00 0.000000E+00 0.000000E+00 0.000000E+00 0.000000E+00 0.000000E+00 0.000000E+00 0.000000E+00 0.000000E+00 0.000000E+00 0.000000E+00 0.000000E+00 0.000000E+00 0.000000E+00 0.000000E+00 0.000000E+00 0.000000E+00 0.000000E+00 0.000000E+00 0.000000E+00 0.000000E+00 0.000000E+00 0.000000E+00 0.000000E+00 0.000000E+00 0.000000E+00 0.000000E+00 0.000000E+00 0.000000E+00 0.000000E+00 0.000000E+00 0.000000E+00 0.000000E+00 0.000000E+00 0.000000E+00 0.000000E+00 0.000000E+00 0.000000E+00 0.000000E+00 0.000000E+00 0.000000E+00 0.000000E+00 0.000000E+00 0.000000E+00 0.000000E+00 0.000000E+00 0.000000E+00 0.000000E+00 0.000000E+00 0.000000E+00 0.000000E+00 0.000000E+00 0.000000E+00 0.000000E+00 0.000000E+00 0.000000E+00 0.000000E+00 0.000000E+00 0.000000E+00 0.000000E+00 0.000000E+00 0.000000E+00 0.000000E+00 0.000000E+00 0.000000E+00 0.000000E+00 0.000000E+00 0.000000E+00 0.000000E+00 0.000000E+00 0.000000E+00 0.000000E+00 0.000000E+00 0.000000E+00 0.000000E+00 0.000000E+00 0.000000E+00 0.000000E+00 0.000000E+00 0.000000E+00 0.000000E+00 0.000000E+00 0.000000E+00 0.000000E+00 0.000000E+00 0.000000E+00 0.000000E+00 0.000000E+00 0.000000E+00 0.000000E+00 0.000000E+00 0.000000E+00 0.000000E+00 0.000000E+00 0.000000E+00 0.000000E+00 0.000000E+00 0.000000E+00 0.000000E+00 0.000000E+00 0.000000E+00 0.000000E+00 0.000000E+00 0.000000E+00 0.000000E+00 0.000000E+00 0.000000E+00 0.000000E+00 0.000000E+00 0.000000E+00 0.000000E+00 0.000000E+00 0.000000E+00 0.000000E+00 0.000000E+00 0.000000E+00 0.000000E+00 0.000000E+00 0.000000E+00 0.000000E+00 0.000000E+00 0.000000E+00 0.000000E+00 0.000000E+00 0.000000E+00 0.000000E+00 0.000000E+00 0.000000E+00 0.000000E+00 0.000000E+00 0.000000E+00 0.000000E+00 0.000000E+00 0.000000E+00 0.000000E+00 0.000000E+00 0.000000E+00 0.000000E+00 0.000000E+00 0.000000E+00 0.000000E+00 0.000000E+00 0.000000E+00 0.000000E+00 0.000000E+00 0.000000E+00 0.000000E+00 0.000000E+00 0.000000E+00 0.000000E+00 0.000000E+00 0.000000E+00 0.000000E+00 0.000000E+00 0.000000E+00 0.000000E+00 0.000000E+00 0.000000E+00 0.000000E+00 0.000000E+00 0.000000E+00 0.000000E+00 0.000000E+00 0.000000E+00 0.000000E+00 0.000000E+00 0.000000E+00 0.000000E+00 0.000000E+00 0.000000E+00 0.000000E+00 0.000000E+00 0.000000E+00 0.000000E+00 0.000000E+00
 0.400000E-03 0.800000E-04 0.800000E-04 0.800000E-04 0.800000E-04 0.000000E+00 0.000000E+00 0.000000E+00 0.000000E+00 0.000000E+00 0.000000E+00 0.000000E+00 0.000000E+00 0.000000E+00 0.000000E+00 0.000000E+00 0.000000E+00 0.800000E-04 0.000000E+00 0.000000E+00 0.000000E+00 0.000000E+00 0.800000E-04 0.000000E+00 0.000000E+00 0.000000E+00 0.000000E+00 0.000000E+00 0.000000E+00 0.000000E+00 0.000000E+00 0.000000E+00 0.000000E+00 0.000000E+00 0.000000E+00 0.000000E+00 0.000000E+00 0.000000E+00 0.000000E+00 0.000000E+00 0.000000E+00 0.000000E+00 0.000000E+00 0.000000E+00 0.000000E+00 0.000000E+00 0.000000E+00 0.000000E+00 0.000000E+00 0.000000E+00 0.000000E+00 0.000000E+00 0.000000E+00 0.000000E+00 0.000000E+00 0.000000E+00 0.000000E+00 0.000000E+00 0.000000E+00 0.000000E+00 0.000000E+00 0.000000E+00 0.000000E+00 0.000000E+00 0.000000E+00 0.000000E+00 0.000000E+00 0.000000E+00 0.000000E+00 0.000000E+00 0.000000E+00 0.000000E+00 0.000000E+00 0.000000E+00 0.000000E+00 0.000000E+00 0.000000E+00 0.000000E+00 0.000000E+00 0.000000E+00 0.000000E+00 0.000000E+00 0.000000E+00 0.000000E+00 0.000000E+00 0.000000E+00 0.000000E+00 0.000000E+00 0.000000E+00 0.000000E+00 0.000000E+00 0.000000E+00 0.000000E+00 0.000000E+00 0.000000E+00 0.000000E+00 0.000000E+00 0.000000E+00 0.000000E+00 0.000000E+00 0.000000E+00 0.000000E+00 0.000000E+00 0.000000E+00 0.000000E+00 0.000000E+00 0.000000E+00 0.000000E+00 0.000000E+00 0.000000E+00 0.000000E+00 0.000000E+00 0.000000E+00 0.000000E+00 0.000000E+00 0.000000E+00 0.000000E+00 0.000000E+00 0.000000E+00 0.000000E+00 0.000000E+00 0.000000E+00 0.000000E+00 0.000000E+00 0.000000E+00 0.000000E+00 0.000000E+00 0.000000E+00 0.000000E+00 0.000000E+00 0.000000E+00 0.000000E+00 0.000000E+00 0.000000E+00 0.000000E+00 0.000000E+00 0.000000E+00 0.000000E+00 0.000000E+00 0.000000E+00 0.000000E+00 0.000000E+00 0.000000E+00 0.000000E+00 0.000000E+00 0.000000E+00 0.000000E+00 0.000000E+00 0.000000E+00 0.000000E+00 0.000000E+00 0.000000E+00 0.000000E+00 0.000000E+00 0.000000E+00 0.000000E+00 0.000000E+00 0.000000E+00 0.000000E+00 0.000000E+00 0.000000E+00 0.000000E+00 0.000000E+00 0.000000E+00 0.000000E+00 0.000000E+00 0.000000E+00 0.000000E+00 0.000000E+00 0.000000E+00 0.000000E+00 0.000000E+00 0.000000E+00 0.000000E+00 0.000000E+00 0.000000E+00 0.000000E+00 0.000000E+00 0.000000E+00 0.000000E+00 0.000000E+00 0.000000E+00 0.000000E+00 0.000000E+00 0.000000E+00 0.000000E+00 0.000000E+00 0.000000E+00 0.000000E+00 0.000000E+00 0.000000E+00 0.000000E+00 0.000000E+00 0.000000E+00 0.000000E+00 0.000000E+00 0.000000E+00 0.000000E+00 0.000000E+00 0.000000E+00
 0.240000E-03 0.240000E-03 0.160000E-03 0.800000E-04 0.240000E-03 0.160000E-03 0.800000E-04 0.800000E-04 0.000000E+00 0.800000E-04 0.000000E+00 0.160000E-03 0.000000E+00 0.000000E+00 0.000000E+00 0.000000E+00 0.000000E+00 0.000000E+00 0.000000E+00 0.000000E+00 0.000000E+00 0.000000E+00 0.000000E+00 0.000000E+00 0.000000E+00 0.000000E+00 0.000000E+00 0.000000E+00 0.000000E+00 0.000000E+00 0.000000E+00 0.000000E+00 0.000000E+00 0.000000E+00 0.000000E+00 0.000000E+00 0.000000E+00 0.000000E+00 0.000000E+00 0.000000E+00 0.000000E+00 0.000000E+00 0.000000E+00 0.000000E+00 0.000000E+00 0.000000E+00 0.000000E+00 0.000000E+00 0.000000E+00 0.000000E+00 0.000000E+00 0.000000E+00 0.000000E+00 0.000000E+00 0.000000E+00 0.000000E+00 0.000000E+00 0.000000E+00 0.000000E+00 0.000000E+00 0.000000E+00 0.000000E+00 0.000000E+00 0.000000E+00 0.000000E+00 0.000000E+00 0.000000E+00 0.000000E+00 0.000000E+00 0.000000E+00 0.000000E+00 0.000000E+00 0.000000E+00 0.000000E+00 0.000000E+00 0.000000E+00 0.000000E+00 0.000000E+00 0.000000E+00 0.000000E+00 0.000000E+00 0.000000E+00 0.000000E+00 0.000000E+00 0.000000E+00 0.000000E+00 0.000000E+00 0.000000E+00 0.000000E+00 0.000000E+00 0.000000E+00 0.000000E+00 0.000000E+00 0.000000E+00 0.000000E+00 0.000000E+00 0.000000E+00 0.000000E+00 0.000000E+00 0.000000E+00 0.000000E+00 0.000000E+00 0.000000E+00 0.000000E+00 0.000000E+00 0.000000E+00 0.000000E+00 0.000000E+00 0.000000E+00 0.000000E+00 0.000000E+00 0.000000E+00 0.000000E+00 0.000000E+00 0.000000E+00 0.000000E+00 0.000000E+00 0.000000E+00 0.000000E+00 0.000000E+00 0.000000E+00 0.000000E+00 0.000000E+00 0.000000E+00 0.000000E+00 0.000000E+00 0.000000E+00 0.000000E+00 0.000000E+00 0.000000E+00 0.000000E+00 0.000000E+00 0.000000E+00 0.000000E+00 0.000000E+00 0.000000E+00 0.000000E+00 0.000000E+00 0.000000E+00 0.000000E+00 0.000000E+00 0.000000E+00 0.000000E+00 0.000000E+00 0.000000E+00 0.000000E+00 0.000000E+00 0.000000E+00 0.000000E+00 0.000000E+00 0.000000E+00 0.000000E+00 0.000000E+00 0.000000E+00 0.000000E+00 0.000000E+00 0.000000E+00 0.000000E+00 0.000000E+00 0.000000E+00 0.000000E+00 0.000000E+00 0.000000E+00 0.000000E+00 0.000000E+00 0.000000E+00 0.000000E+00 0.000000E+00 0.000000E+00 0.000000E+00 0.000000E+00 0.000000E+00 0.000000E+00 0.000000E+00 0.000000E+00 0.000000E+00 0.000000E+00 0.000000E+00 0.000000E+00 0.000000E+00 0.000000E+00 0.000000E+00 0.000000E+00 0.000000E+00 0.000000E+00 0.000000E+00 0.000000E+00 0.000000E+00 0.000000E+00 0.000000E+00 0.000000E+00 0.000000E+00 0.000000E+00 0.000000E+00 0.000000E+00 0.000000E+00 0.000000E+00 0.000000E+00 0.000000E+00 0.000000E+00
 0.288000E-02 0.168000E-02 0.120000E-02 0.960000E-03 0.960000E-03 0.560000E-03 0.800000E-03 0.480000E-03 0.400000E-03 0.560000E-03 0.320000E-03 0.800000E-04 0.320000E-03 0.800000E-04 0.240000E-03 0.160000E-03 0.160000E-03 0.160000E-03 0.240000E-03 0.160000E-03 0.000000E+00 0.000000E+00 0.800000E-04 0.000000E+00 0.800000E-04 0.800000E-04 0.000000E+00 0.000000E+00 0.800000E-04 0.800000E-04 0.000000E+00 0.800000E-04 0.000000E+00 0.800000E-04 0.000000E+00 0.000000E+00 0.000000E+00 0.000000E+00 0.800000E-04 0.800000E-04 0.800000E-04 0.000000E+00 0.000000E+00 0.000000E+00 0.160000E-03 0.000000E+00 0.000000E+00 0.000000E+00 0.000000E+00 0.000000E+00 0.000000E+00 0.000000E+00 0.000000E+00 0.000000E+00 0.000000E+00 0.000000E+00 0.000000E+00 0.000000E+00 0.000000E+00 0.000000E+00 0.000000E+00 0.000000E+00 0.000000E+00 0.000000E+00 0.000000E+00 0.000000E+00 0.000000E+00 0.000000E+00 0.000000E+00 0.000000E+00 0.000000E+00 0.000000E+00 0.000000E+00 0.000000E+00 0.000000E+00 0.000000E+00 0.000000E+00 0.000000E+00 0.000000E+00 0.000000E+00 0.000000E+00 0.000000E+00 0.000000E+00 0.000000E+00 0.000000E+00 0.000000E+00 0.000000E+00 0.000000E+00 0.000000E+00 0.000000E+00 0.000000E+00 0.000000E+00 0.000000E+00 0.000000E+00 0.000000E+00 0.000000E+00 0.000000E+00 0.000000E+00 0.000000E+00 0.000000E+00 0.000000E+00 0.000000E+00 0.000000E+00 0.000000E+00 0.000000E+00 0.000000E+00 0.000000E+00 0.000000E+00 0.000000E+00 0.000000E+00 0.000000E+00 0.000000E+00 0.000000E+00 0.000000E+00 0.000000E+00 0.000000E+00 0.000000E+00 0.000000E+00 0.000000E+00 0.000000E+00 0.000000E+00 0.000000E+00 0.000000E+00 0.000000E+00 0.000000E+00 0.000000E+00 0.000000E+00 0.000000E+00 0.000000E+00 0.000000E+00 0.000000E+00 0.000000E+00 0.000000E+00 0.000000E+00 0.000000E+00 0.000000E+00 0.000000E+00 0.000000E+00 0.000000E+00 0.000000E+00 0.000000E+00 0.000000E+00 0.000000E+00 0.000000E+00 0.000000E+00 0.000000E+00 0.000000E+00 0.000000E+00 0.000000E+00 0.000000E+00 0.000000E+00 0.000000E+00 0.000000E+00 0.000000E+00 0.000000E+00 0.000000E+00 0.000000E+00 0.000000E+00 0.000000E+00 0.000000E+00 0.000000E+00 0.000000E+00 0.000000E+00 0.000000E+00 0.000000E+00 0.000000E+00 0.000000E+00 0.000000E+00 0.000000E+00 0.000000E+00 0.000000E+00 0.000000E+00 0.000000E+00 0.000000E+00 0.000000E+00 0.000000E+00 0.000000E+00 0.000000E+00 0.000000E+00 0.000000E+00 0.000000E+00 0.000000E+00 0.000000E+00 0.000000E+00 0.000000E+00 0.000000E+00 0.000000E+00 0.000000E+00 0.000000E+00 0.000000E+00 0.000000E+00 0.000000E+00 0.000000E+00 0.000000E+00 0.000000E+00 0.000000E+00 0.000000E+00 0.000000E+00 0.000000E+00 0.000000E+00
 0.128000E-02 0.112000E-02 0.320000E-03 0.640000E-03 0.480000E-03 0.480000E-03 0.320000E-03 0.320000E-03 0.240000E-03 0.800000E-04 0.160000E-03 0.400000E-03 0.000000E+00 0.000000E+00 0.160000E-03 0.400000E-03 0.000000E+00 0.240000E-03 0.160000E-03 0.800000E-04 0.000000E+00 0.000000E+00 0.000000E+00 0.800000E-04 0.800000E-04 0.000000E+00 0.000000E+00 0.160000E-03 0.000000E+00 0.000000E+00 0.000000E+00 0.000000E+00 0.800000E-04 0.000000E+00 0.000000E+00 0.800000E-04 0.000000E+00 0.000000E+00 0.800000E-04 0.000000E+00 0.800000E-04 0.000000E+00 0.000000E+00 0.000000E+00 0.000000E+00 0.000000E+00 0.000000E+00 0.000000E+00 0.000000E+00 0.000000E+00 0.000000E+00 0.000000E+00 0.000000E+00 0.000000E+00 0.000000E+00 0.000000E+00 0.000000E+00 0.000000E+00 0.000000E+00 0.000000E+00 0.000000E+00 0.000000E+00 0.000000E+00 0.000000E+00 0.000000E+00 0.000000E+00 0.000000E+00 0.000000E+00 0.000000E+00 0.000000E+00 0.000000E+00 0.000000E+00 0.000000E+00 0.000000E+00 0.000000E+00 0.000000E+00 0.000000E+00 0.000000E+00 0.000000E+00 0.000000E+00 0.000000E+00 0.000000E+00 0.000000E+00 0.000000E+00 0.000000E+00 0.000000E+00 0.800000E-04 0.000000E+00 0.000000E+00 0.000000E+00 0.000000E+00 0.000000E+00 0.000000E+00 0.000000E+00 0.000000E+00 0.000000E+00 0.000000E+00 0.000000E+00 0.000000E+00 0.000000E+00 0.000000E+00 0.000000E+00 0.000000E+00 0.000000E+00 0.000000E+00 0.000000E+00 0.000000E+00 0.000000E+00 0.000000E+00 0.000000E+00 0.000000E+00 0.000000E+00 0.000000E+00 0.000000E+00 0.000000E+00 0.000000E+00 0.000000E+00 0.000000E+00 0.000000E+00 0.000000E+00 0.000000E+00 0.000000E+00 0.000000E+00 0.000000E+00 0.000000E+00 0.000000E+00 0.000000E+00 0.000000E+00 0.000000E+00 0.000000E+00 0.000000E+00 0.000000E+00 0.000000E+00 0.000000E+00 0.000000E+00 0.000000E+00 0.000000E+00 0.000000E+00 0.000000E+00 0.000000E+00 0.000000E+00 0.000000E+00 0.000000E+00 0.000000E+00 0.000000E+00 0.000000E+00 0.000000E+00 0.000000E+00 0.000000E+00 0.000000E+00 0.000000E+00 0.000000E+00 0.000000E+00 0.000000E+00 0.000000E+00 0.000000E+00 0.000000E+00 0.000000E+00 0.000000E+00 0.000000E+00 0.000000E+00 0.000000E+00 0.000000E+00 0.000000E+00 0.000000E+00 0.000000E+00 0.000000E+00 0.000000E+00 0.000000E+00 0.000000E+00 0.000000E+00 0.000000E+00 0.000000E+00 0.000000E+00 0.000000E+00 0.000000E+00 0.000000E+00 0.000000E+00 0.000000E+00 0.000000E+00 0.000000E+00 0.000000E+00 0.000000E+00 0.000000E+00 0.000000E+00 0.000000E+00 0.000000E+00 0.000000E+00 0.000000E+00 0.000000E+00 0.000000E+00 0.000000E+00 0.000000E+00 0.000000E+00 0.000000E+00 0.000000E+00 0.000000E+00 0.000000E+00 0.000000E+00 0.000000E+00
 0.240000E-03 0.240000E-03 0.160000E-03 0.800000E-04 0.000000E+00 0.000000E+00 0.160000E-03 0.000000E+00 0.000000E+00 0.800000E-04 0.000000E+00 0.160000E-03 0.000000E+00 0.800000E-04 0.000000E+00 0.800000E-04 0.000000E+00 0.000000E+00 0.800000E-04 0.000000E+00 0.000000E+00 0.000000E+00 0.000000E+00 0.000000E+00 0.000000E+00 0.000000E+00 0.000000E+00 0.000000E+00 0.000000E+00 0.800000E-04 0.000000E+00 0.000000E+00 0.000000E+00 0.000000E+00 0.000000E+00 0.000000E+00 0.000000E+00 0.000000E+00 0.000000E+00 0.000000E+00 0.000000E+00 0.000000E+00 0.000000E+00 0.000000E+00 0.000000E+00 0.000000E+00 0.000000E+00 0.000000E+00 0.000000E+00 0.000000E+00 0.000000E+00 0.000000E+00 0.000000E+00 0.000000E+00 0.000000E+00 0.000000E+00 0.000000E+00 0.000000E+00 0.000000E+00 0.000000E+00 0.000000E+00 0.000000E+00 0.000000E+00 0.000000E+00 0.000000E+00 0.000000E+00 0.000000E+00 0.000000E+00 0.000000E+00 0.000000E+00 0.000000E+00 0.000000E+00 0.000000E+00 0.000000E+00 0.000000E+00 0.000000E+00 0.000000E+00 0.000000E+00 0.000000E+00 0.000000E+00 0.000000E+00 0.000000E+00 0.000000E+00 0.000000E+00 0.000000E+00 0.000000E+00 0.000000E+00 0.000000E+00 0.000000E+00 0.000000E+00 0.000000E+00 0.000000E+00 0.000000E+00 0.000000E+00 0.000000E+00 0.000000E+00 0.000000E+00 0.000000E+00 0.000000E+00 0.000000E+00 0.000000E+00 0.000000E+00 0.000000E+00 0.000000E+00 0.000000E+00 0.000000E+00 0.000000E+00 0.000000E+00 0.000000E+00 0.000000E+00 0.000000E+00 0.000000E+00 0.000000E+00 0.000000E+00 0.000000E+00 0.000000E+00 0.000000E+00 0.000000E+00 0.000000E+00 0.000000E+00 0.000000E+00 0.000000E+00 0.000000E+00 0.000000E+00 0.000000E+00 0.000000E+00 0.000000E+00 0.000000E+00 0.000000E+00 0.000000E+00 0.000000E+00 0.000000E+00 0.000000E+00 0.000000E+00 0.000000E+00 0.000000E+00 0.000000E+00 0.000000E+00 0.000000E+00 0.000000E+00 0.000000E+00 0.000000E+00 0.000000E+00 0.000000E+00 0.000000E+00 0.000000E+00 0.000000E+00 0.000000E+00 0.000000E+00 0.000000E+00 0.000000E+00 0.000000E+00 0.000000E+00 0.000000E+00 0.000000E+00 0.000000E+00 0.000000E+00 0.000000E+00 0.000000E+00 0.000000E+00 0.000000E+00 0.000000E+00 0.000000E+00 0.000000E+00 0.000000E+00 0.000000E+00 0.000000E+00 0.000000E+00 0.000000E+00 0.000000E+00 0.000000E+00 0.000000E+00 0.000000E+00 0.000000E+00 0.000000E+00 0.000000E+00 0.000000E+00 0.000000E+00 0.000000E+00 0.000000E+00 0.000000E+00 0.000000E+00 0.000000E+00 0.000000E+00 0.000000E+00 0.000000E+00 0.000000E+00 0.000000E+00 0.000000E+00 0.000000E+00 0.000000E+00 0.000000E+00 0.000000E+00 0.000000E+00 0.000000E+00 0.000000E+00 0.000000E+00 0.000000E+00 0.000000E+00 0.000000E+00
 0.320000E-03 0.240000E-03 0.320000E-03 0.320000E-03 0.160000E-03 0.800000E-04 0.160000E-03 0.800000E-04 0.800000E-04 0.800000E-04 0.800000E-04 0.800000E-04 0.000000E+00 0.000000E+00 0.800000E-04 0.000000E+00 0.800000E-04 0.800000E-04 0.000000E+00 0.000000E+00 0.000000E+00 0.000000E+00 0.800000E-04 0.000000E+00 0.000000E+00 0.000000E+00 0.000000E+00 0.000000E+00 0.000000E+00 0.000000E+00 0.000000E+00 0.000000E+00 0.000000E+00 0.000000E+00 0.000000E+00 0.000000E+00 0.000000E+00 0.000000E+00 0.000000E+00 0.000000E+00 0.000000E+00 0.000000E+00 0.000000E+00 0.000000E+00 0.000000E+00 0.000000E+00 0.000000E+00 0.000000E+00 0.000000E+00 0.000000E+00 0.000000E+00 0.000000E+00 0.000000E+00 0.000000E+00 0.000000E+00 0.000000E+00 0.000000E+00 0.000000E+00 0.000000E+00 0.000000E+00 0.000000E+00 0.000000E+00 0.000000E+00 0.000000E+00 0.000000E+00 0.000000E+00 0.000000E+00 0.000000E+00 0.000000E+00 0.000000E+00 0.000000E+00 0.000000E+00 0.000000E+00 0.000000E+00 0.000000E+00 0.000000E+00 0.000000E+00 0.000000E+00 0.000000E+00 0.000000E+00 0.000000E+00 0.000000E+00 0.000000E+00 0.000000E+00 0.000000E+00 0.000000E+00 0.000000E+00 0.000000E+00 0.000000E+00 0.000000E+00 0.000000E+00 0.000000E+00 0.000000E+00 0.000000E+00 0.000000E+00 0.000000E+00 0.000000E+00 0.000000E+00 0.000000E+00 0.000000E+00 0.000000E+00 0.000000E+00 0.000000E+00 0.000000E+00 0.000000E+00 0.000000E+00 0.000000E+00 0.000000E+00 0.000000E+00 0.000000E+00 0.000000E+00 0.000000E+00 0.000000E+00 0.000000E+00 0.000000E+00 0.000000E+00 0.000000E+00 0.000000E+00 0.000000E+00 0.000000E+00 0.000000E+00 0.000000E+00 0.000000E+00 0.000000E+00 0.000000E+00 0.000000E+00 0.000000E+00 0.000000E+00 0.000000E+00 0.000000E+00 0.000000E+00 0.000000E+00 0.000000E+00 0.000000E+00 0.000000E+00 0.000000E+00 0.000000E+00 0.000000E+00 0.000000E+00 0.000000E+00 0.000000E+00 0.000000E+00 0.000000E+00 0.000000E+00 0.000000E+00 0.000000E+00 0.000000E+00 0.000000E+00 0.000000E+00 0.000000E+00 0.000000E+00 0.000000E+00 0.000000E+00 0.000000E+00 0.000000E+00 0.000000E+00 0.000000E+00 0.000000E+00 0.000000E+00 0.000000E+00 0.000000E+00 0.000000E+00 0.000000E+00 0.000000E+00 0.000000E+00 0.000000E+00 0.000000E+00 0.000000E+00 0.000000E+00 0.000000E+00 0.000000E+00 0.000000E+00 0.000000E+00 0.000000E+00 0.000000E+00 0.000000E+00 0.000000E+00 0.000000E+00 0.000000E+00 0.000000E+00 0.000000E+00 0.000000E+00 0.000000E+00 0.000000E+00 0.000000E+00 0.000000E+00 0.000000E+00 0.000000E+00 0.000000E+00 0.000000E+00 0.000000E+00 0.000000E+00 0.000000E+00 0.000000E+00 0.000000E+00 0.000000E+00 0.000000E+00 0.000000E+00 0.000000E+00 0.000000E+00
 0.400000E-03 0.800000E-04 0.800000E-04 0.800000E-04 0.800000E-04 0.000000E+00 0.000000E+00 0.000000E+00 0.000000E+00 0.000000E+00 0.000000E+00 0.000000E+00 0.000000E+00 0.000000E+00 0.000000E+00 0.000000E+00 0.000000E+00 0.800000E-04 0.000000E+00 0.000000E+00 0.000000E+00 0.000000E+00 0.800000E-04 0.000000E+00 0.000000E+00 0.000000E+00 0.000000E+00 0.000000E+00 0.000000E+00 0.000000E+00 0.000000E+00 0.000000E+00 0.000000E+00 0.000000E+00 0.000000E+00 0.000000E+00 0.000000E+00 0.000000E+00 0.000000E+00 0.000000E+00 0.000000E+00 0.000000E+00 0.000000E+00 0.000000E+00 0.000000E+00 0.000000E+00 0.000000E+00 0.000000E+00 0.000000E+00 0.000000E+00 0.000000E+00 0.000000E+00 0.000000E+00 0.000000E+00 0.000000E+00 0.000000E+00 0.000000E+00 0.000000E+00 0.000000E+00 0.000000E+00 0.000000E+00 0.000000E+00 0.000000E+00 0.000000E+00 0.000000E+00 0.000000E+00 0.000000E+00 0.000000E+00 0.000000E+00 0.000000E+00 0.000000E+00 0.000000E+00 0.000000E+00 0.000000E+00 0.000000E+00 0.000000E+00 0.000000E+00 0.000000E+00 0.000000E+00 0.000000E+00 0.000000E+00 0.000000E+00 0.000000E+00 0.000000E+00 0.000000E+00 0.000000E+00 0.000000E+00 0.000000E+00 0.000000E+00 0.000000E+00 0.000000E+00 0.000000E+00 0.000000E+00 0.000000E+00 0.000000E+00 0.000000E+00 0.000000E+00 0.000000E+00 0.000000E+00 0.000000E+00 0.000000E+00 0.000000E+00 0.000000E+00 0.000000E+00 0.000000E+00 0.000000E+00 0.000000E+00 0.000000E+00 0.000000E+00 0.000000E+00 0.000000E+00 0.000000E+00 0.000000E+00 0.000000E+00 0.000000E+00 0.000000E+00 0.000000E+00 0.000000E+00 0.000000E+00 0.000000E+00 0.000000E+00 0.000000E+00 0.000000E+00 0.000000E+00 0.000000E+00 0.000000E+00 0.000000E+00 0.000000E+00 0.000000E+00 0.000000E+00 0.000000E+00 0.000000E+00 0.000000E+00 0.000000E+00 0.000000E+00 0.000000E+00 0.000000E+00 0.000000E+00 0.000000E+00 0.000000E+00 0.000000E+00 0.000000E+00 0.000000E+00 0.000000E+00 0.000000E+00 0.000000E+00 0.000000E+00 0.000000E+00 0.000000E+00 0.000000E+00 0.000000E+00 0.000000E+00 0.000000E+00 0.000000E+00 0.000000E+00 0.000000E+00 0.000000E+00 0.000000E+00 0.000000E+00 0.000000E+00 0.000000E+00 0.000000E+00 0.000000E+00 0.000000E+00 0.000000E+00 0.000000E+00 0.000000E+00 0.000000E+00 0.000000E+00 0.000000E+00 0.000000E+00 0.000000E+00 0.000000E+00 0.000000E+00 0.000000E+00 0.000000E+00 0.000000E+00 0.000000E+00 0.000000E+00 0.000000E+00 0.000000E+00 0.000000E+00 0.000000E+00 0.000000E+00 0.000000E+00 0.000000E+00 0.000000E+00 0.000000E+00 0.000000E+00 0.000000E+00 0.000000E+00 0.000000E+00 0.000000E+00 0.000000E+00 0.000000E+00 0.000000E+00 0.000000E+00 0.000000E+00 0.000000E+00 0.000000E+00
 0.240000E-03 0.240000E-03 0.160000E-03 0.800000E-04 0.240000E-03 0.160000E-03 0.800000E-04 0.800000E-04 0.000000E+00 0.800000E-04 0.000000E+00 0.160000E-03 0.000000E+00 0.000000E+00 0.000000E+00 0.000000E+00 0.000000E+00 0.000000E+00 0.000000E+00 0.000000E+00 0.000000E+00 0.000000E+00 0.000000E+00 0.000000E+00 0.000000E+00 0.000000E+00 0.000000E+00 0.000000E+00 0.000000E+00 0.000000E+00 0.000000E+00 0.000000E+00 0.000000E+00 0.000000E+00 0.000000E+00 0.000000E+00 0.000000E+00 0.000000E+00 0.000000E+00 0.000000E+00 0.000000E+00 0.000000E+00 0.000000E+00 0.000000E+00 0.000000E+00 0.000000E+00 0.000000E+00 0.000000E+00 0.000000E+00 0.000000E+00 0.000000E+00 0.000000E+00 0.000000E+00 0.000000E+00 0.000000E+00 0.000000E+00 0.000000E+00 0.000000E+00 0.000000E+00 0.000000E+00 0.000000E+00 0.000000E+00 0.000000E+00 0.000000E+00 0.000000E+00 0.000000E+00 0.000000E+00 0.000000E+00 0.000000E+00 0.000000E+00 0.000000E+00 0.000000E+00 0.000000E+00 0.000000E+00 0.000000E+00 0.000000E+00 0.000000E+00 0.000000E+00 0.000000E+00 0.000000E+00 0.000000E+00 0.000000E+00 0.000000E+00 0.000000E+00 0.000000E+00 0.000000E+00 0.000000E+00 0.000000E+00 0.000000E+00 0.000000E+00 0.000000E+00 0.000000E+00 0.000000E+00 0.000000E+00 0.000000E+00 0.000000E+00 0.000000E+00 0.000000E+00 0.000000E+00 0.000000E+00 0.000000E+00 0.000000E+00 0.000000E+00 0.000000E+00 0.000000E+00 0.000000E+00 0.000000E+00 0.000000E+00 0.000000E+00 0.000000E+00 0.000000E+00 0.000000E+00 0.000000E+00 0.000000E+00 0.000000E+00 0.000000E+00 0.000000E+00 0.000000E+00 0.000000E+00 0.000000E+00 0.000000E+00 0.000000E+00 0.000000E+00 0.000000E+00 0.000000E+00 0.000000E+00 0.000000E+00 0.000000E+00 0.000000E+00 0.000000E+00 0.000000E+00 0.000000E+00 0.000000E+00 0.000000E+00 0.000000E+00 0.000000E+00 0.000000E+00 0.000000E+00 0.000000E+00 0.000000E+00 0.000000E+00 0.000000E+00 0.000000E+00 0.000000E+00 0.000000E+00 0.000000E+00 0.000000E+00 0.000000E+00 0.000000E+00 0.000000E+00 0.000000E+00 0.000000E+00 0.000000E+00 0.000000E+00 0.000000E+00 0.000000E+00 0.000000E+00 0.000000E+00 0.000000E+00 0.000000E+00 0.000000E+00 0.000000E+00 0.000000E+00 0.000000E+00 0.000000E+00 0.000000E+00 0.000000E+00 0.000000E+00 0.000000E+00 0.000000E+00 0.000000E+00 0.000000E+00 0.000000E+00 0.000000E+00 0.000000E+00 0.000000E+00 0.000000E+00 0.000000E+00 0.000000E+00 0.000000E+00 0.000000E+00 0.000000E+00 0.000000E+00 0.000000E+00 0.000000E+00 0.000000E+00 0.000000E+00 0.000000E+00 0.000000E+00 0.000000E+00 0.000000E+00 0.000000E+00 0.000000E+00 0.000000E+00 0.000000E+00 0.000000E+00 0.000000E+00 0.000000E+00 0.000000E+00 0.000000E+00
 0.288000E-02 0.168000E-02 0.120000E-02 0.960000E-03 0.960000E-03 0.560000E-03 0.800000E-03 0.480000E-03 0.400000E-03 0.560000E-03 0.320000E-03 0.800000E-04 0.320000E-03 0.800000E-04 0.240000E-03 0.160000E-03 0.160000E-03 0.160000E-03 0.240000E-03 0.160000E-03 0.000000E+00 0.000000E+00 0.800000E-04 0.000000E+00 0.800000E-04 0.800000E-04 0.000000E+00 0.000000E+00 0.800000E-04 0.800000E-04 0.000000E+00 0.800000E-04 0.000000E+00 0.800000E-04 0.000000E+00 0.000000E+00 0.000000E+00 0.000000E+00 0.800000E-04 0.800000E-04 0.800000E-04 0.000000E+00 0.000000E+00 0.000000E+00 0.160000E-03 0.000000E+00 0.000000E+00 0.000000E+00 0.000000E+00 0.000000E+00 0.000000E+00 0.000000E+00 0.000000E+00 0.000000E+00 0.000000E+00 0.000000E+00 0.000000E+00 0.000000E+00 0.000000E+00 0.000000E+00 0.000000E+00 0.000000E+00 0.000000E+00 0.000000E+00 0.000000E+00 0.000000E+00 0.000000E+00 0.000000E+00 0.000000E+00 0.000000E+00 0.000000E+00 0.000000E+00 0.000000E+00 0.000000E+00 0.000000E+00 0.000000E+00 0.000000E+00 0.000000E+00 0.000000E+00 0.000000E+00 0.000000E+00 0.000000E+00 0.000000E+00 0.000000E+00 0.000000E+00 0.000000E+00 0.000000E+00 0.000000E+00 0.000000E+00 0.000000E+00 0.000000E+00 0.000000E+00 0.000000E+00 0.000000E+00 0.000000E+00 0.000000E+00 0.000000E+00 0.000000E+00 0.000000E+00 0.000000E+00 0.000000E+00 0.000000E+00 0.000000E+00 0.000000E+00 0.000000E+00 0.000000E+00 0.000000E+00 0.000000E+00 0.000000E+00 0.000000E+00 0.000000E+00 0.000000E+00 0.000000E+00 0.000000E+00 0.000000E+00 0.000000E+00 0.000000E+00 0.000000E+00 0.000000E+00 0.000000E+00 0.000000E+00 0.000000E+00 0.000000E+00 0.000000E+00 0.000000E+00 0.000000E+00 0.000000E+00 0.000000E+00 0.000000E+00 0.000000E+00 0.000000E+00 0.000000E+00 0.000000E+00 0.000000E+00 0.000000E+00 0.000000E+00 0.000000E+00 0.000000E+00 0.000000E+00 0.000000E+00 0.000000E+00 0.000000E+00 0.000000E+00 0.000000E+00 0.000000E+00 0.000000E+00 0.000000E+00 0.000000E+00 0.000000E+00 0.000000E+00 0.000000E+00 0.000000E+00 0.000000E+00 0.000000E+00 0.000000E+00 0.000000E+00 0.000000E+00 0.000000E+00 0.000000E+00 0.000000E+00 0.000000E+00 0.000000E+00 0.000000E+00 0.000000E+00 0.000000E+00 0.000000E+00 0.000000E+00 0.000000E+00 0.000000E+00 0.000000E+00 0.000000E+00 0.000000E+00 0.000000E+00 0.000000E+00 0.000000E+00 0.000000E+00 0.000000E+00 0.000000E+00 0.000000E+00 0.000000E+00 0.000000E+00 0.000000E+00 0.000000E+00 0.000000E+00 0.000000E+00 0.000000E+00 0.000000E+00 0.000000E+00 0.000000E+00 0.000000E+00 0.000000E+00 0.000000E+00 0.000000E+00 0.000000E+00 0.000000E+00 0.000000E+00 0.000000E+00 0.000000E+00 0.000000E+00 0.000000E+00
 0.128000E-02 0.112000E-02 0.320000E-03 0.640000E-03 0.480000E-03 0.480000E-03 0.320000E-03 0.320000E-03 0.240000E-03 0.800000E-04 0.160000E-03 0.400000E-03 0.000000E+00 0.000000E+00 0.160000E-03 0.400000E-03 0.000000E+00 0.240000E-03 0.160000E-03 0.800000E-04 0.000000E+00 0.000000E+00 0.000000E+00 0.800000E-04 0.800000E-04 0.000000E+00 0.000000E+00 0.160000E-03 0.000000E+00 0.000000E+00 0.000000E+00 0.000000E+00 0.800000E-04 0.000000E+00 0.000000E+00 0.800000E-04 0.000000E+00 0.000000E+00 0.800000E-04 0.000000E+00 0.800000E-04 0.000000E+00 0.000000E+00 0.000000E+00 0.000000E+00 0.000000E+00 0.000000E+00 0.000000E+00 0.000000E+00 0.000000E+00 0.000000E+00 0.000000E+00 0.000000E+00 0.000000E+00 0.000000E+00 0.000000E+00 0.000000E+00 0.000000E+00 0.000000E+00 0.000000E+00 0.000000E+00 0.000000E+00 0.000000E+00 0.000000E+00 0.000000E+00 0.000000E+00 0.000000E+00 0.000000E+00 0.000000E+00 0.000000E+00 0.000000E+00 0.000000E+00 0.000000E+00 0.000000E+00 0.000000E+00 0.000000E+00 0.000000E+00 0.000000E+00 0.000000E+00 0.000000E+00 0.000000E+00 0.000000E+00 0.000000E+00 0.000000E+00 0.000000E+00 0.000000E+00 0.800000E-04 0.000000E+00 0.000000E+00 0.000000E+00 0.000000E+00 0.000000E+00 0.000000E+00 0.000000E+00 0.000000E+00 0.000000E+00 0.000000E+00 0.000000E+00 0.000000E+00 0.000000E+00 0.000000E+00 0.000000E+00 0.000000E+00 0.000000E+00 0.000000E+00 0.000000E+00 0.000000E+00 0.000000E+00 0.000000E+00 0.000000E+00 0.000000E+00 0.000000E+00 0.000000E+00 0.000000E+00 0.000000E+00 0.000000E+00 0.000000E+00 0.000000E+00 0.000000E+00 0.000000E+00 0.000000E+00 0.000000E+00 0.000000E+00 0.000000E+00 0.000000E+00 0.000000E+00 0.000000E+00 0.000000E+00 0.000000E+00 0.000000E+00 0.000000E+00 0.000000E+00 0.000000E+00 0.000000E+00 0.000000E+00 0.000000E+00 0.000000E+00 0.000000E+00 0.000000E+00 0.000000E+00 0.000000E+00 0.000000E+00 0.000000E+00 0.000000E+00 0.000000E+00 0.000000E+00 0.000000E+00 0.000000E+00 0.000000E+00 0.000000E+00 0.000000E+00 0.000000E+00 0.000000E+00 0.000000E+00 0.000000E+00 0.000000E+00 0.000000E+00 0.000000E+00 0.000000E+00 0.000000E+00 0.000000E+00 0.000000E+00 0.000000E+00 0.000000E+00 0.000000E+00 0.000000E+00 0.000000E+00 0.000000E+00 0.000000E+00 0.000000E+00 0.000000E+00 0.000000E+00 0.000000E+00 0.000000E+00 0.000000E+00 0.000000E+00 0.000000E+00 0.000000E+00 0.000000E+00 0.000000E+00 0.000000E+00 0.000000E+00 0.000000E+00 0.000000E+00 0.000000E+00 0.000000E+00 0.000000E+00 0.000000E+00 0.000000E+00 0.000000E+00 0.000000E+00 0.000000E+00 0.000000E+00 0.000000E+00 0.000000E+00 0.000000E+00 0.000000E+00 0.000000E+00 0.000000E+00 0.000000E+00
