### Run with WimpAnn version = wimpann-2.08                            
###   Using Pythia version   = Pythia 6.400    
###   Using nusigma version  = nusigma-1.15-pyr                        
###   Using DarkSUSY version = ds-4.1.6                                
###   WimpAnn run started at date 2007-09-05; time 23:20:55
### Neutrino oscillation parameters
#      theta_12 =  0.00000000E+00
#      theta_13 =  0.00000000E+00
#      theta_23 =  0.00000000E+00
#         delta =  0.00000000E+00
#  delta_m^2_21 =  0.81000000E-04
#  delta_m^2_31 =  0.22000000E-02
### WimpAnn run parameters
#  Annihilation channel =        18
#  Generated particles =  nu_tau           nu_taubar       
#  WIMP mass =  0.10000000E+03
#  Number of annihilations =   2500000
#  Source = Sun
#...dPhi/dz in  200 bins from 0 to 1
#...Line  1- 6: flux at centre of Sun for neutrino 1-6
#...Line  7-12: flux at surface of Sun for neutrino 1-6
#...Line 13-18: flux at 1 AU from the Sun for neutrino 1-6
#...Line 19-24: flux at surface of Sun for secondary neutrino 1-6
#...Line 25-30: flux at 1 AU from the Sun for secondary neutrino 1-6
 0.000000E+00 0.000000E+00 0.000000E+00 0.000000E+00 0.000000E+00 0.000000E+00 0.000000E+00 0.000000E+00 0.000000E+00 0.000000E+00 0.000000E+00 0.000000E+00 0.000000E+00 0.000000E+00 0.000000E+00 0.000000E+00 0.000000E+00 0.000000E+00 0.000000E+00 0.000000E+00 0.000000E+00 0.000000E+00 0.000000E+00 0.000000E+00 0.000000E+00 0.000000E+00 0.000000E+00 0.000000E+00 0.000000E+00 0.000000E+00 0.000000E+00 0.000000E+00 0.000000E+00 0.000000E+00 0.000000E+00 0.000000E+00 0.000000E+00 0.000000E+00 0.000000E+00 0.000000E+00 0.000000E+00 0.000000E+00 0.000000E+00 0.000000E+00 0.000000E+00 0.000000E+00 0.000000E+00 0.000000E+00 0.000000E+00 0.000000E+00 0.000000E+00 0.000000E+00 0.000000E+00 0.000000E+00 0.000000E+00 0.000000E+00 0.000000E+00 0.000000E+00 0.000000E+00 0.000000E+00 0.000000E+00 0.000000E+00 0.000000E+00 0.000000E+00 0.000000E+00 0.000000E+00 0.000000E+00 0.000000E+00 0.000000E+00 0.000000E+00 0.000000E+00 0.000000E+00 0.000000E+00 0.000000E+00 0.000000E+00 0.000000E+00 0.000000E+00 0.000000E+00 0.000000E+00 0.000000E+00 0.000000E+00 0.000000E+00 0.000000E+00 0.000000E+00 0.000000E+00 0.000000E+00 0.000000E+00 0.000000E+00 0.000000E+00 0.000000E+00 0.000000E+00 0.000000E+00 0.000000E+00 0.000000E+00 0.000000E+00 0.000000E+00 0.000000E+00 0.000000E+00 0.000000E+00 0.000000E+00 0.000000E+00 0.000000E+00 0.000000E+00 0.000000E+00 0.000000E+00 0.000000E+00 0.000000E+00 0.000000E+00 0.000000E+00 0.000000E+00 0.000000E+00 0.000000E+00 0.000000E+00 0.000000E+00 0.000000E+00 0.000000E+00 0.000000E+00 0.000000E+00 0.000000E+00 0.000000E+00 0.000000E+00 0.000000E+00 0.000000E+00 0.000000E+00 0.000000E+00 0.000000E+00 0.000000E+00 0.000000E+00 0.000000E+00 0.000000E+00 0.000000E+00 0.000000E+00 0.000000E+00 0.000000E+00 0.000000E+00 0.000000E+00 0.000000E+00 0.000000E+00 0.000000E+00 0.000000E+00 0.000000E+00 0.000000E+00 0.000000E+00 0.000000E+00 0.000000E+00 0.000000E+00 0.000000E+00 0.000000E+00 0.000000E+00 0.000000E+00 0.000000E+00 0.000000E+00 0.000000E+00 0.000000E+00 0.000000E+00 0.000000E+00 0.000000E+00 0.000000E+00 0.000000E+00 0.000000E+00 0.000000E+00 0.000000E+00 0.000000E+00 0.000000E+00 0.000000E+00 0.000000E+00 0.000000E+00 0.000000E+00 0.000000E+00 0.000000E+00 0.000000E+00 0.000000E+00 0.000000E+00 0.000000E+00 0.000000E+00 0.000000E+00 0.000000E+00 0.000000E+00 0.000000E+00 0.000000E+00 0.000000E+00 0.000000E+00 0.000000E+00 0.000000E+00 0.000000E+00 0.000000E+00 0.000000E+00 0.000000E+00 0.000000E+00 0.000000E+00 0.000000E+00 0.000000E+00 0.000000E+00 0.000000E+00 0.000000E+00 0.000000E+00 0.000000E+00 0.000000E+00 0.000000E+00 0.000000E+00
 0.000000E+00 0.000000E+00 0.000000E+00 0.000000E+00 0.000000E+00 0.000000E+00 0.000000E+00 0.000000E+00 0.000000E+00 0.000000E+00 0.000000E+00 0.000000E+00 0.000000E+00 0.000000E+00 0.000000E+00 0.000000E+00 0.000000E+00 0.000000E+00 0.000000E+00 0.000000E+00 0.000000E+00 0.000000E+00 0.000000E+00 0.000000E+00 0.000000E+00 0.000000E+00 0.000000E+00 0.000000E+00 0.000000E+00 0.000000E+00 0.000000E+00 0.000000E+00 0.000000E+00 0.000000E+00 0.000000E+00 0.000000E+00 0.000000E+00 0.000000E+00 0.000000E+00 0.000000E+00 0.000000E+00 0.000000E+00 0.000000E+00 0.000000E+00 0.000000E+00 0.000000E+00 0.000000E+00 0.000000E+00 0.000000E+00 0.000000E+00 0.000000E+00 0.000000E+00 0.000000E+00 0.000000E+00 0.000000E+00 0.000000E+00 0.000000E+00 0.000000E+00 0.000000E+00 0.000000E+00 0.000000E+00 0.000000E+00 0.000000E+00 0.000000E+00 0.000000E+00 0.000000E+00 0.000000E+00 0.000000E+00 0.000000E+00 0.000000E+00 0.000000E+00 0.000000E+00 0.000000E+00 0.000000E+00 0.000000E+00 0.000000E+00 0.000000E+00 0.000000E+00 0.000000E+00 0.000000E+00 0.000000E+00 0.000000E+00 0.000000E+00 0.000000E+00 0.000000E+00 0.000000E+00 0.000000E+00 0.000000E+00 0.000000E+00 0.000000E+00 0.000000E+00 0.000000E+00 0.000000E+00 0.000000E+00 0.000000E+00 0.000000E+00 0.000000E+00 0.000000E+00 0.000000E+00 0.000000E+00 0.000000E+00 0.000000E+00 0.000000E+00 0.000000E+00 0.000000E+00 0.000000E+00 0.000000E+00 0.000000E+00 0.000000E+00 0.000000E+00 0.000000E+00 0.000000E+00 0.000000E+00 0.000000E+00 0.000000E+00 0.000000E+00 0.000000E+00 0.000000E+00 0.000000E+00 0.000000E+00 0.000000E+00 0.000000E+00 0.000000E+00 0.000000E+00 0.000000E+00 0.000000E+00 0.000000E+00 0.000000E+00 0.000000E+00 0.000000E+00 0.000000E+00 0.000000E+00 0.000000E+00 0.000000E+00 0.000000E+00 0.000000E+00 0.000000E+00 0.000000E+00 0.000000E+00 0.000000E+00 0.000000E+00 0.000000E+00 0.000000E+00 0.000000E+00 0.000000E+00 0.000000E+00 0.000000E+00 0.000000E+00 0.000000E+00 0.000000E+00 0.000000E+00 0.000000E+00 0.000000E+00 0.000000E+00 0.000000E+00 0.000000E+00 0.000000E+00 0.000000E+00 0.000000E+00 0.000000E+00 0.000000E+00 0.000000E+00 0.000000E+00 0.000000E+00 0.000000E+00 0.000000E+00 0.000000E+00 0.000000E+00 0.000000E+00 0.000000E+00 0.000000E+00 0.000000E+00 0.000000E+00 0.000000E+00 0.000000E+00 0.000000E+00 0.000000E+00 0.000000E+00 0.000000E+00 0.000000E+00 0.000000E+00 0.000000E+00 0.000000E+00 0.000000E+00 0.000000E+00 0.000000E+00 0.000000E+00 0.000000E+00 0.000000E+00 0.000000E+00 0.000000E+00 0.000000E+00 0.000000E+00 0.000000E+00 0.000000E+00 0.000000E+00 0.000000E+00 0.000000E+00 0.000000E+00 0.000000E+00
 0.000000E+00 0.000000E+00 0.000000E+00 0.000000E+00 0.000000E+00 0.000000E+00 0.000000E+00 0.000000E+00 0.000000E+00 0.000000E+00 0.000000E+00 0.000000E+00 0.000000E+00 0.000000E+00 0.000000E+00 0.000000E+00 0.000000E+00 0.000000E+00 0.000000E+00 0.000000E+00 0.000000E+00 0.000000E+00 0.000000E+00 0.000000E+00 0.000000E+00 0.000000E+00 0.000000E+00 0.000000E+00 0.000000E+00 0.000000E+00 0.000000E+00 0.000000E+00 0.000000E+00 0.000000E+00 0.000000E+00 0.000000E+00 0.000000E+00 0.000000E+00 0.000000E+00 0.000000E+00 0.000000E+00 0.000000E+00 0.000000E+00 0.000000E+00 0.000000E+00 0.000000E+00 0.000000E+00 0.000000E+00 0.000000E+00 0.000000E+00 0.000000E+00 0.000000E+00 0.000000E+00 0.000000E+00 0.000000E+00 0.000000E+00 0.000000E+00 0.000000E+00 0.000000E+00 0.000000E+00 0.000000E+00 0.000000E+00 0.000000E+00 0.000000E+00 0.000000E+00 0.000000E+00 0.000000E+00 0.000000E+00 0.000000E+00 0.000000E+00 0.000000E+00 0.000000E+00 0.000000E+00 0.000000E+00 0.000000E+00 0.000000E+00 0.000000E+00 0.000000E+00 0.000000E+00 0.000000E+00 0.000000E+00 0.000000E+00 0.000000E+00 0.000000E+00 0.000000E+00 0.000000E+00 0.000000E+00 0.000000E+00 0.000000E+00 0.000000E+00 0.000000E+00 0.000000E+00 0.000000E+00 0.000000E+00 0.000000E+00 0.000000E+00 0.000000E+00 0.000000E+00 0.000000E+00 0.000000E+00 0.000000E+00 0.000000E+00 0.000000E+00 0.000000E+00 0.000000E+00 0.000000E+00 0.000000E+00 0.000000E+00 0.000000E+00 0.000000E+00 0.000000E+00 0.000000E+00 0.000000E+00 0.000000E+00 0.000000E+00 0.000000E+00 0.000000E+00 0.000000E+00 0.000000E+00 0.000000E+00 0.000000E+00 0.000000E+00 0.000000E+00 0.000000E+00 0.000000E+00 0.000000E+00 0.000000E+00 0.000000E+00 0.000000E+00 0.000000E+00 0.000000E+00 0.000000E+00 0.000000E+00 0.000000E+00 0.000000E+00 0.000000E+00 0.000000E+00 0.000000E+00 0.000000E+00 0.000000E+00 0.000000E+00 0.000000E+00 0.000000E+00 0.000000E+00 0.000000E+00 0.000000E+00 0.000000E+00 0.000000E+00 0.000000E+00 0.000000E+00 0.000000E+00 0.000000E+00 0.000000E+00 0.000000E+00 0.000000E+00 0.000000E+00 0.000000E+00 0.000000E+00 0.000000E+00 0.000000E+00 0.000000E+00 0.000000E+00 0.000000E+00 0.000000E+00 0.000000E+00 0.000000E+00 0.000000E+00 0.000000E+00 0.000000E+00 0.000000E+00 0.000000E+00 0.000000E+00 0.000000E+00 0.000000E+00 0.000000E+00 0.000000E+00 0.000000E+00 0.000000E+00 0.000000E+00 0.000000E+00 0.000000E+00 0.000000E+00 0.000000E+00 0.000000E+00 0.000000E+00 0.000000E+00 0.000000E+00 0.000000E+00 0.000000E+00 0.000000E+00 0.000000E+00 0.000000E+00 0.000000E+00 0.000000E+00 0.000000E+00 0.000000E+00 0.000000E+00 0.000000E+00 0.000000E+00 0.000000E+00
 0.000000E+00 0.000000E+00 0.000000E+00 0.000000E+00 0.000000E+00 0.000000E+00 0.000000E+00 0.000000E+00 0.000000E+00 0.000000E+00 0.000000E+00 0.000000E+00 0.000000E+00 0.000000E+00 0.000000E+00 0.000000E+00 0.000000E+00 0.000000E+00 0.000000E+00 0.000000E+00 0.000000E+00 0.000000E+00 0.000000E+00 0.000000E+00 0.000000E+00 0.000000E+00 0.000000E+00 0.000000E+00 0.000000E+00 0.000000E+00 0.000000E+00 0.000000E+00 0.000000E+00 0.000000E+00 0.000000E+00 0.000000E+00 0.000000E+00 0.000000E+00 0.000000E+00 0.000000E+00 0.000000E+00 0.000000E+00 0.000000E+00 0.000000E+00 0.000000E+00 0.000000E+00 0.000000E+00 0.000000E+00 0.000000E+00 0.000000E+00 0.000000E+00 0.000000E+00 0.000000E+00 0.000000E+00 0.000000E+00 0.000000E+00 0.000000E+00 0.000000E+00 0.000000E+00 0.000000E+00 0.000000E+00 0.000000E+00 0.000000E+00 0.000000E+00 0.000000E+00 0.000000E+00 0.000000E+00 0.000000E+00 0.000000E+00 0.000000E+00 0.000000E+00 0.000000E+00 0.000000E+00 0.000000E+00 0.000000E+00 0.000000E+00 0.000000E+00 0.000000E+00 0.000000E+00 0.000000E+00 0.000000E+00 0.000000E+00 0.000000E+00 0.000000E+00 0.000000E+00 0.000000E+00 0.000000E+00 0.000000E+00 0.000000E+00 0.000000E+00 0.000000E+00 0.000000E+00 0.000000E+00 0.000000E+00 0.000000E+00 0.000000E+00 0.000000E+00 0.000000E+00 0.000000E+00 0.000000E+00 0.000000E+00 0.000000E+00 0.000000E+00 0.000000E+00 0.000000E+00 0.000000E+00 0.000000E+00 0.000000E+00 0.000000E+00 0.000000E+00 0.000000E+00 0.000000E+00 0.000000E+00 0.000000E+00 0.000000E+00 0.000000E+00 0.000000E+00 0.000000E+00 0.000000E+00 0.000000E+00 0.000000E+00 0.000000E+00 0.000000E+00 0.000000E+00 0.000000E+00 0.000000E+00 0.000000E+00 0.000000E+00 0.000000E+00 0.000000E+00 0.000000E+00 0.000000E+00 0.000000E+00 0.000000E+00 0.000000E+00 0.000000E+00 0.000000E+00 0.000000E+00 0.000000E+00 0.000000E+00 0.000000E+00 0.000000E+00 0.000000E+00 0.000000E+00 0.000000E+00 0.000000E+00 0.000000E+00 0.000000E+00 0.000000E+00 0.000000E+00 0.000000E+00 0.000000E+00 0.000000E+00 0.000000E+00 0.000000E+00 0.000000E+00 0.000000E+00 0.000000E+00 0.000000E+00 0.000000E+00 0.000000E+00 0.000000E+00 0.000000E+00 0.000000E+00 0.000000E+00 0.000000E+00 0.000000E+00 0.000000E+00 0.000000E+00 0.000000E+00 0.000000E+00 0.000000E+00 0.000000E+00 0.000000E+00 0.000000E+00 0.000000E+00 0.000000E+00 0.000000E+00 0.000000E+00 0.000000E+00 0.000000E+00 0.000000E+00 0.000000E+00 0.000000E+00 0.000000E+00 0.000000E+00 0.000000E+00 0.000000E+00 0.000000E+00 0.000000E+00 0.000000E+00 0.000000E+00 0.000000E+00 0.000000E+00 0.000000E+00 0.000000E+00 0.000000E+00 0.000000E+00 0.000000E+00 0.000000E+00
 0.000000E+00 0.000000E+00 0.000000E+00 0.000000E+00 0.000000E+00 0.000000E+00 0.000000E+00 0.000000E+00 0.000000E+00 0.000000E+00 0.000000E+00 0.000000E+00 0.000000E+00 0.000000E+00 0.000000E+00 0.000000E+00 0.000000E+00 0.000000E+00 0.000000E+00 0.000000E+00 0.000000E+00 0.000000E+00 0.000000E+00 0.000000E+00 0.000000E+00 0.000000E+00 0.000000E+00 0.000000E+00 0.000000E+00 0.000000E+00 0.000000E+00 0.000000E+00 0.000000E+00 0.000000E+00 0.000000E+00 0.000000E+00 0.000000E+00 0.000000E+00 0.000000E+00 0.000000E+00 0.000000E+00 0.000000E+00 0.000000E+00 0.000000E+00 0.000000E+00 0.000000E+00 0.000000E+00 0.000000E+00 0.000000E+00 0.000000E+00 0.000000E+00 0.000000E+00 0.000000E+00 0.000000E+00 0.000000E+00 0.000000E+00 0.000000E+00 0.000000E+00 0.000000E+00 0.000000E+00 0.000000E+00 0.000000E+00 0.000000E+00 0.000000E+00 0.000000E+00 0.000000E+00 0.000000E+00 0.000000E+00 0.000000E+00 0.000000E+00 0.000000E+00 0.000000E+00 0.000000E+00 0.000000E+00 0.000000E+00 0.000000E+00 0.000000E+00 0.000000E+00 0.000000E+00 0.000000E+00 0.000000E+00 0.000000E+00 0.000000E+00 0.000000E+00 0.000000E+00 0.000000E+00 0.000000E+00 0.000000E+00 0.000000E+00 0.000000E+00 0.000000E+00 0.000000E+00 0.000000E+00 0.000000E+00 0.000000E+00 0.000000E+00 0.000000E+00 0.000000E+00 0.000000E+00 0.000000E+00 0.000000E+00 0.000000E+00 0.000000E+00 0.000000E+00 0.000000E+00 0.000000E+00 0.000000E+00 0.000000E+00 0.000000E+00 0.000000E+00 0.000000E+00 0.000000E+00 0.000000E+00 0.000000E+00 0.000000E+00 0.000000E+00 0.000000E+00 0.000000E+00 0.000000E+00 0.000000E+00 0.000000E+00 0.000000E+00 0.000000E+00 0.000000E+00 0.000000E+00 0.000000E+00 0.000000E+00 0.000000E+00 0.000000E+00 0.000000E+00 0.000000E+00 0.000000E+00 0.000000E+00 0.000000E+00 0.000000E+00 0.000000E+00 0.000000E+00 0.000000E+00 0.000000E+00 0.000000E+00 0.000000E+00 0.000000E+00 0.000000E+00 0.000000E+00 0.000000E+00 0.000000E+00 0.000000E+00 0.000000E+00 0.000000E+00 0.000000E+00 0.000000E+00 0.000000E+00 0.000000E+00 0.000000E+00 0.000000E+00 0.000000E+00 0.000000E+00 0.000000E+00 0.000000E+00 0.000000E+00 0.000000E+00 0.000000E+00 0.000000E+00 0.000000E+00 0.000000E+00 0.000000E+00 0.000000E+00 0.000000E+00 0.000000E+00 0.000000E+00 0.000000E+00 0.000000E+00 0.000000E+00 0.000000E+00 0.000000E+00 0.000000E+00 0.000000E+00 0.000000E+00 0.000000E+00 0.000000E+00 0.000000E+00 0.000000E+00 0.000000E+00 0.000000E+00 0.000000E+00 0.000000E+00 0.000000E+00 0.000000E+00 0.000000E+00 0.000000E+00 0.000000E+00 0.000000E+00 0.000000E+00 0.000000E+00 0.000000E+00 0.000000E+00 0.000000E+00 0.000000E+00 0.000000E+00 0.200000E+03
 0.000000E+00 0.000000E+00 0.000000E+00 0.000000E+00 0.000000E+00 0.000000E+00 0.000000E+00 0.000000E+00 0.000000E+00 0.000000E+00 0.000000E+00 0.000000E+00 0.000000E+00 0.000000E+00 0.000000E+00 0.000000E+00 0.000000E+00 0.000000E+00 0.000000E+00 0.000000E+00 0.000000E+00 0.000000E+00 0.000000E+00 0.000000E+00 0.000000E+00 0.000000E+00 0.000000E+00 0.000000E+00 0.000000E+00 0.000000E+00 0.000000E+00 0.000000E+00 0.000000E+00 0.000000E+00 0.000000E+00 0.000000E+00 0.000000E+00 0.000000E+00 0.000000E+00 0.000000E+00 0.000000E+00 0.000000E+00 0.000000E+00 0.000000E+00 0.000000E+00 0.000000E+00 0.000000E+00 0.000000E+00 0.000000E+00 0.000000E+00 0.000000E+00 0.000000E+00 0.000000E+00 0.000000E+00 0.000000E+00 0.000000E+00 0.000000E+00 0.000000E+00 0.000000E+00 0.000000E+00 0.000000E+00 0.000000E+00 0.000000E+00 0.000000E+00 0.000000E+00 0.000000E+00 0.000000E+00 0.000000E+00 0.000000E+00 0.000000E+00 0.000000E+00 0.000000E+00 0.000000E+00 0.000000E+00 0.000000E+00 0.000000E+00 0.000000E+00 0.000000E+00 0.000000E+00 0.000000E+00 0.000000E+00 0.000000E+00 0.000000E+00 0.000000E+00 0.000000E+00 0.000000E+00 0.000000E+00 0.000000E+00 0.000000E+00 0.000000E+00 0.000000E+00 0.000000E+00 0.000000E+00 0.000000E+00 0.000000E+00 0.000000E+00 0.000000E+00 0.000000E+00 0.000000E+00 0.000000E+00 0.000000E+00 0.000000E+00 0.000000E+00 0.000000E+00 0.000000E+00 0.000000E+00 0.000000E+00 0.000000E+00 0.000000E+00 0.000000E+00 0.000000E+00 0.000000E+00 0.000000E+00 0.000000E+00 0.000000E+00 0.000000E+00 0.000000E+00 0.000000E+00 0.000000E+00 0.000000E+00 0.000000E+00 0.000000E+00 0.000000E+00 0.000000E+00 0.000000E+00 0.000000E+00 0.000000E+00 0.000000E+00 0.000000E+00 0.000000E+00 0.000000E+00 0.000000E+00 0.000000E+00 0.000000E+00 0.000000E+00 0.000000E+00 0.000000E+00 0.000000E+00 0.000000E+00 0.000000E+00 0.000000E+00 0.000000E+00 0.000000E+00 0.000000E+00 0.000000E+00 0.000000E+00 0.000000E+00 0.000000E+00 0.000000E+00 0.000000E+00 0.000000E+00 0.000000E+00 0.000000E+00 0.000000E+00 0.000000E+00 0.000000E+00 0.000000E+00 0.000000E+00 0.000000E+00 0.000000E+00 0.000000E+00 0.000000E+00 0.000000E+00 0.000000E+00 0.000000E+00 0.000000E+00 0.000000E+00 0.000000E+00 0.000000E+00 0.000000E+00 0.000000E+00 0.000000E+00 0.000000E+00 0.000000E+00 0.000000E+00 0.000000E+00 0.000000E+00 0.000000E+00 0.000000E+00 0.000000E+00 0.000000E+00 0.000000E+00 0.000000E+00 0.000000E+00 0.000000E+00 0.000000E+00 0.000000E+00 0.000000E+00 0.000000E+00 0.000000E+00 0.000000E+00 0.000000E+00 0.000000E+00 0.000000E+00 0.000000E+00 0.000000E+00 0.000000E+00 0.000000E+00 0.000000E+00 0.200000E+03
 0.287840E+00 0.318640E+00 0.266400E+00 0.235920E+00 0.215680E+00 0.192800E+00 0.186560E+00 0.190640E+00 0.170640E+00 0.165360E+00 0.156480E+00 0.155360E+00 0.149680E+00 0.141840E+00 0.146080E+00 0.136560E+00 0.130240E+00 0.129120E+00 0.127120E+00 0.124560E+00 0.116720E+00 0.119920E+00 0.113680E+00 0.113600E+00 0.104560E+00 0.103840E+00 0.101280E+00 0.948800E-01 0.100560E+00 0.950400E-01 0.956000E-01 0.926400E-01 0.848000E-01 0.832800E-01 0.872800E-01 0.808800E-01 0.829600E-01 0.778400E-01 0.773600E-01 0.757600E-01 0.756800E-01 0.749600E-01 0.724800E-01 0.671200E-01 0.672800E-01 0.664800E-01 0.656000E-01 0.659200E-01 0.595200E-01 0.600800E-01 0.583200E-01 0.603200E-01 0.572800E-01 0.547200E-01 0.564800E-01 0.508000E-01 0.588000E-01 0.499200E-01 0.536800E-01 0.503200E-01 0.474400E-01 0.462400E-01 0.467200E-01 0.483200E-01 0.428800E-01 0.460000E-01 0.432000E-01 0.424000E-01 0.411200E-01 0.394400E-01 0.403200E-01 0.361600E-01 0.364800E-01 0.336000E-01 0.350400E-01 0.350400E-01 0.325600E-01 0.359200E-01 0.321600E-01 0.296000E-01 0.301600E-01 0.277600E-01 0.296800E-01 0.286400E-01 0.280000E-01 0.269600E-01 0.260000E-01 0.252000E-01 0.254400E-01 0.245600E-01 0.212800E-01 0.212800E-01 0.217600E-01 0.226400E-01 0.209600E-01 0.211200E-01 0.204800E-01 0.204800E-01 0.190400E-01 0.193600E-01 0.168800E-01 0.166400E-01 0.168800E-01 0.152000E-01 0.163200E-01 0.148800E-01 0.152800E-01 0.136800E-01 0.142400E-01 0.120800E-01 0.150400E-01 0.137600E-01 0.118400E-01 0.110400E-01 0.928000E-02 0.122400E-01 0.113600E-01 0.960000E-02 0.776000E-02 0.888000E-02 0.792000E-02 0.816000E-02 0.856000E-02 0.824000E-02 0.632000E-02 0.768000E-02 0.688000E-02 0.720000E-02 0.552000E-02 0.528000E-02 0.616000E-02 0.520000E-02 0.544000E-02 0.520000E-02 0.328000E-02 0.440000E-02 0.376000E-02 0.496000E-02 0.376000E-02 0.368000E-02 0.424000E-02 0.352000E-02 0.416000E-02 0.456000E-02 0.352000E-02 0.256000E-02 0.256000E-02 0.280000E-02 0.248000E-02 0.240000E-02 0.240000E-02 0.184000E-02 0.224000E-02 0.184000E-02 0.120000E-02 0.136000E-02 0.136000E-02 0.160000E-02 0.104000E-02 0.120000E-02 0.136000E-02 0.104000E-02 0.960000E-03 0.880000E-03 0.560000E-03 0.120000E-02 0.800000E-03 0.560000E-03 0.720000E-03 0.800000E-03 0.400000E-03 0.400000E-03 0.320000E-03 0.240000E-03 0.240000E-03 0.240000E-03 0.400000E-03 0.240000E-03 0.000000E+00 0.160000E-03 0.800000E-04 0.000000E+00 0.800000E-04 0.800000E-04 0.000000E+00 0.000000E+00 0.800000E-04 0.240000E-03 0.000000E+00 0.000000E+00 0.000000E+00 0.000000E+00 0.000000E+00 0.000000E+00 0.000000E+00 0.000000E+00 0.000000E+00 0.000000E+00 0.000000E+00 0.000000E+00
 0.662480E+00 0.731120E+00 0.584960E+00 0.490880E+00 0.433280E+00 0.384480E+00 0.355120E+00 0.332560E+00 0.317520E+00 0.290880E+00 0.267920E+00 0.262480E+00 0.242960E+00 0.228800E+00 0.227280E+00 0.216080E+00 0.203760E+00 0.196160E+00 0.180560E+00 0.180160E+00 0.176880E+00 0.174400E+00 0.163840E+00 0.161120E+00 0.147520E+00 0.150800E+00 0.144320E+00 0.138000E+00 0.130400E+00 0.127600E+00 0.133360E+00 0.124480E+00 0.116800E+00 0.110880E+00 0.110560E+00 0.102880E+00 0.100960E+00 0.948000E-01 0.947200E-01 0.924800E-01 0.918400E-01 0.880000E-01 0.824800E-01 0.827200E-01 0.829600E-01 0.813600E-01 0.745600E-01 0.728800E-01 0.726400E-01 0.688800E-01 0.679200E-01 0.667200E-01 0.641600E-01 0.603200E-01 0.625600E-01 0.605600E-01 0.565600E-01 0.558400E-01 0.575200E-01 0.550400E-01 0.520800E-01 0.527200E-01 0.470400E-01 0.474400E-01 0.464000E-01 0.487200E-01 0.452000E-01 0.436800E-01 0.394400E-01 0.383200E-01 0.404000E-01 0.379200E-01 0.387200E-01 0.366400E-01 0.341600E-01 0.308800E-01 0.312800E-01 0.338400E-01 0.274400E-01 0.304000E-01 0.294400E-01 0.285600E-01 0.266400E-01 0.250400E-01 0.269600E-01 0.250400E-01 0.211200E-01 0.229600E-01 0.211200E-01 0.228800E-01 0.204000E-01 0.210400E-01 0.214400E-01 0.175200E-01 0.197600E-01 0.179200E-01 0.179200E-01 0.156000E-01 0.169600E-01 0.149600E-01 0.156000E-01 0.162400E-01 0.148800E-01 0.139200E-01 0.144800E-01 0.148800E-01 0.125600E-01 0.129600E-01 0.113600E-01 0.110400E-01 0.117600E-01 0.992000E-02 0.105600E-01 0.832000E-02 0.928000E-02 0.864000E-02 0.832000E-02 0.808000E-02 0.920000E-02 0.872000E-02 0.664000E-02 0.664000E-02 0.744000E-02 0.624000E-02 0.704000E-02 0.744000E-02 0.560000E-02 0.512000E-02 0.560000E-02 0.456000E-02 0.512000E-02 0.456000E-02 0.472000E-02 0.456000E-02 0.368000E-02 0.488000E-02 0.360000E-02 0.408000E-02 0.416000E-02 0.336000E-02 0.280000E-02 0.256000E-02 0.240000E-02 0.272000E-02 0.120000E-02 0.232000E-02 0.176000E-02 0.184000E-02 0.232000E-02 0.136000E-02 0.128000E-02 0.224000E-02 0.160000E-02 0.144000E-02 0.200000E-02 0.560000E-03 0.120000E-02 0.120000E-02 0.112000E-02 0.720000E-03 0.560000E-03 0.800000E-03 0.800000E-03 0.480000E-03 0.400000E-03 0.560000E-03 0.560000E-03 0.560000E-03 0.560000E-03 0.560000E-03 0.160000E-03 0.800000E-04 0.320000E-03 0.240000E-03 0.400000E-03 0.240000E-03 0.400000E-03 0.240000E-03 0.160000E-03 0.800000E-04 0.160000E-03 0.160000E-03 0.160000E-03 0.000000E+00 0.160000E-03 0.000000E+00 0.000000E+00 0.160000E-03 0.800000E-04 0.000000E+00 0.000000E+00 0.000000E+00 0.000000E+00 0.000000E+00 0.000000E+00 0.000000E+00 0.000000E+00 0.000000E+00 0.000000E+00 0.000000E+00
 0.291520E+00 0.304640E+00 0.263760E+00 0.242960E+00 0.207760E+00 0.202560E+00 0.180880E+00 0.180880E+00 0.165680E+00 0.151680E+00 0.151040E+00 0.148160E+00 0.147920E+00 0.134640E+00 0.135600E+00 0.129680E+00 0.128240E+00 0.121200E+00 0.128240E+00 0.123200E+00 0.113920E+00 0.114320E+00 0.111440E+00 0.105200E+00 0.100880E+00 0.100720E+00 0.100400E+00 0.987200E-01 0.952800E-01 0.879200E-01 0.923200E-01 0.868000E-01 0.874400E-01 0.863200E-01 0.844000E-01 0.815200E-01 0.812800E-01 0.721600E-01 0.774400E-01 0.719200E-01 0.680000E-01 0.717600E-01 0.696800E-01 0.620000E-01 0.665600E-01 0.693600E-01 0.669600E-01 0.632000E-01 0.609600E-01 0.642400E-01 0.568800E-01 0.580000E-01 0.543200E-01 0.556000E-01 0.526400E-01 0.516800E-01 0.489600E-01 0.516000E-01 0.452800E-01 0.479200E-01 0.460800E-01 0.471200E-01 0.451200E-01 0.400000E-01 0.409600E-01 0.416800E-01 0.436000E-01 0.414400E-01 0.385600E-01 0.370400E-01 0.392800E-01 0.363200E-01 0.367200E-01 0.350400E-01 0.319200E-01 0.348000E-01 0.320000E-01 0.290400E-01 0.276000E-01 0.316000E-01 0.296000E-01 0.290400E-01 0.290400E-01 0.262400E-01 0.246400E-01 0.247200E-01 0.246400E-01 0.225600E-01 0.237600E-01 0.224000E-01 0.240000E-01 0.235200E-01 0.229600E-01 0.207200E-01 0.215200E-01 0.182400E-01 0.179200E-01 0.204800E-01 0.195200E-01 0.163200E-01 0.163200E-01 0.161600E-01 0.151200E-01 0.156800E-01 0.156000E-01 0.145600E-01 0.141600E-01 0.143200E-01 0.128800E-01 0.138400E-01 0.118400E-01 0.105600E-01 0.109600E-01 0.968000E-02 0.110400E-01 0.101600E-01 0.984000E-02 0.912000E-02 0.816000E-02 0.100800E-01 0.976000E-02 0.856000E-02 0.792000E-02 0.728000E-02 0.728000E-02 0.656000E-02 0.800000E-02 0.624000E-02 0.640000E-02 0.624000E-02 0.512000E-02 0.544000E-02 0.496000E-02 0.320000E-02 0.448000E-02 0.312000E-02 0.392000E-02 0.432000E-02 0.360000E-02 0.432000E-02 0.368000E-02 0.360000E-02 0.328000E-02 0.240000E-02 0.280000E-02 0.272000E-02 0.248000E-02 0.192000E-02 0.216000E-02 0.264000E-02 0.192000E-02 0.208000E-02 0.160000E-02 0.120000E-02 0.152000E-02 0.168000E-02 0.160000E-02 0.800000E-03 0.144000E-02 0.136000E-02 0.104000E-02 0.112000E-02 0.640000E-03 0.104000E-02 0.320000E-03 0.800000E-03 0.320000E-03 0.560000E-03 0.560000E-03 0.240000E-03 0.800000E-03 0.480000E-03 0.320000E-03 0.160000E-03 0.400000E-03 0.400000E-03 0.240000E-03 0.160000E-03 0.240000E-03 0.160000E-03 0.320000E-03 0.000000E+00 0.000000E+00 0.000000E+00 0.160000E-03 0.800000E-04 0.000000E+00 0.000000E+00 0.000000E+00 0.000000E+00 0.800000E-04 0.000000E+00 0.000000E+00 0.000000E+00 0.000000E+00 0.000000E+00 0.000000E+00 0.000000E+00 0.000000E+00 0.000000E+00
 0.654960E+00 0.717520E+00 0.575920E+00 0.485840E+00 0.426240E+00 0.393040E+00 0.340640E+00 0.320560E+00 0.306240E+00 0.282240E+00 0.268000E+00 0.254160E+00 0.241760E+00 0.225440E+00 0.216000E+00 0.208400E+00 0.193440E+00 0.191360E+00 0.184560E+00 0.173760E+00 0.167120E+00 0.158480E+00 0.152000E+00 0.146880E+00 0.149200E+00 0.143360E+00 0.133920E+00 0.131520E+00 0.122480E+00 0.128880E+00 0.120480E+00 0.119360E+00 0.112480E+00 0.111680E+00 0.108400E+00 0.101840E+00 0.103200E+00 0.962400E-01 0.942400E-01 0.930400E-01 0.884800E-01 0.888000E-01 0.822400E-01 0.827200E-01 0.816800E-01 0.747200E-01 0.766400E-01 0.763200E-01 0.716000E-01 0.691200E-01 0.637600E-01 0.640800E-01 0.616800E-01 0.619200E-01 0.608000E-01 0.575200E-01 0.561600E-01 0.553600E-01 0.513600E-01 0.510400E-01 0.472800E-01 0.526400E-01 0.429600E-01 0.467200E-01 0.456000E-01 0.436000E-01 0.441600E-01 0.408800E-01 0.384000E-01 0.375200E-01 0.388000E-01 0.376800E-01 0.375200E-01 0.324000E-01 0.352000E-01 0.328800E-01 0.328000E-01 0.304000E-01 0.278400E-01 0.292800E-01 0.287200E-01 0.286400E-01 0.257600E-01 0.277600E-01 0.238400E-01 0.252800E-01 0.240000E-01 0.205600E-01 0.214400E-01 0.227200E-01 0.203200E-01 0.175200E-01 0.192800E-01 0.176000E-01 0.166400E-01 0.179200E-01 0.172000E-01 0.184000E-01 0.138400E-01 0.152800E-01 0.136800E-01 0.147200E-01 0.143200E-01 0.116000E-01 0.130400E-01 0.124000E-01 0.104800E-01 0.117600E-01 0.113600E-01 0.108800E-01 0.984000E-02 0.103200E-01 0.102400E-01 0.936000E-02 0.824000E-02 0.840000E-02 0.832000E-02 0.832000E-02 0.664000E-02 0.552000E-02 0.640000E-02 0.680000E-02 0.648000E-02 0.608000E-02 0.640000E-02 0.592000E-02 0.544000E-02 0.328000E-02 0.432000E-02 0.456000E-02 0.472000E-02 0.408000E-02 0.416000E-02 0.352000E-02 0.304000E-02 0.304000E-02 0.280000E-02 0.304000E-02 0.280000E-02 0.280000E-02 0.280000E-02 0.304000E-02 0.200000E-02 0.216000E-02 0.192000E-02 0.144000E-02 0.176000E-02 0.128000E-02 0.136000E-02 0.560000E-03 0.128000E-02 0.128000E-02 0.960000E-03 0.176000E-02 0.112000E-02 0.960000E-03 0.880000E-03 0.960000E-03 0.880000E-03 0.960000E-03 0.400000E-03 0.800000E-03 0.640000E-03 0.640000E-03 0.560000E-03 0.480000E-03 0.400000E-03 0.400000E-03 0.160000E-03 0.000000E+00 0.240000E-03 0.400000E-03 0.800000E-04 0.000000E+00 0.160000E-03 0.800000E-04 0.800000E-04 0.320000E-03 0.000000E+00 0.160000E-03 0.240000E-03 0.160000E-03 0.240000E-03 0.000000E+00 0.000000E+00 0.000000E+00 0.000000E+00 0.000000E+00 0.800000E-04 0.000000E+00 0.000000E+00 0.000000E+00 0.000000E+00 0.000000E+00 0.000000E+00 0.000000E+00 0.000000E+00 0.000000E+00 0.000000E+00 0.000000E+00
 0.645784E+01 0.461944E+01 0.388312E+01 0.288496E+01 0.211656E+01 0.190608E+01 0.173200E+01 0.159296E+01 0.151344E+01 0.141144E+01 0.133784E+01 0.125704E+01 0.119896E+01 0.113704E+01 0.110576E+01 0.104800E+01 0.100536E+01 0.974720E+00 0.944320E+00 0.901680E+00 0.869360E+00 0.849440E+00 0.813840E+00 0.787200E+00 0.783280E+00 0.750960E+00 0.730080E+00 0.710080E+00 0.689680E+00 0.662160E+00 0.669120E+00 0.646560E+00 0.634480E+00 0.608720E+00 0.600400E+00 0.589600E+00 0.575280E+00 0.575600E+00 0.555200E+00 0.537840E+00 0.534640E+00 0.514240E+00 0.500880E+00 0.496800E+00 0.484720E+00 0.467760E+00 0.473280E+00 0.459200E+00 0.447520E+00 0.449840E+00 0.432000E+00 0.417600E+00 0.411920E+00 0.416880E+00 0.408080E+00 0.407120E+00 0.386800E+00 0.388160E+00 0.377440E+00 0.372880E+00 0.366720E+00 0.353760E+00 0.351040E+00 0.350480E+00 0.342960E+00 0.329840E+00 0.336400E+00 0.331760E+00 0.317920E+00 0.309600E+00 0.313360E+00 0.307840E+00 0.308640E+00 0.307200E+00 0.297120E+00 0.287840E+00 0.275200E+00 0.288880E+00 0.273840E+00 0.278560E+00 0.271920E+00 0.273200E+00 0.261520E+00 0.255280E+00 0.251760E+00 0.259840E+00 0.252640E+00 0.245840E+00 0.242800E+00 0.240160E+00 0.237440E+00 0.234560E+00 0.232720E+00 0.228480E+00 0.224720E+00 0.222080E+00 0.225280E+00 0.220960E+00 0.223440E+00 0.206960E+00 0.207120E+00 0.206880E+00 0.206240E+00 0.205440E+00 0.202400E+00 0.195520E+00 0.198320E+00 0.189280E+00 0.193600E+00 0.195120E+00 0.192720E+00 0.194400E+00 0.186000E+00 0.176640E+00 0.180000E+00 0.179920E+00 0.180160E+00 0.176320E+00 0.179360E+00 0.175840E+00 0.172720E+00 0.170240E+00 0.167680E+00 0.161680E+00 0.167440E+00 0.158640E+00 0.166640E+00 0.155360E+00 0.159760E+00 0.159440E+00 0.155040E+00 0.156160E+00 0.154800E+00 0.150240E+00 0.152320E+00 0.149120E+00 0.152640E+00 0.156320E+00 0.146080E+00 0.146720E+00 0.142080E+00 0.139440E+00 0.148960E+00 0.142160E+00 0.140800E+00 0.134960E+00 0.140960E+00 0.137440E+00 0.133600E+00 0.141120E+00 0.142400E+00 0.134240E+00 0.132320E+00 0.139200E+00 0.132080E+00 0.135600E+00 0.129840E+00 0.132560E+00 0.130480E+00 0.134720E+00 0.132720E+00 0.120800E+00 0.126160E+00 0.130320E+00 0.128800E+00 0.124640E+00 0.133360E+00 0.128720E+00 0.124240E+00 0.126160E+00 0.125200E+00 0.124960E+00 0.132400E+00 0.124480E+00 0.122000E+00 0.123360E+00 0.122960E+00 0.125840E+00 0.126560E+00 0.124880E+00 0.129120E+00 0.131040E+00 0.128080E+00 0.127360E+00 0.124240E+00 0.127840E+00 0.126960E+00 0.129360E+00 0.131040E+00 0.124560E+00 0.128240E+00 0.123680E+00 0.131920E+00 0.126400E+00 0.131360E+00 0.127200E+00 0.132160E+00 0.133840E+00 0.139280E+00 0.112681E+03
 0.201368E+01 0.173184E+01 0.159024E+01 0.131584E+01 0.107688E+01 0.100168E+01 0.950400E+00 0.876800E+00 0.841440E+00 0.821040E+00 0.789760E+00 0.746640E+00 0.729200E+00 0.698320E+00 0.692160E+00 0.674800E+00 0.636160E+00 0.630880E+00 0.610960E+00 0.592240E+00 0.583440E+00 0.571600E+00 0.553360E+00 0.552480E+00 0.529040E+00 0.529520E+00 0.511520E+00 0.501840E+00 0.499600E+00 0.488160E+00 0.482080E+00 0.469920E+00 0.469520E+00 0.451600E+00 0.458080E+00 0.453040E+00 0.434240E+00 0.425520E+00 0.428720E+00 0.413600E+00 0.394240E+00 0.403920E+00 0.389040E+00 0.390640E+00 0.384720E+00 0.379280E+00 0.370160E+00 0.366880E+00 0.365920E+00 0.368720E+00 0.348880E+00 0.354960E+00 0.342080E+00 0.331200E+00 0.335120E+00 0.333600E+00 0.328080E+00 0.317680E+00 0.314400E+00 0.310240E+00 0.310960E+00 0.295600E+00 0.295040E+00 0.292640E+00 0.296480E+00 0.291040E+00 0.282240E+00 0.282800E+00 0.280560E+00 0.277280E+00 0.268320E+00 0.276960E+00 0.260560E+00 0.260880E+00 0.259120E+00 0.257280E+00 0.256720E+00 0.245680E+00 0.247920E+00 0.244400E+00 0.238880E+00 0.242400E+00 0.241280E+00 0.230000E+00 0.226560E+00 0.225520E+00 0.220320E+00 0.223840E+00 0.219840E+00 0.214000E+00 0.215200E+00 0.206960E+00 0.216800E+00 0.207200E+00 0.204640E+00 0.204560E+00 0.201920E+00 0.203920E+00 0.192560E+00 0.196000E+00 0.189920E+00 0.184720E+00 0.186960E+00 0.187920E+00 0.187360E+00 0.188240E+00 0.185600E+00 0.182080E+00 0.174480E+00 0.177840E+00 0.176560E+00 0.177680E+00 0.172320E+00 0.168560E+00 0.172000E+00 0.169360E+00 0.166240E+00 0.169280E+00 0.167600E+00 0.162240E+00 0.158880E+00 0.161440E+00 0.156800E+00 0.161280E+00 0.157280E+00 0.153760E+00 0.145440E+00 0.156080E+00 0.148320E+00 0.152720E+00 0.152560E+00 0.149200E+00 0.145440E+00 0.144800E+00 0.143040E+00 0.137360E+00 0.143920E+00 0.142800E+00 0.139840E+00 0.136880E+00 0.142960E+00 0.139840E+00 0.144800E+00 0.135280E+00 0.141680E+00 0.138320E+00 0.136320E+00 0.134720E+00 0.134480E+00 0.140080E+00 0.130960E+00 0.137680E+00 0.133360E+00 0.134720E+00 0.131840E+00 0.134720E+00 0.135360E+00 0.127280E+00 0.131840E+00 0.132880E+00 0.127200E+00 0.129920E+00 0.126560E+00 0.139600E+00 0.133200E+00 0.131920E+00 0.138720E+00 0.130880E+00 0.130080E+00 0.136800E+00 0.136640E+00 0.132000E+00 0.134720E+00 0.132160E+00 0.139840E+00 0.134000E+00 0.144000E+00 0.136640E+00 0.141440E+00 0.143200E+00 0.142880E+00 0.140560E+00 0.138080E+00 0.139120E+00 0.141360E+00 0.147280E+00 0.145120E+00 0.142560E+00 0.151680E+00 0.152720E+00 0.144080E+00 0.153120E+00 0.159680E+00 0.156080E+00 0.153440E+00 0.161760E+00 0.153600E+00 0.161520E+00 0.166640E+00 0.139458E+03
 0.287840E+00 0.318640E+00 0.266400E+00 0.235920E+00 0.215680E+00 0.192800E+00 0.186560E+00 0.190640E+00 0.170640E+00 0.165360E+00 0.156480E+00 0.155360E+00 0.149680E+00 0.141840E+00 0.146080E+00 0.136560E+00 0.130240E+00 0.129120E+00 0.127120E+00 0.124560E+00 0.116720E+00 0.119920E+00 0.113680E+00 0.113600E+00 0.104560E+00 0.103840E+00 0.101280E+00 0.948800E-01 0.100560E+00 0.950400E-01 0.956000E-01 0.926400E-01 0.848000E-01 0.832800E-01 0.872800E-01 0.808800E-01 0.829600E-01 0.778400E-01 0.773600E-01 0.757600E-01 0.756800E-01 0.749600E-01 0.724800E-01 0.671200E-01 0.672800E-01 0.664800E-01 0.656000E-01 0.659200E-01 0.595200E-01 0.600800E-01 0.583200E-01 0.603200E-01 0.572800E-01 0.547200E-01 0.564800E-01 0.508000E-01 0.588000E-01 0.499200E-01 0.536800E-01 0.503200E-01 0.474400E-01 0.462400E-01 0.467200E-01 0.483200E-01 0.428800E-01 0.460000E-01 0.432000E-01 0.424000E-01 0.411200E-01 0.394400E-01 0.403200E-01 0.361600E-01 0.364800E-01 0.336000E-01 0.350400E-01 0.350400E-01 0.325600E-01 0.359200E-01 0.321600E-01 0.296000E-01 0.301600E-01 0.277600E-01 0.296800E-01 0.286400E-01 0.280000E-01 0.269600E-01 0.260000E-01 0.252000E-01 0.254400E-01 0.245600E-01 0.212800E-01 0.212800E-01 0.217600E-01 0.226400E-01 0.209600E-01 0.211200E-01 0.204800E-01 0.204800E-01 0.190400E-01 0.193600E-01 0.168800E-01 0.166400E-01 0.168800E-01 0.152000E-01 0.163200E-01 0.148800E-01 0.152800E-01 0.136800E-01 0.142400E-01 0.120800E-01 0.150400E-01 0.137600E-01 0.118400E-01 0.110400E-01 0.928000E-02 0.122400E-01 0.113600E-01 0.960000E-02 0.776000E-02 0.888000E-02 0.792000E-02 0.816000E-02 0.856000E-02 0.824000E-02 0.632000E-02 0.768000E-02 0.688000E-02 0.720000E-02 0.552000E-02 0.528000E-02 0.616000E-02 0.520000E-02 0.544000E-02 0.520000E-02 0.328000E-02 0.440000E-02 0.376000E-02 0.496000E-02 0.376000E-02 0.368000E-02 0.424000E-02 0.352000E-02 0.416000E-02 0.456000E-02 0.352000E-02 0.256000E-02 0.256000E-02 0.280000E-02 0.248000E-02 0.240000E-02 0.240000E-02 0.184000E-02 0.224000E-02 0.184000E-02 0.120000E-02 0.136000E-02 0.136000E-02 0.160000E-02 0.104000E-02 0.120000E-02 0.136000E-02 0.104000E-02 0.960000E-03 0.880000E-03 0.560000E-03 0.120000E-02 0.800000E-03 0.560000E-03 0.720000E-03 0.800000E-03 0.400000E-03 0.400000E-03 0.320000E-03 0.240000E-03 0.240000E-03 0.240000E-03 0.400000E-03 0.240000E-03 0.000000E+00 0.160000E-03 0.800000E-04 0.000000E+00 0.800000E-04 0.800000E-04 0.000000E+00 0.000000E+00 0.800000E-04 0.240000E-03 0.000000E+00 0.000000E+00 0.000000E+00 0.000000E+00 0.000000E+00 0.000000E+00 0.000000E+00 0.000000E+00 0.000000E+00 0.000000E+00 0.000000E+00 0.000000E+00
 0.662480E+00 0.731120E+00 0.584960E+00 0.490880E+00 0.433280E+00 0.384480E+00 0.355120E+00 0.332560E+00 0.317520E+00 0.290880E+00 0.267920E+00 0.262480E+00 0.242960E+00 0.228800E+00 0.227280E+00 0.216080E+00 0.203760E+00 0.196160E+00 0.180560E+00 0.180160E+00 0.176880E+00 0.174400E+00 0.163840E+00 0.161120E+00 0.147520E+00 0.150800E+00 0.144320E+00 0.138000E+00 0.130400E+00 0.127600E+00 0.133360E+00 0.124480E+00 0.116800E+00 0.110880E+00 0.110560E+00 0.102880E+00 0.100960E+00 0.948000E-01 0.947200E-01 0.924800E-01 0.918400E-01 0.880000E-01 0.824800E-01 0.827200E-01 0.829600E-01 0.813600E-01 0.745600E-01 0.728800E-01 0.726400E-01 0.688800E-01 0.679200E-01 0.667200E-01 0.641600E-01 0.603200E-01 0.625600E-01 0.605600E-01 0.565600E-01 0.558400E-01 0.575200E-01 0.550400E-01 0.520800E-01 0.527200E-01 0.470400E-01 0.474400E-01 0.464000E-01 0.487200E-01 0.452000E-01 0.436800E-01 0.394400E-01 0.383200E-01 0.404000E-01 0.379200E-01 0.387200E-01 0.366400E-01 0.341600E-01 0.308800E-01 0.312800E-01 0.338400E-01 0.274400E-01 0.304000E-01 0.294400E-01 0.285600E-01 0.266400E-01 0.250400E-01 0.269600E-01 0.250400E-01 0.211200E-01 0.229600E-01 0.211200E-01 0.228800E-01 0.204000E-01 0.210400E-01 0.214400E-01 0.175200E-01 0.197600E-01 0.179200E-01 0.179200E-01 0.156000E-01 0.169600E-01 0.149600E-01 0.156000E-01 0.162400E-01 0.148800E-01 0.139200E-01 0.144800E-01 0.148800E-01 0.125600E-01 0.129600E-01 0.113600E-01 0.110400E-01 0.117600E-01 0.992000E-02 0.105600E-01 0.832000E-02 0.928000E-02 0.864000E-02 0.832000E-02 0.808000E-02 0.920000E-02 0.872000E-02 0.664000E-02 0.664000E-02 0.744000E-02 0.624000E-02 0.704000E-02 0.744000E-02 0.560000E-02 0.512000E-02 0.560000E-02 0.456000E-02 0.512000E-02 0.456000E-02 0.472000E-02 0.456000E-02 0.368000E-02 0.488000E-02 0.360000E-02 0.408000E-02 0.416000E-02 0.336000E-02 0.280000E-02 0.256000E-02 0.240000E-02 0.272000E-02 0.120000E-02 0.232000E-02 0.176000E-02 0.184000E-02 0.232000E-02 0.136000E-02 0.128000E-02 0.224000E-02 0.160000E-02 0.144000E-02 0.200000E-02 0.560000E-03 0.120000E-02 0.120000E-02 0.112000E-02 0.720000E-03 0.560000E-03 0.800000E-03 0.800000E-03 0.480000E-03 0.400000E-03 0.560000E-03 0.560000E-03 0.560000E-03 0.560000E-03 0.560000E-03 0.160000E-03 0.800000E-04 0.320000E-03 0.240000E-03 0.400000E-03 0.240000E-03 0.400000E-03 0.240000E-03 0.160000E-03 0.800000E-04 0.160000E-03 0.160000E-03 0.160000E-03 0.000000E+00 0.160000E-03 0.000000E+00 0.000000E+00 0.160000E-03 0.800000E-04 0.000000E+00 0.000000E+00 0.000000E+00 0.000000E+00 0.000000E+00 0.000000E+00 0.000000E+00 0.000000E+00 0.000000E+00 0.000000E+00 0.000000E+00
 0.291520E+00 0.304640E+00 0.263760E+00 0.242960E+00 0.207760E+00 0.202560E+00 0.180880E+00 0.180880E+00 0.165680E+00 0.151680E+00 0.151040E+00 0.148160E+00 0.147920E+00 0.134640E+00 0.135600E+00 0.129680E+00 0.128240E+00 0.121200E+00 0.128240E+00 0.123200E+00 0.113920E+00 0.114320E+00 0.111440E+00 0.105200E+00 0.100880E+00 0.100720E+00 0.100400E+00 0.987200E-01 0.952800E-01 0.879200E-01 0.923200E-01 0.868000E-01 0.874400E-01 0.863200E-01 0.844000E-01 0.815200E-01 0.812800E-01 0.721600E-01 0.774400E-01 0.719200E-01 0.680000E-01 0.717600E-01 0.696800E-01 0.620000E-01 0.665600E-01 0.693600E-01 0.669600E-01 0.632000E-01 0.609600E-01 0.642400E-01 0.568800E-01 0.580000E-01 0.543200E-01 0.556000E-01 0.526400E-01 0.516800E-01 0.489600E-01 0.516000E-01 0.452800E-01 0.479200E-01 0.460800E-01 0.471200E-01 0.451200E-01 0.400000E-01 0.409600E-01 0.416800E-01 0.436000E-01 0.414400E-01 0.385600E-01 0.370400E-01 0.392800E-01 0.363200E-01 0.367200E-01 0.350400E-01 0.319200E-01 0.348000E-01 0.320000E-01 0.290400E-01 0.276000E-01 0.316000E-01 0.296000E-01 0.290400E-01 0.290400E-01 0.262400E-01 0.246400E-01 0.247200E-01 0.246400E-01 0.225600E-01 0.237600E-01 0.224000E-01 0.240000E-01 0.235200E-01 0.229600E-01 0.207200E-01 0.215200E-01 0.182400E-01 0.179200E-01 0.204800E-01 0.195200E-01 0.163200E-01 0.163200E-01 0.161600E-01 0.151200E-01 0.156800E-01 0.156000E-01 0.145600E-01 0.141600E-01 0.143200E-01 0.128800E-01 0.138400E-01 0.118400E-01 0.105600E-01 0.109600E-01 0.968000E-02 0.110400E-01 0.101600E-01 0.984000E-02 0.912000E-02 0.816000E-02 0.100800E-01 0.976000E-02 0.856000E-02 0.792000E-02 0.728000E-02 0.728000E-02 0.656000E-02 0.800000E-02 0.624000E-02 0.640000E-02 0.624000E-02 0.512000E-02 0.544000E-02 0.496000E-02 0.320000E-02 0.448000E-02 0.312000E-02 0.392000E-02 0.432000E-02 0.360000E-02 0.432000E-02 0.368000E-02 0.360000E-02 0.328000E-02 0.240000E-02 0.280000E-02 0.272000E-02 0.248000E-02 0.192000E-02 0.216000E-02 0.264000E-02 0.192000E-02 0.208000E-02 0.160000E-02 0.120000E-02 0.152000E-02 0.168000E-02 0.160000E-02 0.800000E-03 0.144000E-02 0.136000E-02 0.104000E-02 0.112000E-02 0.640000E-03 0.104000E-02 0.320000E-03 0.800000E-03 0.320000E-03 0.560000E-03 0.560000E-03 0.240000E-03 0.800000E-03 0.480000E-03 0.320000E-03 0.160000E-03 0.400000E-03 0.400000E-03 0.240000E-03 0.160000E-03 0.240000E-03 0.160000E-03 0.320000E-03 0.000000E+00 0.000000E+00 0.000000E+00 0.160000E-03 0.800000E-04 0.000000E+00 0.000000E+00 0.000000E+00 0.000000E+00 0.800000E-04 0.000000E+00 0.000000E+00 0.000000E+00 0.000000E+00 0.000000E+00 0.000000E+00 0.000000E+00 0.000000E+00 0.000000E+00
 0.654960E+00 0.717520E+00 0.575920E+00 0.485840E+00 0.426240E+00 0.393040E+00 0.340640E+00 0.320560E+00 0.306240E+00 0.282240E+00 0.268000E+00 0.254160E+00 0.241760E+00 0.225440E+00 0.216000E+00 0.208400E+00 0.193440E+00 0.191360E+00 0.184560E+00 0.173760E+00 0.167120E+00 0.158480E+00 0.152000E+00 0.146880E+00 0.149200E+00 0.143360E+00 0.133920E+00 0.131520E+00 0.122480E+00 0.128880E+00 0.120480E+00 0.119360E+00 0.112480E+00 0.111680E+00 0.108400E+00 0.101840E+00 0.103200E+00 0.962400E-01 0.942400E-01 0.930400E-01 0.884800E-01 0.888000E-01 0.822400E-01 0.827200E-01 0.816800E-01 0.747200E-01 0.766400E-01 0.763200E-01 0.716000E-01 0.691200E-01 0.637600E-01 0.640800E-01 0.616800E-01 0.619200E-01 0.608000E-01 0.575200E-01 0.561600E-01 0.553600E-01 0.513600E-01 0.510400E-01 0.472800E-01 0.526400E-01 0.429600E-01 0.467200E-01 0.456000E-01 0.436000E-01 0.441600E-01 0.408800E-01 0.384000E-01 0.375200E-01 0.388000E-01 0.376800E-01 0.375200E-01 0.324000E-01 0.352000E-01 0.328800E-01 0.328000E-01 0.304000E-01 0.278400E-01 0.292800E-01 0.287200E-01 0.286400E-01 0.257600E-01 0.277600E-01 0.238400E-01 0.252800E-01 0.240000E-01 0.205600E-01 0.214400E-01 0.227200E-01 0.203200E-01 0.175200E-01 0.192800E-01 0.176000E-01 0.166400E-01 0.179200E-01 0.172000E-01 0.184000E-01 0.138400E-01 0.152800E-01 0.136800E-01 0.147200E-01 0.143200E-01 0.116000E-01 0.130400E-01 0.124000E-01 0.104800E-01 0.117600E-01 0.113600E-01 0.108800E-01 0.984000E-02 0.103200E-01 0.102400E-01 0.936000E-02 0.824000E-02 0.840000E-02 0.832000E-02 0.832000E-02 0.664000E-02 0.552000E-02 0.640000E-02 0.680000E-02 0.648000E-02 0.608000E-02 0.640000E-02 0.592000E-02 0.544000E-02 0.328000E-02 0.432000E-02 0.456000E-02 0.472000E-02 0.408000E-02 0.416000E-02 0.352000E-02 0.304000E-02 0.304000E-02 0.280000E-02 0.304000E-02 0.280000E-02 0.280000E-02 0.280000E-02 0.304000E-02 0.200000E-02 0.216000E-02 0.192000E-02 0.144000E-02 0.176000E-02 0.128000E-02 0.136000E-02 0.560000E-03 0.128000E-02 0.128000E-02 0.960000E-03 0.176000E-02 0.112000E-02 0.960000E-03 0.880000E-03 0.960000E-03 0.880000E-03 0.960000E-03 0.400000E-03 0.800000E-03 0.640000E-03 0.640000E-03 0.560000E-03 0.480000E-03 0.400000E-03 0.400000E-03 0.160000E-03 0.000000E+00 0.240000E-03 0.400000E-03 0.800000E-04 0.000000E+00 0.160000E-03 0.800000E-04 0.800000E-04 0.320000E-03 0.000000E+00 0.160000E-03 0.240000E-03 0.160000E-03 0.240000E-03 0.000000E+00 0.000000E+00 0.000000E+00 0.000000E+00 0.000000E+00 0.800000E-04 0.000000E+00 0.000000E+00 0.000000E+00 0.000000E+00 0.000000E+00 0.000000E+00 0.000000E+00 0.000000E+00 0.000000E+00 0.000000E+00 0.000000E+00
 0.645784E+01 0.461944E+01 0.388312E+01 0.288496E+01 0.211656E+01 0.190608E+01 0.173200E+01 0.159296E+01 0.151344E+01 0.141144E+01 0.133784E+01 0.125704E+01 0.119896E+01 0.113704E+01 0.110576E+01 0.104800E+01 0.100536E+01 0.974720E+00 0.944320E+00 0.901680E+00 0.869360E+00 0.849440E+00 0.813840E+00 0.787200E+00 0.783280E+00 0.750960E+00 0.730080E+00 0.710080E+00 0.689680E+00 0.662160E+00 0.669120E+00 0.646560E+00 0.634480E+00 0.608720E+00 0.600400E+00 0.589600E+00 0.575280E+00 0.575600E+00 0.555200E+00 0.537840E+00 0.534640E+00 0.514240E+00 0.500880E+00 0.496800E+00 0.484720E+00 0.467760E+00 0.473280E+00 0.459200E+00 0.447520E+00 0.449840E+00 0.432000E+00 0.417600E+00 0.411920E+00 0.416880E+00 0.408080E+00 0.407120E+00 0.386800E+00 0.388160E+00 0.377440E+00 0.372880E+00 0.366720E+00 0.353760E+00 0.351040E+00 0.350480E+00 0.342960E+00 0.329840E+00 0.336400E+00 0.331760E+00 0.317920E+00 0.309600E+00 0.313360E+00 0.307840E+00 0.308640E+00 0.307200E+00 0.297120E+00 0.287840E+00 0.275200E+00 0.288880E+00 0.273840E+00 0.278560E+00 0.271920E+00 0.273200E+00 0.261520E+00 0.255280E+00 0.251760E+00 0.259840E+00 0.252640E+00 0.245840E+00 0.242800E+00 0.240160E+00 0.237440E+00 0.234560E+00 0.232720E+00 0.228480E+00 0.224720E+00 0.222080E+00 0.225280E+00 0.220960E+00 0.223440E+00 0.206960E+00 0.207120E+00 0.206880E+00 0.206240E+00 0.205440E+00 0.202400E+00 0.195520E+00 0.198320E+00 0.189280E+00 0.193600E+00 0.195120E+00 0.192720E+00 0.194400E+00 0.186000E+00 0.176640E+00 0.180000E+00 0.179920E+00 0.180160E+00 0.176320E+00 0.179360E+00 0.175840E+00 0.172720E+00 0.170240E+00 0.167680E+00 0.161680E+00 0.167440E+00 0.158640E+00 0.166640E+00 0.155360E+00 0.159760E+00 0.159440E+00 0.155040E+00 0.156160E+00 0.154800E+00 0.150240E+00 0.152320E+00 0.149120E+00 0.152640E+00 0.156320E+00 0.146080E+00 0.146720E+00 0.142080E+00 0.139440E+00 0.148960E+00 0.142160E+00 0.140800E+00 0.134960E+00 0.140960E+00 0.137440E+00 0.133600E+00 0.141120E+00 0.142400E+00 0.134240E+00 0.132320E+00 0.139200E+00 0.132080E+00 0.135600E+00 0.129840E+00 0.132560E+00 0.130480E+00 0.134720E+00 0.132720E+00 0.120800E+00 0.126160E+00 0.130320E+00 0.128800E+00 0.124640E+00 0.133360E+00 0.128720E+00 0.124240E+00 0.126160E+00 0.125200E+00 0.124960E+00 0.132400E+00 0.124480E+00 0.122000E+00 0.123360E+00 0.122960E+00 0.125840E+00 0.126560E+00 0.124880E+00 0.129120E+00 0.131040E+00 0.128080E+00 0.127360E+00 0.124240E+00 0.127840E+00 0.126960E+00 0.129360E+00 0.131040E+00 0.124560E+00 0.128240E+00 0.123680E+00 0.131920E+00 0.126400E+00 0.131360E+00 0.127200E+00 0.132160E+00 0.133840E+00 0.139280E+00 0.112681E+03
 0.201368E+01 0.173184E+01 0.159024E+01 0.131584E+01 0.107688E+01 0.100168E+01 0.950400E+00 0.876800E+00 0.841440E+00 0.821040E+00 0.789760E+00 0.746640E+00 0.729200E+00 0.698320E+00 0.692160E+00 0.674800E+00 0.636160E+00 0.630880E+00 0.610960E+00 0.592240E+00 0.583440E+00 0.571600E+00 0.553360E+00 0.552480E+00 0.529040E+00 0.529520E+00 0.511520E+00 0.501840E+00 0.499600E+00 0.488160E+00 0.482080E+00 0.469920E+00 0.469520E+00 0.451600E+00 0.458080E+00 0.453040E+00 0.434240E+00 0.425520E+00 0.428720E+00 0.413600E+00 0.394240E+00 0.403920E+00 0.389040E+00 0.390640E+00 0.384720E+00 0.379280E+00 0.370160E+00 0.366880E+00 0.365920E+00 0.368720E+00 0.348880E+00 0.354960E+00 0.342080E+00 0.331200E+00 0.335120E+00 0.333600E+00 0.328080E+00 0.317680E+00 0.314400E+00 0.310240E+00 0.310960E+00 0.295600E+00 0.295040E+00 0.292640E+00 0.296480E+00 0.291040E+00 0.282240E+00 0.282800E+00 0.280560E+00 0.277280E+00 0.268320E+00 0.276960E+00 0.260560E+00 0.260880E+00 0.259120E+00 0.257280E+00 0.256720E+00 0.245680E+00 0.247920E+00 0.244400E+00 0.238880E+00 0.242400E+00 0.241280E+00 0.230000E+00 0.226560E+00 0.225520E+00 0.220320E+00 0.223840E+00 0.219840E+00 0.214000E+00 0.215200E+00 0.206960E+00 0.216800E+00 0.207200E+00 0.204640E+00 0.204560E+00 0.201920E+00 0.203920E+00 0.192560E+00 0.196000E+00 0.189920E+00 0.184720E+00 0.186960E+00 0.187920E+00 0.187360E+00 0.188240E+00 0.185600E+00 0.182080E+00 0.174480E+00 0.177840E+00 0.176560E+00 0.177680E+00 0.172320E+00 0.168560E+00 0.172000E+00 0.169360E+00 0.166240E+00 0.169280E+00 0.167600E+00 0.162240E+00 0.158880E+00 0.161440E+00 0.156800E+00 0.161280E+00 0.157280E+00 0.153760E+00 0.145440E+00 0.156080E+00 0.148320E+00 0.152720E+00 0.152560E+00 0.149200E+00 0.145440E+00 0.144800E+00 0.143040E+00 0.137360E+00 0.143920E+00 0.142800E+00 0.139840E+00 0.136880E+00 0.142960E+00 0.139840E+00 0.144800E+00 0.135280E+00 0.141680E+00 0.138320E+00 0.136320E+00 0.134720E+00 0.134480E+00 0.140080E+00 0.130960E+00 0.137680E+00 0.133360E+00 0.134720E+00 0.131840E+00 0.134720E+00 0.135360E+00 0.127280E+00 0.131840E+00 0.132880E+00 0.127200E+00 0.129920E+00 0.126560E+00 0.139600E+00 0.133200E+00 0.131920E+00 0.138720E+00 0.130880E+00 0.130080E+00 0.136800E+00 0.136640E+00 0.132000E+00 0.134720E+00 0.132160E+00 0.139840E+00 0.134000E+00 0.144000E+00 0.136640E+00 0.141440E+00 0.143200E+00 0.142880E+00 0.140560E+00 0.138080E+00 0.139120E+00 0.141360E+00 0.147280E+00 0.145120E+00 0.142560E+00 0.151680E+00 0.152720E+00 0.144080E+00 0.153120E+00 0.159680E+00 0.156080E+00 0.153440E+00 0.161760E+00 0.153600E+00 0.161520E+00 0.166640E+00 0.139458E+03
 0.287840E+00 0.318640E+00 0.266400E+00 0.235920E+00 0.215680E+00 0.192800E+00 0.186560E+00 0.190640E+00 0.170640E+00 0.165360E+00 0.156480E+00 0.155360E+00 0.149680E+00 0.141840E+00 0.146080E+00 0.136560E+00 0.130240E+00 0.129120E+00 0.127120E+00 0.124560E+00 0.116720E+00 0.119920E+00 0.113680E+00 0.113600E+00 0.104560E+00 0.103840E+00 0.101280E+00 0.948800E-01 0.100560E+00 0.950400E-01 0.956000E-01 0.926400E-01 0.848000E-01 0.832800E-01 0.872800E-01 0.808800E-01 0.829600E-01 0.778400E-01 0.773600E-01 0.757600E-01 0.756800E-01 0.749600E-01 0.724800E-01 0.671200E-01 0.672800E-01 0.664800E-01 0.656000E-01 0.659200E-01 0.595200E-01 0.600800E-01 0.583200E-01 0.603200E-01 0.572800E-01 0.547200E-01 0.564800E-01 0.508000E-01 0.588000E-01 0.499200E-01 0.536800E-01 0.503200E-01 0.474400E-01 0.462400E-01 0.467200E-01 0.483200E-01 0.428800E-01 0.460000E-01 0.432000E-01 0.424000E-01 0.411200E-01 0.394400E-01 0.403200E-01 0.361600E-01 0.364800E-01 0.336000E-01 0.350400E-01 0.350400E-01 0.325600E-01 0.359200E-01 0.321600E-01 0.296000E-01 0.301600E-01 0.277600E-01 0.296800E-01 0.286400E-01 0.280000E-01 0.269600E-01 0.260000E-01 0.252000E-01 0.254400E-01 0.245600E-01 0.212800E-01 0.212800E-01 0.217600E-01 0.226400E-01 0.209600E-01 0.211200E-01 0.204800E-01 0.204800E-01 0.190400E-01 0.193600E-01 0.168800E-01 0.166400E-01 0.168800E-01 0.152000E-01 0.163200E-01 0.148800E-01 0.152800E-01 0.136800E-01 0.142400E-01 0.120800E-01 0.150400E-01 0.137600E-01 0.118400E-01 0.110400E-01 0.928000E-02 0.122400E-01 0.113600E-01 0.960000E-02 0.776000E-02 0.888000E-02 0.792000E-02 0.816000E-02 0.856000E-02 0.824000E-02 0.632000E-02 0.768000E-02 0.688000E-02 0.720000E-02 0.552000E-02 0.528000E-02 0.616000E-02 0.520000E-02 0.544000E-02 0.520000E-02 0.328000E-02 0.440000E-02 0.376000E-02 0.496000E-02 0.376000E-02 0.368000E-02 0.424000E-02 0.352000E-02 0.416000E-02 0.456000E-02 0.352000E-02 0.256000E-02 0.256000E-02 0.280000E-02 0.248000E-02 0.240000E-02 0.240000E-02 0.184000E-02 0.224000E-02 0.184000E-02 0.120000E-02 0.136000E-02 0.136000E-02 0.160000E-02 0.104000E-02 0.120000E-02 0.136000E-02 0.104000E-02 0.960000E-03 0.880000E-03 0.560000E-03 0.120000E-02 0.800000E-03 0.560000E-03 0.720000E-03 0.800000E-03 0.400000E-03 0.400000E-03 0.320000E-03 0.240000E-03 0.240000E-03 0.240000E-03 0.400000E-03 0.240000E-03 0.000000E+00 0.160000E-03 0.800000E-04 0.000000E+00 0.800000E-04 0.800000E-04 0.000000E+00 0.000000E+00 0.800000E-04 0.240000E-03 0.000000E+00 0.000000E+00 0.000000E+00 0.000000E+00 0.000000E+00 0.000000E+00 0.000000E+00 0.000000E+00 0.000000E+00 0.000000E+00 0.000000E+00 0.000000E+00
 0.662480E+00 0.731120E+00 0.584960E+00 0.490880E+00 0.433280E+00 0.384480E+00 0.355120E+00 0.332560E+00 0.317520E+00 0.290880E+00 0.267920E+00 0.262480E+00 0.242960E+00 0.228800E+00 0.227280E+00 0.216080E+00 0.203760E+00 0.196160E+00 0.180560E+00 0.180160E+00 0.176880E+00 0.174400E+00 0.163840E+00 0.161120E+00 0.147520E+00 0.150800E+00 0.144320E+00 0.138000E+00 0.130400E+00 0.127600E+00 0.133360E+00 0.124480E+00 0.116800E+00 0.110880E+00 0.110560E+00 0.102880E+00 0.100960E+00 0.948000E-01 0.947200E-01 0.924800E-01 0.918400E-01 0.880000E-01 0.824800E-01 0.827200E-01 0.829600E-01 0.813600E-01 0.745600E-01 0.728800E-01 0.726400E-01 0.688800E-01 0.679200E-01 0.667200E-01 0.641600E-01 0.603200E-01 0.625600E-01 0.605600E-01 0.565600E-01 0.558400E-01 0.575200E-01 0.550400E-01 0.520800E-01 0.527200E-01 0.470400E-01 0.474400E-01 0.464000E-01 0.487200E-01 0.452000E-01 0.436800E-01 0.394400E-01 0.383200E-01 0.404000E-01 0.379200E-01 0.387200E-01 0.366400E-01 0.341600E-01 0.308800E-01 0.312800E-01 0.338400E-01 0.274400E-01 0.304000E-01 0.294400E-01 0.285600E-01 0.266400E-01 0.250400E-01 0.269600E-01 0.250400E-01 0.211200E-01 0.229600E-01 0.211200E-01 0.228800E-01 0.204000E-01 0.210400E-01 0.214400E-01 0.175200E-01 0.197600E-01 0.179200E-01 0.179200E-01 0.156000E-01 0.169600E-01 0.149600E-01 0.156000E-01 0.162400E-01 0.148800E-01 0.139200E-01 0.144800E-01 0.148800E-01 0.125600E-01 0.129600E-01 0.113600E-01 0.110400E-01 0.117600E-01 0.992000E-02 0.105600E-01 0.832000E-02 0.928000E-02 0.864000E-02 0.832000E-02 0.808000E-02 0.920000E-02 0.872000E-02 0.664000E-02 0.664000E-02 0.744000E-02 0.624000E-02 0.704000E-02 0.744000E-02 0.560000E-02 0.512000E-02 0.560000E-02 0.456000E-02 0.512000E-02 0.456000E-02 0.472000E-02 0.456000E-02 0.368000E-02 0.488000E-02 0.360000E-02 0.408000E-02 0.416000E-02 0.336000E-02 0.280000E-02 0.256000E-02 0.240000E-02 0.272000E-02 0.120000E-02 0.232000E-02 0.176000E-02 0.184000E-02 0.232000E-02 0.136000E-02 0.128000E-02 0.224000E-02 0.160000E-02 0.144000E-02 0.200000E-02 0.560000E-03 0.120000E-02 0.120000E-02 0.112000E-02 0.720000E-03 0.560000E-03 0.800000E-03 0.800000E-03 0.480000E-03 0.400000E-03 0.560000E-03 0.560000E-03 0.560000E-03 0.560000E-03 0.560000E-03 0.160000E-03 0.800000E-04 0.320000E-03 0.240000E-03 0.400000E-03 0.240000E-03 0.400000E-03 0.240000E-03 0.160000E-03 0.800000E-04 0.160000E-03 0.160000E-03 0.160000E-03 0.000000E+00 0.160000E-03 0.000000E+00 0.000000E+00 0.160000E-03 0.800000E-04 0.000000E+00 0.000000E+00 0.000000E+00 0.000000E+00 0.000000E+00 0.000000E+00 0.000000E+00 0.000000E+00 0.000000E+00 0.000000E+00 0.000000E+00
 0.291520E+00 0.304640E+00 0.263760E+00 0.242960E+00 0.207760E+00 0.202560E+00 0.180880E+00 0.180880E+00 0.165680E+00 0.151680E+00 0.151040E+00 0.148160E+00 0.147920E+00 0.134640E+00 0.135600E+00 0.129680E+00 0.128240E+00 0.121200E+00 0.128240E+00 0.123200E+00 0.113920E+00 0.114320E+00 0.111440E+00 0.105200E+00 0.100880E+00 0.100720E+00 0.100400E+00 0.987200E-01 0.952800E-01 0.879200E-01 0.923200E-01 0.868000E-01 0.874400E-01 0.863200E-01 0.844000E-01 0.815200E-01 0.812800E-01 0.721600E-01 0.774400E-01 0.719200E-01 0.680000E-01 0.717600E-01 0.696800E-01 0.620000E-01 0.665600E-01 0.693600E-01 0.669600E-01 0.632000E-01 0.609600E-01 0.642400E-01 0.568800E-01 0.580000E-01 0.543200E-01 0.556000E-01 0.526400E-01 0.516800E-01 0.489600E-01 0.516000E-01 0.452800E-01 0.479200E-01 0.460800E-01 0.471200E-01 0.451200E-01 0.400000E-01 0.409600E-01 0.416800E-01 0.436000E-01 0.414400E-01 0.385600E-01 0.370400E-01 0.392800E-01 0.363200E-01 0.367200E-01 0.350400E-01 0.319200E-01 0.348000E-01 0.320000E-01 0.290400E-01 0.276000E-01 0.316000E-01 0.296000E-01 0.290400E-01 0.290400E-01 0.262400E-01 0.246400E-01 0.247200E-01 0.246400E-01 0.225600E-01 0.237600E-01 0.224000E-01 0.240000E-01 0.235200E-01 0.229600E-01 0.207200E-01 0.215200E-01 0.182400E-01 0.179200E-01 0.204800E-01 0.195200E-01 0.163200E-01 0.163200E-01 0.161600E-01 0.151200E-01 0.156800E-01 0.156000E-01 0.145600E-01 0.141600E-01 0.143200E-01 0.128800E-01 0.138400E-01 0.118400E-01 0.105600E-01 0.109600E-01 0.968000E-02 0.110400E-01 0.101600E-01 0.984000E-02 0.912000E-02 0.816000E-02 0.100800E-01 0.976000E-02 0.856000E-02 0.792000E-02 0.728000E-02 0.728000E-02 0.656000E-02 0.800000E-02 0.624000E-02 0.640000E-02 0.624000E-02 0.512000E-02 0.544000E-02 0.496000E-02 0.320000E-02 0.448000E-02 0.312000E-02 0.392000E-02 0.432000E-02 0.360000E-02 0.432000E-02 0.368000E-02 0.360000E-02 0.328000E-02 0.240000E-02 0.280000E-02 0.272000E-02 0.248000E-02 0.192000E-02 0.216000E-02 0.264000E-02 0.192000E-02 0.208000E-02 0.160000E-02 0.120000E-02 0.152000E-02 0.168000E-02 0.160000E-02 0.800000E-03 0.144000E-02 0.136000E-02 0.104000E-02 0.112000E-02 0.640000E-03 0.104000E-02 0.320000E-03 0.800000E-03 0.320000E-03 0.560000E-03 0.560000E-03 0.240000E-03 0.800000E-03 0.480000E-03 0.320000E-03 0.160000E-03 0.400000E-03 0.400000E-03 0.240000E-03 0.160000E-03 0.240000E-03 0.160000E-03 0.320000E-03 0.000000E+00 0.000000E+00 0.000000E+00 0.160000E-03 0.800000E-04 0.000000E+00 0.000000E+00 0.000000E+00 0.000000E+00 0.800000E-04 0.000000E+00 0.000000E+00 0.000000E+00 0.000000E+00 0.000000E+00 0.000000E+00 0.000000E+00 0.000000E+00 0.000000E+00
 0.654960E+00 0.717520E+00 0.575920E+00 0.485840E+00 0.426240E+00 0.393040E+00 0.340640E+00 0.320560E+00 0.306240E+00 0.282240E+00 0.268000E+00 0.254160E+00 0.241760E+00 0.225440E+00 0.216000E+00 0.208400E+00 0.193440E+00 0.191360E+00 0.184560E+00 0.173760E+00 0.167120E+00 0.158480E+00 0.152000E+00 0.146880E+00 0.149200E+00 0.143360E+00 0.133920E+00 0.131520E+00 0.122480E+00 0.128880E+00 0.120480E+00 0.119360E+00 0.112480E+00 0.111680E+00 0.108400E+00 0.101840E+00 0.103200E+00 0.962400E-01 0.942400E-01 0.930400E-01 0.884800E-01 0.888000E-01 0.822400E-01 0.827200E-01 0.816800E-01 0.747200E-01 0.766400E-01 0.763200E-01 0.716000E-01 0.691200E-01 0.637600E-01 0.640800E-01 0.616800E-01 0.619200E-01 0.608000E-01 0.575200E-01 0.561600E-01 0.553600E-01 0.513600E-01 0.510400E-01 0.472800E-01 0.526400E-01 0.429600E-01 0.467200E-01 0.456000E-01 0.436000E-01 0.441600E-01 0.408800E-01 0.384000E-01 0.375200E-01 0.388000E-01 0.376800E-01 0.375200E-01 0.324000E-01 0.352000E-01 0.328800E-01 0.328000E-01 0.304000E-01 0.278400E-01 0.292800E-01 0.287200E-01 0.286400E-01 0.257600E-01 0.277600E-01 0.238400E-01 0.252800E-01 0.240000E-01 0.205600E-01 0.214400E-01 0.227200E-01 0.203200E-01 0.175200E-01 0.192800E-01 0.176000E-01 0.166400E-01 0.179200E-01 0.172000E-01 0.184000E-01 0.138400E-01 0.152800E-01 0.136800E-01 0.147200E-01 0.143200E-01 0.116000E-01 0.130400E-01 0.124000E-01 0.104800E-01 0.117600E-01 0.113600E-01 0.108800E-01 0.984000E-02 0.103200E-01 0.102400E-01 0.936000E-02 0.824000E-02 0.840000E-02 0.832000E-02 0.832000E-02 0.664000E-02 0.552000E-02 0.640000E-02 0.680000E-02 0.648000E-02 0.608000E-02 0.640000E-02 0.592000E-02 0.544000E-02 0.328000E-02 0.432000E-02 0.456000E-02 0.472000E-02 0.408000E-02 0.416000E-02 0.352000E-02 0.304000E-02 0.304000E-02 0.280000E-02 0.304000E-02 0.280000E-02 0.280000E-02 0.280000E-02 0.304000E-02 0.200000E-02 0.216000E-02 0.192000E-02 0.144000E-02 0.176000E-02 0.128000E-02 0.136000E-02 0.560000E-03 0.128000E-02 0.128000E-02 0.960000E-03 0.176000E-02 0.112000E-02 0.960000E-03 0.880000E-03 0.960000E-03 0.880000E-03 0.960000E-03 0.400000E-03 0.800000E-03 0.640000E-03 0.640000E-03 0.560000E-03 0.480000E-03 0.400000E-03 0.400000E-03 0.160000E-03 0.000000E+00 0.240000E-03 0.400000E-03 0.800000E-04 0.000000E+00 0.160000E-03 0.800000E-04 0.800000E-04 0.320000E-03 0.000000E+00 0.160000E-03 0.240000E-03 0.160000E-03 0.240000E-03 0.000000E+00 0.000000E+00 0.000000E+00 0.000000E+00 0.000000E+00 0.800000E-04 0.000000E+00 0.000000E+00 0.000000E+00 0.000000E+00 0.000000E+00 0.000000E+00 0.000000E+00 0.000000E+00 0.000000E+00 0.000000E+00 0.000000E+00
 0.629760E+01 0.447920E+01 0.373896E+01 0.275040E+01 0.198456E+01 0.177512E+01 0.160624E+01 0.146344E+01 0.138464E+01 0.128984E+01 0.121776E+01 0.113208E+01 0.107408E+01 0.101872E+01 0.985760E+00 0.930560E+00 0.888720E+00 0.856800E+00 0.824720E+00 0.788880E+00 0.749360E+00 0.728720E+00 0.697840E+00 0.668400E+00 0.669600E+00 0.636960E+00 0.613120E+00 0.598400E+00 0.574720E+00 0.549920E+00 0.551520E+00 0.531680E+00 0.520400E+00 0.496080E+00 0.486000E+00 0.472960E+00 0.462400E+00 0.460640E+00 0.446160E+00 0.423440E+00 0.418000E+00 0.403440E+00 0.389600E+00 0.387920E+00 0.375280E+00 0.363360E+00 0.361600E+00 0.350880E+00 0.341360E+00 0.339120E+00 0.322160E+00 0.308240E+00 0.308800E+00 0.304080E+00 0.297280E+00 0.294080E+00 0.278640E+00 0.276080E+00 0.264240E+00 0.268400E+00 0.251520E+00 0.250480E+00 0.238880E+00 0.241360E+00 0.234320E+00 0.224080E+00 0.227200E+00 0.218880E+00 0.211440E+00 0.203040E+00 0.205280E+00 0.196560E+00 0.195360E+00 0.195200E+00 0.187120E+00 0.178880E+00 0.173760E+00 0.174880E+00 0.163360E+00 0.166480E+00 0.160720E+00 0.161520E+00 0.150560E+00 0.148480E+00 0.144400E+00 0.147840E+00 0.146080E+00 0.136640E+00 0.133200E+00 0.128160E+00 0.120640E+00 0.126640E+00 0.121040E+00 0.118640E+00 0.117680E+00 0.116000E+00 0.112480E+00 0.109040E+00 0.112320E+00 0.991200E-01 0.100000E+00 0.969600E-01 0.967200E-01 0.940800E-01 0.892800E-01 0.852000E-01 0.895200E-01 0.816000E-01 0.832000E-01 0.839200E-01 0.815200E-01 0.806400E-01 0.744800E-01 0.683200E-01 0.681600E-01 0.676000E-01 0.700800E-01 0.656000E-01 0.662400E-01 0.614400E-01 0.600000E-01 0.606400E-01 0.535200E-01 0.557600E-01 0.524800E-01 0.522400E-01 0.536000E-01 0.448000E-01 0.462400E-01 0.460000E-01 0.424800E-01 0.427200E-01 0.436800E-01 0.392000E-01 0.366400E-01 0.380800E-01 0.372800E-01 0.365600E-01 0.359200E-01 0.347200E-01 0.300000E-01 0.290400E-01 0.296000E-01 0.292000E-01 0.269600E-01 0.262400E-01 0.238400E-01 0.266400E-01 0.225600E-01 0.224800E-01 0.218400E-01 0.192800E-01 0.192800E-01 0.184000E-01 0.180800E-01 0.157600E-01 0.154400E-01 0.149600E-01 0.150400E-01 0.140000E-01 0.135200E-01 0.944000E-02 0.103200E-01 0.976000E-02 0.904000E-02 0.105600E-01 0.984000E-02 0.760000E-02 0.784000E-02 0.632000E-02 0.696000E-02 0.720000E-02 0.656000E-02 0.504000E-02 0.616000E-02 0.552000E-02 0.528000E-02 0.392000E-02 0.432000E-02 0.392000E-02 0.488000E-02 0.280000E-02 0.264000E-02 0.320000E-02 0.224000E-02 0.200000E-02 0.280000E-02 0.184000E-02 0.200000E-02 0.176000E-02 0.120000E-02 0.880000E-03 0.104000E-02 0.960000E-03 0.800000E-03 0.160000E-03 0.400000E-03 0.800000E-04 0.000000E+00 0.000000E+00
 0.196984E+01 0.169512E+01 0.155232E+01 0.127608E+01 0.103552E+01 0.961680E+00 0.908080E+00 0.833760E+00 0.800080E+00 0.784480E+00 0.746000E+00 0.703600E+00 0.688080E+00 0.654320E+00 0.650560E+00 0.632640E+00 0.594240E+00 0.593600E+00 0.568160E+00 0.552400E+00 0.546880E+00 0.524640E+00 0.512880E+00 0.511360E+00 0.486560E+00 0.487200E+00 0.469680E+00 0.462720E+00 0.458320E+00 0.447920E+00 0.438240E+00 0.426640E+00 0.426240E+00 0.410800E+00 0.413040E+00 0.407440E+00 0.390000E+00 0.384720E+00 0.383840E+00 0.370400E+00 0.354800E+00 0.360480E+00 0.341760E+00 0.345760E+00 0.340080E+00 0.332640E+00 0.325200E+00 0.323360E+00 0.318720E+00 0.325280E+00 0.301760E+00 0.310000E+00 0.296160E+00 0.285280E+00 0.285840E+00 0.284560E+00 0.275920E+00 0.266160E+00 0.263920E+00 0.262560E+00 0.260320E+00 0.246560E+00 0.246560E+00 0.238560E+00 0.243920E+00 0.239360E+00 0.230160E+00 0.231120E+00 0.225680E+00 0.220800E+00 0.216080E+00 0.219680E+00 0.209680E+00 0.207040E+00 0.200240E+00 0.198560E+00 0.197360E+00 0.190960E+00 0.191280E+00 0.184640E+00 0.179520E+00 0.183120E+00 0.179360E+00 0.170320E+00 0.168640E+00 0.165920E+00 0.159200E+00 0.162800E+00 0.155440E+00 0.150240E+00 0.152400E+00 0.144560E+00 0.153600E+00 0.142880E+00 0.142000E+00 0.136720E+00 0.139040E+00 0.137520E+00 0.129680E+00 0.129520E+00 0.123840E+00 0.117360E+00 0.115040E+00 0.117280E+00 0.119840E+00 0.117040E+00 0.113040E+00 0.105440E+00 0.101680E+00 0.101680E+00 0.101360E+00 0.103920E+00 0.970400E-01 0.924800E-01 0.948800E-01 0.923200E-01 0.874400E-01 0.876000E-01 0.851200E-01 0.816800E-01 0.788000E-01 0.793600E-01 0.740000E-01 0.768000E-01 0.724800E-01 0.722400E-01 0.677600E-01 0.672800E-01 0.668800E-01 0.631200E-01 0.617600E-01 0.618400E-01 0.587200E-01 0.549600E-01 0.557600E-01 0.514400E-01 0.518400E-01 0.509600E-01 0.474400E-01 0.460000E-01 0.468800E-01 0.412800E-01 0.459200E-01 0.409600E-01 0.428000E-01 0.380000E-01 0.361600E-01 0.324800E-01 0.340800E-01 0.364800E-01 0.288800E-01 0.281600E-01 0.308000E-01 0.277600E-01 0.260000E-01 0.265600E-01 0.235200E-01 0.227200E-01 0.231200E-01 0.198400E-01 0.164800E-01 0.191200E-01 0.165600E-01 0.199200E-01 0.149600E-01 0.147200E-01 0.161600E-01 0.121600E-01 0.127200E-01 0.115200E-01 0.116800E-01 0.116800E-01 0.108800E-01 0.936000E-02 0.968000E-02 0.736000E-02 0.768000E-02 0.664000E-02 0.624000E-02 0.584000E-02 0.632000E-02 0.568000E-02 0.520000E-02 0.432000E-02 0.472000E-02 0.336000E-02 0.360000E-02 0.304000E-02 0.440000E-02 0.176000E-02 0.168000E-02 0.232000E-02 0.112000E-02 0.152000E-02 0.128000E-02 0.800000E-03 0.640000E-03 0.400000E-03 0.800000E-04 0.000000E+00
 0.287840E+00 0.318640E+00 0.266400E+00 0.235920E+00 0.215680E+00 0.192800E+00 0.186560E+00 0.190640E+00 0.170640E+00 0.165360E+00 0.156480E+00 0.155360E+00 0.149680E+00 0.141840E+00 0.146080E+00 0.136560E+00 0.130240E+00 0.129120E+00 0.127120E+00 0.124560E+00 0.116720E+00 0.119920E+00 0.113680E+00 0.113600E+00 0.104560E+00 0.103840E+00 0.101280E+00 0.948800E-01 0.100560E+00 0.950400E-01 0.956000E-01 0.926400E-01 0.848000E-01 0.832800E-01 0.872800E-01 0.808800E-01 0.829600E-01 0.778400E-01 0.773600E-01 0.757600E-01 0.756800E-01 0.749600E-01 0.724800E-01 0.671200E-01 0.672800E-01 0.664800E-01 0.656000E-01 0.659200E-01 0.595200E-01 0.600800E-01 0.583200E-01 0.603200E-01 0.572800E-01 0.547200E-01 0.564800E-01 0.508000E-01 0.588000E-01 0.499200E-01 0.536800E-01 0.503200E-01 0.474400E-01 0.462400E-01 0.467200E-01 0.483200E-01 0.428800E-01 0.460000E-01 0.432000E-01 0.424000E-01 0.411200E-01 0.394400E-01 0.403200E-01 0.361600E-01 0.364800E-01 0.336000E-01 0.350400E-01 0.350400E-01 0.325600E-01 0.359200E-01 0.321600E-01 0.296000E-01 0.301600E-01 0.277600E-01 0.296800E-01 0.286400E-01 0.280000E-01 0.269600E-01 0.260000E-01 0.252000E-01 0.254400E-01 0.245600E-01 0.212800E-01 0.212800E-01 0.217600E-01 0.226400E-01 0.209600E-01 0.211200E-01 0.204800E-01 0.204800E-01 0.190400E-01 0.193600E-01 0.168800E-01 0.166400E-01 0.168800E-01 0.152000E-01 0.163200E-01 0.148800E-01 0.152800E-01 0.136800E-01 0.142400E-01 0.120800E-01 0.150400E-01 0.137600E-01 0.118400E-01 0.110400E-01 0.928000E-02 0.122400E-01 0.113600E-01 0.960000E-02 0.776000E-02 0.888000E-02 0.792000E-02 0.816000E-02 0.856000E-02 0.824000E-02 0.632000E-02 0.768000E-02 0.688000E-02 0.720000E-02 0.552000E-02 0.528000E-02 0.616000E-02 0.520000E-02 0.544000E-02 0.520000E-02 0.328000E-02 0.440000E-02 0.376000E-02 0.496000E-02 0.376000E-02 0.368000E-02 0.424000E-02 0.352000E-02 0.416000E-02 0.456000E-02 0.352000E-02 0.256000E-02 0.256000E-02 0.280000E-02 0.248000E-02 0.240000E-02 0.240000E-02 0.184000E-02 0.224000E-02 0.184000E-02 0.120000E-02 0.136000E-02 0.136000E-02 0.160000E-02 0.104000E-02 0.120000E-02 0.136000E-02 0.104000E-02 0.960000E-03 0.880000E-03 0.560000E-03 0.120000E-02 0.800000E-03 0.560000E-03 0.720000E-03 0.800000E-03 0.400000E-03 0.400000E-03 0.320000E-03 0.240000E-03 0.240000E-03 0.240000E-03 0.400000E-03 0.240000E-03 0.000000E+00 0.160000E-03 0.800000E-04 0.000000E+00 0.800000E-04 0.800000E-04 0.000000E+00 0.000000E+00 0.800000E-04 0.240000E-03 0.000000E+00 0.000000E+00 0.000000E+00 0.000000E+00 0.000000E+00 0.000000E+00 0.000000E+00 0.000000E+00 0.000000E+00 0.000000E+00 0.000000E+00 0.000000E+00
 0.662480E+00 0.731120E+00 0.584960E+00 0.490880E+00 0.433280E+00 0.384480E+00 0.355120E+00 0.332560E+00 0.317520E+00 0.290880E+00 0.267920E+00 0.262480E+00 0.242960E+00 0.228800E+00 0.227280E+00 0.216080E+00 0.203760E+00 0.196160E+00 0.180560E+00 0.180160E+00 0.176880E+00 0.174400E+00 0.163840E+00 0.161120E+00 0.147520E+00 0.150800E+00 0.144320E+00 0.138000E+00 0.130400E+00 0.127600E+00 0.133360E+00 0.124480E+00 0.116800E+00 0.110880E+00 0.110560E+00 0.102880E+00 0.100960E+00 0.948000E-01 0.947200E-01 0.924800E-01 0.918400E-01 0.880000E-01 0.824800E-01 0.827200E-01 0.829600E-01 0.813600E-01 0.745600E-01 0.728800E-01 0.726400E-01 0.688800E-01 0.679200E-01 0.667200E-01 0.641600E-01 0.603200E-01 0.625600E-01 0.605600E-01 0.565600E-01 0.558400E-01 0.575200E-01 0.550400E-01 0.520800E-01 0.527200E-01 0.470400E-01 0.474400E-01 0.464000E-01 0.487200E-01 0.452000E-01 0.436800E-01 0.394400E-01 0.383200E-01 0.404000E-01 0.379200E-01 0.387200E-01 0.366400E-01 0.341600E-01 0.308800E-01 0.312800E-01 0.338400E-01 0.274400E-01 0.304000E-01 0.294400E-01 0.285600E-01 0.266400E-01 0.250400E-01 0.269600E-01 0.250400E-01 0.211200E-01 0.229600E-01 0.211200E-01 0.228800E-01 0.204000E-01 0.210400E-01 0.214400E-01 0.175200E-01 0.197600E-01 0.179200E-01 0.179200E-01 0.156000E-01 0.169600E-01 0.149600E-01 0.156000E-01 0.162400E-01 0.148800E-01 0.139200E-01 0.144800E-01 0.148800E-01 0.125600E-01 0.129600E-01 0.113600E-01 0.110400E-01 0.117600E-01 0.992000E-02 0.105600E-01 0.832000E-02 0.928000E-02 0.864000E-02 0.832000E-02 0.808000E-02 0.920000E-02 0.872000E-02 0.664000E-02 0.664000E-02 0.744000E-02 0.624000E-02 0.704000E-02 0.744000E-02 0.560000E-02 0.512000E-02 0.560000E-02 0.456000E-02 0.512000E-02 0.456000E-02 0.472000E-02 0.456000E-02 0.368000E-02 0.488000E-02 0.360000E-02 0.408000E-02 0.416000E-02 0.336000E-02 0.280000E-02 0.256000E-02 0.240000E-02 0.272000E-02 0.120000E-02 0.232000E-02 0.176000E-02 0.184000E-02 0.232000E-02 0.136000E-02 0.128000E-02 0.224000E-02 0.160000E-02 0.144000E-02 0.200000E-02 0.560000E-03 0.120000E-02 0.120000E-02 0.112000E-02 0.720000E-03 0.560000E-03 0.800000E-03 0.800000E-03 0.480000E-03 0.400000E-03 0.560000E-03 0.560000E-03 0.560000E-03 0.560000E-03 0.560000E-03 0.160000E-03 0.800000E-04 0.320000E-03 0.240000E-03 0.400000E-03 0.240000E-03 0.400000E-03 0.240000E-03 0.160000E-03 0.800000E-04 0.160000E-03 0.160000E-03 0.160000E-03 0.000000E+00 0.160000E-03 0.000000E+00 0.000000E+00 0.160000E-03 0.800000E-04 0.000000E+00 0.000000E+00 0.000000E+00 0.000000E+00 0.000000E+00 0.000000E+00 0.000000E+00 0.000000E+00 0.000000E+00 0.000000E+00 0.000000E+00
 0.291520E+00 0.304640E+00 0.263760E+00 0.242960E+00 0.207760E+00 0.202560E+00 0.180880E+00 0.180880E+00 0.165680E+00 0.151680E+00 0.151040E+00 0.148160E+00 0.147920E+00 0.134640E+00 0.135600E+00 0.129680E+00 0.128240E+00 0.121200E+00 0.128240E+00 0.123200E+00 0.113920E+00 0.114320E+00 0.111440E+00 0.105200E+00 0.100880E+00 0.100720E+00 0.100400E+00 0.987200E-01 0.952800E-01 0.879200E-01 0.923200E-01 0.868000E-01 0.874400E-01 0.863200E-01 0.844000E-01 0.815200E-01 0.812800E-01 0.721600E-01 0.774400E-01 0.719200E-01 0.680000E-01 0.717600E-01 0.696800E-01 0.620000E-01 0.665600E-01 0.693600E-01 0.669600E-01 0.632000E-01 0.609600E-01 0.642400E-01 0.568800E-01 0.580000E-01 0.543200E-01 0.556000E-01 0.526400E-01 0.516800E-01 0.489600E-01 0.516000E-01 0.452800E-01 0.479200E-01 0.460800E-01 0.471200E-01 0.451200E-01 0.400000E-01 0.409600E-01 0.416800E-01 0.436000E-01 0.414400E-01 0.385600E-01 0.370400E-01 0.392800E-01 0.363200E-01 0.367200E-01 0.350400E-01 0.319200E-01 0.348000E-01 0.320000E-01 0.290400E-01 0.276000E-01 0.316000E-01 0.296000E-01 0.290400E-01 0.290400E-01 0.262400E-01 0.246400E-01 0.247200E-01 0.246400E-01 0.225600E-01 0.237600E-01 0.224000E-01 0.240000E-01 0.235200E-01 0.229600E-01 0.207200E-01 0.215200E-01 0.182400E-01 0.179200E-01 0.204800E-01 0.195200E-01 0.163200E-01 0.163200E-01 0.161600E-01 0.151200E-01 0.156800E-01 0.156000E-01 0.145600E-01 0.141600E-01 0.143200E-01 0.128800E-01 0.138400E-01 0.118400E-01 0.105600E-01 0.109600E-01 0.968000E-02 0.110400E-01 0.101600E-01 0.984000E-02 0.912000E-02 0.816000E-02 0.100800E-01 0.976000E-02 0.856000E-02 0.792000E-02 0.728000E-02 0.728000E-02 0.656000E-02 0.800000E-02 0.624000E-02 0.640000E-02 0.624000E-02 0.512000E-02 0.544000E-02 0.496000E-02 0.320000E-02 0.448000E-02 0.312000E-02 0.392000E-02 0.432000E-02 0.360000E-02 0.432000E-02 0.368000E-02 0.360000E-02 0.328000E-02 0.240000E-02 0.280000E-02 0.272000E-02 0.248000E-02 0.192000E-02 0.216000E-02 0.264000E-02 0.192000E-02 0.208000E-02 0.160000E-02 0.120000E-02 0.152000E-02 0.168000E-02 0.160000E-02 0.800000E-03 0.144000E-02 0.136000E-02 0.104000E-02 0.112000E-02 0.640000E-03 0.104000E-02 0.320000E-03 0.800000E-03 0.320000E-03 0.560000E-03 0.560000E-03 0.240000E-03 0.800000E-03 0.480000E-03 0.320000E-03 0.160000E-03 0.400000E-03 0.400000E-03 0.240000E-03 0.160000E-03 0.240000E-03 0.160000E-03 0.320000E-03 0.000000E+00 0.000000E+00 0.000000E+00 0.160000E-03 0.800000E-04 0.000000E+00 0.000000E+00 0.000000E+00 0.000000E+00 0.800000E-04 0.000000E+00 0.000000E+00 0.000000E+00 0.000000E+00 0.000000E+00 0.000000E+00 0.000000E+00 0.000000E+00 0.000000E+00
 0.654960E+00 0.717520E+00 0.575920E+00 0.485840E+00 0.426240E+00 0.393040E+00 0.340640E+00 0.320560E+00 0.306240E+00 0.282240E+00 0.268000E+00 0.254160E+00 0.241760E+00 0.225440E+00 0.216000E+00 0.208400E+00 0.193440E+00 0.191360E+00 0.184560E+00 0.173760E+00 0.167120E+00 0.158480E+00 0.152000E+00 0.146880E+00 0.149200E+00 0.143360E+00 0.133920E+00 0.131520E+00 0.122480E+00 0.128880E+00 0.120480E+00 0.119360E+00 0.112480E+00 0.111680E+00 0.108400E+00 0.101840E+00 0.103200E+00 0.962400E-01 0.942400E-01 0.930400E-01 0.884800E-01 0.888000E-01 0.822400E-01 0.827200E-01 0.816800E-01 0.747200E-01 0.766400E-01 0.763200E-01 0.716000E-01 0.691200E-01 0.637600E-01 0.640800E-01 0.616800E-01 0.619200E-01 0.608000E-01 0.575200E-01 0.561600E-01 0.553600E-01 0.513600E-01 0.510400E-01 0.472800E-01 0.526400E-01 0.429600E-01 0.467200E-01 0.456000E-01 0.436000E-01 0.441600E-01 0.408800E-01 0.384000E-01 0.375200E-01 0.388000E-01 0.376800E-01 0.375200E-01 0.324000E-01 0.352000E-01 0.328800E-01 0.328000E-01 0.304000E-01 0.278400E-01 0.292800E-01 0.287200E-01 0.286400E-01 0.257600E-01 0.277600E-01 0.238400E-01 0.252800E-01 0.240000E-01 0.205600E-01 0.214400E-01 0.227200E-01 0.203200E-01 0.175200E-01 0.192800E-01 0.176000E-01 0.166400E-01 0.179200E-01 0.172000E-01 0.184000E-01 0.138400E-01 0.152800E-01 0.136800E-01 0.147200E-01 0.143200E-01 0.116000E-01 0.130400E-01 0.124000E-01 0.104800E-01 0.117600E-01 0.113600E-01 0.108800E-01 0.984000E-02 0.103200E-01 0.102400E-01 0.936000E-02 0.824000E-02 0.840000E-02 0.832000E-02 0.832000E-02 0.664000E-02 0.552000E-02 0.640000E-02 0.680000E-02 0.648000E-02 0.608000E-02 0.640000E-02 0.592000E-02 0.544000E-02 0.328000E-02 0.432000E-02 0.456000E-02 0.472000E-02 0.408000E-02 0.416000E-02 0.352000E-02 0.304000E-02 0.304000E-02 0.280000E-02 0.304000E-02 0.280000E-02 0.280000E-02 0.280000E-02 0.304000E-02 0.200000E-02 0.216000E-02 0.192000E-02 0.144000E-02 0.176000E-02 0.128000E-02 0.136000E-02 0.560000E-03 0.128000E-02 0.128000E-02 0.960000E-03 0.176000E-02 0.112000E-02 0.960000E-03 0.880000E-03 0.960000E-03 0.880000E-03 0.960000E-03 0.400000E-03 0.800000E-03 0.640000E-03 0.640000E-03 0.560000E-03 0.480000E-03 0.400000E-03 0.400000E-03 0.160000E-03 0.000000E+00 0.240000E-03 0.400000E-03 0.800000E-04 0.000000E+00 0.160000E-03 0.800000E-04 0.800000E-04 0.320000E-03 0.000000E+00 0.160000E-03 0.240000E-03 0.160000E-03 0.240000E-03 0.000000E+00 0.000000E+00 0.000000E+00 0.000000E+00 0.000000E+00 0.800000E-04 0.000000E+00 0.000000E+00 0.000000E+00 0.000000E+00 0.000000E+00 0.000000E+00 0.000000E+00 0.000000E+00 0.000000E+00 0.000000E+00 0.000000E+00
 0.629760E+01 0.447920E+01 0.373896E+01 0.275040E+01 0.198456E+01 0.177512E+01 0.160624E+01 0.146344E+01 0.138464E+01 0.128984E+01 0.121776E+01 0.113208E+01 0.107408E+01 0.101872E+01 0.985760E+00 0.930560E+00 0.888720E+00 0.856800E+00 0.824720E+00 0.788880E+00 0.749360E+00 0.728720E+00 0.697840E+00 0.668400E+00 0.669600E+00 0.636960E+00 0.613120E+00 0.598400E+00 0.574720E+00 0.549920E+00 0.551520E+00 0.531680E+00 0.520400E+00 0.496080E+00 0.486000E+00 0.472960E+00 0.462400E+00 0.460640E+00 0.446160E+00 0.423440E+00 0.418000E+00 0.403440E+00 0.389600E+00 0.387920E+00 0.375280E+00 0.363360E+00 0.361600E+00 0.350880E+00 0.341360E+00 0.339120E+00 0.322160E+00 0.308240E+00 0.308800E+00 0.304080E+00 0.297280E+00 0.294080E+00 0.278640E+00 0.276080E+00 0.264240E+00 0.268400E+00 0.251520E+00 0.250480E+00 0.238880E+00 0.241360E+00 0.234320E+00 0.224080E+00 0.227200E+00 0.218880E+00 0.211440E+00 0.203040E+00 0.205280E+00 0.196560E+00 0.195360E+00 0.195200E+00 0.187120E+00 0.178880E+00 0.173760E+00 0.174880E+00 0.163360E+00 0.166480E+00 0.160720E+00 0.161520E+00 0.150560E+00 0.148480E+00 0.144400E+00 0.147840E+00 0.146080E+00 0.136640E+00 0.133200E+00 0.128160E+00 0.120640E+00 0.126640E+00 0.121040E+00 0.118640E+00 0.117680E+00 0.116000E+00 0.112480E+00 0.109040E+00 0.112320E+00 0.991200E-01 0.100000E+00 0.969600E-01 0.967200E-01 0.940800E-01 0.892800E-01 0.852000E-01 0.895200E-01 0.816000E-01 0.832000E-01 0.839200E-01 0.815200E-01 0.806400E-01 0.744800E-01 0.683200E-01 0.681600E-01 0.676000E-01 0.700800E-01 0.656000E-01 0.662400E-01 0.614400E-01 0.600000E-01 0.606400E-01 0.535200E-01 0.557600E-01 0.524800E-01 0.522400E-01 0.536000E-01 0.448000E-01 0.462400E-01 0.460000E-01 0.424800E-01 0.427200E-01 0.436800E-01 0.392000E-01 0.366400E-01 0.380800E-01 0.372800E-01 0.365600E-01 0.359200E-01 0.347200E-01 0.300000E-01 0.290400E-01 0.296000E-01 0.292000E-01 0.269600E-01 0.262400E-01 0.238400E-01 0.266400E-01 0.225600E-01 0.224800E-01 0.218400E-01 0.192800E-01 0.192800E-01 0.184000E-01 0.180800E-01 0.157600E-01 0.154400E-01 0.149600E-01 0.150400E-01 0.140000E-01 0.135200E-01 0.944000E-02 0.103200E-01 0.976000E-02 0.904000E-02 0.105600E-01 0.984000E-02 0.760000E-02 0.784000E-02 0.632000E-02 0.696000E-02 0.720000E-02 0.656000E-02 0.504000E-02 0.616000E-02 0.552000E-02 0.528000E-02 0.392000E-02 0.432000E-02 0.392000E-02 0.488000E-02 0.280000E-02 0.264000E-02 0.320000E-02 0.224000E-02 0.200000E-02 0.280000E-02 0.184000E-02 0.200000E-02 0.176000E-02 0.120000E-02 0.880000E-03 0.104000E-02 0.960000E-03 0.800000E-03 0.160000E-03 0.400000E-03 0.800000E-04 0.000000E+00 0.000000E+00
 0.196984E+01 0.169512E+01 0.155232E+01 0.127608E+01 0.103552E+01 0.961680E+00 0.908080E+00 0.833760E+00 0.800080E+00 0.784480E+00 0.746000E+00 0.703600E+00 0.688080E+00 0.654320E+00 0.650560E+00 0.632640E+00 0.594240E+00 0.593600E+00 0.568160E+00 0.552400E+00 0.546880E+00 0.524640E+00 0.512880E+00 0.511360E+00 0.486560E+00 0.487200E+00 0.469680E+00 0.462720E+00 0.458320E+00 0.447920E+00 0.438240E+00 0.426640E+00 0.426240E+00 0.410800E+00 0.413040E+00 0.407440E+00 0.390000E+00 0.384720E+00 0.383840E+00 0.370400E+00 0.354800E+00 0.360480E+00 0.341760E+00 0.345760E+00 0.340080E+00 0.332640E+00 0.325200E+00 0.323360E+00 0.318720E+00 0.325280E+00 0.301760E+00 0.310000E+00 0.296160E+00 0.285280E+00 0.285840E+00 0.284560E+00 0.275920E+00 0.266160E+00 0.263920E+00 0.262560E+00 0.260320E+00 0.246560E+00 0.246560E+00 0.238560E+00 0.243920E+00 0.239360E+00 0.230160E+00 0.231120E+00 0.225680E+00 0.220800E+00 0.216080E+00 0.219680E+00 0.209680E+00 0.207040E+00 0.200240E+00 0.198560E+00 0.197360E+00 0.190960E+00 0.191280E+00 0.184640E+00 0.179520E+00 0.183120E+00 0.179360E+00 0.170320E+00 0.168640E+00 0.165920E+00 0.159200E+00 0.162800E+00 0.155440E+00 0.150240E+00 0.152400E+00 0.144560E+00 0.153600E+00 0.142880E+00 0.142000E+00 0.136720E+00 0.139040E+00 0.137520E+00 0.129680E+00 0.129520E+00 0.123840E+00 0.117360E+00 0.115040E+00 0.117280E+00 0.119840E+00 0.117040E+00 0.113040E+00 0.105440E+00 0.101680E+00 0.101680E+00 0.101360E+00 0.103920E+00 0.970400E-01 0.924800E-01 0.948800E-01 0.923200E-01 0.874400E-01 0.876000E-01 0.851200E-01 0.816800E-01 0.788000E-01 0.793600E-01 0.740000E-01 0.768000E-01 0.724800E-01 0.722400E-01 0.677600E-01 0.672800E-01 0.668800E-01 0.631200E-01 0.617600E-01 0.618400E-01 0.587200E-01 0.549600E-01 0.557600E-01 0.514400E-01 0.518400E-01 0.509600E-01 0.474400E-01 0.460000E-01 0.468800E-01 0.412800E-01 0.459200E-01 0.409600E-01 0.428000E-01 0.380000E-01 0.361600E-01 0.324800E-01 0.340800E-01 0.364800E-01 0.288800E-01 0.281600E-01 0.308000E-01 0.277600E-01 0.260000E-01 0.265600E-01 0.235200E-01 0.227200E-01 0.231200E-01 0.198400E-01 0.164800E-01 0.191200E-01 0.165600E-01 0.199200E-01 0.149600E-01 0.147200E-01 0.161600E-01 0.121600E-01 0.127200E-01 0.115200E-01 0.116800E-01 0.116800E-01 0.108800E-01 0.936000E-02 0.968000E-02 0.736000E-02 0.768000E-02 0.664000E-02 0.624000E-02 0.584000E-02 0.632000E-02 0.568000E-02 0.520000E-02 0.432000E-02 0.472000E-02 0.336000E-02 0.360000E-02 0.304000E-02 0.440000E-02 0.176000E-02 0.168000E-02 0.232000E-02 0.112000E-02 0.152000E-02 0.128000E-02 0.800000E-03 0.640000E-03 0.400000E-03 0.800000E-04 0.000000E+00
