### Run with WimpAnn version = wimpann-2.08                            
###   Using Pythia version   = Pythia 6.400    
###   Using nusigma version  = nusigma-1.15-pyr                        
###   Using DarkSUSY version = ds-4.1.6                                
###   WimpAnn run started at date 2007-09-08; time 01:06:19
### Neutrino oscillation parameters
#      theta_12 =  0.00000000E+00
#      theta_13 =  0.00000000E+00
#      theta_23 =  0.00000000E+00
#         delta =  0.00000000E+00
#  delta_m^2_21 =  0.81000000E-04
#  delta_m^2_31 =  0.22000000E-02
### WimpAnn run parameters
#  Annihilation channel =        18
#  Generated particles =  nu_tau           nu_taubar       
#  WIMP mass =  0.17600000E+03
#  Number of annihilations =   2500000
#  Source = Sun
#...dPhi/dz in  200 bins from 0 to 1
#...Line  1- 6: flux at centre of Sun for neutrino 1-6
#...Line  7-12: flux at surface of Sun for neutrino 1-6
#...Line 13-18: flux at 1 AU from the Sun for neutrino 1-6
#...Line 19-24: flux at surface of Sun for secondary neutrino 1-6
#...Line 25-30: flux at 1 AU from the Sun for secondary neutrino 1-6
 0.000000E+00 0.000000E+00 0.000000E+00 0.000000E+00 0.000000E+00 0.000000E+00 0.000000E+00 0.000000E+00 0.000000E+00 0.000000E+00 0.000000E+00 0.000000E+00 0.000000E+00 0.000000E+00 0.000000E+00 0.000000E+00 0.000000E+00 0.000000E+00 0.000000E+00 0.000000E+00 0.000000E+00 0.000000E+00 0.000000E+00 0.000000E+00 0.000000E+00 0.000000E+00 0.000000E+00 0.000000E+00 0.000000E+00 0.000000E+00 0.000000E+00 0.000000E+00 0.000000E+00 0.000000E+00 0.000000E+00 0.000000E+00 0.000000E+00 0.000000E+00 0.000000E+00 0.000000E+00 0.000000E+00 0.000000E+00 0.000000E+00 0.000000E+00 0.000000E+00 0.000000E+00 0.000000E+00 0.000000E+00 0.000000E+00 0.000000E+00 0.000000E+00 0.000000E+00 0.000000E+00 0.000000E+00 0.000000E+00 0.000000E+00 0.000000E+00 0.000000E+00 0.000000E+00 0.000000E+00 0.000000E+00 0.000000E+00 0.000000E+00 0.000000E+00 0.000000E+00 0.000000E+00 0.000000E+00 0.000000E+00 0.000000E+00 0.000000E+00 0.000000E+00 0.000000E+00 0.000000E+00 0.000000E+00 0.000000E+00 0.000000E+00 0.000000E+00 0.000000E+00 0.000000E+00 0.000000E+00 0.000000E+00 0.000000E+00 0.000000E+00 0.000000E+00 0.000000E+00 0.000000E+00 0.000000E+00 0.000000E+00 0.000000E+00 0.000000E+00 0.000000E+00 0.000000E+00 0.000000E+00 0.000000E+00 0.000000E+00 0.000000E+00 0.000000E+00 0.000000E+00 0.000000E+00 0.000000E+00 0.000000E+00 0.000000E+00 0.000000E+00 0.000000E+00 0.000000E+00 0.000000E+00 0.000000E+00 0.000000E+00 0.000000E+00 0.000000E+00 0.000000E+00 0.000000E+00 0.000000E+00 0.000000E+00 0.000000E+00 0.000000E+00 0.000000E+00 0.000000E+00 0.000000E+00 0.000000E+00 0.000000E+00 0.000000E+00 0.000000E+00 0.000000E+00 0.000000E+00 0.000000E+00 0.000000E+00 0.000000E+00 0.000000E+00 0.000000E+00 0.000000E+00 0.000000E+00 0.000000E+00 0.000000E+00 0.000000E+00 0.000000E+00 0.000000E+00 0.000000E+00 0.000000E+00 0.000000E+00 0.000000E+00 0.000000E+00 0.000000E+00 0.000000E+00 0.000000E+00 0.000000E+00 0.000000E+00 0.000000E+00 0.000000E+00 0.000000E+00 0.000000E+00 0.000000E+00 0.000000E+00 0.000000E+00 0.000000E+00 0.000000E+00 0.000000E+00 0.000000E+00 0.000000E+00 0.000000E+00 0.000000E+00 0.000000E+00 0.000000E+00 0.000000E+00 0.000000E+00 0.000000E+00 0.000000E+00 0.000000E+00 0.000000E+00 0.000000E+00 0.000000E+00 0.000000E+00 0.000000E+00 0.000000E+00 0.000000E+00 0.000000E+00 0.000000E+00 0.000000E+00 0.000000E+00 0.000000E+00 0.000000E+00 0.000000E+00 0.000000E+00 0.000000E+00 0.000000E+00 0.000000E+00 0.000000E+00 0.000000E+00 0.000000E+00 0.000000E+00 0.000000E+00 0.000000E+00 0.000000E+00 0.000000E+00 0.000000E+00 0.000000E+00 0.000000E+00 0.000000E+00 0.000000E+00 0.000000E+00
 0.000000E+00 0.000000E+00 0.000000E+00 0.000000E+00 0.000000E+00 0.000000E+00 0.000000E+00 0.000000E+00 0.000000E+00 0.000000E+00 0.000000E+00 0.000000E+00 0.000000E+00 0.000000E+00 0.000000E+00 0.000000E+00 0.000000E+00 0.000000E+00 0.000000E+00 0.000000E+00 0.000000E+00 0.000000E+00 0.000000E+00 0.000000E+00 0.000000E+00 0.000000E+00 0.000000E+00 0.000000E+00 0.000000E+00 0.000000E+00 0.000000E+00 0.000000E+00 0.000000E+00 0.000000E+00 0.000000E+00 0.000000E+00 0.000000E+00 0.000000E+00 0.000000E+00 0.000000E+00 0.000000E+00 0.000000E+00 0.000000E+00 0.000000E+00 0.000000E+00 0.000000E+00 0.000000E+00 0.000000E+00 0.000000E+00 0.000000E+00 0.000000E+00 0.000000E+00 0.000000E+00 0.000000E+00 0.000000E+00 0.000000E+00 0.000000E+00 0.000000E+00 0.000000E+00 0.000000E+00 0.000000E+00 0.000000E+00 0.000000E+00 0.000000E+00 0.000000E+00 0.000000E+00 0.000000E+00 0.000000E+00 0.000000E+00 0.000000E+00 0.000000E+00 0.000000E+00 0.000000E+00 0.000000E+00 0.000000E+00 0.000000E+00 0.000000E+00 0.000000E+00 0.000000E+00 0.000000E+00 0.000000E+00 0.000000E+00 0.000000E+00 0.000000E+00 0.000000E+00 0.000000E+00 0.000000E+00 0.000000E+00 0.000000E+00 0.000000E+00 0.000000E+00 0.000000E+00 0.000000E+00 0.000000E+00 0.000000E+00 0.000000E+00 0.000000E+00 0.000000E+00 0.000000E+00 0.000000E+00 0.000000E+00 0.000000E+00 0.000000E+00 0.000000E+00 0.000000E+00 0.000000E+00 0.000000E+00 0.000000E+00 0.000000E+00 0.000000E+00 0.000000E+00 0.000000E+00 0.000000E+00 0.000000E+00 0.000000E+00 0.000000E+00 0.000000E+00 0.000000E+00 0.000000E+00 0.000000E+00 0.000000E+00 0.000000E+00 0.000000E+00 0.000000E+00 0.000000E+00 0.000000E+00 0.000000E+00 0.000000E+00 0.000000E+00 0.000000E+00 0.000000E+00 0.000000E+00 0.000000E+00 0.000000E+00 0.000000E+00 0.000000E+00 0.000000E+00 0.000000E+00 0.000000E+00 0.000000E+00 0.000000E+00 0.000000E+00 0.000000E+00 0.000000E+00 0.000000E+00 0.000000E+00 0.000000E+00 0.000000E+00 0.000000E+00 0.000000E+00 0.000000E+00 0.000000E+00 0.000000E+00 0.000000E+00 0.000000E+00 0.000000E+00 0.000000E+00 0.000000E+00 0.000000E+00 0.000000E+00 0.000000E+00 0.000000E+00 0.000000E+00 0.000000E+00 0.000000E+00 0.000000E+00 0.000000E+00 0.000000E+00 0.000000E+00 0.000000E+00 0.000000E+00 0.000000E+00 0.000000E+00 0.000000E+00 0.000000E+00 0.000000E+00 0.000000E+00 0.000000E+00 0.000000E+00 0.000000E+00 0.000000E+00 0.000000E+00 0.000000E+00 0.000000E+00 0.000000E+00 0.000000E+00 0.000000E+00 0.000000E+00 0.000000E+00 0.000000E+00 0.000000E+00 0.000000E+00 0.000000E+00 0.000000E+00 0.000000E+00 0.000000E+00 0.000000E+00 0.000000E+00 0.000000E+00 0.000000E+00
 0.000000E+00 0.000000E+00 0.000000E+00 0.000000E+00 0.000000E+00 0.000000E+00 0.000000E+00 0.000000E+00 0.000000E+00 0.000000E+00 0.000000E+00 0.000000E+00 0.000000E+00 0.000000E+00 0.000000E+00 0.000000E+00 0.000000E+00 0.000000E+00 0.000000E+00 0.000000E+00 0.000000E+00 0.000000E+00 0.000000E+00 0.000000E+00 0.000000E+00 0.000000E+00 0.000000E+00 0.000000E+00 0.000000E+00 0.000000E+00 0.000000E+00 0.000000E+00 0.000000E+00 0.000000E+00 0.000000E+00 0.000000E+00 0.000000E+00 0.000000E+00 0.000000E+00 0.000000E+00 0.000000E+00 0.000000E+00 0.000000E+00 0.000000E+00 0.000000E+00 0.000000E+00 0.000000E+00 0.000000E+00 0.000000E+00 0.000000E+00 0.000000E+00 0.000000E+00 0.000000E+00 0.000000E+00 0.000000E+00 0.000000E+00 0.000000E+00 0.000000E+00 0.000000E+00 0.000000E+00 0.000000E+00 0.000000E+00 0.000000E+00 0.000000E+00 0.000000E+00 0.000000E+00 0.000000E+00 0.000000E+00 0.000000E+00 0.000000E+00 0.000000E+00 0.000000E+00 0.000000E+00 0.000000E+00 0.000000E+00 0.000000E+00 0.000000E+00 0.000000E+00 0.000000E+00 0.000000E+00 0.000000E+00 0.000000E+00 0.000000E+00 0.000000E+00 0.000000E+00 0.000000E+00 0.000000E+00 0.000000E+00 0.000000E+00 0.000000E+00 0.000000E+00 0.000000E+00 0.000000E+00 0.000000E+00 0.000000E+00 0.000000E+00 0.000000E+00 0.000000E+00 0.000000E+00 0.000000E+00 0.000000E+00 0.000000E+00 0.000000E+00 0.000000E+00 0.000000E+00 0.000000E+00 0.000000E+00 0.000000E+00 0.000000E+00 0.000000E+00 0.000000E+00 0.000000E+00 0.000000E+00 0.000000E+00 0.000000E+00 0.000000E+00 0.000000E+00 0.000000E+00 0.000000E+00 0.000000E+00 0.000000E+00 0.000000E+00 0.000000E+00 0.000000E+00 0.000000E+00 0.000000E+00 0.000000E+00 0.000000E+00 0.000000E+00 0.000000E+00 0.000000E+00 0.000000E+00 0.000000E+00 0.000000E+00 0.000000E+00 0.000000E+00 0.000000E+00 0.000000E+00 0.000000E+00 0.000000E+00 0.000000E+00 0.000000E+00 0.000000E+00 0.000000E+00 0.000000E+00 0.000000E+00 0.000000E+00 0.000000E+00 0.000000E+00 0.000000E+00 0.000000E+00 0.000000E+00 0.000000E+00 0.000000E+00 0.000000E+00 0.000000E+00 0.000000E+00 0.000000E+00 0.000000E+00 0.000000E+00 0.000000E+00 0.000000E+00 0.000000E+00 0.000000E+00 0.000000E+00 0.000000E+00 0.000000E+00 0.000000E+00 0.000000E+00 0.000000E+00 0.000000E+00 0.000000E+00 0.000000E+00 0.000000E+00 0.000000E+00 0.000000E+00 0.000000E+00 0.000000E+00 0.000000E+00 0.000000E+00 0.000000E+00 0.000000E+00 0.000000E+00 0.000000E+00 0.000000E+00 0.000000E+00 0.000000E+00 0.000000E+00 0.000000E+00 0.000000E+00 0.000000E+00 0.000000E+00 0.000000E+00 0.000000E+00 0.000000E+00 0.000000E+00 0.000000E+00 0.000000E+00 0.000000E+00 0.000000E+00
 0.000000E+00 0.000000E+00 0.000000E+00 0.000000E+00 0.000000E+00 0.000000E+00 0.000000E+00 0.000000E+00 0.000000E+00 0.000000E+00 0.000000E+00 0.000000E+00 0.000000E+00 0.000000E+00 0.000000E+00 0.000000E+00 0.000000E+00 0.000000E+00 0.000000E+00 0.000000E+00 0.000000E+00 0.000000E+00 0.000000E+00 0.000000E+00 0.000000E+00 0.000000E+00 0.000000E+00 0.000000E+00 0.000000E+00 0.000000E+00 0.000000E+00 0.000000E+00 0.000000E+00 0.000000E+00 0.000000E+00 0.000000E+00 0.000000E+00 0.000000E+00 0.000000E+00 0.000000E+00 0.000000E+00 0.000000E+00 0.000000E+00 0.000000E+00 0.000000E+00 0.000000E+00 0.000000E+00 0.000000E+00 0.000000E+00 0.000000E+00 0.000000E+00 0.000000E+00 0.000000E+00 0.000000E+00 0.000000E+00 0.000000E+00 0.000000E+00 0.000000E+00 0.000000E+00 0.000000E+00 0.000000E+00 0.000000E+00 0.000000E+00 0.000000E+00 0.000000E+00 0.000000E+00 0.000000E+00 0.000000E+00 0.000000E+00 0.000000E+00 0.000000E+00 0.000000E+00 0.000000E+00 0.000000E+00 0.000000E+00 0.000000E+00 0.000000E+00 0.000000E+00 0.000000E+00 0.000000E+00 0.000000E+00 0.000000E+00 0.000000E+00 0.000000E+00 0.000000E+00 0.000000E+00 0.000000E+00 0.000000E+00 0.000000E+00 0.000000E+00 0.000000E+00 0.000000E+00 0.000000E+00 0.000000E+00 0.000000E+00 0.000000E+00 0.000000E+00 0.000000E+00 0.000000E+00 0.000000E+00 0.000000E+00 0.000000E+00 0.000000E+00 0.000000E+00 0.000000E+00 0.000000E+00 0.000000E+00 0.000000E+00 0.000000E+00 0.000000E+00 0.000000E+00 0.000000E+00 0.000000E+00 0.000000E+00 0.000000E+00 0.000000E+00 0.000000E+00 0.000000E+00 0.000000E+00 0.000000E+00 0.000000E+00 0.000000E+00 0.000000E+00 0.000000E+00 0.000000E+00 0.000000E+00 0.000000E+00 0.000000E+00 0.000000E+00 0.000000E+00 0.000000E+00 0.000000E+00 0.000000E+00 0.000000E+00 0.000000E+00 0.000000E+00 0.000000E+00 0.000000E+00 0.000000E+00 0.000000E+00 0.000000E+00 0.000000E+00 0.000000E+00 0.000000E+00 0.000000E+00 0.000000E+00 0.000000E+00 0.000000E+00 0.000000E+00 0.000000E+00 0.000000E+00 0.000000E+00 0.000000E+00 0.000000E+00 0.000000E+00 0.000000E+00 0.000000E+00 0.000000E+00 0.000000E+00 0.000000E+00 0.000000E+00 0.000000E+00 0.000000E+00 0.000000E+00 0.000000E+00 0.000000E+00 0.000000E+00 0.000000E+00 0.000000E+00 0.000000E+00 0.000000E+00 0.000000E+00 0.000000E+00 0.000000E+00 0.000000E+00 0.000000E+00 0.000000E+00 0.000000E+00 0.000000E+00 0.000000E+00 0.000000E+00 0.000000E+00 0.000000E+00 0.000000E+00 0.000000E+00 0.000000E+00 0.000000E+00 0.000000E+00 0.000000E+00 0.000000E+00 0.000000E+00 0.000000E+00 0.000000E+00 0.000000E+00 0.000000E+00 0.000000E+00 0.000000E+00 0.000000E+00 0.000000E+00 0.000000E+00
 0.000000E+00 0.000000E+00 0.000000E+00 0.000000E+00 0.000000E+00 0.000000E+00 0.000000E+00 0.000000E+00 0.000000E+00 0.000000E+00 0.000000E+00 0.000000E+00 0.000000E+00 0.000000E+00 0.000000E+00 0.000000E+00 0.000000E+00 0.000000E+00 0.000000E+00 0.000000E+00 0.000000E+00 0.000000E+00 0.000000E+00 0.000000E+00 0.000000E+00 0.000000E+00 0.000000E+00 0.000000E+00 0.000000E+00 0.000000E+00 0.000000E+00 0.000000E+00 0.000000E+00 0.000000E+00 0.000000E+00 0.000000E+00 0.000000E+00 0.000000E+00 0.000000E+00 0.000000E+00 0.000000E+00 0.000000E+00 0.000000E+00 0.000000E+00 0.000000E+00 0.000000E+00 0.000000E+00 0.000000E+00 0.000000E+00 0.000000E+00 0.000000E+00 0.000000E+00 0.000000E+00 0.000000E+00 0.000000E+00 0.000000E+00 0.000000E+00 0.000000E+00 0.000000E+00 0.000000E+00 0.000000E+00 0.000000E+00 0.000000E+00 0.000000E+00 0.000000E+00 0.000000E+00 0.000000E+00 0.000000E+00 0.000000E+00 0.000000E+00 0.000000E+00 0.000000E+00 0.000000E+00 0.000000E+00 0.000000E+00 0.000000E+00 0.000000E+00 0.000000E+00 0.000000E+00 0.000000E+00 0.000000E+00 0.000000E+00 0.000000E+00 0.000000E+00 0.000000E+00 0.000000E+00 0.000000E+00 0.000000E+00 0.000000E+00 0.000000E+00 0.000000E+00 0.000000E+00 0.000000E+00 0.000000E+00 0.000000E+00 0.000000E+00 0.000000E+00 0.000000E+00 0.000000E+00 0.000000E+00 0.000000E+00 0.000000E+00 0.000000E+00 0.000000E+00 0.000000E+00 0.000000E+00 0.000000E+00 0.000000E+00 0.000000E+00 0.000000E+00 0.000000E+00 0.000000E+00 0.000000E+00 0.000000E+00 0.000000E+00 0.000000E+00 0.000000E+00 0.000000E+00 0.000000E+00 0.000000E+00 0.000000E+00 0.000000E+00 0.000000E+00 0.000000E+00 0.000000E+00 0.000000E+00 0.000000E+00 0.000000E+00 0.000000E+00 0.000000E+00 0.000000E+00 0.000000E+00 0.000000E+00 0.000000E+00 0.000000E+00 0.000000E+00 0.000000E+00 0.000000E+00 0.000000E+00 0.000000E+00 0.000000E+00 0.000000E+00 0.000000E+00 0.000000E+00 0.000000E+00 0.000000E+00 0.000000E+00 0.000000E+00 0.000000E+00 0.000000E+00 0.000000E+00 0.000000E+00 0.000000E+00 0.000000E+00 0.000000E+00 0.000000E+00 0.000000E+00 0.000000E+00 0.000000E+00 0.000000E+00 0.000000E+00 0.000000E+00 0.000000E+00 0.000000E+00 0.000000E+00 0.000000E+00 0.000000E+00 0.000000E+00 0.000000E+00 0.000000E+00 0.000000E+00 0.000000E+00 0.000000E+00 0.000000E+00 0.000000E+00 0.000000E+00 0.000000E+00 0.000000E+00 0.000000E+00 0.000000E+00 0.000000E+00 0.000000E+00 0.000000E+00 0.000000E+00 0.000000E+00 0.000000E+00 0.000000E+00 0.000000E+00 0.000000E+00 0.000000E+00 0.000000E+00 0.000000E+00 0.000000E+00 0.000000E+00 0.000000E+00 0.000000E+00 0.000000E+00 0.000000E+00 0.000000E+00 0.200000E+03
 0.000000E+00 0.000000E+00 0.000000E+00 0.000000E+00 0.000000E+00 0.000000E+00 0.000000E+00 0.000000E+00 0.000000E+00 0.000000E+00 0.000000E+00 0.000000E+00 0.000000E+00 0.000000E+00 0.000000E+00 0.000000E+00 0.000000E+00 0.000000E+00 0.000000E+00 0.000000E+00 0.000000E+00 0.000000E+00 0.000000E+00 0.000000E+00 0.000000E+00 0.000000E+00 0.000000E+00 0.000000E+00 0.000000E+00 0.000000E+00 0.000000E+00 0.000000E+00 0.000000E+00 0.000000E+00 0.000000E+00 0.000000E+00 0.000000E+00 0.000000E+00 0.000000E+00 0.000000E+00 0.000000E+00 0.000000E+00 0.000000E+00 0.000000E+00 0.000000E+00 0.000000E+00 0.000000E+00 0.000000E+00 0.000000E+00 0.000000E+00 0.000000E+00 0.000000E+00 0.000000E+00 0.000000E+00 0.000000E+00 0.000000E+00 0.000000E+00 0.000000E+00 0.000000E+00 0.000000E+00 0.000000E+00 0.000000E+00 0.000000E+00 0.000000E+00 0.000000E+00 0.000000E+00 0.000000E+00 0.000000E+00 0.000000E+00 0.000000E+00 0.000000E+00 0.000000E+00 0.000000E+00 0.000000E+00 0.000000E+00 0.000000E+00 0.000000E+00 0.000000E+00 0.000000E+00 0.000000E+00 0.000000E+00 0.000000E+00 0.000000E+00 0.000000E+00 0.000000E+00 0.000000E+00 0.000000E+00 0.000000E+00 0.000000E+00 0.000000E+00 0.000000E+00 0.000000E+00 0.000000E+00 0.000000E+00 0.000000E+00 0.000000E+00 0.000000E+00 0.000000E+00 0.000000E+00 0.000000E+00 0.000000E+00 0.000000E+00 0.000000E+00 0.000000E+00 0.000000E+00 0.000000E+00 0.000000E+00 0.000000E+00 0.000000E+00 0.000000E+00 0.000000E+00 0.000000E+00 0.000000E+00 0.000000E+00 0.000000E+00 0.000000E+00 0.000000E+00 0.000000E+00 0.000000E+00 0.000000E+00 0.000000E+00 0.000000E+00 0.000000E+00 0.000000E+00 0.000000E+00 0.000000E+00 0.000000E+00 0.000000E+00 0.000000E+00 0.000000E+00 0.000000E+00 0.000000E+00 0.000000E+00 0.000000E+00 0.000000E+00 0.000000E+00 0.000000E+00 0.000000E+00 0.000000E+00 0.000000E+00 0.000000E+00 0.000000E+00 0.000000E+00 0.000000E+00 0.000000E+00 0.000000E+00 0.000000E+00 0.000000E+00 0.000000E+00 0.000000E+00 0.000000E+00 0.000000E+00 0.000000E+00 0.000000E+00 0.000000E+00 0.000000E+00 0.000000E+00 0.000000E+00 0.000000E+00 0.000000E+00 0.000000E+00 0.000000E+00 0.000000E+00 0.000000E+00 0.000000E+00 0.000000E+00 0.000000E+00 0.000000E+00 0.000000E+00 0.000000E+00 0.000000E+00 0.000000E+00 0.000000E+00 0.000000E+00 0.000000E+00 0.000000E+00 0.000000E+00 0.000000E+00 0.000000E+00 0.000000E+00 0.000000E+00 0.000000E+00 0.000000E+00 0.000000E+00 0.000000E+00 0.000000E+00 0.000000E+00 0.000000E+00 0.000000E+00 0.000000E+00 0.000000E+00 0.000000E+00 0.000000E+00 0.000000E+00 0.000000E+00 0.000000E+00 0.000000E+00 0.000000E+00 0.000000E+00 0.200000E+03
 0.933280E+00 0.785440E+00 0.617440E+00 0.544080E+00 0.476400E+00 0.419600E+00 0.402000E+00 0.381920E+00 0.354960E+00 0.326800E+00 0.312000E+00 0.292880E+00 0.287840E+00 0.270720E+00 0.260160E+00 0.245200E+00 0.235840E+00 0.238080E+00 0.219040E+00 0.219840E+00 0.218480E+00 0.207760E+00 0.202240E+00 0.188160E+00 0.186160E+00 0.180400E+00 0.180880E+00 0.171520E+00 0.174320E+00 0.170800E+00 0.160400E+00 0.151680E+00 0.157120E+00 0.144960E+00 0.145280E+00 0.142320E+00 0.134560E+00 0.132560E+00 0.127520E+00 0.127200E+00 0.124080E+00 0.128640E+00 0.118640E+00 0.116560E+00 0.115680E+00 0.109040E+00 0.109200E+00 0.105600E+00 0.100480E+00 0.102240E+00 0.980800E-01 0.983200E-01 0.924000E-01 0.876800E-01 0.908800E-01 0.834400E-01 0.873600E-01 0.812800E-01 0.770400E-01 0.757600E-01 0.753600E-01 0.755200E-01 0.753600E-01 0.724800E-01 0.715200E-01 0.668800E-01 0.696800E-01 0.660800E-01 0.655200E-01 0.623200E-01 0.570400E-01 0.592800E-01 0.598400E-01 0.546400E-01 0.546400E-01 0.562400E-01 0.474400E-01 0.515200E-01 0.471200E-01 0.470400E-01 0.437600E-01 0.473600E-01 0.438400E-01 0.370400E-01 0.424000E-01 0.399200E-01 0.388800E-01 0.401600E-01 0.390400E-01 0.319200E-01 0.344800E-01 0.355200E-01 0.322400E-01 0.311200E-01 0.298400E-01 0.292000E-01 0.308000E-01 0.267200E-01 0.284000E-01 0.262400E-01 0.255200E-01 0.257600E-01 0.227200E-01 0.243200E-01 0.194400E-01 0.205600E-01 0.188800E-01 0.196800E-01 0.188800E-01 0.183200E-01 0.180000E-01 0.173600E-01 0.164800E-01 0.151200E-01 0.164000E-01 0.160800E-01 0.131200E-01 0.149600E-01 0.128800E-01 0.131200E-01 0.105600E-01 0.110400E-01 0.108800E-01 0.104800E-01 0.102400E-01 0.120800E-01 0.920000E-02 0.100000E-01 0.880000E-02 0.792000E-02 0.976000E-02 0.736000E-02 0.648000E-02 0.560000E-02 0.704000E-02 0.720000E-02 0.536000E-02 0.536000E-02 0.536000E-02 0.536000E-02 0.472000E-02 0.416000E-02 0.424000E-02 0.408000E-02 0.456000E-02 0.440000E-02 0.360000E-02 0.328000E-02 0.360000E-02 0.264000E-02 0.248000E-02 0.256000E-02 0.280000E-02 0.216000E-02 0.192000E-02 0.176000E-02 0.168000E-02 0.176000E-02 0.160000E-02 0.216000E-02 0.144000E-02 0.104000E-02 0.136000E-02 0.112000E-02 0.104000E-02 0.160000E-02 0.880000E-03 0.136000E-02 0.800000E-03 0.720000E-03 0.480000E-03 0.320000E-03 0.160000E-03 0.480000E-03 0.160000E-03 0.240000E-03 0.480000E-03 0.160000E-03 0.720000E-03 0.800000E-04 0.240000E-03 0.800000E-04 0.800000E-04 0.000000E+00 0.320000E-03 0.000000E+00 0.000000E+00 0.800000E-04 0.000000E+00 0.000000E+00 0.000000E+00 0.800000E-04 0.000000E+00 0.000000E+00 0.000000E+00 0.000000E+00 0.000000E+00 0.000000E+00 0.000000E+00 0.000000E+00
 0.211968E+01 0.171120E+01 0.124200E+01 0.101048E+01 0.852640E+00 0.745760E+00 0.671680E+00 0.600080E+00 0.554880E+00 0.518800E+00 0.479440E+00 0.444480E+00 0.434400E+00 0.403520E+00 0.384400E+00 0.354160E+00 0.348640E+00 0.325200E+00 0.306560E+00 0.297360E+00 0.285360E+00 0.265200E+00 0.266800E+00 0.259120E+00 0.245920E+00 0.235760E+00 0.220240E+00 0.222080E+00 0.208240E+00 0.200480E+00 0.197360E+00 0.194240E+00 0.185200E+00 0.180960E+00 0.171760E+00 0.166560E+00 0.164320E+00 0.148720E+00 0.148640E+00 0.149360E+00 0.144080E+00 0.145600E+00 0.131600E+00 0.128960E+00 0.127440E+00 0.122800E+00 0.122960E+00 0.115520E+00 0.114560E+00 0.107680E+00 0.103200E+00 0.100080E+00 0.100160E+00 0.923200E-01 0.956000E-01 0.922400E-01 0.867200E-01 0.864800E-01 0.810400E-01 0.847200E-01 0.803200E-01 0.755200E-01 0.744000E-01 0.708000E-01 0.686400E-01 0.676800E-01 0.649600E-01 0.628000E-01 0.639200E-01 0.616800E-01 0.579200E-01 0.600800E-01 0.535200E-01 0.586400E-01 0.524000E-01 0.503200E-01 0.514400E-01 0.454400E-01 0.472800E-01 0.451200E-01 0.428000E-01 0.387200E-01 0.395200E-01 0.346400E-01 0.368800E-01 0.377600E-01 0.345600E-01 0.352000E-01 0.325600E-01 0.312800E-01 0.317600E-01 0.300000E-01 0.326400E-01 0.270400E-01 0.257600E-01 0.269600E-01 0.245600E-01 0.248800E-01 0.231200E-01 0.215200E-01 0.210400E-01 0.206400E-01 0.216000E-01 0.218400E-01 0.207200E-01 0.192000E-01 0.171200E-01 0.163200E-01 0.176000E-01 0.163200E-01 0.173600E-01 0.151200E-01 0.151200E-01 0.134400E-01 0.125600E-01 0.123200E-01 0.133600E-01 0.124000E-01 0.110400E-01 0.112800E-01 0.105600E-01 0.976000E-02 0.752000E-02 0.920000E-02 0.904000E-02 0.824000E-02 0.904000E-02 0.896000E-02 0.680000E-02 0.608000E-02 0.648000E-02 0.704000E-02 0.520000E-02 0.600000E-02 0.576000E-02 0.536000E-02 0.456000E-02 0.528000E-02 0.432000E-02 0.384000E-02 0.416000E-02 0.392000E-02 0.272000E-02 0.312000E-02 0.336000E-02 0.256000E-02 0.368000E-02 0.272000E-02 0.232000E-02 0.224000E-02 0.160000E-02 0.224000E-02 0.168000E-02 0.136000E-02 0.176000E-02 0.880000E-03 0.144000E-02 0.128000E-02 0.176000E-02 0.128000E-02 0.168000E-02 0.960000E-03 0.120000E-02 0.880000E-03 0.720000E-03 0.640000E-03 0.880000E-03 0.800000E-03 0.320000E-03 0.400000E-03 0.480000E-03 0.400000E-03 0.560000E-03 0.320000E-03 0.320000E-03 0.400000E-03 0.160000E-03 0.320000E-03 0.800000E-04 0.000000E+00 0.160000E-03 0.000000E+00 0.800000E-04 0.240000E-03 0.000000E+00 0.800000E-04 0.000000E+00 0.000000E+00 0.000000E+00 0.000000E+00 0.800000E-04 0.800000E-04 0.800000E-04 0.000000E+00 0.000000E+00 0.000000E+00 0.000000E+00 0.000000E+00 0.000000E+00 0.000000E+00
 0.888400E+00 0.764720E+00 0.612000E+00 0.523200E+00 0.461920E+00 0.414240E+00 0.386080E+00 0.360320E+00 0.338640E+00 0.317520E+00 0.302400E+00 0.286800E+00 0.271520E+00 0.260560E+00 0.259360E+00 0.246640E+00 0.231840E+00 0.225680E+00 0.224000E+00 0.217520E+00 0.204720E+00 0.201840E+00 0.191600E+00 0.194000E+00 0.179280E+00 0.177280E+00 0.173280E+00 0.165360E+00 0.162080E+00 0.161760E+00 0.157920E+00 0.154400E+00 0.147280E+00 0.139920E+00 0.132800E+00 0.140800E+00 0.136400E+00 0.128240E+00 0.126000E+00 0.124320E+00 0.119520E+00 0.117680E+00 0.111760E+00 0.112160E+00 0.110720E+00 0.102960E+00 0.102320E+00 0.102640E+00 0.100480E+00 0.102160E+00 0.932000E-01 0.914400E-01 0.932800E-01 0.886400E-01 0.890400E-01 0.796800E-01 0.877600E-01 0.790400E-01 0.816000E-01 0.782400E-01 0.745600E-01 0.696800E-01 0.685600E-01 0.711200E-01 0.712000E-01 0.664800E-01 0.653600E-01 0.616000E-01 0.610400E-01 0.578400E-01 0.583200E-01 0.552800E-01 0.544000E-01 0.502400E-01 0.520800E-01 0.479200E-01 0.504000E-01 0.452000E-01 0.456000E-01 0.452000E-01 0.432000E-01 0.422400E-01 0.426400E-01 0.406400E-01 0.397600E-01 0.350400E-01 0.384800E-01 0.358400E-01 0.344800E-01 0.332000E-01 0.332000E-01 0.324000E-01 0.315200E-01 0.285600E-01 0.284000E-01 0.264800E-01 0.258400E-01 0.267200E-01 0.233600E-01 0.222400E-01 0.243200E-01 0.224000E-01 0.225600E-01 0.216800E-01 0.213600E-01 0.199200E-01 0.189600E-01 0.185600E-01 0.177600E-01 0.175200E-01 0.149600E-01 0.164800E-01 0.156800E-01 0.140000E-01 0.164000E-01 0.136000E-01 0.130400E-01 0.136800E-01 0.132000E-01 0.118400E-01 0.119200E-01 0.928000E-02 0.116800E-01 0.116800E-01 0.968000E-02 0.832000E-02 0.848000E-02 0.600000E-02 0.720000E-02 0.696000E-02 0.888000E-02 0.648000E-02 0.664000E-02 0.736000E-02 0.640000E-02 0.536000E-02 0.584000E-02 0.576000E-02 0.608000E-02 0.496000E-02 0.432000E-02 0.464000E-02 0.352000E-02 0.400000E-02 0.368000E-02 0.448000E-02 0.408000E-02 0.256000E-02 0.240000E-02 0.328000E-02 0.344000E-02 0.200000E-02 0.256000E-02 0.168000E-02 0.224000E-02 0.224000E-02 0.152000E-02 0.184000E-02 0.112000E-02 0.120000E-02 0.136000E-02 0.960000E-03 0.104000E-02 0.400000E-03 0.128000E-02 0.400000E-03 0.960000E-03 0.880000E-03 0.560000E-03 0.240000E-03 0.320000E-03 0.560000E-03 0.720000E-03 0.240000E-03 0.480000E-03 0.400000E-03 0.400000E-03 0.800000E-04 0.800000E-04 0.800000E-04 0.160000E-03 0.800000E-04 0.800000E-04 0.000000E+00 0.800000E-04 0.800000E-04 0.160000E-03 0.000000E+00 0.000000E+00 0.000000E+00 0.000000E+00 0.000000E+00 0.000000E+00 0.000000E+00 0.000000E+00 0.000000E+00 0.000000E+00 0.000000E+00 0.000000E+00 0.000000E+00
 0.210280E+01 0.167728E+01 0.120800E+01 0.993280E+00 0.844880E+00 0.721680E+00 0.650480E+00 0.603840E+00 0.548240E+00 0.506400E+00 0.470080E+00 0.441680E+00 0.411360E+00 0.396080E+00 0.369760E+00 0.347040E+00 0.336800E+00 0.324480E+00 0.310080E+00 0.293360E+00 0.276480E+00 0.260160E+00 0.251040E+00 0.243600E+00 0.237840E+00 0.232400E+00 0.224960E+00 0.209840E+00 0.200720E+00 0.196960E+00 0.190640E+00 0.177920E+00 0.171760E+00 0.173520E+00 0.166720E+00 0.168480E+00 0.152880E+00 0.152960E+00 0.143040E+00 0.142720E+00 0.141120E+00 0.134800E+00 0.129520E+00 0.116160E+00 0.127360E+00 0.122240E+00 0.115120E+00 0.106560E+00 0.107360E+00 0.104640E+00 0.978400E-01 0.100880E+00 0.950400E-01 0.964000E-01 0.873600E-01 0.832800E-01 0.878400E-01 0.811200E-01 0.817600E-01 0.734400E-01 0.774400E-01 0.766400E-01 0.748800E-01 0.704800E-01 0.644800E-01 0.663200E-01 0.667200E-01 0.636800E-01 0.590400E-01 0.579200E-01 0.535200E-01 0.524800E-01 0.505600E-01 0.518400E-01 0.473600E-01 0.464000E-01 0.440800E-01 0.473600E-01 0.433600E-01 0.423200E-01 0.400000E-01 0.412800E-01 0.394400E-01 0.343200E-01 0.355200E-01 0.351200E-01 0.324000E-01 0.297600E-01 0.336000E-01 0.321600E-01 0.325600E-01 0.278400E-01 0.258400E-01 0.246400E-01 0.265600E-01 0.264000E-01 0.258400E-01 0.215200E-01 0.242400E-01 0.199200E-01 0.204000E-01 0.204000E-01 0.208000E-01 0.180000E-01 0.172000E-01 0.180000E-01 0.152800E-01 0.157600E-01 0.163200E-01 0.165600E-01 0.143200E-01 0.144000E-01 0.143200E-01 0.113600E-01 0.124000E-01 0.114400E-01 0.114400E-01 0.108800E-01 0.107200E-01 0.108000E-01 0.976000E-02 0.808000E-02 0.728000E-02 0.864000E-02 0.832000E-02 0.720000E-02 0.680000E-02 0.736000E-02 0.744000E-02 0.552000E-02 0.640000E-02 0.672000E-02 0.608000E-02 0.584000E-02 0.640000E-02 0.384000E-02 0.528000E-02 0.472000E-02 0.480000E-02 0.216000E-02 0.424000E-02 0.312000E-02 0.312000E-02 0.320000E-02 0.320000E-02 0.296000E-02 0.200000E-02 0.264000E-02 0.216000E-02 0.320000E-02 0.248000E-02 0.144000E-02 0.232000E-02 0.880000E-03 0.152000E-02 0.120000E-02 0.800000E-03 0.128000E-02 0.128000E-02 0.104000E-02 0.640000E-03 0.880000E-03 0.104000E-02 0.880000E-03 0.720000E-03 0.160000E-03 0.320000E-03 0.104000E-02 0.160000E-03 0.480000E-03 0.480000E-03 0.160000E-03 0.240000E-03 0.640000E-03 0.800000E-04 0.160000E-03 0.160000E-03 0.320000E-03 0.320000E-03 0.160000E-03 0.800000E-04 0.000000E+00 0.000000E+00 0.000000E+00 0.000000E+00 0.800000E-04 0.800000E-04 0.000000E+00 0.800000E-04 0.000000E+00 0.000000E+00 0.000000E+00 0.000000E+00 0.000000E+00 0.000000E+00 0.000000E+00 0.000000E+00 0.000000E+00 0.000000E+00 0.000000E+00
 0.197238E+02 0.107439E+02 0.523712E+01 0.417800E+01 0.358264E+01 0.311528E+01 0.275776E+01 0.254016E+01 0.229784E+01 0.215272E+01 0.198080E+01 0.186224E+01 0.175336E+01 0.164928E+01 0.156568E+01 0.149968E+01 0.141760E+01 0.135288E+01 0.130304E+01 0.126472E+01 0.122128E+01 0.117576E+01 0.111800E+01 0.108464E+01 0.103904E+01 0.101584E+01 0.986480E+00 0.940960E+00 0.919520E+00 0.913520E+00 0.865440E+00 0.839040E+00 0.825360E+00 0.807200E+00 0.775120E+00 0.759600E+00 0.741120E+00 0.719360E+00 0.719360E+00 0.687920E+00 0.666960E+00 0.652480E+00 0.636880E+00 0.625280E+00 0.611200E+00 0.611440E+00 0.599680E+00 0.568320E+00 0.566720E+00 0.553360E+00 0.555600E+00 0.535680E+00 0.534720E+00 0.507040E+00 0.505360E+00 0.495440E+00 0.482240E+00 0.476880E+00 0.474000E+00 0.461760E+00 0.452000E+00 0.434560E+00 0.444720E+00 0.427120E+00 0.424000E+00 0.408080E+00 0.405120E+00 0.397040E+00 0.392560E+00 0.384480E+00 0.374960E+00 0.374240E+00 0.360720E+00 0.360800E+00 0.355920E+00 0.354240E+00 0.335760E+00 0.345840E+00 0.335520E+00 0.340720E+00 0.315120E+00 0.318080E+00 0.314160E+00 0.311120E+00 0.308960E+00 0.293200E+00 0.305120E+00 0.288320E+00 0.294160E+00 0.282720E+00 0.275920E+00 0.277040E+00 0.280080E+00 0.270960E+00 0.264000E+00 0.267680E+00 0.264400E+00 0.242080E+00 0.255840E+00 0.249840E+00 0.244800E+00 0.242480E+00 0.245520E+00 0.234400E+00 0.229600E+00 0.228640E+00 0.228320E+00 0.222720E+00 0.221120E+00 0.215920E+00 0.216880E+00 0.216640E+00 0.218720E+00 0.200080E+00 0.202800E+00 0.200320E+00 0.203040E+00 0.205840E+00 0.192960E+00 0.207840E+00 0.194400E+00 0.193600E+00 0.198720E+00 0.187680E+00 0.188320E+00 0.183360E+00 0.186720E+00 0.186080E+00 0.183200E+00 0.181600E+00 0.176480E+00 0.172880E+00 0.178240E+00 0.167920E+00 0.170480E+00 0.169840E+00 0.169920E+00 0.166240E+00 0.165200E+00 0.165760E+00 0.168800E+00 0.155760E+00 0.165200E+00 0.159680E+00 0.156480E+00 0.158400E+00 0.156560E+00 0.153120E+00 0.158000E+00 0.148880E+00 0.148640E+00 0.150880E+00 0.146160E+00 0.151520E+00 0.147440E+00 0.146320E+00 0.143360E+00 0.143120E+00 0.145360E+00 0.147040E+00 0.134160E+00 0.143600E+00 0.144400E+00 0.146160E+00 0.137840E+00 0.137920E+00 0.137600E+00 0.140160E+00 0.136880E+00 0.135520E+00 0.142400E+00 0.137520E+00 0.137280E+00 0.140240E+00 0.134080E+00 0.133600E+00 0.139120E+00 0.140240E+00 0.133680E+00 0.136960E+00 0.140400E+00 0.135920E+00 0.140080E+00 0.137760E+00 0.134560E+00 0.134240E+00 0.135120E+00 0.136640E+00 0.135200E+00 0.137520E+00 0.134080E+00 0.137200E+00 0.139200E+00 0.137680E+00 0.138800E+00 0.140160E+00 0.146320E+00 0.137200E+00 0.144880E+00 0.690906E+02
 0.605136E+01 0.467104E+01 0.278328E+01 0.236912E+01 0.212128E+01 0.192504E+01 0.175872E+01 0.160640E+01 0.154472E+01 0.146184E+01 0.138128E+01 0.133576E+01 0.127248E+01 0.122096E+01 0.116456E+01 0.112712E+01 0.108584E+01 0.105560E+01 0.101912E+01 0.981120E+00 0.964880E+00 0.944080E+00 0.909520E+00 0.906480E+00 0.851840E+00 0.851440E+00 0.826560E+00 0.821200E+00 0.794240E+00 0.792000E+00 0.765680E+00 0.746080E+00 0.731120E+00 0.701600E+00 0.698160E+00 0.689440E+00 0.677440E+00 0.670240E+00 0.640640E+00 0.651440E+00 0.622960E+00 0.620800E+00 0.604000E+00 0.601200E+00 0.583840E+00 0.570720E+00 0.561520E+00 0.549360E+00 0.548320E+00 0.536880E+00 0.544800E+00 0.520720E+00 0.516800E+00 0.504480E+00 0.504240E+00 0.498960E+00 0.485760E+00 0.476640E+00 0.468400E+00 0.466320E+00 0.457280E+00 0.455200E+00 0.437760E+00 0.440400E+00 0.423840E+00 0.424640E+00 0.407840E+00 0.410640E+00 0.396320E+00 0.398960E+00 0.389760E+00 0.375760E+00 0.383040E+00 0.380240E+00 0.377760E+00 0.371040E+00 0.369360E+00 0.357680E+00 0.351920E+00 0.348080E+00 0.332160E+00 0.340640E+00 0.331920E+00 0.333840E+00 0.325120E+00 0.327040E+00 0.319840E+00 0.320960E+00 0.321760E+00 0.307120E+00 0.305440E+00 0.299280E+00 0.302720E+00 0.294160E+00 0.287680E+00 0.290640E+00 0.285760E+00 0.287040E+00 0.278240E+00 0.281360E+00 0.275600E+00 0.280880E+00 0.268800E+00 0.255360E+00 0.264160E+00 0.261520E+00 0.256720E+00 0.253600E+00 0.250960E+00 0.245040E+00 0.248240E+00 0.244400E+00 0.240960E+00 0.240960E+00 0.229200E+00 0.239360E+00 0.226080E+00 0.229360E+00 0.217440E+00 0.222960E+00 0.229040E+00 0.219600E+00 0.219040E+00 0.219920E+00 0.213760E+00 0.219520E+00 0.219840E+00 0.204400E+00 0.206720E+00 0.202880E+00 0.199120E+00 0.197200E+00 0.206960E+00 0.194800E+00 0.193760E+00 0.194400E+00 0.198960E+00 0.194160E+00 0.192720E+00 0.189760E+00 0.194640E+00 0.188080E+00 0.189520E+00 0.192080E+00 0.184640E+00 0.184960E+00 0.186480E+00 0.188000E+00 0.187600E+00 0.183360E+00 0.181600E+00 0.180240E+00 0.174240E+00 0.174800E+00 0.172080E+00 0.182000E+00 0.175280E+00 0.175600E+00 0.174320E+00 0.177760E+00 0.182080E+00 0.175520E+00 0.172320E+00 0.178480E+00 0.183280E+00 0.170000E+00 0.178880E+00 0.172720E+00 0.171760E+00 0.169040E+00 0.173520E+00 0.178560E+00 0.183440E+00 0.178160E+00 0.174160E+00 0.174800E+00 0.184960E+00 0.184720E+00 0.180800E+00 0.176080E+00 0.177520E+00 0.186240E+00 0.186320E+00 0.178240E+00 0.184480E+00 0.189760E+00 0.184960E+00 0.193280E+00 0.192080E+00 0.191600E+00 0.187360E+00 0.187680E+00 0.196080E+00 0.195120E+00 0.198240E+00 0.196320E+00 0.201520E+00 0.200000E+00 0.215280E+00 0.101716E+03
 0.933280E+00 0.785440E+00 0.617440E+00 0.544080E+00 0.476400E+00 0.419600E+00 0.402000E+00 0.381920E+00 0.354960E+00 0.326800E+00 0.312000E+00 0.292880E+00 0.287840E+00 0.270720E+00 0.260160E+00 0.245200E+00 0.235840E+00 0.238080E+00 0.219040E+00 0.219840E+00 0.218480E+00 0.207760E+00 0.202240E+00 0.188160E+00 0.186160E+00 0.180400E+00 0.180880E+00 0.171520E+00 0.174320E+00 0.170800E+00 0.160400E+00 0.151680E+00 0.157120E+00 0.144960E+00 0.145280E+00 0.142320E+00 0.134560E+00 0.132560E+00 0.127520E+00 0.127200E+00 0.124080E+00 0.128640E+00 0.118640E+00 0.116560E+00 0.115680E+00 0.109040E+00 0.109200E+00 0.105600E+00 0.100480E+00 0.102240E+00 0.980800E-01 0.983200E-01 0.924000E-01 0.876800E-01 0.908800E-01 0.834400E-01 0.873600E-01 0.812800E-01 0.770400E-01 0.757600E-01 0.753600E-01 0.755200E-01 0.753600E-01 0.724800E-01 0.715200E-01 0.668800E-01 0.696800E-01 0.660800E-01 0.655200E-01 0.623200E-01 0.570400E-01 0.592800E-01 0.598400E-01 0.546400E-01 0.546400E-01 0.562400E-01 0.474400E-01 0.515200E-01 0.471200E-01 0.470400E-01 0.437600E-01 0.473600E-01 0.438400E-01 0.370400E-01 0.424000E-01 0.399200E-01 0.388800E-01 0.401600E-01 0.390400E-01 0.319200E-01 0.344800E-01 0.355200E-01 0.322400E-01 0.311200E-01 0.298400E-01 0.292000E-01 0.308000E-01 0.267200E-01 0.284000E-01 0.262400E-01 0.255200E-01 0.257600E-01 0.227200E-01 0.243200E-01 0.194400E-01 0.205600E-01 0.188800E-01 0.196800E-01 0.188800E-01 0.183200E-01 0.180000E-01 0.173600E-01 0.164800E-01 0.151200E-01 0.164000E-01 0.160800E-01 0.131200E-01 0.149600E-01 0.128800E-01 0.131200E-01 0.105600E-01 0.110400E-01 0.108800E-01 0.104800E-01 0.102400E-01 0.120800E-01 0.920000E-02 0.100000E-01 0.880000E-02 0.792000E-02 0.976000E-02 0.736000E-02 0.648000E-02 0.560000E-02 0.704000E-02 0.720000E-02 0.536000E-02 0.536000E-02 0.536000E-02 0.536000E-02 0.472000E-02 0.416000E-02 0.424000E-02 0.408000E-02 0.456000E-02 0.440000E-02 0.360000E-02 0.328000E-02 0.360000E-02 0.264000E-02 0.248000E-02 0.256000E-02 0.280000E-02 0.216000E-02 0.192000E-02 0.176000E-02 0.168000E-02 0.176000E-02 0.160000E-02 0.216000E-02 0.144000E-02 0.104000E-02 0.136000E-02 0.112000E-02 0.104000E-02 0.160000E-02 0.880000E-03 0.136000E-02 0.800000E-03 0.720000E-03 0.480000E-03 0.320000E-03 0.160000E-03 0.480000E-03 0.160000E-03 0.240000E-03 0.480000E-03 0.160000E-03 0.720000E-03 0.800000E-04 0.240000E-03 0.800000E-04 0.800000E-04 0.000000E+00 0.320000E-03 0.000000E+00 0.000000E+00 0.800000E-04 0.000000E+00 0.000000E+00 0.000000E+00 0.800000E-04 0.000000E+00 0.000000E+00 0.000000E+00 0.000000E+00 0.000000E+00 0.000000E+00 0.000000E+00 0.000000E+00
 0.211968E+01 0.171120E+01 0.124200E+01 0.101048E+01 0.852640E+00 0.745760E+00 0.671680E+00 0.600080E+00 0.554880E+00 0.518800E+00 0.479440E+00 0.444480E+00 0.434400E+00 0.403520E+00 0.384400E+00 0.354160E+00 0.348640E+00 0.325200E+00 0.306560E+00 0.297360E+00 0.285360E+00 0.265200E+00 0.266800E+00 0.259120E+00 0.245920E+00 0.235760E+00 0.220240E+00 0.222080E+00 0.208240E+00 0.200480E+00 0.197360E+00 0.194240E+00 0.185200E+00 0.180960E+00 0.171760E+00 0.166560E+00 0.164320E+00 0.148720E+00 0.148640E+00 0.149360E+00 0.144080E+00 0.145600E+00 0.131600E+00 0.128960E+00 0.127440E+00 0.122800E+00 0.122960E+00 0.115520E+00 0.114560E+00 0.107680E+00 0.103200E+00 0.100080E+00 0.100160E+00 0.923200E-01 0.956000E-01 0.922400E-01 0.867200E-01 0.864800E-01 0.810400E-01 0.847200E-01 0.803200E-01 0.755200E-01 0.744000E-01 0.708000E-01 0.686400E-01 0.676800E-01 0.649600E-01 0.628000E-01 0.639200E-01 0.616800E-01 0.579200E-01 0.600800E-01 0.535200E-01 0.586400E-01 0.524000E-01 0.503200E-01 0.514400E-01 0.454400E-01 0.472800E-01 0.451200E-01 0.428000E-01 0.387200E-01 0.395200E-01 0.346400E-01 0.368800E-01 0.377600E-01 0.345600E-01 0.352000E-01 0.325600E-01 0.312800E-01 0.317600E-01 0.300000E-01 0.326400E-01 0.270400E-01 0.257600E-01 0.269600E-01 0.245600E-01 0.248800E-01 0.231200E-01 0.215200E-01 0.210400E-01 0.206400E-01 0.216000E-01 0.218400E-01 0.207200E-01 0.192000E-01 0.171200E-01 0.163200E-01 0.176000E-01 0.163200E-01 0.173600E-01 0.151200E-01 0.151200E-01 0.134400E-01 0.125600E-01 0.123200E-01 0.133600E-01 0.124000E-01 0.110400E-01 0.112800E-01 0.105600E-01 0.976000E-02 0.752000E-02 0.920000E-02 0.904000E-02 0.824000E-02 0.904000E-02 0.896000E-02 0.680000E-02 0.608000E-02 0.648000E-02 0.704000E-02 0.520000E-02 0.600000E-02 0.576000E-02 0.536000E-02 0.456000E-02 0.528000E-02 0.432000E-02 0.384000E-02 0.416000E-02 0.392000E-02 0.272000E-02 0.312000E-02 0.336000E-02 0.256000E-02 0.368000E-02 0.272000E-02 0.232000E-02 0.224000E-02 0.160000E-02 0.224000E-02 0.168000E-02 0.136000E-02 0.176000E-02 0.880000E-03 0.144000E-02 0.128000E-02 0.176000E-02 0.128000E-02 0.168000E-02 0.960000E-03 0.120000E-02 0.880000E-03 0.720000E-03 0.640000E-03 0.880000E-03 0.800000E-03 0.320000E-03 0.400000E-03 0.480000E-03 0.400000E-03 0.560000E-03 0.320000E-03 0.320000E-03 0.400000E-03 0.160000E-03 0.320000E-03 0.800000E-04 0.000000E+00 0.160000E-03 0.000000E+00 0.800000E-04 0.240000E-03 0.000000E+00 0.800000E-04 0.000000E+00 0.000000E+00 0.000000E+00 0.000000E+00 0.800000E-04 0.800000E-04 0.800000E-04 0.000000E+00 0.000000E+00 0.000000E+00 0.000000E+00 0.000000E+00 0.000000E+00 0.000000E+00
 0.888400E+00 0.764720E+00 0.612000E+00 0.523200E+00 0.461920E+00 0.414240E+00 0.386080E+00 0.360320E+00 0.338640E+00 0.317520E+00 0.302400E+00 0.286800E+00 0.271520E+00 0.260560E+00 0.259360E+00 0.246640E+00 0.231840E+00 0.225680E+00 0.224000E+00 0.217520E+00 0.204720E+00 0.201840E+00 0.191600E+00 0.194000E+00 0.179280E+00 0.177280E+00 0.173280E+00 0.165360E+00 0.162080E+00 0.161760E+00 0.157920E+00 0.154400E+00 0.147280E+00 0.139920E+00 0.132800E+00 0.140800E+00 0.136400E+00 0.128240E+00 0.126000E+00 0.124320E+00 0.119520E+00 0.117680E+00 0.111760E+00 0.112160E+00 0.110720E+00 0.102960E+00 0.102320E+00 0.102640E+00 0.100480E+00 0.102160E+00 0.932000E-01 0.914400E-01 0.932800E-01 0.886400E-01 0.890400E-01 0.796800E-01 0.877600E-01 0.790400E-01 0.816000E-01 0.782400E-01 0.745600E-01 0.696800E-01 0.685600E-01 0.711200E-01 0.712000E-01 0.664800E-01 0.653600E-01 0.616000E-01 0.610400E-01 0.578400E-01 0.583200E-01 0.552800E-01 0.544000E-01 0.502400E-01 0.520800E-01 0.479200E-01 0.504000E-01 0.452000E-01 0.456000E-01 0.452000E-01 0.432000E-01 0.422400E-01 0.426400E-01 0.406400E-01 0.397600E-01 0.350400E-01 0.384800E-01 0.358400E-01 0.344800E-01 0.332000E-01 0.332000E-01 0.324000E-01 0.315200E-01 0.285600E-01 0.284000E-01 0.264800E-01 0.258400E-01 0.267200E-01 0.233600E-01 0.222400E-01 0.243200E-01 0.224000E-01 0.225600E-01 0.216800E-01 0.213600E-01 0.199200E-01 0.189600E-01 0.185600E-01 0.177600E-01 0.175200E-01 0.149600E-01 0.164800E-01 0.156800E-01 0.140000E-01 0.164000E-01 0.136000E-01 0.130400E-01 0.136800E-01 0.132000E-01 0.118400E-01 0.119200E-01 0.928000E-02 0.116800E-01 0.116800E-01 0.968000E-02 0.832000E-02 0.848000E-02 0.600000E-02 0.720000E-02 0.696000E-02 0.888000E-02 0.648000E-02 0.664000E-02 0.736000E-02 0.640000E-02 0.536000E-02 0.584000E-02 0.576000E-02 0.608000E-02 0.496000E-02 0.432000E-02 0.464000E-02 0.352000E-02 0.400000E-02 0.368000E-02 0.448000E-02 0.408000E-02 0.256000E-02 0.240000E-02 0.328000E-02 0.344000E-02 0.200000E-02 0.256000E-02 0.168000E-02 0.224000E-02 0.224000E-02 0.152000E-02 0.184000E-02 0.112000E-02 0.120000E-02 0.136000E-02 0.960000E-03 0.104000E-02 0.400000E-03 0.128000E-02 0.400000E-03 0.960000E-03 0.880000E-03 0.560000E-03 0.240000E-03 0.320000E-03 0.560000E-03 0.720000E-03 0.240000E-03 0.480000E-03 0.400000E-03 0.400000E-03 0.800000E-04 0.800000E-04 0.800000E-04 0.160000E-03 0.800000E-04 0.800000E-04 0.000000E+00 0.800000E-04 0.800000E-04 0.160000E-03 0.000000E+00 0.000000E+00 0.000000E+00 0.000000E+00 0.000000E+00 0.000000E+00 0.000000E+00 0.000000E+00 0.000000E+00 0.000000E+00 0.000000E+00 0.000000E+00 0.000000E+00
 0.210280E+01 0.167728E+01 0.120800E+01 0.993280E+00 0.844880E+00 0.721680E+00 0.650480E+00 0.603840E+00 0.548240E+00 0.506400E+00 0.470080E+00 0.441680E+00 0.411360E+00 0.396080E+00 0.369760E+00 0.347040E+00 0.336800E+00 0.324480E+00 0.310080E+00 0.293360E+00 0.276480E+00 0.260160E+00 0.251040E+00 0.243600E+00 0.237840E+00 0.232400E+00 0.224960E+00 0.209840E+00 0.200720E+00 0.196960E+00 0.190640E+00 0.177920E+00 0.171760E+00 0.173520E+00 0.166720E+00 0.168480E+00 0.152880E+00 0.152960E+00 0.143040E+00 0.142720E+00 0.141120E+00 0.134800E+00 0.129520E+00 0.116160E+00 0.127360E+00 0.122240E+00 0.115120E+00 0.106560E+00 0.107360E+00 0.104640E+00 0.978400E-01 0.100880E+00 0.950400E-01 0.964000E-01 0.873600E-01 0.832800E-01 0.878400E-01 0.811200E-01 0.817600E-01 0.734400E-01 0.774400E-01 0.766400E-01 0.748800E-01 0.704800E-01 0.644800E-01 0.663200E-01 0.667200E-01 0.636800E-01 0.590400E-01 0.579200E-01 0.535200E-01 0.524800E-01 0.505600E-01 0.518400E-01 0.473600E-01 0.464000E-01 0.440800E-01 0.473600E-01 0.433600E-01 0.423200E-01 0.400000E-01 0.412800E-01 0.394400E-01 0.343200E-01 0.355200E-01 0.351200E-01 0.324000E-01 0.297600E-01 0.336000E-01 0.321600E-01 0.325600E-01 0.278400E-01 0.258400E-01 0.246400E-01 0.265600E-01 0.264000E-01 0.258400E-01 0.215200E-01 0.242400E-01 0.199200E-01 0.204000E-01 0.204000E-01 0.208000E-01 0.180000E-01 0.172000E-01 0.180000E-01 0.152800E-01 0.157600E-01 0.163200E-01 0.165600E-01 0.143200E-01 0.144000E-01 0.143200E-01 0.113600E-01 0.124000E-01 0.114400E-01 0.114400E-01 0.108800E-01 0.107200E-01 0.108000E-01 0.976000E-02 0.808000E-02 0.728000E-02 0.864000E-02 0.832000E-02 0.720000E-02 0.680000E-02 0.736000E-02 0.744000E-02 0.552000E-02 0.640000E-02 0.672000E-02 0.608000E-02 0.584000E-02 0.640000E-02 0.384000E-02 0.528000E-02 0.472000E-02 0.480000E-02 0.216000E-02 0.424000E-02 0.312000E-02 0.312000E-02 0.320000E-02 0.320000E-02 0.296000E-02 0.200000E-02 0.264000E-02 0.216000E-02 0.320000E-02 0.248000E-02 0.144000E-02 0.232000E-02 0.880000E-03 0.152000E-02 0.120000E-02 0.800000E-03 0.128000E-02 0.128000E-02 0.104000E-02 0.640000E-03 0.880000E-03 0.104000E-02 0.880000E-03 0.720000E-03 0.160000E-03 0.320000E-03 0.104000E-02 0.160000E-03 0.480000E-03 0.480000E-03 0.160000E-03 0.240000E-03 0.640000E-03 0.800000E-04 0.160000E-03 0.160000E-03 0.320000E-03 0.320000E-03 0.160000E-03 0.800000E-04 0.000000E+00 0.000000E+00 0.000000E+00 0.000000E+00 0.800000E-04 0.800000E-04 0.000000E+00 0.800000E-04 0.000000E+00 0.000000E+00 0.000000E+00 0.000000E+00 0.000000E+00 0.000000E+00 0.000000E+00 0.000000E+00 0.000000E+00 0.000000E+00 0.000000E+00
 0.197238E+02 0.107439E+02 0.523712E+01 0.417800E+01 0.358264E+01 0.311528E+01 0.275776E+01 0.254016E+01 0.229784E+01 0.215272E+01 0.198080E+01 0.186224E+01 0.175336E+01 0.164928E+01 0.156568E+01 0.149968E+01 0.141760E+01 0.135288E+01 0.130304E+01 0.126472E+01 0.122128E+01 0.117576E+01 0.111800E+01 0.108464E+01 0.103904E+01 0.101584E+01 0.986480E+00 0.940960E+00 0.919520E+00 0.913520E+00 0.865440E+00 0.839040E+00 0.825360E+00 0.807200E+00 0.775120E+00 0.759600E+00 0.741120E+00 0.719360E+00 0.719360E+00 0.687920E+00 0.666960E+00 0.652480E+00 0.636880E+00 0.625280E+00 0.611200E+00 0.611440E+00 0.599680E+00 0.568320E+00 0.566720E+00 0.553360E+00 0.555600E+00 0.535680E+00 0.534720E+00 0.507040E+00 0.505360E+00 0.495440E+00 0.482240E+00 0.476880E+00 0.474000E+00 0.461760E+00 0.452000E+00 0.434560E+00 0.444720E+00 0.427120E+00 0.424000E+00 0.408080E+00 0.405120E+00 0.397040E+00 0.392560E+00 0.384480E+00 0.374960E+00 0.374240E+00 0.360720E+00 0.360800E+00 0.355920E+00 0.354240E+00 0.335760E+00 0.345840E+00 0.335520E+00 0.340720E+00 0.315120E+00 0.318080E+00 0.314160E+00 0.311120E+00 0.308960E+00 0.293200E+00 0.305120E+00 0.288320E+00 0.294160E+00 0.282720E+00 0.275920E+00 0.277040E+00 0.280080E+00 0.270960E+00 0.264000E+00 0.267680E+00 0.264400E+00 0.242080E+00 0.255840E+00 0.249840E+00 0.244800E+00 0.242480E+00 0.245520E+00 0.234400E+00 0.229600E+00 0.228640E+00 0.228320E+00 0.222720E+00 0.221120E+00 0.215920E+00 0.216880E+00 0.216640E+00 0.218720E+00 0.200080E+00 0.202800E+00 0.200320E+00 0.203040E+00 0.205840E+00 0.192960E+00 0.207840E+00 0.194400E+00 0.193600E+00 0.198720E+00 0.187680E+00 0.188320E+00 0.183360E+00 0.186720E+00 0.186080E+00 0.183200E+00 0.181600E+00 0.176480E+00 0.172880E+00 0.178240E+00 0.167920E+00 0.170480E+00 0.169840E+00 0.169920E+00 0.166240E+00 0.165200E+00 0.165760E+00 0.168800E+00 0.155760E+00 0.165200E+00 0.159680E+00 0.156480E+00 0.158400E+00 0.156560E+00 0.153120E+00 0.158000E+00 0.148880E+00 0.148640E+00 0.150880E+00 0.146160E+00 0.151520E+00 0.147440E+00 0.146320E+00 0.143360E+00 0.143120E+00 0.145360E+00 0.147040E+00 0.134160E+00 0.143600E+00 0.144400E+00 0.146160E+00 0.137840E+00 0.137920E+00 0.137600E+00 0.140160E+00 0.136880E+00 0.135520E+00 0.142400E+00 0.137520E+00 0.137280E+00 0.140240E+00 0.134080E+00 0.133600E+00 0.139120E+00 0.140240E+00 0.133680E+00 0.136960E+00 0.140400E+00 0.135920E+00 0.140080E+00 0.137760E+00 0.134560E+00 0.134240E+00 0.135120E+00 0.136640E+00 0.135200E+00 0.137520E+00 0.134080E+00 0.137200E+00 0.139200E+00 0.137680E+00 0.138800E+00 0.140160E+00 0.146320E+00 0.137200E+00 0.144880E+00 0.690906E+02
 0.605136E+01 0.467104E+01 0.278328E+01 0.236912E+01 0.212128E+01 0.192504E+01 0.175872E+01 0.160640E+01 0.154472E+01 0.146184E+01 0.138128E+01 0.133576E+01 0.127248E+01 0.122096E+01 0.116456E+01 0.112712E+01 0.108584E+01 0.105560E+01 0.101912E+01 0.981120E+00 0.964880E+00 0.944080E+00 0.909520E+00 0.906480E+00 0.851840E+00 0.851440E+00 0.826560E+00 0.821200E+00 0.794240E+00 0.792000E+00 0.765680E+00 0.746080E+00 0.731120E+00 0.701600E+00 0.698160E+00 0.689440E+00 0.677440E+00 0.670240E+00 0.640640E+00 0.651440E+00 0.622960E+00 0.620800E+00 0.604000E+00 0.601200E+00 0.583840E+00 0.570720E+00 0.561520E+00 0.549360E+00 0.548320E+00 0.536880E+00 0.544800E+00 0.520720E+00 0.516800E+00 0.504480E+00 0.504240E+00 0.498960E+00 0.485760E+00 0.476640E+00 0.468400E+00 0.466320E+00 0.457280E+00 0.455200E+00 0.437760E+00 0.440400E+00 0.423840E+00 0.424640E+00 0.407840E+00 0.410640E+00 0.396320E+00 0.398960E+00 0.389760E+00 0.375760E+00 0.383040E+00 0.380240E+00 0.377760E+00 0.371040E+00 0.369360E+00 0.357680E+00 0.351920E+00 0.348080E+00 0.332160E+00 0.340640E+00 0.331920E+00 0.333840E+00 0.325120E+00 0.327040E+00 0.319840E+00 0.320960E+00 0.321760E+00 0.307120E+00 0.305440E+00 0.299280E+00 0.302720E+00 0.294160E+00 0.287680E+00 0.290640E+00 0.285760E+00 0.287040E+00 0.278240E+00 0.281360E+00 0.275600E+00 0.280880E+00 0.268800E+00 0.255360E+00 0.264160E+00 0.261520E+00 0.256720E+00 0.253600E+00 0.250960E+00 0.245040E+00 0.248240E+00 0.244400E+00 0.240960E+00 0.240960E+00 0.229200E+00 0.239360E+00 0.226080E+00 0.229360E+00 0.217440E+00 0.222960E+00 0.229040E+00 0.219600E+00 0.219040E+00 0.219920E+00 0.213760E+00 0.219520E+00 0.219840E+00 0.204400E+00 0.206720E+00 0.202880E+00 0.199120E+00 0.197200E+00 0.206960E+00 0.194800E+00 0.193760E+00 0.194400E+00 0.198960E+00 0.194160E+00 0.192720E+00 0.189760E+00 0.194640E+00 0.188080E+00 0.189520E+00 0.192080E+00 0.184640E+00 0.184960E+00 0.186480E+00 0.188000E+00 0.187600E+00 0.183360E+00 0.181600E+00 0.180240E+00 0.174240E+00 0.174800E+00 0.172080E+00 0.182000E+00 0.175280E+00 0.175600E+00 0.174320E+00 0.177760E+00 0.182080E+00 0.175520E+00 0.172320E+00 0.178480E+00 0.183280E+00 0.170000E+00 0.178880E+00 0.172720E+00 0.171760E+00 0.169040E+00 0.173520E+00 0.178560E+00 0.183440E+00 0.178160E+00 0.174160E+00 0.174800E+00 0.184960E+00 0.184720E+00 0.180800E+00 0.176080E+00 0.177520E+00 0.186240E+00 0.186320E+00 0.178240E+00 0.184480E+00 0.189760E+00 0.184960E+00 0.193280E+00 0.192080E+00 0.191600E+00 0.187360E+00 0.187680E+00 0.196080E+00 0.195120E+00 0.198240E+00 0.196320E+00 0.201520E+00 0.200000E+00 0.215280E+00 0.101716E+03
 0.933280E+00 0.785440E+00 0.617440E+00 0.544080E+00 0.476400E+00 0.419600E+00 0.402000E+00 0.381920E+00 0.354960E+00 0.326800E+00 0.312000E+00 0.292880E+00 0.287840E+00 0.270720E+00 0.260160E+00 0.245200E+00 0.235840E+00 0.238080E+00 0.219040E+00 0.219840E+00 0.218480E+00 0.207760E+00 0.202240E+00 0.188160E+00 0.186160E+00 0.180400E+00 0.180880E+00 0.171520E+00 0.174320E+00 0.170800E+00 0.160400E+00 0.151680E+00 0.157120E+00 0.144960E+00 0.145280E+00 0.142320E+00 0.134560E+00 0.132560E+00 0.127520E+00 0.127200E+00 0.124080E+00 0.128640E+00 0.118640E+00 0.116560E+00 0.115680E+00 0.109040E+00 0.109200E+00 0.105600E+00 0.100480E+00 0.102240E+00 0.980800E-01 0.983200E-01 0.924000E-01 0.876800E-01 0.908800E-01 0.834400E-01 0.873600E-01 0.812800E-01 0.770400E-01 0.757600E-01 0.753600E-01 0.755200E-01 0.753600E-01 0.724800E-01 0.715200E-01 0.668800E-01 0.696800E-01 0.660800E-01 0.655200E-01 0.623200E-01 0.570400E-01 0.592800E-01 0.598400E-01 0.546400E-01 0.546400E-01 0.562400E-01 0.474400E-01 0.515200E-01 0.471200E-01 0.470400E-01 0.437600E-01 0.473600E-01 0.438400E-01 0.370400E-01 0.424000E-01 0.399200E-01 0.388800E-01 0.401600E-01 0.390400E-01 0.319200E-01 0.344800E-01 0.355200E-01 0.322400E-01 0.311200E-01 0.298400E-01 0.292000E-01 0.308000E-01 0.267200E-01 0.284000E-01 0.262400E-01 0.255200E-01 0.257600E-01 0.227200E-01 0.243200E-01 0.194400E-01 0.205600E-01 0.188800E-01 0.196800E-01 0.188800E-01 0.183200E-01 0.180000E-01 0.173600E-01 0.164800E-01 0.151200E-01 0.164000E-01 0.160800E-01 0.131200E-01 0.149600E-01 0.128800E-01 0.131200E-01 0.105600E-01 0.110400E-01 0.108800E-01 0.104800E-01 0.102400E-01 0.120800E-01 0.920000E-02 0.100000E-01 0.880000E-02 0.792000E-02 0.976000E-02 0.736000E-02 0.648000E-02 0.560000E-02 0.704000E-02 0.720000E-02 0.536000E-02 0.536000E-02 0.536000E-02 0.536000E-02 0.472000E-02 0.416000E-02 0.424000E-02 0.408000E-02 0.456000E-02 0.440000E-02 0.360000E-02 0.328000E-02 0.360000E-02 0.264000E-02 0.248000E-02 0.256000E-02 0.280000E-02 0.216000E-02 0.192000E-02 0.176000E-02 0.168000E-02 0.176000E-02 0.160000E-02 0.216000E-02 0.144000E-02 0.104000E-02 0.136000E-02 0.112000E-02 0.104000E-02 0.160000E-02 0.880000E-03 0.136000E-02 0.800000E-03 0.720000E-03 0.480000E-03 0.320000E-03 0.160000E-03 0.480000E-03 0.160000E-03 0.240000E-03 0.480000E-03 0.160000E-03 0.720000E-03 0.800000E-04 0.240000E-03 0.800000E-04 0.800000E-04 0.000000E+00 0.320000E-03 0.000000E+00 0.000000E+00 0.800000E-04 0.000000E+00 0.000000E+00 0.000000E+00 0.800000E-04 0.000000E+00 0.000000E+00 0.000000E+00 0.000000E+00 0.000000E+00 0.000000E+00 0.000000E+00 0.000000E+00
 0.211968E+01 0.171120E+01 0.124200E+01 0.101048E+01 0.852640E+00 0.745760E+00 0.671680E+00 0.600080E+00 0.554880E+00 0.518800E+00 0.479440E+00 0.444480E+00 0.434400E+00 0.403520E+00 0.384400E+00 0.354160E+00 0.348640E+00 0.325200E+00 0.306560E+00 0.297360E+00 0.285360E+00 0.265200E+00 0.266800E+00 0.259120E+00 0.245920E+00 0.235760E+00 0.220240E+00 0.222080E+00 0.208240E+00 0.200480E+00 0.197360E+00 0.194240E+00 0.185200E+00 0.180960E+00 0.171760E+00 0.166560E+00 0.164320E+00 0.148720E+00 0.148640E+00 0.149360E+00 0.144080E+00 0.145600E+00 0.131600E+00 0.128960E+00 0.127440E+00 0.122800E+00 0.122960E+00 0.115520E+00 0.114560E+00 0.107680E+00 0.103200E+00 0.100080E+00 0.100160E+00 0.923200E-01 0.956000E-01 0.922400E-01 0.867200E-01 0.864800E-01 0.810400E-01 0.847200E-01 0.803200E-01 0.755200E-01 0.744000E-01 0.708000E-01 0.686400E-01 0.676800E-01 0.649600E-01 0.628000E-01 0.639200E-01 0.616800E-01 0.579200E-01 0.600800E-01 0.535200E-01 0.586400E-01 0.524000E-01 0.503200E-01 0.514400E-01 0.454400E-01 0.472800E-01 0.451200E-01 0.428000E-01 0.387200E-01 0.395200E-01 0.346400E-01 0.368800E-01 0.377600E-01 0.345600E-01 0.352000E-01 0.325600E-01 0.312800E-01 0.317600E-01 0.300000E-01 0.326400E-01 0.270400E-01 0.257600E-01 0.269600E-01 0.245600E-01 0.248800E-01 0.231200E-01 0.215200E-01 0.210400E-01 0.206400E-01 0.216000E-01 0.218400E-01 0.207200E-01 0.192000E-01 0.171200E-01 0.163200E-01 0.176000E-01 0.163200E-01 0.173600E-01 0.151200E-01 0.151200E-01 0.134400E-01 0.125600E-01 0.123200E-01 0.133600E-01 0.124000E-01 0.110400E-01 0.112800E-01 0.105600E-01 0.976000E-02 0.752000E-02 0.920000E-02 0.904000E-02 0.824000E-02 0.904000E-02 0.896000E-02 0.680000E-02 0.608000E-02 0.648000E-02 0.704000E-02 0.520000E-02 0.600000E-02 0.576000E-02 0.536000E-02 0.456000E-02 0.528000E-02 0.432000E-02 0.384000E-02 0.416000E-02 0.392000E-02 0.272000E-02 0.312000E-02 0.336000E-02 0.256000E-02 0.368000E-02 0.272000E-02 0.232000E-02 0.224000E-02 0.160000E-02 0.224000E-02 0.168000E-02 0.136000E-02 0.176000E-02 0.880000E-03 0.144000E-02 0.128000E-02 0.176000E-02 0.128000E-02 0.168000E-02 0.960000E-03 0.120000E-02 0.880000E-03 0.720000E-03 0.640000E-03 0.880000E-03 0.800000E-03 0.320000E-03 0.400000E-03 0.480000E-03 0.400000E-03 0.560000E-03 0.320000E-03 0.320000E-03 0.400000E-03 0.160000E-03 0.320000E-03 0.800000E-04 0.000000E+00 0.160000E-03 0.000000E+00 0.800000E-04 0.240000E-03 0.000000E+00 0.800000E-04 0.000000E+00 0.000000E+00 0.000000E+00 0.000000E+00 0.800000E-04 0.800000E-04 0.800000E-04 0.000000E+00 0.000000E+00 0.000000E+00 0.000000E+00 0.000000E+00 0.000000E+00 0.000000E+00
 0.888400E+00 0.764720E+00 0.612000E+00 0.523200E+00 0.461920E+00 0.414240E+00 0.386080E+00 0.360320E+00 0.338640E+00 0.317520E+00 0.302400E+00 0.286800E+00 0.271520E+00 0.260560E+00 0.259360E+00 0.246640E+00 0.231840E+00 0.225680E+00 0.224000E+00 0.217520E+00 0.204720E+00 0.201840E+00 0.191600E+00 0.194000E+00 0.179280E+00 0.177280E+00 0.173280E+00 0.165360E+00 0.162080E+00 0.161760E+00 0.157920E+00 0.154400E+00 0.147280E+00 0.139920E+00 0.132800E+00 0.140800E+00 0.136400E+00 0.128240E+00 0.126000E+00 0.124320E+00 0.119520E+00 0.117680E+00 0.111760E+00 0.112160E+00 0.110720E+00 0.102960E+00 0.102320E+00 0.102640E+00 0.100480E+00 0.102160E+00 0.932000E-01 0.914400E-01 0.932800E-01 0.886400E-01 0.890400E-01 0.796800E-01 0.877600E-01 0.790400E-01 0.816000E-01 0.782400E-01 0.745600E-01 0.696800E-01 0.685600E-01 0.711200E-01 0.712000E-01 0.664800E-01 0.653600E-01 0.616000E-01 0.610400E-01 0.578400E-01 0.583200E-01 0.552800E-01 0.544000E-01 0.502400E-01 0.520800E-01 0.479200E-01 0.504000E-01 0.452000E-01 0.456000E-01 0.452000E-01 0.432000E-01 0.422400E-01 0.426400E-01 0.406400E-01 0.397600E-01 0.350400E-01 0.384800E-01 0.358400E-01 0.344800E-01 0.332000E-01 0.332000E-01 0.324000E-01 0.315200E-01 0.285600E-01 0.284000E-01 0.264800E-01 0.258400E-01 0.267200E-01 0.233600E-01 0.222400E-01 0.243200E-01 0.224000E-01 0.225600E-01 0.216800E-01 0.213600E-01 0.199200E-01 0.189600E-01 0.185600E-01 0.177600E-01 0.175200E-01 0.149600E-01 0.164800E-01 0.156800E-01 0.140000E-01 0.164000E-01 0.136000E-01 0.130400E-01 0.136800E-01 0.132000E-01 0.118400E-01 0.119200E-01 0.928000E-02 0.116800E-01 0.116800E-01 0.968000E-02 0.832000E-02 0.848000E-02 0.600000E-02 0.720000E-02 0.696000E-02 0.888000E-02 0.648000E-02 0.664000E-02 0.736000E-02 0.640000E-02 0.536000E-02 0.584000E-02 0.576000E-02 0.608000E-02 0.496000E-02 0.432000E-02 0.464000E-02 0.352000E-02 0.400000E-02 0.368000E-02 0.448000E-02 0.408000E-02 0.256000E-02 0.240000E-02 0.328000E-02 0.344000E-02 0.200000E-02 0.256000E-02 0.168000E-02 0.224000E-02 0.224000E-02 0.152000E-02 0.184000E-02 0.112000E-02 0.120000E-02 0.136000E-02 0.960000E-03 0.104000E-02 0.400000E-03 0.128000E-02 0.400000E-03 0.960000E-03 0.880000E-03 0.560000E-03 0.240000E-03 0.320000E-03 0.560000E-03 0.720000E-03 0.240000E-03 0.480000E-03 0.400000E-03 0.400000E-03 0.800000E-04 0.800000E-04 0.800000E-04 0.160000E-03 0.800000E-04 0.800000E-04 0.000000E+00 0.800000E-04 0.800000E-04 0.160000E-03 0.000000E+00 0.000000E+00 0.000000E+00 0.000000E+00 0.000000E+00 0.000000E+00 0.000000E+00 0.000000E+00 0.000000E+00 0.000000E+00 0.000000E+00 0.000000E+00 0.000000E+00
 0.210280E+01 0.167728E+01 0.120800E+01 0.993280E+00 0.844880E+00 0.721680E+00 0.650480E+00 0.603840E+00 0.548240E+00 0.506400E+00 0.470080E+00 0.441680E+00 0.411360E+00 0.396080E+00 0.369760E+00 0.347040E+00 0.336800E+00 0.324480E+00 0.310080E+00 0.293360E+00 0.276480E+00 0.260160E+00 0.251040E+00 0.243600E+00 0.237840E+00 0.232400E+00 0.224960E+00 0.209840E+00 0.200720E+00 0.196960E+00 0.190640E+00 0.177920E+00 0.171760E+00 0.173520E+00 0.166720E+00 0.168480E+00 0.152880E+00 0.152960E+00 0.143040E+00 0.142720E+00 0.141120E+00 0.134800E+00 0.129520E+00 0.116160E+00 0.127360E+00 0.122240E+00 0.115120E+00 0.106560E+00 0.107360E+00 0.104640E+00 0.978400E-01 0.100880E+00 0.950400E-01 0.964000E-01 0.873600E-01 0.832800E-01 0.878400E-01 0.811200E-01 0.817600E-01 0.734400E-01 0.774400E-01 0.766400E-01 0.748800E-01 0.704800E-01 0.644800E-01 0.663200E-01 0.667200E-01 0.636800E-01 0.590400E-01 0.579200E-01 0.535200E-01 0.524800E-01 0.505600E-01 0.518400E-01 0.473600E-01 0.464000E-01 0.440800E-01 0.473600E-01 0.433600E-01 0.423200E-01 0.400000E-01 0.412800E-01 0.394400E-01 0.343200E-01 0.355200E-01 0.351200E-01 0.324000E-01 0.297600E-01 0.336000E-01 0.321600E-01 0.325600E-01 0.278400E-01 0.258400E-01 0.246400E-01 0.265600E-01 0.264000E-01 0.258400E-01 0.215200E-01 0.242400E-01 0.199200E-01 0.204000E-01 0.204000E-01 0.208000E-01 0.180000E-01 0.172000E-01 0.180000E-01 0.152800E-01 0.157600E-01 0.163200E-01 0.165600E-01 0.143200E-01 0.144000E-01 0.143200E-01 0.113600E-01 0.124000E-01 0.114400E-01 0.114400E-01 0.108800E-01 0.107200E-01 0.108000E-01 0.976000E-02 0.808000E-02 0.728000E-02 0.864000E-02 0.832000E-02 0.720000E-02 0.680000E-02 0.736000E-02 0.744000E-02 0.552000E-02 0.640000E-02 0.672000E-02 0.608000E-02 0.584000E-02 0.640000E-02 0.384000E-02 0.528000E-02 0.472000E-02 0.480000E-02 0.216000E-02 0.424000E-02 0.312000E-02 0.312000E-02 0.320000E-02 0.320000E-02 0.296000E-02 0.200000E-02 0.264000E-02 0.216000E-02 0.320000E-02 0.248000E-02 0.144000E-02 0.232000E-02 0.880000E-03 0.152000E-02 0.120000E-02 0.800000E-03 0.128000E-02 0.128000E-02 0.104000E-02 0.640000E-03 0.880000E-03 0.104000E-02 0.880000E-03 0.720000E-03 0.160000E-03 0.320000E-03 0.104000E-02 0.160000E-03 0.480000E-03 0.480000E-03 0.160000E-03 0.240000E-03 0.640000E-03 0.800000E-04 0.160000E-03 0.160000E-03 0.320000E-03 0.320000E-03 0.160000E-03 0.800000E-04 0.000000E+00 0.000000E+00 0.000000E+00 0.000000E+00 0.800000E-04 0.800000E-04 0.000000E+00 0.800000E-04 0.000000E+00 0.000000E+00 0.000000E+00 0.000000E+00 0.000000E+00 0.000000E+00 0.000000E+00 0.000000E+00 0.000000E+00 0.000000E+00 0.000000E+00
 0.194827E+02 0.105373E+02 0.505304E+01 0.400272E+01 0.341120E+01 0.294384E+01 0.259216E+01 0.238160E+01 0.213000E+01 0.199296E+01 0.182408E+01 0.171040E+01 0.159960E+01 0.150152E+01 0.141576E+01 0.134952E+01 0.127240E+01 0.120680E+01 0.115776E+01 0.112640E+01 0.107976E+01 0.103504E+01 0.975280E+00 0.946640E+00 0.896800E+00 0.872000E+00 0.844320E+00 0.807040E+00 0.783840E+00 0.770080E+00 0.727440E+00 0.708000E+00 0.691520E+00 0.667840E+00 0.646240E+00 0.627440E+00 0.605360E+00 0.591840E+00 0.584240E+00 0.555840E+00 0.533840E+00 0.522720E+00 0.511520E+00 0.497040E+00 0.483360E+00 0.481680E+00 0.465840E+00 0.440080E+00 0.437200E+00 0.420880E+00 0.424160E+00 0.408320E+00 0.406800E+00 0.376640E+00 0.377840E+00 0.363520E+00 0.356400E+00 0.346960E+00 0.342000E+00 0.331600E+00 0.327760E+00 0.312080E+00 0.308320E+00 0.302640E+00 0.296240E+00 0.285920E+00 0.281920E+00 0.273440E+00 0.264400E+00 0.260400E+00 0.250800E+00 0.249520E+00 0.240000E+00 0.237760E+00 0.227600E+00 0.229360E+00 0.213840E+00 0.219920E+00 0.210480E+00 0.211360E+00 0.194320E+00 0.196480E+00 0.186800E+00 0.187200E+00 0.183920E+00 0.171840E+00 0.181680E+00 0.167200E+00 0.164480E+00 0.162240E+00 0.157680E+00 0.150000E+00 0.150720E+00 0.151280E+00 0.143280E+00 0.142800E+00 0.136160E+00 0.127920E+00 0.134160E+00 0.126400E+00 0.120320E+00 0.116800E+00 0.119280E+00 0.110560E+00 0.109120E+00 0.109520E+00 0.104960E+00 0.100640E+00 0.980000E-01 0.954400E-01 0.952000E-01 0.927200E-01 0.925600E-01 0.801600E-01 0.800800E-01 0.840800E-01 0.788000E-01 0.808800E-01 0.736800E-01 0.800000E-01 0.739200E-01 0.676000E-01 0.696000E-01 0.647200E-01 0.635200E-01 0.602400E-01 0.601600E-01 0.550400E-01 0.560000E-01 0.577600E-01 0.532000E-01 0.489600E-01 0.496800E-01 0.441600E-01 0.451200E-01 0.458400E-01 0.437600E-01 0.452000E-01 0.371200E-01 0.376000E-01 0.375200E-01 0.367200E-01 0.362400E-01 0.346400E-01 0.312000E-01 0.320800E-01 0.293600E-01 0.280000E-01 0.287200E-01 0.240800E-01 0.244800E-01 0.264800E-01 0.216000E-01 0.219200E-01 0.207200E-01 0.190400E-01 0.176000E-01 0.191200E-01 0.169600E-01 0.168000E-01 0.160800E-01 0.132800E-01 0.138400E-01 0.145600E-01 0.119200E-01 0.120000E-01 0.105600E-01 0.102400E-01 0.824000E-02 0.936000E-02 0.920000E-02 0.704000E-02 0.672000E-02 0.784000E-02 0.648000E-02 0.752000E-02 0.664000E-02 0.632000E-02 0.616000E-02 0.432000E-02 0.432000E-02 0.392000E-02 0.360000E-02 0.368000E-02 0.336000E-02 0.312000E-02 0.352000E-02 0.216000E-02 0.160000E-02 0.160000E-02 0.200000E-02 0.104000E-02 0.128000E-02 0.800000E-03 0.800000E-03 0.160000E-03 0.320000E-03 0.160000E-03 0.000000E+00 0.000000E+00
 0.598160E+01 0.460768E+01 0.272384E+01 0.230280E+01 0.205880E+01 0.186104E+01 0.169864E+01 0.154744E+01 0.148624E+01 0.140112E+01 0.132120E+01 0.127688E+01 0.120792E+01 0.116008E+01 0.110648E+01 0.106456E+01 0.102776E+01 0.996480E+00 0.961760E+00 0.924080E+00 0.905600E+00 0.879920E+00 0.850960E+00 0.845760E+00 0.795280E+00 0.792080E+00 0.764240E+00 0.762640E+00 0.731920E+00 0.729120E+00 0.705040E+00 0.680880E+00 0.670320E+00 0.643600E+00 0.636800E+00 0.629760E+00 0.612960E+00 0.608720E+00 0.580080E+00 0.585840E+00 0.560720E+00 0.556960E+00 0.541440E+00 0.536960E+00 0.518000E+00 0.504080E+00 0.497040E+00 0.487120E+00 0.482240E+00 0.470960E+00 0.477440E+00 0.452640E+00 0.447840E+00 0.438000E+00 0.434720E+00 0.430640E+00 0.418080E+00 0.409440E+00 0.402160E+00 0.394720E+00 0.384960E+00 0.384880E+00 0.368400E+00 0.370000E+00 0.355520E+00 0.352240E+00 0.340800E+00 0.339440E+00 0.326960E+00 0.326800E+00 0.311920E+00 0.299600E+00 0.306000E+00 0.303760E+00 0.298960E+00 0.289680E+00 0.292080E+00 0.277680E+00 0.272960E+00 0.265360E+00 0.258160E+00 0.257200E+00 0.254480E+00 0.252080E+00 0.242560E+00 0.241120E+00 0.239040E+00 0.239520E+00 0.237840E+00 0.222960E+00 0.221280E+00 0.215600E+00 0.215840E+00 0.204400E+00 0.200320E+00 0.201200E+00 0.195040E+00 0.194000E+00 0.189440E+00 0.187600E+00 0.182080E+00 0.186000E+00 0.175600E+00 0.162400E+00 0.165520E+00 0.160160E+00 0.156640E+00 0.155200E+00 0.153280E+00 0.149360E+00 0.149760E+00 0.140480E+00 0.141120E+00 0.133760E+00 0.132560E+00 0.135120E+00 0.123760E+00 0.121920E+00 0.117920E+00 0.111920E+00 0.119920E+00 0.114000E+00 0.105680E+00 0.108880E+00 0.104240E+00 0.100960E+00 0.989600E-01 0.938400E-01 0.896000E-01 0.884000E-01 0.867200E-01 0.846400E-01 0.843200E-01 0.788000E-01 0.840000E-01 0.754400E-01 0.776000E-01 0.711200E-01 0.707200E-01 0.697600E-01 0.660000E-01 0.658400E-01 0.615200E-01 0.592800E-01 0.571200E-01 0.520800E-01 0.508800E-01 0.536000E-01 0.516000E-01 0.457600E-01 0.431200E-01 0.422400E-01 0.400000E-01 0.397600E-01 0.353600E-01 0.337600E-01 0.336800E-01 0.317600E-01 0.308800E-01 0.312800E-01 0.272800E-01 0.251200E-01 0.228800E-01 0.252800E-01 0.223200E-01 0.185600E-01 0.218400E-01 0.183200E-01 0.154400E-01 0.172800E-01 0.156800E-01 0.150400E-01 0.152000E-01 0.129600E-01 0.119200E-01 0.128000E-01 0.984000E-02 0.112800E-01 0.104000E-01 0.101600E-01 0.792000E-02 0.728000E-02 0.680000E-02 0.648000E-02 0.592000E-02 0.680000E-02 0.384000E-02 0.552000E-02 0.400000E-02 0.408000E-02 0.344000E-02 0.336000E-02 0.200000E-02 0.184000E-02 0.168000E-02 0.144000E-02 0.720000E-03 0.400000E-03 0.000000E+00 0.000000E+00
 0.933280E+00 0.785440E+00 0.617440E+00 0.544080E+00 0.476400E+00 0.419600E+00 0.402000E+00 0.381920E+00 0.354960E+00 0.326800E+00 0.312000E+00 0.292880E+00 0.287840E+00 0.270720E+00 0.260160E+00 0.245200E+00 0.235840E+00 0.238080E+00 0.219040E+00 0.219840E+00 0.218480E+00 0.207760E+00 0.202240E+00 0.188160E+00 0.186160E+00 0.180400E+00 0.180880E+00 0.171520E+00 0.174320E+00 0.170800E+00 0.160400E+00 0.151680E+00 0.157120E+00 0.144960E+00 0.145280E+00 0.142320E+00 0.134560E+00 0.132560E+00 0.127520E+00 0.127200E+00 0.124080E+00 0.128640E+00 0.118640E+00 0.116560E+00 0.115680E+00 0.109040E+00 0.109200E+00 0.105600E+00 0.100480E+00 0.102240E+00 0.980800E-01 0.983200E-01 0.924000E-01 0.876800E-01 0.908800E-01 0.834400E-01 0.873600E-01 0.812800E-01 0.770400E-01 0.757600E-01 0.753600E-01 0.755200E-01 0.753600E-01 0.724800E-01 0.715200E-01 0.668800E-01 0.696800E-01 0.660800E-01 0.655200E-01 0.623200E-01 0.570400E-01 0.592800E-01 0.598400E-01 0.546400E-01 0.546400E-01 0.562400E-01 0.474400E-01 0.515200E-01 0.471200E-01 0.470400E-01 0.437600E-01 0.473600E-01 0.438400E-01 0.370400E-01 0.424000E-01 0.399200E-01 0.388800E-01 0.401600E-01 0.390400E-01 0.319200E-01 0.344800E-01 0.355200E-01 0.322400E-01 0.311200E-01 0.298400E-01 0.292000E-01 0.308000E-01 0.267200E-01 0.284000E-01 0.262400E-01 0.255200E-01 0.257600E-01 0.227200E-01 0.243200E-01 0.194400E-01 0.205600E-01 0.188800E-01 0.196800E-01 0.188800E-01 0.183200E-01 0.180000E-01 0.173600E-01 0.164800E-01 0.151200E-01 0.164000E-01 0.160800E-01 0.131200E-01 0.149600E-01 0.128800E-01 0.131200E-01 0.105600E-01 0.110400E-01 0.108800E-01 0.104800E-01 0.102400E-01 0.120800E-01 0.920000E-02 0.100000E-01 0.880000E-02 0.792000E-02 0.976000E-02 0.736000E-02 0.648000E-02 0.560000E-02 0.704000E-02 0.720000E-02 0.536000E-02 0.536000E-02 0.536000E-02 0.536000E-02 0.472000E-02 0.416000E-02 0.424000E-02 0.408000E-02 0.456000E-02 0.440000E-02 0.360000E-02 0.328000E-02 0.360000E-02 0.264000E-02 0.248000E-02 0.256000E-02 0.280000E-02 0.216000E-02 0.192000E-02 0.176000E-02 0.168000E-02 0.176000E-02 0.160000E-02 0.216000E-02 0.144000E-02 0.104000E-02 0.136000E-02 0.112000E-02 0.104000E-02 0.160000E-02 0.880000E-03 0.136000E-02 0.800000E-03 0.720000E-03 0.480000E-03 0.320000E-03 0.160000E-03 0.480000E-03 0.160000E-03 0.240000E-03 0.480000E-03 0.160000E-03 0.720000E-03 0.800000E-04 0.240000E-03 0.800000E-04 0.800000E-04 0.000000E+00 0.320000E-03 0.000000E+00 0.000000E+00 0.800000E-04 0.000000E+00 0.000000E+00 0.000000E+00 0.800000E-04 0.000000E+00 0.000000E+00 0.000000E+00 0.000000E+00 0.000000E+00 0.000000E+00 0.000000E+00 0.000000E+00
 0.211968E+01 0.171120E+01 0.124200E+01 0.101048E+01 0.852640E+00 0.745760E+00 0.671680E+00 0.600080E+00 0.554880E+00 0.518800E+00 0.479440E+00 0.444480E+00 0.434400E+00 0.403520E+00 0.384400E+00 0.354160E+00 0.348640E+00 0.325200E+00 0.306560E+00 0.297360E+00 0.285360E+00 0.265200E+00 0.266800E+00 0.259120E+00 0.245920E+00 0.235760E+00 0.220240E+00 0.222080E+00 0.208240E+00 0.200480E+00 0.197360E+00 0.194240E+00 0.185200E+00 0.180960E+00 0.171760E+00 0.166560E+00 0.164320E+00 0.148720E+00 0.148640E+00 0.149360E+00 0.144080E+00 0.145600E+00 0.131600E+00 0.128960E+00 0.127440E+00 0.122800E+00 0.122960E+00 0.115520E+00 0.114560E+00 0.107680E+00 0.103200E+00 0.100080E+00 0.100160E+00 0.923200E-01 0.956000E-01 0.922400E-01 0.867200E-01 0.864800E-01 0.810400E-01 0.847200E-01 0.803200E-01 0.755200E-01 0.744000E-01 0.708000E-01 0.686400E-01 0.676800E-01 0.649600E-01 0.628000E-01 0.639200E-01 0.616800E-01 0.579200E-01 0.600800E-01 0.535200E-01 0.586400E-01 0.524000E-01 0.503200E-01 0.514400E-01 0.454400E-01 0.472800E-01 0.451200E-01 0.428000E-01 0.387200E-01 0.395200E-01 0.346400E-01 0.368800E-01 0.377600E-01 0.345600E-01 0.352000E-01 0.325600E-01 0.312800E-01 0.317600E-01 0.300000E-01 0.326400E-01 0.270400E-01 0.257600E-01 0.269600E-01 0.245600E-01 0.248800E-01 0.231200E-01 0.215200E-01 0.210400E-01 0.206400E-01 0.216000E-01 0.218400E-01 0.207200E-01 0.192000E-01 0.171200E-01 0.163200E-01 0.176000E-01 0.163200E-01 0.173600E-01 0.151200E-01 0.151200E-01 0.134400E-01 0.125600E-01 0.123200E-01 0.133600E-01 0.124000E-01 0.110400E-01 0.112800E-01 0.105600E-01 0.976000E-02 0.752000E-02 0.920000E-02 0.904000E-02 0.824000E-02 0.904000E-02 0.896000E-02 0.680000E-02 0.608000E-02 0.648000E-02 0.704000E-02 0.520000E-02 0.600000E-02 0.576000E-02 0.536000E-02 0.456000E-02 0.528000E-02 0.432000E-02 0.384000E-02 0.416000E-02 0.392000E-02 0.272000E-02 0.312000E-02 0.336000E-02 0.256000E-02 0.368000E-02 0.272000E-02 0.232000E-02 0.224000E-02 0.160000E-02 0.224000E-02 0.168000E-02 0.136000E-02 0.176000E-02 0.880000E-03 0.144000E-02 0.128000E-02 0.176000E-02 0.128000E-02 0.168000E-02 0.960000E-03 0.120000E-02 0.880000E-03 0.720000E-03 0.640000E-03 0.880000E-03 0.800000E-03 0.320000E-03 0.400000E-03 0.480000E-03 0.400000E-03 0.560000E-03 0.320000E-03 0.320000E-03 0.400000E-03 0.160000E-03 0.320000E-03 0.800000E-04 0.000000E+00 0.160000E-03 0.000000E+00 0.800000E-04 0.240000E-03 0.000000E+00 0.800000E-04 0.000000E+00 0.000000E+00 0.000000E+00 0.000000E+00 0.800000E-04 0.800000E-04 0.800000E-04 0.000000E+00 0.000000E+00 0.000000E+00 0.000000E+00 0.000000E+00 0.000000E+00 0.000000E+00
 0.888400E+00 0.764720E+00 0.612000E+00 0.523200E+00 0.461920E+00 0.414240E+00 0.386080E+00 0.360320E+00 0.338640E+00 0.317520E+00 0.302400E+00 0.286800E+00 0.271520E+00 0.260560E+00 0.259360E+00 0.246640E+00 0.231840E+00 0.225680E+00 0.224000E+00 0.217520E+00 0.204720E+00 0.201840E+00 0.191600E+00 0.194000E+00 0.179280E+00 0.177280E+00 0.173280E+00 0.165360E+00 0.162080E+00 0.161760E+00 0.157920E+00 0.154400E+00 0.147280E+00 0.139920E+00 0.132800E+00 0.140800E+00 0.136400E+00 0.128240E+00 0.126000E+00 0.124320E+00 0.119520E+00 0.117680E+00 0.111760E+00 0.112160E+00 0.110720E+00 0.102960E+00 0.102320E+00 0.102640E+00 0.100480E+00 0.102160E+00 0.932000E-01 0.914400E-01 0.932800E-01 0.886400E-01 0.890400E-01 0.796800E-01 0.877600E-01 0.790400E-01 0.816000E-01 0.782400E-01 0.745600E-01 0.696800E-01 0.685600E-01 0.711200E-01 0.712000E-01 0.664800E-01 0.653600E-01 0.616000E-01 0.610400E-01 0.578400E-01 0.583200E-01 0.552800E-01 0.544000E-01 0.502400E-01 0.520800E-01 0.479200E-01 0.504000E-01 0.452000E-01 0.456000E-01 0.452000E-01 0.432000E-01 0.422400E-01 0.426400E-01 0.406400E-01 0.397600E-01 0.350400E-01 0.384800E-01 0.358400E-01 0.344800E-01 0.332000E-01 0.332000E-01 0.324000E-01 0.315200E-01 0.285600E-01 0.284000E-01 0.264800E-01 0.258400E-01 0.267200E-01 0.233600E-01 0.222400E-01 0.243200E-01 0.224000E-01 0.225600E-01 0.216800E-01 0.213600E-01 0.199200E-01 0.189600E-01 0.185600E-01 0.177600E-01 0.175200E-01 0.149600E-01 0.164800E-01 0.156800E-01 0.140000E-01 0.164000E-01 0.136000E-01 0.130400E-01 0.136800E-01 0.132000E-01 0.118400E-01 0.119200E-01 0.928000E-02 0.116800E-01 0.116800E-01 0.968000E-02 0.832000E-02 0.848000E-02 0.600000E-02 0.720000E-02 0.696000E-02 0.888000E-02 0.648000E-02 0.664000E-02 0.736000E-02 0.640000E-02 0.536000E-02 0.584000E-02 0.576000E-02 0.608000E-02 0.496000E-02 0.432000E-02 0.464000E-02 0.352000E-02 0.400000E-02 0.368000E-02 0.448000E-02 0.408000E-02 0.256000E-02 0.240000E-02 0.328000E-02 0.344000E-02 0.200000E-02 0.256000E-02 0.168000E-02 0.224000E-02 0.224000E-02 0.152000E-02 0.184000E-02 0.112000E-02 0.120000E-02 0.136000E-02 0.960000E-03 0.104000E-02 0.400000E-03 0.128000E-02 0.400000E-03 0.960000E-03 0.880000E-03 0.560000E-03 0.240000E-03 0.320000E-03 0.560000E-03 0.720000E-03 0.240000E-03 0.480000E-03 0.400000E-03 0.400000E-03 0.800000E-04 0.800000E-04 0.800000E-04 0.160000E-03 0.800000E-04 0.800000E-04 0.000000E+00 0.800000E-04 0.800000E-04 0.160000E-03 0.000000E+00 0.000000E+00 0.000000E+00 0.000000E+00 0.000000E+00 0.000000E+00 0.000000E+00 0.000000E+00 0.000000E+00 0.000000E+00 0.000000E+00 0.000000E+00 0.000000E+00
 0.210280E+01 0.167728E+01 0.120800E+01 0.993280E+00 0.844880E+00 0.721680E+00 0.650480E+00 0.603840E+00 0.548240E+00 0.506400E+00 0.470080E+00 0.441680E+00 0.411360E+00 0.396080E+00 0.369760E+00 0.347040E+00 0.336800E+00 0.324480E+00 0.310080E+00 0.293360E+00 0.276480E+00 0.260160E+00 0.251040E+00 0.243600E+00 0.237840E+00 0.232400E+00 0.224960E+00 0.209840E+00 0.200720E+00 0.196960E+00 0.190640E+00 0.177920E+00 0.171760E+00 0.173520E+00 0.166720E+00 0.168480E+00 0.152880E+00 0.152960E+00 0.143040E+00 0.142720E+00 0.141120E+00 0.134800E+00 0.129520E+00 0.116160E+00 0.127360E+00 0.122240E+00 0.115120E+00 0.106560E+00 0.107360E+00 0.104640E+00 0.978400E-01 0.100880E+00 0.950400E-01 0.964000E-01 0.873600E-01 0.832800E-01 0.878400E-01 0.811200E-01 0.817600E-01 0.734400E-01 0.774400E-01 0.766400E-01 0.748800E-01 0.704800E-01 0.644800E-01 0.663200E-01 0.667200E-01 0.636800E-01 0.590400E-01 0.579200E-01 0.535200E-01 0.524800E-01 0.505600E-01 0.518400E-01 0.473600E-01 0.464000E-01 0.440800E-01 0.473600E-01 0.433600E-01 0.423200E-01 0.400000E-01 0.412800E-01 0.394400E-01 0.343200E-01 0.355200E-01 0.351200E-01 0.324000E-01 0.297600E-01 0.336000E-01 0.321600E-01 0.325600E-01 0.278400E-01 0.258400E-01 0.246400E-01 0.265600E-01 0.264000E-01 0.258400E-01 0.215200E-01 0.242400E-01 0.199200E-01 0.204000E-01 0.204000E-01 0.208000E-01 0.180000E-01 0.172000E-01 0.180000E-01 0.152800E-01 0.157600E-01 0.163200E-01 0.165600E-01 0.143200E-01 0.144000E-01 0.143200E-01 0.113600E-01 0.124000E-01 0.114400E-01 0.114400E-01 0.108800E-01 0.107200E-01 0.108000E-01 0.976000E-02 0.808000E-02 0.728000E-02 0.864000E-02 0.832000E-02 0.720000E-02 0.680000E-02 0.736000E-02 0.744000E-02 0.552000E-02 0.640000E-02 0.672000E-02 0.608000E-02 0.584000E-02 0.640000E-02 0.384000E-02 0.528000E-02 0.472000E-02 0.480000E-02 0.216000E-02 0.424000E-02 0.312000E-02 0.312000E-02 0.320000E-02 0.320000E-02 0.296000E-02 0.200000E-02 0.264000E-02 0.216000E-02 0.320000E-02 0.248000E-02 0.144000E-02 0.232000E-02 0.880000E-03 0.152000E-02 0.120000E-02 0.800000E-03 0.128000E-02 0.128000E-02 0.104000E-02 0.640000E-03 0.880000E-03 0.104000E-02 0.880000E-03 0.720000E-03 0.160000E-03 0.320000E-03 0.104000E-02 0.160000E-03 0.480000E-03 0.480000E-03 0.160000E-03 0.240000E-03 0.640000E-03 0.800000E-04 0.160000E-03 0.160000E-03 0.320000E-03 0.320000E-03 0.160000E-03 0.800000E-04 0.000000E+00 0.000000E+00 0.000000E+00 0.000000E+00 0.800000E-04 0.800000E-04 0.000000E+00 0.800000E-04 0.000000E+00 0.000000E+00 0.000000E+00 0.000000E+00 0.000000E+00 0.000000E+00 0.000000E+00 0.000000E+00 0.000000E+00 0.000000E+00 0.000000E+00
 0.194827E+02 0.105373E+02 0.505304E+01 0.400272E+01 0.341120E+01 0.294384E+01 0.259216E+01 0.238160E+01 0.213000E+01 0.199296E+01 0.182408E+01 0.171040E+01 0.159960E+01 0.150152E+01 0.141576E+01 0.134952E+01 0.127240E+01 0.120680E+01 0.115776E+01 0.112640E+01 0.107976E+01 0.103504E+01 0.975280E+00 0.946640E+00 0.896800E+00 0.872000E+00 0.844320E+00 0.807040E+00 0.783840E+00 0.770080E+00 0.727440E+00 0.708000E+00 0.691520E+00 0.667840E+00 0.646240E+00 0.627440E+00 0.605360E+00 0.591840E+00 0.584240E+00 0.555840E+00 0.533840E+00 0.522720E+00 0.511520E+00 0.497040E+00 0.483360E+00 0.481680E+00 0.465840E+00 0.440080E+00 0.437200E+00 0.420880E+00 0.424160E+00 0.408320E+00 0.406800E+00 0.376640E+00 0.377840E+00 0.363520E+00 0.356400E+00 0.346960E+00 0.342000E+00 0.331600E+00 0.327760E+00 0.312080E+00 0.308320E+00 0.302640E+00 0.296240E+00 0.285920E+00 0.281920E+00 0.273440E+00 0.264400E+00 0.260400E+00 0.250800E+00 0.249520E+00 0.240000E+00 0.237760E+00 0.227600E+00 0.229360E+00 0.213840E+00 0.219920E+00 0.210480E+00 0.211360E+00 0.194320E+00 0.196480E+00 0.186800E+00 0.187200E+00 0.183920E+00 0.171840E+00 0.181680E+00 0.167200E+00 0.164480E+00 0.162240E+00 0.157680E+00 0.150000E+00 0.150720E+00 0.151280E+00 0.143280E+00 0.142800E+00 0.136160E+00 0.127920E+00 0.134160E+00 0.126400E+00 0.120320E+00 0.116800E+00 0.119280E+00 0.110560E+00 0.109120E+00 0.109520E+00 0.104960E+00 0.100640E+00 0.980000E-01 0.954400E-01 0.952000E-01 0.927200E-01 0.925600E-01 0.801600E-01 0.800800E-01 0.840800E-01 0.788000E-01 0.808800E-01 0.736800E-01 0.800000E-01 0.739200E-01 0.676000E-01 0.696000E-01 0.647200E-01 0.635200E-01 0.602400E-01 0.601600E-01 0.550400E-01 0.560000E-01 0.577600E-01 0.532000E-01 0.489600E-01 0.496800E-01 0.441600E-01 0.451200E-01 0.458400E-01 0.437600E-01 0.452000E-01 0.371200E-01 0.376000E-01 0.375200E-01 0.367200E-01 0.362400E-01 0.346400E-01 0.312000E-01 0.320800E-01 0.293600E-01 0.280000E-01 0.287200E-01 0.240800E-01 0.244800E-01 0.264800E-01 0.216000E-01 0.219200E-01 0.207200E-01 0.190400E-01 0.176000E-01 0.191200E-01 0.169600E-01 0.168000E-01 0.160800E-01 0.132800E-01 0.138400E-01 0.145600E-01 0.119200E-01 0.120000E-01 0.105600E-01 0.102400E-01 0.824000E-02 0.936000E-02 0.920000E-02 0.704000E-02 0.672000E-02 0.784000E-02 0.648000E-02 0.752000E-02 0.664000E-02 0.632000E-02 0.616000E-02 0.432000E-02 0.432000E-02 0.392000E-02 0.360000E-02 0.368000E-02 0.336000E-02 0.312000E-02 0.352000E-02 0.216000E-02 0.160000E-02 0.160000E-02 0.200000E-02 0.104000E-02 0.128000E-02 0.800000E-03 0.800000E-03 0.160000E-03 0.320000E-03 0.160000E-03 0.000000E+00 0.000000E+00
 0.598160E+01 0.460768E+01 0.272384E+01 0.230280E+01 0.205880E+01 0.186104E+01 0.169864E+01 0.154744E+01 0.148624E+01 0.140112E+01 0.132120E+01 0.127688E+01 0.120792E+01 0.116008E+01 0.110648E+01 0.106456E+01 0.102776E+01 0.996480E+00 0.961760E+00 0.924080E+00 0.905600E+00 0.879920E+00 0.850960E+00 0.845760E+00 0.795280E+00 0.792080E+00 0.764240E+00 0.762640E+00 0.731920E+00 0.729120E+00 0.705040E+00 0.680880E+00 0.670320E+00 0.643600E+00 0.636800E+00 0.629760E+00 0.612960E+00 0.608720E+00 0.580080E+00 0.585840E+00 0.560720E+00 0.556960E+00 0.541440E+00 0.536960E+00 0.518000E+00 0.504080E+00 0.497040E+00 0.487120E+00 0.482240E+00 0.470960E+00 0.477440E+00 0.452640E+00 0.447840E+00 0.438000E+00 0.434720E+00 0.430640E+00 0.418080E+00 0.409440E+00 0.402160E+00 0.394720E+00 0.384960E+00 0.384880E+00 0.368400E+00 0.370000E+00 0.355520E+00 0.352240E+00 0.340800E+00 0.339440E+00 0.326960E+00 0.326800E+00 0.311920E+00 0.299600E+00 0.306000E+00 0.303760E+00 0.298960E+00 0.289680E+00 0.292080E+00 0.277680E+00 0.272960E+00 0.265360E+00 0.258160E+00 0.257200E+00 0.254480E+00 0.252080E+00 0.242560E+00 0.241120E+00 0.239040E+00 0.239520E+00 0.237840E+00 0.222960E+00 0.221280E+00 0.215600E+00 0.215840E+00 0.204400E+00 0.200320E+00 0.201200E+00 0.195040E+00 0.194000E+00 0.189440E+00 0.187600E+00 0.182080E+00 0.186000E+00 0.175600E+00 0.162400E+00 0.165520E+00 0.160160E+00 0.156640E+00 0.155200E+00 0.153280E+00 0.149360E+00 0.149760E+00 0.140480E+00 0.141120E+00 0.133760E+00 0.132560E+00 0.135120E+00 0.123760E+00 0.121920E+00 0.117920E+00 0.111920E+00 0.119920E+00 0.114000E+00 0.105680E+00 0.108880E+00 0.104240E+00 0.100960E+00 0.989600E-01 0.938400E-01 0.896000E-01 0.884000E-01 0.867200E-01 0.846400E-01 0.843200E-01 0.788000E-01 0.840000E-01 0.754400E-01 0.776000E-01 0.711200E-01 0.707200E-01 0.697600E-01 0.660000E-01 0.658400E-01 0.615200E-01 0.592800E-01 0.571200E-01 0.520800E-01 0.508800E-01 0.536000E-01 0.516000E-01 0.457600E-01 0.431200E-01 0.422400E-01 0.400000E-01 0.397600E-01 0.353600E-01 0.337600E-01 0.336800E-01 0.317600E-01 0.308800E-01 0.312800E-01 0.272800E-01 0.251200E-01 0.228800E-01 0.252800E-01 0.223200E-01 0.185600E-01 0.218400E-01 0.183200E-01 0.154400E-01 0.172800E-01 0.156800E-01 0.150400E-01 0.152000E-01 0.129600E-01 0.119200E-01 0.128000E-01 0.984000E-02 0.112800E-01 0.104000E-01 0.101600E-01 0.792000E-02 0.728000E-02 0.680000E-02 0.648000E-02 0.592000E-02 0.680000E-02 0.384000E-02 0.552000E-02 0.400000E-02 0.408000E-02 0.344000E-02 0.336000E-02 0.200000E-02 0.184000E-02 0.168000E-02 0.144000E-02 0.720000E-03 0.400000E-03 0.000000E+00 0.000000E+00
