### Run with WimpAnn version = wimpann-2.08                            
###   Using Pythia version   = Pythia 6.400    
###   Using nusigma version  = nusigma-1.15-pyr                        
###   Using DarkSUSY version = ds-4.1.6                                
###   WimpAnn run started at date 2007-09-07; time 02:14:22
### Neutrino oscillation parameters
#      theta_12 =  0.00000000E+00
#      theta_13 =  0.00000000E+00
#      theta_23 =  0.00000000E+00
#         delta =  0.00000000E+00
#  delta_m^2_21 =  0.81000000E-04
#  delta_m^2_31 =  0.22000000E-02
### WimpAnn run parameters
#  Annihilation channel =         1
#  Generated particles =  c                cbar            
#  WIMP mass =  0.15000000E+03
#  Number of annihilations =   2500000
#  Source = Sun
#...dPhi/dz in  200 bins from 0 to 1
#...Line  1- 6: flux at centre of Sun for neutrino 1-6
#...Line  7-12: flux at surface of Sun for neutrino 1-6
#...Line 13-18: flux at 1 AU from the Sun for neutrino 1-6
#...Line 19-24: flux at surface of Sun for secondary neutrino 1-6
#...Line 25-30: flux at 1 AU from the Sun for secondary neutrino 1-6
 0.147360E+01 0.136608E+01 0.121920E+01 0.109816E+01 0.101016E+01 0.916240E+00 0.839440E+00 0.751760E+00 0.707600E+00 0.654080E+00 0.599920E+00 0.564800E+00 0.526640E+00 0.479280E+00 0.457840E+00 0.428000E+00 0.399200E+00 0.369520E+00 0.339120E+00 0.318240E+00 0.296480E+00 0.281760E+00 0.258880E+00 0.254080E+00 0.229680E+00 0.219760E+00 0.208960E+00 0.196000E+00 0.189760E+00 0.167440E+00 0.159360E+00 0.146640E+00 0.140080E+00 0.132960E+00 0.127920E+00 0.124160E+00 0.116560E+00 0.110240E+00 0.968000E-01 0.998400E-01 0.876800E-01 0.867200E-01 0.841600E-01 0.751200E-01 0.742400E-01 0.670400E-01 0.661600E-01 0.576800E-01 0.583200E-01 0.534400E-01 0.519200E-01 0.513600E-01 0.443200E-01 0.420800E-01 0.372000E-01 0.421600E-01 0.404000E-01 0.340800E-01 0.318400E-01 0.317600E-01 0.288000E-01 0.267200E-01 0.252000E-01 0.236000E-01 0.212800E-01 0.184000E-01 0.198400E-01 0.195200E-01 0.196000E-01 0.180800E-01 0.181600E-01 0.144000E-01 0.132800E-01 0.111200E-01 0.128000E-01 0.117600E-01 0.112000E-01 0.112000E-01 0.119200E-01 0.984000E-02 0.784000E-02 0.728000E-02 0.768000E-02 0.808000E-02 0.648000E-02 0.696000E-02 0.528000E-02 0.520000E-02 0.608000E-02 0.504000E-02 0.456000E-02 0.472000E-02 0.400000E-02 0.432000E-02 0.296000E-02 0.352000E-02 0.360000E-02 0.312000E-02 0.216000E-02 0.280000E-02 0.200000E-02 0.288000E-02 0.168000E-02 0.240000E-02 0.216000E-02 0.112000E-02 0.152000E-02 0.152000E-02 0.120000E-02 0.128000E-02 0.960000E-03 0.960000E-03 0.880000E-03 0.720000E-03 0.800000E-03 0.120000E-02 0.480000E-03 0.640000E-03 0.480000E-03 0.320000E-03 0.320000E-03 0.480000E-03 0.800000E-04 0.240000E-03 0.240000E-03 0.240000E-03 0.160000E-03 0.320000E-03 0.240000E-03 0.160000E-03 0.800000E-04 0.160000E-03 0.160000E-03 0.240000E-03 0.000000E+00 0.000000E+00 0.160000E-03 0.160000E-03 0.000000E+00 0.000000E+00 0.800000E-04 0.000000E+00 0.160000E-03 0.000000E+00 0.000000E+00 0.000000E+00 0.000000E+00 0.800000E-04 0.800000E-04 0.800000E-04 0.800000E-04 0.000000E+00 0.000000E+00 0.000000E+00 0.000000E+00 0.800000E-04 0.000000E+00 0.000000E+00 0.000000E+00 0.000000E+00 0.000000E+00 0.000000E+00 0.000000E+00 0.000000E+00 0.000000E+00 0.000000E+00 0.000000E+00 0.000000E+00 0.000000E+00 0.000000E+00 0.000000E+00 0.000000E+00 0.000000E+00 0.000000E+00 0.000000E+00 0.000000E+00 0.000000E+00 0.000000E+00 0.000000E+00 0.000000E+00 0.000000E+00 0.000000E+00 0.000000E+00 0.000000E+00 0.000000E+00 0.000000E+00 0.000000E+00 0.000000E+00 0.000000E+00 0.000000E+00 0.000000E+00 0.000000E+00 0.000000E+00 0.000000E+00 0.000000E+00 0.000000E+00 0.000000E+00 0.000000E+00 0.000000E+00 0.000000E+00
 0.143072E+01 0.135728E+01 0.120880E+01 0.110544E+01 0.996080E+00 0.915920E+00 0.842000E+00 0.752480E+00 0.706000E+00 0.653040E+00 0.601120E+00 0.563520E+00 0.518720E+00 0.481360E+00 0.453280E+00 0.424800E+00 0.392800E+00 0.364080E+00 0.343520E+00 0.310240E+00 0.298720E+00 0.287680E+00 0.263760E+00 0.254640E+00 0.237360E+00 0.218400E+00 0.206000E+00 0.191280E+00 0.180320E+00 0.174000E+00 0.167360E+00 0.158000E+00 0.150320E+00 0.138480E+00 0.132080E+00 0.128480E+00 0.108080E+00 0.105520E+00 0.102240E+00 0.101040E+00 0.905600E-01 0.888800E-01 0.775200E-01 0.748000E-01 0.725600E-01 0.700000E-01 0.640000E-01 0.639200E-01 0.570400E-01 0.536000E-01 0.484800E-01 0.500800E-01 0.458400E-01 0.452800E-01 0.408000E-01 0.386400E-01 0.401600E-01 0.356800E-01 0.328000E-01 0.327200E-01 0.264800E-01 0.252000E-01 0.281600E-01 0.264000E-01 0.221600E-01 0.212000E-01 0.216800E-01 0.212800E-01 0.184800E-01 0.180800E-01 0.156000E-01 0.144800E-01 0.141600E-01 0.142400E-01 0.142400E-01 0.115200E-01 0.112800E-01 0.100800E-01 0.888000E-02 0.992000E-02 0.840000E-02 0.784000E-02 0.904000E-02 0.664000E-02 0.728000E-02 0.744000E-02 0.576000E-02 0.544000E-02 0.712000E-02 0.488000E-02 0.432000E-02 0.464000E-02 0.376000E-02 0.440000E-02 0.304000E-02 0.264000E-02 0.360000E-02 0.232000E-02 0.344000E-02 0.224000E-02 0.216000E-02 0.184000E-02 0.208000E-02 0.144000E-02 0.200000E-02 0.160000E-02 0.184000E-02 0.144000E-02 0.112000E-02 0.880000E-03 0.120000E-02 0.144000E-02 0.800000E-03 0.640000E-03 0.400000E-03 0.720000E-03 0.720000E-03 0.640000E-03 0.720000E-03 0.400000E-03 0.320000E-03 0.240000E-03 0.480000E-03 0.400000E-03 0.800000E-04 0.800000E-04 0.160000E-03 0.160000E-03 0.400000E-03 0.240000E-03 0.160000E-03 0.240000E-03 0.800000E-04 0.240000E-03 0.800000E-04 0.160000E-03 0.160000E-03 0.160000E-03 0.000000E+00 0.000000E+00 0.800000E-04 0.240000E-03 0.800000E-04 0.000000E+00 0.000000E+00 0.000000E+00 0.000000E+00 0.000000E+00 0.000000E+00 0.000000E+00 0.800000E-04 0.000000E+00 0.000000E+00 0.000000E+00 0.000000E+00 0.000000E+00 0.000000E+00 0.000000E+00 0.000000E+00 0.000000E+00 0.000000E+00 0.000000E+00 0.000000E+00 0.000000E+00 0.000000E+00 0.000000E+00 0.000000E+00 0.000000E+00 0.000000E+00 0.000000E+00 0.000000E+00 0.000000E+00 0.000000E+00 0.000000E+00 0.000000E+00 0.000000E+00 0.000000E+00 0.000000E+00 0.000000E+00 0.000000E+00 0.000000E+00 0.000000E+00 0.000000E+00 0.000000E+00 0.000000E+00 0.000000E+00 0.000000E+00 0.000000E+00 0.000000E+00 0.000000E+00 0.000000E+00 0.000000E+00 0.000000E+00 0.000000E+00 0.000000E+00 0.000000E+00 0.000000E+00 0.000000E+00 0.000000E+00 0.000000E+00
 0.147928E+01 0.139008E+01 0.123560E+01 0.110248E+01 0.101088E+01 0.942560E+00 0.824960E+00 0.768880E+00 0.697920E+00 0.650720E+00 0.616960E+00 0.563680E+00 0.531120E+00 0.494720E+00 0.446160E+00 0.424400E+00 0.388560E+00 0.364160E+00 0.341360E+00 0.323280E+00 0.293360E+00 0.276880E+00 0.258880E+00 0.254640E+00 0.231200E+00 0.217920E+00 0.209760E+00 0.195840E+00 0.179600E+00 0.175360E+00 0.158800E+00 0.153760E+00 0.139440E+00 0.131680E+00 0.127520E+00 0.122640E+00 0.112080E+00 0.109200E+00 0.995200E-01 0.926400E-01 0.875200E-01 0.840800E-01 0.770400E-01 0.747200E-01 0.755200E-01 0.641600E-01 0.631200E-01 0.607200E-01 0.571200E-01 0.530400E-01 0.528800E-01 0.502400E-01 0.398400E-01 0.385600E-01 0.382400E-01 0.352800E-01 0.348800E-01 0.332000E-01 0.315200E-01 0.291200E-01 0.284800E-01 0.290400E-01 0.252000E-01 0.244800E-01 0.223200E-01 0.201600E-01 0.174400E-01 0.181600E-01 0.171200E-01 0.160000E-01 0.140000E-01 0.144000E-01 0.128000E-01 0.128000E-01 0.128800E-01 0.108000E-01 0.110400E-01 0.100000E-01 0.944000E-02 0.816000E-02 0.800000E-02 0.848000E-02 0.704000E-02 0.704000E-02 0.624000E-02 0.592000E-02 0.560000E-02 0.552000E-02 0.480000E-02 0.400000E-02 0.416000E-02 0.224000E-02 0.288000E-02 0.352000E-02 0.264000E-02 0.312000E-02 0.272000E-02 0.256000E-02 0.168000E-02 0.216000E-02 0.232000E-02 0.192000E-02 0.184000E-02 0.192000E-02 0.128000E-02 0.136000E-02 0.120000E-02 0.152000E-02 0.880000E-03 0.560000E-03 0.960000E-03 0.800000E-03 0.480000E-03 0.960000E-03 0.720000E-03 0.960000E-03 0.480000E-03 0.640000E-03 0.560000E-03 0.480000E-03 0.320000E-03 0.000000E+00 0.400000E-03 0.240000E-03 0.160000E-03 0.560000E-03 0.400000E-03 0.800000E-04 0.800000E-04 0.160000E-03 0.160000E-03 0.800000E-04 0.160000E-03 0.240000E-03 0.800000E-04 0.800000E-04 0.000000E+00 0.000000E+00 0.800000E-04 0.800000E-04 0.000000E+00 0.000000E+00 0.800000E-04 0.160000E-03 0.000000E+00 0.000000E+00 0.000000E+00 0.800000E-04 0.000000E+00 0.000000E+00 0.000000E+00 0.000000E+00 0.000000E+00 0.000000E+00 0.000000E+00 0.000000E+00 0.000000E+00 0.000000E+00 0.000000E+00 0.000000E+00 0.000000E+00 0.000000E+00 0.000000E+00 0.000000E+00 0.000000E+00 0.000000E+00 0.000000E+00 0.000000E+00 0.000000E+00 0.000000E+00 0.000000E+00 0.000000E+00 0.000000E+00 0.000000E+00 0.000000E+00 0.000000E+00 0.000000E+00 0.000000E+00 0.000000E+00 0.000000E+00 0.000000E+00 0.000000E+00 0.000000E+00 0.000000E+00 0.000000E+00 0.000000E+00 0.000000E+00 0.000000E+00 0.000000E+00 0.000000E+00 0.000000E+00 0.000000E+00 0.000000E+00 0.000000E+00 0.000000E+00 0.000000E+00 0.000000E+00 0.000000E+00 0.000000E+00 0.000000E+00
 0.149632E+01 0.137776E+01 0.125232E+01 0.110736E+01 0.103040E+01 0.923920E+00 0.838000E+00 0.769600E+00 0.701280E+00 0.663440E+00 0.606400E+00 0.561680E+00 0.531760E+00 0.483040E+00 0.442640E+00 0.436640E+00 0.387840E+00 0.354000E+00 0.339760E+00 0.321440E+00 0.300960E+00 0.279920E+00 0.260960E+00 0.244160E+00 0.234640E+00 0.212800E+00 0.205120E+00 0.196080E+00 0.181200E+00 0.171680E+00 0.165840E+00 0.150000E+00 0.143200E+00 0.130880E+00 0.120800E+00 0.117360E+00 0.117040E+00 0.104560E+00 0.997600E-01 0.936800E-01 0.896800E-01 0.813600E-01 0.759200E-01 0.768000E-01 0.713600E-01 0.642400E-01 0.620800E-01 0.591200E-01 0.540800E-01 0.512800E-01 0.528000E-01 0.468800E-01 0.421600E-01 0.437600E-01 0.406400E-01 0.359200E-01 0.348800E-01 0.338400E-01 0.296000E-01 0.286400E-01 0.288800E-01 0.256000E-01 0.236800E-01 0.244800E-01 0.218400E-01 0.225600E-01 0.212800E-01 0.210400E-01 0.160000E-01 0.176000E-01 0.145600E-01 0.148800E-01 0.127200E-01 0.132800E-01 0.120000E-01 0.100000E-01 0.105600E-01 0.944000E-02 0.104800E-01 0.888000E-02 0.776000E-02 0.832000E-02 0.680000E-02 0.704000E-02 0.632000E-02 0.616000E-02 0.448000E-02 0.520000E-02 0.424000E-02 0.424000E-02 0.408000E-02 0.392000E-02 0.448000E-02 0.328000E-02 0.352000E-02 0.296000E-02 0.296000E-02 0.288000E-02 0.176000E-02 0.272000E-02 0.184000E-02 0.256000E-02 0.192000E-02 0.168000E-02 0.152000E-02 0.136000E-02 0.112000E-02 0.128000E-02 0.104000E-02 0.104000E-02 0.480000E-03 0.112000E-02 0.960000E-03 0.560000E-03 0.800000E-03 0.640000E-03 0.960000E-03 0.400000E-03 0.560000E-03 0.320000E-03 0.400000E-03 0.240000E-03 0.400000E-03 0.160000E-03 0.560000E-03 0.800000E-04 0.160000E-03 0.160000E-03 0.800000E-04 0.000000E+00 0.240000E-03 0.800000E-04 0.000000E+00 0.800000E-04 0.240000E-03 0.000000E+00 0.160000E-03 0.160000E-03 0.000000E+00 0.000000E+00 0.000000E+00 0.000000E+00 0.000000E+00 0.000000E+00 0.000000E+00 0.000000E+00 0.800000E-04 0.000000E+00 0.000000E+00 0.000000E+00 0.000000E+00 0.000000E+00 0.000000E+00 0.000000E+00 0.000000E+00 0.000000E+00 0.000000E+00 0.000000E+00 0.000000E+00 0.000000E+00 0.000000E+00 0.000000E+00 0.000000E+00 0.000000E+00 0.000000E+00 0.000000E+00 0.000000E+00 0.000000E+00 0.000000E+00 0.000000E+00 0.000000E+00 0.000000E+00 0.000000E+00 0.000000E+00 0.000000E+00 0.000000E+00 0.000000E+00 0.000000E+00 0.000000E+00 0.000000E+00 0.000000E+00 0.000000E+00 0.000000E+00 0.000000E+00 0.000000E+00 0.000000E+00 0.000000E+00 0.000000E+00 0.000000E+00 0.000000E+00 0.000000E+00 0.000000E+00 0.000000E+00 0.000000E+00 0.000000E+00 0.000000E+00 0.000000E+00 0.000000E+00 0.000000E+00 0.000000E+00
 0.700800E-01 0.588800E-01 0.521600E-01 0.476800E-01 0.374400E-01 0.356800E-01 0.288000E-01 0.265600E-01 0.225600E-01 0.210400E-01 0.184000E-01 0.164000E-01 0.139200E-01 0.144000E-01 0.106400E-01 0.103200E-01 0.952000E-02 0.752000E-02 0.688000E-02 0.672000E-02 0.672000E-02 0.512000E-02 0.480000E-02 0.440000E-02 0.408000E-02 0.416000E-02 0.400000E-02 0.344000E-02 0.368000E-02 0.272000E-02 0.200000E-02 0.256000E-02 0.240000E-02 0.176000E-02 0.216000E-02 0.208000E-02 0.192000E-02 0.160000E-02 0.136000E-02 0.184000E-02 0.208000E-02 0.136000E-02 0.192000E-02 0.200000E-02 0.160000E-02 0.136000E-02 0.112000E-02 0.960000E-03 0.112000E-02 0.720000E-03 0.800000E-03 0.128000E-02 0.120000E-02 0.120000E-02 0.960000E-03 0.112000E-02 0.640000E-03 0.880000E-03 0.104000E-02 0.480000E-03 0.480000E-03 0.400000E-03 0.320000E-03 0.880000E-03 0.560000E-03 0.720000E-03 0.720000E-03 0.640000E-03 0.640000E-03 0.480000E-03 0.320000E-03 0.560000E-03 0.240000E-03 0.320000E-03 0.240000E-03 0.400000E-03 0.800000E-04 0.400000E-03 0.560000E-03 0.000000E+00 0.560000E-03 0.160000E-03 0.400000E-03 0.320000E-03 0.160000E-03 0.800000E-04 0.800000E-04 0.160000E-03 0.240000E-03 0.160000E-03 0.240000E-03 0.800000E-04 0.800000E-04 0.320000E-03 0.160000E-03 0.800000E-04 0.000000E+00 0.320000E-03 0.160000E-03 0.000000E+00 0.800000E-04 0.240000E-03 0.000000E+00 0.800000E-04 0.800000E-04 0.800000E-04 0.160000E-03 0.160000E-03 0.800000E-04 0.800000E-04 0.000000E+00 0.800000E-04 0.000000E+00 0.000000E+00 0.000000E+00 0.000000E+00 0.800000E-04 0.800000E-04 0.160000E-03 0.000000E+00 0.000000E+00 0.000000E+00 0.000000E+00 0.000000E+00 0.000000E+00 0.000000E+00 0.000000E+00 0.000000E+00 0.000000E+00 0.000000E+00 0.000000E+00 0.000000E+00 0.000000E+00 0.000000E+00 0.000000E+00 0.000000E+00 0.000000E+00 0.000000E+00 0.800000E-04 0.000000E+00 0.000000E+00 0.000000E+00 0.000000E+00 0.000000E+00 0.000000E+00 0.000000E+00 0.000000E+00 0.000000E+00 0.000000E+00 0.000000E+00 0.000000E+00 0.000000E+00 0.000000E+00 0.000000E+00 0.000000E+00 0.000000E+00 0.000000E+00 0.000000E+00 0.000000E+00 0.000000E+00 0.000000E+00 0.000000E+00 0.000000E+00 0.000000E+00 0.000000E+00 0.000000E+00 0.000000E+00 0.000000E+00 0.000000E+00 0.000000E+00 0.000000E+00 0.000000E+00 0.000000E+00 0.000000E+00 0.000000E+00 0.000000E+00 0.000000E+00 0.000000E+00 0.000000E+00 0.000000E+00 0.000000E+00 0.000000E+00 0.000000E+00 0.000000E+00 0.000000E+00 0.000000E+00 0.000000E+00 0.000000E+00 0.000000E+00 0.000000E+00 0.000000E+00 0.000000E+00 0.000000E+00 0.000000E+00 0.000000E+00 0.000000E+00 0.000000E+00 0.000000E+00 0.000000E+00 0.000000E+00
 0.682400E-01 0.604000E-01 0.531200E-01 0.446400E-01 0.370400E-01 0.349600E-01 0.300000E-01 0.259200E-01 0.244800E-01 0.216000E-01 0.184800E-01 0.152800E-01 0.128000E-01 0.133600E-01 0.960000E-02 0.103200E-01 0.880000E-02 0.912000E-02 0.784000E-02 0.696000E-02 0.664000E-02 0.592000E-02 0.624000E-02 0.456000E-02 0.360000E-02 0.448000E-02 0.432000E-02 0.312000E-02 0.328000E-02 0.272000E-02 0.344000E-02 0.256000E-02 0.216000E-02 0.240000E-02 0.280000E-02 0.208000E-02 0.128000E-02 0.232000E-02 0.136000E-02 0.168000E-02 0.880000E-03 0.192000E-02 0.192000E-02 0.160000E-02 0.200000E-02 0.112000E-02 0.112000E-02 0.104000E-02 0.128000E-02 0.128000E-02 0.112000E-02 0.960000E-03 0.136000E-02 0.168000E-02 0.960000E-03 0.880000E-03 0.560000E-03 0.400000E-03 0.640000E-03 0.640000E-03 0.480000E-03 0.560000E-03 0.560000E-03 0.400000E-03 0.320000E-03 0.560000E-03 0.240000E-03 0.640000E-03 0.400000E-03 0.800000E-04 0.320000E-03 0.240000E-03 0.480000E-03 0.720000E-03 0.480000E-03 0.320000E-03 0.240000E-03 0.400000E-03 0.240000E-03 0.240000E-03 0.240000E-03 0.240000E-03 0.160000E-03 0.320000E-03 0.320000E-03 0.320000E-03 0.320000E-03 0.160000E-03 0.320000E-03 0.800000E-04 0.160000E-03 0.160000E-03 0.000000E+00 0.240000E-03 0.240000E-03 0.160000E-03 0.000000E+00 0.800000E-04 0.000000E+00 0.160000E-03 0.000000E+00 0.000000E+00 0.000000E+00 0.320000E-03 0.800000E-04 0.800000E-04 0.800000E-04 0.800000E-04 0.240000E-03 0.800000E-04 0.800000E-04 0.800000E-04 0.800000E-04 0.000000E+00 0.000000E+00 0.000000E+00 0.240000E-03 0.000000E+00 0.000000E+00 0.800000E-04 0.000000E+00 0.000000E+00 0.000000E+00 0.000000E+00 0.000000E+00 0.000000E+00 0.000000E+00 0.000000E+00 0.000000E+00 0.000000E+00 0.000000E+00 0.000000E+00 0.000000E+00 0.000000E+00 0.000000E+00 0.000000E+00 0.000000E+00 0.000000E+00 0.000000E+00 0.000000E+00 0.000000E+00 0.000000E+00 0.000000E+00 0.000000E+00 0.000000E+00 0.000000E+00 0.000000E+00 0.000000E+00 0.000000E+00 0.000000E+00 0.000000E+00 0.000000E+00 0.000000E+00 0.000000E+00 0.800000E-04 0.000000E+00 0.000000E+00 0.000000E+00 0.000000E+00 0.000000E+00 0.000000E+00 0.000000E+00 0.000000E+00 0.000000E+00 0.000000E+00 0.000000E+00 0.000000E+00 0.000000E+00 0.000000E+00 0.000000E+00 0.000000E+00 0.000000E+00 0.000000E+00 0.000000E+00 0.000000E+00 0.000000E+00 0.000000E+00 0.000000E+00 0.000000E+00 0.000000E+00 0.000000E+00 0.000000E+00 0.000000E+00 0.000000E+00 0.000000E+00 0.000000E+00 0.000000E+00 0.000000E+00 0.000000E+00 0.000000E+00 0.000000E+00 0.000000E+00 0.000000E+00 0.000000E+00 0.000000E+00 0.000000E+00 0.000000E+00 0.000000E+00 0.000000E+00 0.000000E+00
 0.148896E+01 0.137744E+01 0.122568E+01 0.109592E+01 0.100472E+01 0.904880E+00 0.826160E+00 0.734400E+00 0.685680E+00 0.632400E+00 0.574640E+00 0.539760E+00 0.500560E+00 0.453920E+00 0.429440E+00 0.403120E+00 0.369760E+00 0.338720E+00 0.314960E+00 0.292720E+00 0.273200E+00 0.251920E+00 0.236240E+00 0.229040E+00 0.206320E+00 0.199840E+00 0.186240E+00 0.175280E+00 0.166800E+00 0.146640E+00 0.139920E+00 0.124400E+00 0.122320E+00 0.113760E+00 0.107920E+00 0.105680E+00 0.992000E-01 0.915200E-01 0.787200E-01 0.832000E-01 0.727200E-01 0.680800E-01 0.684800E-01 0.611200E-01 0.598400E-01 0.520000E-01 0.502400E-01 0.468000E-01 0.464800E-01 0.404000E-01 0.396800E-01 0.400800E-01 0.327200E-01 0.321600E-01 0.287200E-01 0.312000E-01 0.312000E-01 0.248800E-01 0.242400E-01 0.238400E-01 0.220000E-01 0.192000E-01 0.189600E-01 0.162400E-01 0.145600E-01 0.128800E-01 0.145600E-01 0.136000E-01 0.133600E-01 0.126400E-01 0.126400E-01 0.896000E-02 0.952000E-02 0.744000E-02 0.960000E-02 0.696000E-02 0.752000E-02 0.720000E-02 0.800000E-02 0.720000E-02 0.488000E-02 0.472000E-02 0.472000E-02 0.472000E-02 0.392000E-02 0.432000E-02 0.360000E-02 0.336000E-02 0.456000E-02 0.336000E-02 0.288000E-02 0.256000E-02 0.304000E-02 0.288000E-02 0.120000E-02 0.200000E-02 0.208000E-02 0.176000E-02 0.136000E-02 0.184000E-02 0.960000E-03 0.120000E-02 0.880000E-03 0.168000E-02 0.112000E-02 0.720000E-03 0.960000E-03 0.880000E-03 0.720000E-03 0.800000E-03 0.640000E-03 0.480000E-03 0.640000E-03 0.320000E-03 0.560000E-03 0.880000E-03 0.240000E-03 0.480000E-03 0.160000E-03 0.160000E-03 0.160000E-03 0.160000E-03 0.800000E-04 0.160000E-03 0.240000E-03 0.240000E-03 0.800000E-04 0.160000E-03 0.000000E+00 0.800000E-04 0.000000E+00 0.000000E+00 0.800000E-04 0.160000E-03 0.000000E+00 0.000000E+00 0.800000E-04 0.000000E+00 0.000000E+00 0.000000E+00 0.800000E-04 0.000000E+00 0.000000E+00 0.000000E+00 0.000000E+00 0.000000E+00 0.000000E+00 0.000000E+00 0.800000E-04 0.800000E-04 0.800000E-04 0.000000E+00 0.000000E+00 0.000000E+00 0.000000E+00 0.800000E-04 0.000000E+00 0.000000E+00 0.000000E+00 0.000000E+00 0.000000E+00 0.000000E+00 0.000000E+00 0.000000E+00 0.000000E+00 0.000000E+00 0.000000E+00 0.000000E+00 0.000000E+00 0.000000E+00 0.000000E+00 0.000000E+00 0.000000E+00 0.000000E+00 0.000000E+00 0.000000E+00 0.000000E+00 0.000000E+00 0.000000E+00 0.000000E+00 0.000000E+00 0.000000E+00 0.000000E+00 0.000000E+00 0.000000E+00 0.000000E+00 0.000000E+00 0.000000E+00 0.000000E+00 0.000000E+00 0.000000E+00 0.000000E+00 0.000000E+00 0.000000E+00 0.000000E+00 0.000000E+00 0.000000E+00 0.000000E+00 0.000000E+00 0.000000E+00
 0.143160E+01 0.135848E+01 0.120768E+01 0.110264E+01 0.988320E+00 0.905840E+00 0.828240E+00 0.743360E+00 0.690720E+00 0.640640E+00 0.586400E+00 0.550560E+00 0.505040E+00 0.465760E+00 0.442720E+00 0.410880E+00 0.378720E+00 0.348080E+00 0.328400E+00 0.295040E+00 0.282640E+00 0.271920E+00 0.248960E+00 0.238800E+00 0.220960E+00 0.204800E+00 0.191040E+00 0.176080E+00 0.166880E+00 0.160000E+00 0.153280E+00 0.145440E+00 0.139680E+00 0.125760E+00 0.120160E+00 0.115360E+00 0.976000E-01 0.962400E-01 0.897600E-01 0.905600E-01 0.794400E-01 0.793600E-01 0.690400E-01 0.661600E-01 0.638400E-01 0.618400E-01 0.562400E-01 0.542400E-01 0.496800E-01 0.470400E-01 0.417600E-01 0.432800E-01 0.396000E-01 0.394400E-01 0.348800E-01 0.324000E-01 0.336000E-01 0.302400E-01 0.280800E-01 0.268000E-01 0.223200E-01 0.215200E-01 0.227200E-01 0.216800E-01 0.172800E-01 0.177600E-01 0.170400E-01 0.173600E-01 0.156800E-01 0.139200E-01 0.119200E-01 0.115200E-01 0.120800E-01 0.112000E-01 0.108800E-01 0.912000E-02 0.936000E-02 0.824000E-02 0.728000E-02 0.792000E-02 0.616000E-02 0.600000E-02 0.728000E-02 0.560000E-02 0.560000E-02 0.584000E-02 0.464000E-02 0.448000E-02 0.560000E-02 0.400000E-02 0.360000E-02 0.336000E-02 0.264000E-02 0.328000E-02 0.224000E-02 0.232000E-02 0.248000E-02 0.184000E-02 0.256000E-02 0.184000E-02 0.168000E-02 0.104000E-02 0.144000E-02 0.104000E-02 0.136000E-02 0.720000E-03 0.112000E-02 0.720000E-03 0.800000E-03 0.640000E-03 0.880000E-03 0.128000E-02 0.560000E-03 0.320000E-03 0.320000E-03 0.560000E-03 0.400000E-03 0.400000E-03 0.400000E-03 0.400000E-03 0.800000E-04 0.800000E-04 0.240000E-03 0.320000E-03 0.000000E+00 0.000000E+00 0.800000E-04 0.800000E-04 0.240000E-03 0.000000E+00 0.160000E-03 0.800000E-04 0.800000E-04 0.160000E-03 0.800000E-04 0.800000E-04 0.800000E-04 0.800000E-04 0.000000E+00 0.000000E+00 0.800000E-04 0.800000E-04 0.800000E-04 0.000000E+00 0.000000E+00 0.000000E+00 0.000000E+00 0.000000E+00 0.000000E+00 0.000000E+00 0.800000E-04 0.000000E+00 0.000000E+00 0.000000E+00 0.000000E+00 0.000000E+00 0.000000E+00 0.000000E+00 0.000000E+00 0.000000E+00 0.000000E+00 0.000000E+00 0.000000E+00 0.000000E+00 0.000000E+00 0.000000E+00 0.000000E+00 0.000000E+00 0.000000E+00 0.000000E+00 0.000000E+00 0.000000E+00 0.000000E+00 0.000000E+00 0.000000E+00 0.000000E+00 0.000000E+00 0.000000E+00 0.000000E+00 0.000000E+00 0.000000E+00 0.000000E+00 0.000000E+00 0.000000E+00 0.000000E+00 0.000000E+00 0.000000E+00 0.000000E+00 0.000000E+00 0.000000E+00 0.000000E+00 0.000000E+00 0.000000E+00 0.000000E+00 0.000000E+00 0.000000E+00 0.000000E+00 0.000000E+00 0.000000E+00 0.000000E+00
 0.149552E+01 0.139984E+01 0.123888E+01 0.109944E+01 0.100376E+01 0.928400E+00 0.812000E+00 0.749040E+00 0.680880E+00 0.633680E+00 0.590080E+00 0.538880E+00 0.505120E+00 0.469200E+00 0.422160E+00 0.397840E+00 0.363280E+00 0.337120E+00 0.317040E+00 0.296000E+00 0.269760E+00 0.251680E+00 0.234160E+00 0.229840E+00 0.204240E+00 0.191840E+00 0.184000E+00 0.171600E+00 0.157280E+00 0.152080E+00 0.138000E+00 0.130160E+00 0.119920E+00 0.110320E+00 0.108000E+00 0.102560E+00 0.958400E-01 0.914400E-01 0.811200E-01 0.771200E-01 0.726400E-01 0.711200E-01 0.633600E-01 0.597600E-01 0.585600E-01 0.551200E-01 0.502400E-01 0.481600E-01 0.460000E-01 0.425600E-01 0.403200E-01 0.384000E-01 0.300800E-01 0.295200E-01 0.296000E-01 0.278400E-01 0.267200E-01 0.247200E-01 0.232000E-01 0.214400E-01 0.218400E-01 0.220800E-01 0.192800E-01 0.189600E-01 0.161600E-01 0.142400E-01 0.133600E-01 0.128800E-01 0.133600E-01 0.112800E-01 0.101600E-01 0.101600E-01 0.832000E-02 0.904000E-02 0.920000E-02 0.712000E-02 0.728000E-02 0.576000E-02 0.648000E-02 0.496000E-02 0.544000E-02 0.608000E-02 0.456000E-02 0.544000E-02 0.368000E-02 0.416000E-02 0.360000E-02 0.344000E-02 0.280000E-02 0.224000E-02 0.264000E-02 0.136000E-02 0.176000E-02 0.240000E-02 0.168000E-02 0.232000E-02 0.184000E-02 0.136000E-02 0.136000E-02 0.880000E-03 0.112000E-02 0.720000E-03 0.120000E-02 0.880000E-03 0.960000E-03 0.880000E-03 0.880000E-03 0.880000E-03 0.480000E-03 0.240000E-03 0.560000E-03 0.480000E-03 0.320000E-03 0.560000E-03 0.240000E-03 0.400000E-03 0.160000E-03 0.320000E-03 0.320000E-03 0.240000E-03 0.240000E-03 0.000000E+00 0.240000E-03 0.240000E-03 0.000000E+00 0.240000E-03 0.240000E-03 0.800000E-04 0.000000E+00 0.800000E-04 0.800000E-04 0.800000E-04 0.160000E-03 0.240000E-03 0.000000E+00 0.800000E-04 0.000000E+00 0.000000E+00 0.800000E-04 0.800000E-04 0.000000E+00 0.000000E+00 0.000000E+00 0.800000E-04 0.000000E+00 0.000000E+00 0.000000E+00 0.000000E+00 0.000000E+00 0.000000E+00 0.000000E+00 0.000000E+00 0.000000E+00 0.000000E+00 0.000000E+00 0.000000E+00 0.000000E+00 0.000000E+00 0.000000E+00 0.000000E+00 0.000000E+00 0.000000E+00 0.000000E+00 0.000000E+00 0.000000E+00 0.000000E+00 0.000000E+00 0.000000E+00 0.000000E+00 0.000000E+00 0.000000E+00 0.000000E+00 0.000000E+00 0.000000E+00 0.000000E+00 0.000000E+00 0.000000E+00 0.000000E+00 0.000000E+00 0.000000E+00 0.000000E+00 0.000000E+00 0.000000E+00 0.000000E+00 0.000000E+00 0.000000E+00 0.000000E+00 0.000000E+00 0.000000E+00 0.000000E+00 0.000000E+00 0.000000E+00 0.000000E+00 0.000000E+00 0.000000E+00 0.000000E+00 0.000000E+00 0.000000E+00 0.000000E+00 0.000000E+00
 0.149880E+01 0.137736E+01 0.125096E+01 0.110216E+01 0.102544E+01 0.916640E+00 0.827520E+00 0.760160E+00 0.687200E+00 0.651360E+00 0.595920E+00 0.544960E+00 0.516960E+00 0.466960E+00 0.425920E+00 0.420880E+00 0.372400E+00 0.340400E+00 0.324880E+00 0.306880E+00 0.286000E+00 0.267600E+00 0.246880E+00 0.228960E+00 0.218160E+00 0.197760E+00 0.191680E+00 0.182080E+00 0.167680E+00 0.157200E+00 0.152240E+00 0.136560E+00 0.129360E+00 0.118400E+00 0.110720E+00 0.106960E+00 0.104320E+00 0.944000E-01 0.888000E-01 0.837600E-01 0.800800E-01 0.748000E-01 0.664800E-01 0.666400E-01 0.629600E-01 0.565600E-01 0.544800E-01 0.522400E-01 0.461600E-01 0.451200E-01 0.471200E-01 0.407200E-01 0.368800E-01 0.377600E-01 0.364000E-01 0.297600E-01 0.288000E-01 0.291200E-01 0.240800E-01 0.244800E-01 0.239200E-01 0.220000E-01 0.200000E-01 0.193600E-01 0.175200E-01 0.171200E-01 0.175200E-01 0.166400E-01 0.130400E-01 0.133600E-01 0.116000E-01 0.122400E-01 0.103200E-01 0.105600E-01 0.103200E-01 0.760000E-02 0.784000E-02 0.720000E-02 0.800000E-02 0.720000E-02 0.624000E-02 0.656000E-02 0.520000E-02 0.544000E-02 0.448000E-02 0.480000E-02 0.328000E-02 0.360000E-02 0.336000E-02 0.312000E-02 0.328000E-02 0.280000E-02 0.352000E-02 0.240000E-02 0.224000E-02 0.232000E-02 0.232000E-02 0.208000E-02 0.128000E-02 0.152000E-02 0.144000E-02 0.152000E-02 0.168000E-02 0.128000E-02 0.104000E-02 0.960000E-03 0.880000E-03 0.960000E-03 0.640000E-03 0.720000E-03 0.400000E-03 0.720000E-03 0.720000E-03 0.320000E-03 0.640000E-03 0.320000E-03 0.720000E-03 0.320000E-03 0.480000E-03 0.240000E-03 0.320000E-03 0.160000E-03 0.320000E-03 0.800000E-04 0.480000E-03 0.800000E-04 0.160000E-03 0.160000E-03 0.000000E+00 0.000000E+00 0.240000E-03 0.800000E-04 0.000000E+00 0.800000E-04 0.160000E-03 0.000000E+00 0.160000E-03 0.000000E+00 0.000000E+00 0.000000E+00 0.000000E+00 0.000000E+00 0.000000E+00 0.000000E+00 0.000000E+00 0.000000E+00 0.800000E-04 0.000000E+00 0.000000E+00 0.000000E+00 0.000000E+00 0.000000E+00 0.000000E+00 0.000000E+00 0.000000E+00 0.000000E+00 0.000000E+00 0.000000E+00 0.000000E+00 0.000000E+00 0.000000E+00 0.000000E+00 0.000000E+00 0.000000E+00 0.000000E+00 0.000000E+00 0.000000E+00 0.000000E+00 0.000000E+00 0.000000E+00 0.000000E+00 0.000000E+00 0.000000E+00 0.000000E+00 0.000000E+00 0.000000E+00 0.000000E+00 0.000000E+00 0.000000E+00 0.000000E+00 0.000000E+00 0.000000E+00 0.000000E+00 0.000000E+00 0.000000E+00 0.000000E+00 0.000000E+00 0.000000E+00 0.000000E+00 0.000000E+00 0.000000E+00 0.000000E+00 0.000000E+00 0.000000E+00 0.000000E+00 0.000000E+00 0.000000E+00 0.000000E+00 0.000000E+00 0.000000E+00
 0.727200E-01 0.608800E-01 0.537600E-01 0.487200E-01 0.381600E-01 0.360000E-01 0.294400E-01 0.264000E-01 0.230400E-01 0.212800E-01 0.180800E-01 0.161600E-01 0.139200E-01 0.144800E-01 0.108800E-01 0.103200E-01 0.976000E-02 0.720000E-02 0.720000E-02 0.680000E-02 0.656000E-02 0.520000E-02 0.448000E-02 0.440000E-02 0.432000E-02 0.408000E-02 0.352000E-02 0.312000E-02 0.352000E-02 0.240000E-02 0.184000E-02 0.232000E-02 0.224000E-02 0.160000E-02 0.208000E-02 0.176000E-02 0.144000E-02 0.152000E-02 0.104000E-02 0.184000E-02 0.192000E-02 0.104000E-02 0.176000E-02 0.200000E-02 0.144000E-02 0.112000E-02 0.880000E-03 0.800000E-03 0.104000E-02 0.720000E-03 0.720000E-03 0.104000E-02 0.104000E-02 0.880000E-03 0.800000E-03 0.104000E-02 0.640000E-03 0.800000E-03 0.960000E-03 0.480000E-03 0.400000E-03 0.400000E-03 0.240000E-03 0.720000E-03 0.560000E-03 0.560000E-03 0.480000E-03 0.560000E-03 0.560000E-03 0.400000E-03 0.240000E-03 0.480000E-03 0.160000E-03 0.320000E-03 0.160000E-03 0.400000E-03 0.000000E+00 0.240000E-03 0.400000E-03 0.000000E+00 0.480000E-03 0.800000E-04 0.240000E-03 0.800000E-04 0.800000E-04 0.800000E-04 0.800000E-04 0.160000E-03 0.320000E-03 0.160000E-03 0.800000E-04 0.800000E-04 0.800000E-04 0.320000E-03 0.800000E-04 0.800000E-04 0.000000E+00 0.800000E-04 0.160000E-03 0.000000E+00 0.800000E-04 0.800000E-04 0.000000E+00 0.800000E-04 0.800000E-04 0.000000E+00 0.800000E-04 0.160000E-03 0.800000E-04 0.000000E+00 0.000000E+00 0.000000E+00 0.000000E+00 0.000000E+00 0.000000E+00 0.000000E+00 0.000000E+00 0.800000E-04 0.800000E-04 0.000000E+00 0.000000E+00 0.000000E+00 0.000000E+00 0.000000E+00 0.000000E+00 0.000000E+00 0.000000E+00 0.000000E+00 0.000000E+00 0.000000E+00 0.000000E+00 0.000000E+00 0.000000E+00 0.000000E+00 0.000000E+00 0.000000E+00 0.000000E+00 0.000000E+00 0.800000E-04 0.000000E+00 0.000000E+00 0.000000E+00 0.000000E+00 0.000000E+00 0.000000E+00 0.000000E+00 0.000000E+00 0.000000E+00 0.000000E+00 0.000000E+00 0.000000E+00 0.000000E+00 0.000000E+00 0.000000E+00 0.000000E+00 0.000000E+00 0.000000E+00 0.000000E+00 0.000000E+00 0.000000E+00 0.000000E+00 0.000000E+00 0.000000E+00 0.000000E+00 0.000000E+00 0.000000E+00 0.000000E+00 0.000000E+00 0.000000E+00 0.000000E+00 0.000000E+00 0.000000E+00 0.000000E+00 0.000000E+00 0.000000E+00 0.000000E+00 0.000000E+00 0.000000E+00 0.000000E+00 0.000000E+00 0.000000E+00 0.000000E+00 0.000000E+00 0.000000E+00 0.000000E+00 0.000000E+00 0.000000E+00 0.000000E+00 0.000000E+00 0.000000E+00 0.000000E+00 0.000000E+00 0.000000E+00 0.000000E+00 0.000000E+00 0.000000E+00 0.000000E+00 0.000000E+00 0.000000E+00 0.000000E+00
 0.696800E-01 0.608000E-01 0.541600E-01 0.451200E-01 0.375200E-01 0.356000E-01 0.306400E-01 0.259200E-01 0.251200E-01 0.219200E-01 0.187200E-01 0.155200E-01 0.128800E-01 0.132800E-01 0.960000E-02 0.102400E-01 0.864000E-02 0.896000E-02 0.768000E-02 0.680000E-02 0.656000E-02 0.568000E-02 0.632000E-02 0.456000E-02 0.352000E-02 0.424000E-02 0.424000E-02 0.312000E-02 0.320000E-02 0.272000E-02 0.328000E-02 0.272000E-02 0.216000E-02 0.240000E-02 0.256000E-02 0.200000E-02 0.120000E-02 0.208000E-02 0.120000E-02 0.160000E-02 0.800000E-03 0.176000E-02 0.152000E-02 0.152000E-02 0.200000E-02 0.112000E-02 0.120000E-02 0.960000E-03 0.120000E-02 0.120000E-02 0.104000E-02 0.720000E-03 0.104000E-02 0.128000E-02 0.720000E-03 0.720000E-03 0.560000E-03 0.480000E-03 0.560000E-03 0.640000E-03 0.400000E-03 0.480000E-03 0.480000E-03 0.400000E-03 0.320000E-03 0.400000E-03 0.160000E-03 0.640000E-03 0.320000E-03 0.800000E-04 0.320000E-03 0.240000E-03 0.400000E-03 0.720000E-03 0.400000E-03 0.160000E-03 0.240000E-03 0.400000E-03 0.240000E-03 0.240000E-03 0.160000E-03 0.240000E-03 0.800000E-04 0.160000E-03 0.320000E-03 0.240000E-03 0.800000E-04 0.800000E-04 0.320000E-03 0.800000E-04 0.160000E-03 0.800000E-04 0.000000E+00 0.240000E-03 0.160000E-03 0.160000E-03 0.000000E+00 0.800000E-04 0.000000E+00 0.160000E-03 0.000000E+00 0.000000E+00 0.000000E+00 0.320000E-03 0.800000E-04 0.800000E-04 0.800000E-04 0.800000E-04 0.160000E-03 0.800000E-04 0.800000E-04 0.800000E-04 0.800000E-04 0.000000E+00 0.000000E+00 0.000000E+00 0.240000E-03 0.000000E+00 0.000000E+00 0.800000E-04 0.000000E+00 0.000000E+00 0.000000E+00 0.000000E+00 0.000000E+00 0.000000E+00 0.000000E+00 0.000000E+00 0.000000E+00 0.000000E+00 0.000000E+00 0.000000E+00 0.000000E+00 0.000000E+00 0.000000E+00 0.000000E+00 0.000000E+00 0.000000E+00 0.000000E+00 0.000000E+00 0.000000E+00 0.000000E+00 0.000000E+00 0.000000E+00 0.000000E+00 0.000000E+00 0.000000E+00 0.000000E+00 0.000000E+00 0.000000E+00 0.000000E+00 0.000000E+00 0.000000E+00 0.000000E+00 0.800000E-04 0.000000E+00 0.000000E+00 0.000000E+00 0.000000E+00 0.000000E+00 0.000000E+00 0.000000E+00 0.000000E+00 0.000000E+00 0.000000E+00 0.000000E+00 0.000000E+00 0.000000E+00 0.000000E+00 0.000000E+00 0.000000E+00 0.000000E+00 0.000000E+00 0.000000E+00 0.000000E+00 0.000000E+00 0.000000E+00 0.000000E+00 0.000000E+00 0.000000E+00 0.000000E+00 0.000000E+00 0.000000E+00 0.000000E+00 0.000000E+00 0.000000E+00 0.000000E+00 0.000000E+00 0.000000E+00 0.000000E+00 0.000000E+00 0.000000E+00 0.000000E+00 0.000000E+00 0.000000E+00 0.000000E+00 0.000000E+00 0.000000E+00 0.000000E+00 0.000000E+00
 0.148896E+01 0.137744E+01 0.122568E+01 0.109592E+01 0.100472E+01 0.904880E+00 0.826160E+00 0.734400E+00 0.685680E+00 0.632400E+00 0.574640E+00 0.539760E+00 0.500560E+00 0.453920E+00 0.429440E+00 0.403120E+00 0.369760E+00 0.338720E+00 0.314960E+00 0.292720E+00 0.273200E+00 0.251920E+00 0.236240E+00 0.229040E+00 0.206320E+00 0.199840E+00 0.186240E+00 0.175280E+00 0.166800E+00 0.146640E+00 0.139920E+00 0.124400E+00 0.122320E+00 0.113760E+00 0.107920E+00 0.105680E+00 0.992000E-01 0.915200E-01 0.787200E-01 0.832000E-01 0.727200E-01 0.680800E-01 0.684800E-01 0.611200E-01 0.598400E-01 0.520000E-01 0.502400E-01 0.468000E-01 0.464800E-01 0.404000E-01 0.396800E-01 0.400800E-01 0.327200E-01 0.321600E-01 0.287200E-01 0.312000E-01 0.312000E-01 0.248800E-01 0.242400E-01 0.238400E-01 0.220000E-01 0.192000E-01 0.189600E-01 0.162400E-01 0.145600E-01 0.128800E-01 0.145600E-01 0.136000E-01 0.133600E-01 0.126400E-01 0.126400E-01 0.896000E-02 0.952000E-02 0.744000E-02 0.960000E-02 0.696000E-02 0.752000E-02 0.720000E-02 0.800000E-02 0.720000E-02 0.488000E-02 0.472000E-02 0.472000E-02 0.472000E-02 0.392000E-02 0.432000E-02 0.360000E-02 0.336000E-02 0.456000E-02 0.336000E-02 0.288000E-02 0.256000E-02 0.304000E-02 0.288000E-02 0.120000E-02 0.200000E-02 0.208000E-02 0.176000E-02 0.136000E-02 0.184000E-02 0.960000E-03 0.120000E-02 0.880000E-03 0.168000E-02 0.112000E-02 0.720000E-03 0.960000E-03 0.880000E-03 0.720000E-03 0.800000E-03 0.640000E-03 0.480000E-03 0.640000E-03 0.320000E-03 0.560000E-03 0.880000E-03 0.240000E-03 0.480000E-03 0.160000E-03 0.160000E-03 0.160000E-03 0.160000E-03 0.800000E-04 0.160000E-03 0.240000E-03 0.240000E-03 0.800000E-04 0.160000E-03 0.000000E+00 0.800000E-04 0.000000E+00 0.000000E+00 0.800000E-04 0.160000E-03 0.000000E+00 0.000000E+00 0.800000E-04 0.000000E+00 0.000000E+00 0.000000E+00 0.800000E-04 0.000000E+00 0.000000E+00 0.000000E+00 0.000000E+00 0.000000E+00 0.000000E+00 0.000000E+00 0.800000E-04 0.800000E-04 0.800000E-04 0.000000E+00 0.000000E+00 0.000000E+00 0.000000E+00 0.800000E-04 0.000000E+00 0.000000E+00 0.000000E+00 0.000000E+00 0.000000E+00 0.000000E+00 0.000000E+00 0.000000E+00 0.000000E+00 0.000000E+00 0.000000E+00 0.000000E+00 0.000000E+00 0.000000E+00 0.000000E+00 0.000000E+00 0.000000E+00 0.000000E+00 0.000000E+00 0.000000E+00 0.000000E+00 0.000000E+00 0.000000E+00 0.000000E+00 0.000000E+00 0.000000E+00 0.000000E+00 0.000000E+00 0.000000E+00 0.000000E+00 0.000000E+00 0.000000E+00 0.000000E+00 0.000000E+00 0.000000E+00 0.000000E+00 0.000000E+00 0.000000E+00 0.000000E+00 0.000000E+00 0.000000E+00 0.000000E+00 0.000000E+00 0.000000E+00
 0.143160E+01 0.135848E+01 0.120768E+01 0.110264E+01 0.988320E+00 0.905840E+00 0.828240E+00 0.743360E+00 0.690720E+00 0.640640E+00 0.586400E+00 0.550560E+00 0.505040E+00 0.465760E+00 0.442720E+00 0.410880E+00 0.378720E+00 0.348080E+00 0.328400E+00 0.295040E+00 0.282640E+00 0.271920E+00 0.248960E+00 0.238800E+00 0.220960E+00 0.204800E+00 0.191040E+00 0.176080E+00 0.166880E+00 0.160000E+00 0.153280E+00 0.145440E+00 0.139680E+00 0.125760E+00 0.120160E+00 0.115360E+00 0.976000E-01 0.962400E-01 0.897600E-01 0.905600E-01 0.794400E-01 0.793600E-01 0.690400E-01 0.661600E-01 0.638400E-01 0.618400E-01 0.562400E-01 0.542400E-01 0.496800E-01 0.470400E-01 0.417600E-01 0.432800E-01 0.396000E-01 0.394400E-01 0.348800E-01 0.324000E-01 0.336000E-01 0.302400E-01 0.280800E-01 0.268000E-01 0.223200E-01 0.215200E-01 0.227200E-01 0.216800E-01 0.172800E-01 0.177600E-01 0.170400E-01 0.173600E-01 0.156800E-01 0.139200E-01 0.119200E-01 0.115200E-01 0.120800E-01 0.112000E-01 0.108800E-01 0.912000E-02 0.936000E-02 0.824000E-02 0.728000E-02 0.792000E-02 0.616000E-02 0.600000E-02 0.728000E-02 0.560000E-02 0.560000E-02 0.584000E-02 0.464000E-02 0.448000E-02 0.560000E-02 0.400000E-02 0.360000E-02 0.336000E-02 0.264000E-02 0.328000E-02 0.224000E-02 0.232000E-02 0.248000E-02 0.184000E-02 0.256000E-02 0.184000E-02 0.168000E-02 0.104000E-02 0.144000E-02 0.104000E-02 0.136000E-02 0.720000E-03 0.112000E-02 0.720000E-03 0.800000E-03 0.640000E-03 0.880000E-03 0.128000E-02 0.560000E-03 0.320000E-03 0.320000E-03 0.560000E-03 0.400000E-03 0.400000E-03 0.400000E-03 0.400000E-03 0.800000E-04 0.800000E-04 0.240000E-03 0.320000E-03 0.000000E+00 0.000000E+00 0.800000E-04 0.800000E-04 0.240000E-03 0.000000E+00 0.160000E-03 0.800000E-04 0.800000E-04 0.160000E-03 0.800000E-04 0.800000E-04 0.800000E-04 0.800000E-04 0.000000E+00 0.000000E+00 0.800000E-04 0.800000E-04 0.800000E-04 0.000000E+00 0.000000E+00 0.000000E+00 0.000000E+00 0.000000E+00 0.000000E+00 0.000000E+00 0.800000E-04 0.000000E+00 0.000000E+00 0.000000E+00 0.000000E+00 0.000000E+00 0.000000E+00 0.000000E+00 0.000000E+00 0.000000E+00 0.000000E+00 0.000000E+00 0.000000E+00 0.000000E+00 0.000000E+00 0.000000E+00 0.000000E+00 0.000000E+00 0.000000E+00 0.000000E+00 0.000000E+00 0.000000E+00 0.000000E+00 0.000000E+00 0.000000E+00 0.000000E+00 0.000000E+00 0.000000E+00 0.000000E+00 0.000000E+00 0.000000E+00 0.000000E+00 0.000000E+00 0.000000E+00 0.000000E+00 0.000000E+00 0.000000E+00 0.000000E+00 0.000000E+00 0.000000E+00 0.000000E+00 0.000000E+00 0.000000E+00 0.000000E+00 0.000000E+00 0.000000E+00 0.000000E+00 0.000000E+00 0.000000E+00 0.000000E+00
 0.149552E+01 0.139984E+01 0.123888E+01 0.109944E+01 0.100376E+01 0.928400E+00 0.812000E+00 0.749040E+00 0.680880E+00 0.633680E+00 0.590080E+00 0.538880E+00 0.505120E+00 0.469200E+00 0.422160E+00 0.397840E+00 0.363280E+00 0.337120E+00 0.317040E+00 0.296000E+00 0.269760E+00 0.251680E+00 0.234160E+00 0.229840E+00 0.204240E+00 0.191840E+00 0.184000E+00 0.171600E+00 0.157280E+00 0.152080E+00 0.138000E+00 0.130160E+00 0.119920E+00 0.110320E+00 0.108000E+00 0.102560E+00 0.958400E-01 0.914400E-01 0.811200E-01 0.771200E-01 0.726400E-01 0.711200E-01 0.633600E-01 0.597600E-01 0.585600E-01 0.551200E-01 0.502400E-01 0.481600E-01 0.460000E-01 0.425600E-01 0.403200E-01 0.384000E-01 0.300800E-01 0.295200E-01 0.296000E-01 0.278400E-01 0.267200E-01 0.247200E-01 0.232000E-01 0.214400E-01 0.218400E-01 0.220800E-01 0.192800E-01 0.189600E-01 0.161600E-01 0.142400E-01 0.133600E-01 0.128800E-01 0.133600E-01 0.112800E-01 0.101600E-01 0.101600E-01 0.832000E-02 0.904000E-02 0.920000E-02 0.712000E-02 0.728000E-02 0.576000E-02 0.648000E-02 0.496000E-02 0.544000E-02 0.608000E-02 0.456000E-02 0.544000E-02 0.368000E-02 0.416000E-02 0.360000E-02 0.344000E-02 0.280000E-02 0.224000E-02 0.264000E-02 0.136000E-02 0.176000E-02 0.240000E-02 0.168000E-02 0.232000E-02 0.184000E-02 0.136000E-02 0.136000E-02 0.880000E-03 0.112000E-02 0.720000E-03 0.120000E-02 0.880000E-03 0.960000E-03 0.880000E-03 0.880000E-03 0.880000E-03 0.480000E-03 0.240000E-03 0.560000E-03 0.480000E-03 0.320000E-03 0.560000E-03 0.240000E-03 0.400000E-03 0.160000E-03 0.320000E-03 0.320000E-03 0.240000E-03 0.240000E-03 0.000000E+00 0.240000E-03 0.240000E-03 0.000000E+00 0.240000E-03 0.240000E-03 0.800000E-04 0.000000E+00 0.800000E-04 0.800000E-04 0.800000E-04 0.160000E-03 0.240000E-03 0.000000E+00 0.800000E-04 0.000000E+00 0.000000E+00 0.800000E-04 0.800000E-04 0.000000E+00 0.000000E+00 0.000000E+00 0.800000E-04 0.000000E+00 0.000000E+00 0.000000E+00 0.000000E+00 0.000000E+00 0.000000E+00 0.000000E+00 0.000000E+00 0.000000E+00 0.000000E+00 0.000000E+00 0.000000E+00 0.000000E+00 0.000000E+00 0.000000E+00 0.000000E+00 0.000000E+00 0.000000E+00 0.000000E+00 0.000000E+00 0.000000E+00 0.000000E+00 0.000000E+00 0.000000E+00 0.000000E+00 0.000000E+00 0.000000E+00 0.000000E+00 0.000000E+00 0.000000E+00 0.000000E+00 0.000000E+00 0.000000E+00 0.000000E+00 0.000000E+00 0.000000E+00 0.000000E+00 0.000000E+00 0.000000E+00 0.000000E+00 0.000000E+00 0.000000E+00 0.000000E+00 0.000000E+00 0.000000E+00 0.000000E+00 0.000000E+00 0.000000E+00 0.000000E+00 0.000000E+00 0.000000E+00 0.000000E+00 0.000000E+00 0.000000E+00 0.000000E+00 0.000000E+00
 0.149880E+01 0.137736E+01 0.125096E+01 0.110216E+01 0.102544E+01 0.916640E+00 0.827520E+00 0.760160E+00 0.687200E+00 0.651360E+00 0.595920E+00 0.544960E+00 0.516960E+00 0.466960E+00 0.425920E+00 0.420880E+00 0.372400E+00 0.340400E+00 0.324880E+00 0.306880E+00 0.286000E+00 0.267600E+00 0.246880E+00 0.228960E+00 0.218160E+00 0.197760E+00 0.191680E+00 0.182080E+00 0.167680E+00 0.157200E+00 0.152240E+00 0.136560E+00 0.129360E+00 0.118400E+00 0.110720E+00 0.106960E+00 0.104320E+00 0.944000E-01 0.888000E-01 0.837600E-01 0.800800E-01 0.748000E-01 0.664800E-01 0.666400E-01 0.629600E-01 0.565600E-01 0.544800E-01 0.522400E-01 0.461600E-01 0.451200E-01 0.471200E-01 0.407200E-01 0.368800E-01 0.377600E-01 0.364000E-01 0.297600E-01 0.288000E-01 0.291200E-01 0.240800E-01 0.244800E-01 0.239200E-01 0.220000E-01 0.200000E-01 0.193600E-01 0.175200E-01 0.171200E-01 0.175200E-01 0.166400E-01 0.130400E-01 0.133600E-01 0.116000E-01 0.122400E-01 0.103200E-01 0.105600E-01 0.103200E-01 0.760000E-02 0.784000E-02 0.720000E-02 0.800000E-02 0.720000E-02 0.624000E-02 0.656000E-02 0.520000E-02 0.544000E-02 0.448000E-02 0.480000E-02 0.328000E-02 0.360000E-02 0.336000E-02 0.312000E-02 0.328000E-02 0.280000E-02 0.352000E-02 0.240000E-02 0.224000E-02 0.232000E-02 0.232000E-02 0.208000E-02 0.128000E-02 0.152000E-02 0.144000E-02 0.152000E-02 0.168000E-02 0.128000E-02 0.104000E-02 0.960000E-03 0.880000E-03 0.960000E-03 0.640000E-03 0.720000E-03 0.400000E-03 0.720000E-03 0.720000E-03 0.320000E-03 0.640000E-03 0.320000E-03 0.720000E-03 0.320000E-03 0.480000E-03 0.240000E-03 0.320000E-03 0.160000E-03 0.320000E-03 0.800000E-04 0.480000E-03 0.800000E-04 0.160000E-03 0.160000E-03 0.000000E+00 0.000000E+00 0.240000E-03 0.800000E-04 0.000000E+00 0.800000E-04 0.160000E-03 0.000000E+00 0.160000E-03 0.000000E+00 0.000000E+00 0.000000E+00 0.000000E+00 0.000000E+00 0.000000E+00 0.000000E+00 0.000000E+00 0.000000E+00 0.800000E-04 0.000000E+00 0.000000E+00 0.000000E+00 0.000000E+00 0.000000E+00 0.000000E+00 0.000000E+00 0.000000E+00 0.000000E+00 0.000000E+00 0.000000E+00 0.000000E+00 0.000000E+00 0.000000E+00 0.000000E+00 0.000000E+00 0.000000E+00 0.000000E+00 0.000000E+00 0.000000E+00 0.000000E+00 0.000000E+00 0.000000E+00 0.000000E+00 0.000000E+00 0.000000E+00 0.000000E+00 0.000000E+00 0.000000E+00 0.000000E+00 0.000000E+00 0.000000E+00 0.000000E+00 0.000000E+00 0.000000E+00 0.000000E+00 0.000000E+00 0.000000E+00 0.000000E+00 0.000000E+00 0.000000E+00 0.000000E+00 0.000000E+00 0.000000E+00 0.000000E+00 0.000000E+00 0.000000E+00 0.000000E+00 0.000000E+00 0.000000E+00 0.000000E+00 0.000000E+00 0.000000E+00
 0.727200E-01 0.608800E-01 0.537600E-01 0.487200E-01 0.381600E-01 0.360000E-01 0.294400E-01 0.264000E-01 0.230400E-01 0.212800E-01 0.180800E-01 0.161600E-01 0.139200E-01 0.144800E-01 0.108800E-01 0.103200E-01 0.976000E-02 0.720000E-02 0.720000E-02 0.680000E-02 0.656000E-02 0.520000E-02 0.448000E-02 0.440000E-02 0.432000E-02 0.408000E-02 0.352000E-02 0.312000E-02 0.352000E-02 0.240000E-02 0.184000E-02 0.232000E-02 0.224000E-02 0.160000E-02 0.208000E-02 0.176000E-02 0.144000E-02 0.152000E-02 0.104000E-02 0.184000E-02 0.192000E-02 0.104000E-02 0.176000E-02 0.200000E-02 0.144000E-02 0.112000E-02 0.880000E-03 0.800000E-03 0.104000E-02 0.720000E-03 0.720000E-03 0.104000E-02 0.104000E-02 0.880000E-03 0.800000E-03 0.104000E-02 0.640000E-03 0.800000E-03 0.960000E-03 0.480000E-03 0.400000E-03 0.400000E-03 0.240000E-03 0.720000E-03 0.560000E-03 0.560000E-03 0.480000E-03 0.560000E-03 0.560000E-03 0.400000E-03 0.240000E-03 0.480000E-03 0.160000E-03 0.320000E-03 0.160000E-03 0.400000E-03 0.000000E+00 0.240000E-03 0.400000E-03 0.000000E+00 0.480000E-03 0.800000E-04 0.240000E-03 0.800000E-04 0.800000E-04 0.800000E-04 0.800000E-04 0.160000E-03 0.320000E-03 0.160000E-03 0.800000E-04 0.800000E-04 0.800000E-04 0.320000E-03 0.800000E-04 0.800000E-04 0.000000E+00 0.800000E-04 0.160000E-03 0.000000E+00 0.800000E-04 0.800000E-04 0.000000E+00 0.800000E-04 0.800000E-04 0.000000E+00 0.800000E-04 0.160000E-03 0.800000E-04 0.000000E+00 0.000000E+00 0.000000E+00 0.000000E+00 0.000000E+00 0.000000E+00 0.000000E+00 0.000000E+00 0.800000E-04 0.800000E-04 0.000000E+00 0.000000E+00 0.000000E+00 0.000000E+00 0.000000E+00 0.000000E+00 0.000000E+00 0.000000E+00 0.000000E+00 0.000000E+00 0.000000E+00 0.000000E+00 0.000000E+00 0.000000E+00 0.000000E+00 0.000000E+00 0.000000E+00 0.000000E+00 0.000000E+00 0.800000E-04 0.000000E+00 0.000000E+00 0.000000E+00 0.000000E+00 0.000000E+00 0.000000E+00 0.000000E+00 0.000000E+00 0.000000E+00 0.000000E+00 0.000000E+00 0.000000E+00 0.000000E+00 0.000000E+00 0.000000E+00 0.000000E+00 0.000000E+00 0.000000E+00 0.000000E+00 0.000000E+00 0.000000E+00 0.000000E+00 0.000000E+00 0.000000E+00 0.000000E+00 0.000000E+00 0.000000E+00 0.000000E+00 0.000000E+00 0.000000E+00 0.000000E+00 0.000000E+00 0.000000E+00 0.000000E+00 0.000000E+00 0.000000E+00 0.000000E+00 0.000000E+00 0.000000E+00 0.000000E+00 0.000000E+00 0.000000E+00 0.000000E+00 0.000000E+00 0.000000E+00 0.000000E+00 0.000000E+00 0.000000E+00 0.000000E+00 0.000000E+00 0.000000E+00 0.000000E+00 0.000000E+00 0.000000E+00 0.000000E+00 0.000000E+00 0.000000E+00 0.000000E+00 0.000000E+00 0.000000E+00 0.000000E+00
 0.696800E-01 0.608000E-01 0.541600E-01 0.451200E-01 0.375200E-01 0.356000E-01 0.306400E-01 0.259200E-01 0.251200E-01 0.219200E-01 0.187200E-01 0.155200E-01 0.128800E-01 0.132800E-01 0.960000E-02 0.102400E-01 0.864000E-02 0.896000E-02 0.768000E-02 0.680000E-02 0.656000E-02 0.568000E-02 0.632000E-02 0.456000E-02 0.352000E-02 0.424000E-02 0.424000E-02 0.312000E-02 0.320000E-02 0.272000E-02 0.328000E-02 0.272000E-02 0.216000E-02 0.240000E-02 0.256000E-02 0.200000E-02 0.120000E-02 0.208000E-02 0.120000E-02 0.160000E-02 0.800000E-03 0.176000E-02 0.152000E-02 0.152000E-02 0.200000E-02 0.112000E-02 0.120000E-02 0.960000E-03 0.120000E-02 0.120000E-02 0.104000E-02 0.720000E-03 0.104000E-02 0.128000E-02 0.720000E-03 0.720000E-03 0.560000E-03 0.480000E-03 0.560000E-03 0.640000E-03 0.400000E-03 0.480000E-03 0.480000E-03 0.400000E-03 0.320000E-03 0.400000E-03 0.160000E-03 0.640000E-03 0.320000E-03 0.800000E-04 0.320000E-03 0.240000E-03 0.400000E-03 0.720000E-03 0.400000E-03 0.160000E-03 0.240000E-03 0.400000E-03 0.240000E-03 0.240000E-03 0.160000E-03 0.240000E-03 0.800000E-04 0.160000E-03 0.320000E-03 0.240000E-03 0.800000E-04 0.800000E-04 0.320000E-03 0.800000E-04 0.160000E-03 0.800000E-04 0.000000E+00 0.240000E-03 0.160000E-03 0.160000E-03 0.000000E+00 0.800000E-04 0.000000E+00 0.160000E-03 0.000000E+00 0.000000E+00 0.000000E+00 0.320000E-03 0.800000E-04 0.800000E-04 0.800000E-04 0.800000E-04 0.160000E-03 0.800000E-04 0.800000E-04 0.800000E-04 0.800000E-04 0.000000E+00 0.000000E+00 0.000000E+00 0.240000E-03 0.000000E+00 0.000000E+00 0.800000E-04 0.000000E+00 0.000000E+00 0.000000E+00 0.000000E+00 0.000000E+00 0.000000E+00 0.000000E+00 0.000000E+00 0.000000E+00 0.000000E+00 0.000000E+00 0.000000E+00 0.000000E+00 0.000000E+00 0.000000E+00 0.000000E+00 0.000000E+00 0.000000E+00 0.000000E+00 0.000000E+00 0.000000E+00 0.000000E+00 0.000000E+00 0.000000E+00 0.000000E+00 0.000000E+00 0.000000E+00 0.000000E+00 0.000000E+00 0.000000E+00 0.000000E+00 0.000000E+00 0.000000E+00 0.000000E+00 0.800000E-04 0.000000E+00 0.000000E+00 0.000000E+00 0.000000E+00 0.000000E+00 0.000000E+00 0.000000E+00 0.000000E+00 0.000000E+00 0.000000E+00 0.000000E+00 0.000000E+00 0.000000E+00 0.000000E+00 0.000000E+00 0.000000E+00 0.000000E+00 0.000000E+00 0.000000E+00 0.000000E+00 0.000000E+00 0.000000E+00 0.000000E+00 0.000000E+00 0.000000E+00 0.000000E+00 0.000000E+00 0.000000E+00 0.000000E+00 0.000000E+00 0.000000E+00 0.000000E+00 0.000000E+00 0.000000E+00 0.000000E+00 0.000000E+00 0.000000E+00 0.000000E+00 0.000000E+00 0.000000E+00 0.000000E+00 0.000000E+00 0.000000E+00 0.000000E+00 0.000000E+00
 0.240000E-03 0.800000E-04 0.800000E-04 0.000000E+00 0.160000E-03 0.000000E+00 0.000000E+00 0.800000E-04 0.800000E-04 0.800000E-04 0.800000E-04 0.000000E+00 0.000000E+00 0.000000E+00 0.800000E-04 0.000000E+00 0.000000E+00 0.000000E+00 0.000000E+00 0.000000E+00 0.000000E+00 0.800000E-04 0.000000E+00 0.000000E+00 0.000000E+00 0.000000E+00 0.000000E+00 0.000000E+00 0.000000E+00 0.000000E+00 0.000000E+00 0.000000E+00 0.000000E+00 0.000000E+00 0.000000E+00 0.000000E+00 0.000000E+00 0.000000E+00 0.000000E+00 0.000000E+00 0.000000E+00 0.000000E+00 0.000000E+00 0.000000E+00 0.000000E+00 0.000000E+00 0.000000E+00 0.000000E+00 0.000000E+00 0.000000E+00 0.000000E+00 0.000000E+00 0.000000E+00 0.000000E+00 0.000000E+00 0.000000E+00 0.000000E+00 0.000000E+00 0.000000E+00 0.000000E+00 0.000000E+00 0.000000E+00 0.000000E+00 0.000000E+00 0.000000E+00 0.000000E+00 0.000000E+00 0.000000E+00 0.000000E+00 0.000000E+00 0.000000E+00 0.000000E+00 0.000000E+00 0.000000E+00 0.000000E+00 0.000000E+00 0.000000E+00 0.000000E+00 0.000000E+00 0.000000E+00 0.000000E+00 0.000000E+00 0.000000E+00 0.000000E+00 0.000000E+00 0.000000E+00 0.000000E+00 0.000000E+00 0.000000E+00 0.000000E+00 0.000000E+00 0.000000E+00 0.000000E+00 0.000000E+00 0.000000E+00 0.000000E+00 0.000000E+00 0.000000E+00 0.000000E+00 0.000000E+00 0.000000E+00 0.000000E+00 0.000000E+00 0.000000E+00 0.000000E+00 0.000000E+00 0.000000E+00 0.000000E+00 0.000000E+00 0.000000E+00 0.000000E+00 0.000000E+00 0.000000E+00 0.000000E+00 0.000000E+00 0.000000E+00 0.000000E+00 0.000000E+00 0.000000E+00 0.000000E+00 0.000000E+00 0.000000E+00 0.000000E+00 0.000000E+00 0.000000E+00 0.000000E+00 0.000000E+00 0.000000E+00 0.000000E+00 0.000000E+00 0.000000E+00 0.000000E+00 0.000000E+00 0.000000E+00 0.000000E+00 0.000000E+00 0.000000E+00 0.000000E+00 0.000000E+00 0.000000E+00 0.000000E+00 0.000000E+00 0.000000E+00 0.000000E+00 0.000000E+00 0.000000E+00 0.000000E+00 0.000000E+00 0.000000E+00 0.000000E+00 0.000000E+00 0.000000E+00 0.000000E+00 0.000000E+00 0.000000E+00 0.000000E+00 0.000000E+00 0.000000E+00 0.000000E+00 0.000000E+00 0.000000E+00 0.000000E+00 0.000000E+00 0.000000E+00 0.000000E+00 0.000000E+00 0.000000E+00 0.000000E+00 0.000000E+00 0.000000E+00 0.000000E+00 0.000000E+00 0.000000E+00 0.000000E+00 0.000000E+00 0.000000E+00 0.000000E+00 0.000000E+00 0.000000E+00 0.000000E+00 0.000000E+00 0.000000E+00 0.000000E+00 0.000000E+00 0.000000E+00 0.000000E+00 0.000000E+00 0.000000E+00 0.000000E+00 0.000000E+00 0.000000E+00 0.000000E+00 0.000000E+00 0.000000E+00 0.000000E+00 0.000000E+00 0.000000E+00 0.000000E+00 0.000000E+00 0.000000E+00
 0.320000E-03 0.800000E-04 0.160000E-03 0.800000E-04 0.320000E-03 0.000000E+00 0.000000E+00 0.000000E+00 0.000000E+00 0.800000E-04 0.800000E-04 0.000000E+00 0.000000E+00 0.000000E+00 0.000000E+00 0.000000E+00 0.000000E+00 0.000000E+00 0.000000E+00 0.000000E+00 0.800000E-04 0.000000E+00 0.000000E+00 0.000000E+00 0.000000E+00 0.000000E+00 0.000000E+00 0.000000E+00 0.000000E+00 0.000000E+00 0.000000E+00 0.000000E+00 0.000000E+00 0.000000E+00 0.000000E+00 0.000000E+00 0.000000E+00 0.000000E+00 0.000000E+00 0.000000E+00 0.000000E+00 0.000000E+00 0.000000E+00 0.000000E+00 0.000000E+00 0.000000E+00 0.000000E+00 0.000000E+00 0.000000E+00 0.000000E+00 0.000000E+00 0.000000E+00 0.000000E+00 0.000000E+00 0.000000E+00 0.000000E+00 0.000000E+00 0.000000E+00 0.000000E+00 0.000000E+00 0.000000E+00 0.000000E+00 0.000000E+00 0.000000E+00 0.000000E+00 0.000000E+00 0.000000E+00 0.000000E+00 0.000000E+00 0.000000E+00 0.000000E+00 0.000000E+00 0.000000E+00 0.000000E+00 0.000000E+00 0.000000E+00 0.000000E+00 0.000000E+00 0.000000E+00 0.000000E+00 0.000000E+00 0.000000E+00 0.000000E+00 0.000000E+00 0.000000E+00 0.000000E+00 0.000000E+00 0.000000E+00 0.000000E+00 0.000000E+00 0.000000E+00 0.000000E+00 0.000000E+00 0.000000E+00 0.000000E+00 0.000000E+00 0.000000E+00 0.000000E+00 0.000000E+00 0.000000E+00 0.000000E+00 0.000000E+00 0.000000E+00 0.000000E+00 0.000000E+00 0.000000E+00 0.000000E+00 0.000000E+00 0.000000E+00 0.000000E+00 0.000000E+00 0.000000E+00 0.000000E+00 0.000000E+00 0.000000E+00 0.000000E+00 0.000000E+00 0.000000E+00 0.000000E+00 0.000000E+00 0.000000E+00 0.000000E+00 0.000000E+00 0.000000E+00 0.000000E+00 0.000000E+00 0.000000E+00 0.000000E+00 0.000000E+00 0.000000E+00 0.000000E+00 0.000000E+00 0.000000E+00 0.000000E+00 0.000000E+00 0.000000E+00 0.000000E+00 0.000000E+00 0.000000E+00 0.000000E+00 0.000000E+00 0.000000E+00 0.000000E+00 0.000000E+00 0.000000E+00 0.000000E+00 0.000000E+00 0.000000E+00 0.000000E+00 0.000000E+00 0.000000E+00 0.000000E+00 0.000000E+00 0.000000E+00 0.000000E+00 0.000000E+00 0.000000E+00 0.000000E+00 0.000000E+00 0.000000E+00 0.000000E+00 0.000000E+00 0.000000E+00 0.000000E+00 0.000000E+00 0.000000E+00 0.000000E+00 0.000000E+00 0.000000E+00 0.000000E+00 0.000000E+00 0.000000E+00 0.000000E+00 0.000000E+00 0.000000E+00 0.000000E+00 0.000000E+00 0.000000E+00 0.000000E+00 0.000000E+00 0.000000E+00 0.000000E+00 0.000000E+00 0.000000E+00 0.000000E+00 0.000000E+00 0.000000E+00 0.000000E+00 0.000000E+00 0.000000E+00 0.000000E+00 0.000000E+00 0.000000E+00 0.000000E+00 0.000000E+00 0.000000E+00 0.000000E+00 0.000000E+00 0.000000E+00 0.000000E+00
 0.000000E+00 0.800000E-04 0.160000E-03 0.000000E+00 0.000000E+00 0.800000E-04 0.800000E-04 0.800000E-04 0.000000E+00 0.000000E+00 0.000000E+00 0.000000E+00 0.800000E-04 0.000000E+00 0.800000E-04 0.000000E+00 0.800000E-04 0.000000E+00 0.000000E+00 0.000000E+00 0.000000E+00 0.000000E+00 0.800000E-04 0.000000E+00 0.000000E+00 0.000000E+00 0.000000E+00 0.000000E+00 0.000000E+00 0.000000E+00 0.000000E+00 0.000000E+00 0.000000E+00 0.000000E+00 0.000000E+00 0.000000E+00 0.000000E+00 0.000000E+00 0.000000E+00 0.000000E+00 0.000000E+00 0.000000E+00 0.800000E-04 0.000000E+00 0.000000E+00 0.000000E+00 0.000000E+00 0.000000E+00 0.000000E+00 0.000000E+00 0.000000E+00 0.000000E+00 0.000000E+00 0.000000E+00 0.000000E+00 0.000000E+00 0.000000E+00 0.000000E+00 0.000000E+00 0.000000E+00 0.000000E+00 0.000000E+00 0.000000E+00 0.000000E+00 0.000000E+00 0.000000E+00 0.000000E+00 0.000000E+00 0.000000E+00 0.000000E+00 0.000000E+00 0.000000E+00 0.000000E+00 0.000000E+00 0.000000E+00 0.000000E+00 0.000000E+00 0.000000E+00 0.000000E+00 0.000000E+00 0.000000E+00 0.000000E+00 0.000000E+00 0.000000E+00 0.000000E+00 0.000000E+00 0.000000E+00 0.000000E+00 0.000000E+00 0.000000E+00 0.000000E+00 0.000000E+00 0.000000E+00 0.000000E+00 0.000000E+00 0.000000E+00 0.000000E+00 0.000000E+00 0.000000E+00 0.000000E+00 0.000000E+00 0.000000E+00 0.000000E+00 0.000000E+00 0.000000E+00 0.000000E+00 0.000000E+00 0.000000E+00 0.000000E+00 0.000000E+00 0.000000E+00 0.000000E+00 0.000000E+00 0.000000E+00 0.000000E+00 0.000000E+00 0.000000E+00 0.000000E+00 0.000000E+00 0.000000E+00 0.000000E+00 0.000000E+00 0.000000E+00 0.000000E+00 0.000000E+00 0.000000E+00 0.000000E+00 0.000000E+00 0.000000E+00 0.000000E+00 0.000000E+00 0.000000E+00 0.000000E+00 0.000000E+00 0.000000E+00 0.000000E+00 0.000000E+00 0.000000E+00 0.000000E+00 0.000000E+00 0.000000E+00 0.000000E+00 0.000000E+00 0.000000E+00 0.000000E+00 0.000000E+00 0.000000E+00 0.000000E+00 0.000000E+00 0.000000E+00 0.000000E+00 0.000000E+00 0.000000E+00 0.000000E+00 0.000000E+00 0.000000E+00 0.000000E+00 0.000000E+00 0.000000E+00 0.000000E+00 0.000000E+00 0.000000E+00 0.000000E+00 0.000000E+00 0.000000E+00 0.000000E+00 0.000000E+00 0.000000E+00 0.000000E+00 0.000000E+00 0.000000E+00 0.000000E+00 0.000000E+00 0.000000E+00 0.000000E+00 0.000000E+00 0.000000E+00 0.000000E+00 0.000000E+00 0.000000E+00 0.000000E+00 0.000000E+00 0.000000E+00 0.000000E+00 0.000000E+00 0.000000E+00 0.000000E+00 0.000000E+00 0.000000E+00 0.000000E+00 0.000000E+00 0.000000E+00 0.000000E+00 0.000000E+00 0.000000E+00 0.000000E+00 0.000000E+00 0.000000E+00 0.000000E+00 0.000000E+00
 0.480000E-03 0.160000E-03 0.000000E+00 0.800000E-04 0.800000E-04 0.000000E+00 0.320000E-03 0.000000E+00 0.800000E-04 0.000000E+00 0.000000E+00 0.000000E+00 0.000000E+00 0.000000E+00 0.000000E+00 0.800000E-04 0.000000E+00 0.000000E+00 0.000000E+00 0.000000E+00 0.000000E+00 0.000000E+00 0.800000E-04 0.000000E+00 0.000000E+00 0.000000E+00 0.000000E+00 0.000000E+00 0.000000E+00 0.000000E+00 0.000000E+00 0.000000E+00 0.160000E-03 0.000000E+00 0.000000E+00 0.000000E+00 0.000000E+00 0.000000E+00 0.000000E+00 0.000000E+00 0.000000E+00 0.000000E+00 0.000000E+00 0.000000E+00 0.000000E+00 0.000000E+00 0.000000E+00 0.000000E+00 0.000000E+00 0.000000E+00 0.000000E+00 0.000000E+00 0.000000E+00 0.000000E+00 0.000000E+00 0.000000E+00 0.000000E+00 0.000000E+00 0.000000E+00 0.000000E+00 0.000000E+00 0.000000E+00 0.000000E+00 0.000000E+00 0.000000E+00 0.000000E+00 0.000000E+00 0.000000E+00 0.000000E+00 0.000000E+00 0.000000E+00 0.000000E+00 0.000000E+00 0.000000E+00 0.000000E+00 0.000000E+00 0.000000E+00 0.000000E+00 0.000000E+00 0.000000E+00 0.000000E+00 0.000000E+00 0.000000E+00 0.000000E+00 0.000000E+00 0.000000E+00 0.000000E+00 0.000000E+00 0.000000E+00 0.000000E+00 0.000000E+00 0.000000E+00 0.000000E+00 0.000000E+00 0.000000E+00 0.000000E+00 0.000000E+00 0.000000E+00 0.000000E+00 0.000000E+00 0.000000E+00 0.000000E+00 0.000000E+00 0.000000E+00 0.000000E+00 0.000000E+00 0.000000E+00 0.000000E+00 0.000000E+00 0.000000E+00 0.000000E+00 0.000000E+00 0.000000E+00 0.000000E+00 0.000000E+00 0.000000E+00 0.000000E+00 0.000000E+00 0.000000E+00 0.000000E+00 0.000000E+00 0.000000E+00 0.000000E+00 0.000000E+00 0.000000E+00 0.000000E+00 0.000000E+00 0.000000E+00 0.000000E+00 0.000000E+00 0.000000E+00 0.000000E+00 0.000000E+00 0.000000E+00 0.000000E+00 0.000000E+00 0.000000E+00 0.000000E+00 0.000000E+00 0.000000E+00 0.000000E+00 0.000000E+00 0.000000E+00 0.000000E+00 0.000000E+00 0.000000E+00 0.000000E+00 0.000000E+00 0.000000E+00 0.000000E+00 0.000000E+00 0.000000E+00 0.000000E+00 0.000000E+00 0.000000E+00 0.000000E+00 0.000000E+00 0.000000E+00 0.000000E+00 0.000000E+00 0.000000E+00 0.000000E+00 0.000000E+00 0.000000E+00 0.000000E+00 0.000000E+00 0.000000E+00 0.000000E+00 0.000000E+00 0.000000E+00 0.000000E+00 0.000000E+00 0.000000E+00 0.000000E+00 0.000000E+00 0.000000E+00 0.000000E+00 0.000000E+00 0.000000E+00 0.000000E+00 0.000000E+00 0.000000E+00 0.000000E+00 0.000000E+00 0.000000E+00 0.000000E+00 0.000000E+00 0.000000E+00 0.000000E+00 0.000000E+00 0.000000E+00 0.000000E+00 0.000000E+00 0.000000E+00 0.000000E+00 0.000000E+00 0.000000E+00 0.000000E+00 0.000000E+00 0.000000E+00
 0.192000E-02 0.136000E-02 0.136000E-02 0.400000E-03 0.560000E-03 0.400000E-03 0.240000E-03 0.800000E-04 0.320000E-03 0.240000E-03 0.160000E-03 0.000000E+00 0.240000E-03 0.320000E-03 0.400000E-03 0.800000E-04 0.800000E-04 0.240000E-03 0.800000E-04 0.000000E+00 0.240000E-03 0.160000E-03 0.160000E-03 0.000000E+00 0.000000E+00 0.000000E+00 0.800000E-04 0.800000E-04 0.000000E+00 0.000000E+00 0.000000E+00 0.000000E+00 0.800000E-04 0.000000E+00 0.000000E+00 0.000000E+00 0.000000E+00 0.160000E-03 0.000000E+00 0.800000E-04 0.000000E+00 0.800000E-04 0.000000E+00 0.000000E+00 0.000000E+00 0.000000E+00 0.000000E+00 0.000000E+00 0.000000E+00 0.000000E+00 0.000000E+00 0.000000E+00 0.000000E+00 0.000000E+00 0.000000E+00 0.000000E+00 0.000000E+00 0.000000E+00 0.000000E+00 0.000000E+00 0.000000E+00 0.000000E+00 0.000000E+00 0.000000E+00 0.000000E+00 0.000000E+00 0.000000E+00 0.000000E+00 0.000000E+00 0.000000E+00 0.000000E+00 0.000000E+00 0.000000E+00 0.000000E+00 0.000000E+00 0.000000E+00 0.000000E+00 0.000000E+00 0.000000E+00 0.000000E+00 0.000000E+00 0.000000E+00 0.000000E+00 0.000000E+00 0.000000E+00 0.000000E+00 0.000000E+00 0.000000E+00 0.000000E+00 0.000000E+00 0.000000E+00 0.000000E+00 0.000000E+00 0.000000E+00 0.000000E+00 0.000000E+00 0.000000E+00 0.000000E+00 0.000000E+00 0.000000E+00 0.000000E+00 0.000000E+00 0.000000E+00 0.000000E+00 0.000000E+00 0.000000E+00 0.000000E+00 0.000000E+00 0.000000E+00 0.000000E+00 0.000000E+00 0.000000E+00 0.000000E+00 0.000000E+00 0.000000E+00 0.000000E+00 0.000000E+00 0.000000E+00 0.000000E+00 0.000000E+00 0.000000E+00 0.000000E+00 0.000000E+00 0.000000E+00 0.000000E+00 0.000000E+00 0.000000E+00 0.000000E+00 0.000000E+00 0.000000E+00 0.000000E+00 0.000000E+00 0.000000E+00 0.000000E+00 0.000000E+00 0.000000E+00 0.000000E+00 0.000000E+00 0.000000E+00 0.000000E+00 0.000000E+00 0.000000E+00 0.000000E+00 0.000000E+00 0.000000E+00 0.000000E+00 0.000000E+00 0.000000E+00 0.000000E+00 0.000000E+00 0.000000E+00 0.000000E+00 0.000000E+00 0.000000E+00 0.000000E+00 0.000000E+00 0.000000E+00 0.000000E+00 0.000000E+00 0.000000E+00 0.000000E+00 0.000000E+00 0.000000E+00 0.000000E+00 0.000000E+00 0.000000E+00 0.000000E+00 0.000000E+00 0.000000E+00 0.000000E+00 0.000000E+00 0.000000E+00 0.000000E+00 0.000000E+00 0.000000E+00 0.000000E+00 0.000000E+00 0.000000E+00 0.000000E+00 0.000000E+00 0.000000E+00 0.000000E+00 0.000000E+00 0.000000E+00 0.000000E+00 0.000000E+00 0.000000E+00 0.000000E+00 0.000000E+00 0.000000E+00 0.000000E+00 0.000000E+00 0.000000E+00 0.000000E+00 0.000000E+00 0.000000E+00 0.000000E+00 0.000000E+00 0.000000E+00 0.000000E+00
 0.112000E-02 0.480000E-03 0.880000E-03 0.400000E-03 0.320000E-03 0.640000E-03 0.560000E-03 0.800000E-04 0.480000E-03 0.160000E-03 0.480000E-03 0.160000E-03 0.240000E-03 0.160000E-03 0.160000E-03 0.800000E-04 0.800000E-04 0.000000E+00 0.000000E+00 0.000000E+00 0.800000E-04 0.000000E+00 0.160000E-03 0.000000E+00 0.000000E+00 0.000000E+00 0.160000E-03 0.800000E-04 0.000000E+00 0.800000E-04 0.000000E+00 0.000000E+00 0.800000E-04 0.000000E+00 0.000000E+00 0.000000E+00 0.000000E+00 0.000000E+00 0.000000E+00 0.000000E+00 0.000000E+00 0.000000E+00 0.000000E+00 0.000000E+00 0.000000E+00 0.000000E+00 0.000000E+00 0.000000E+00 0.000000E+00 0.000000E+00 0.000000E+00 0.000000E+00 0.000000E+00 0.000000E+00 0.000000E+00 0.000000E+00 0.000000E+00 0.000000E+00 0.000000E+00 0.000000E+00 0.000000E+00 0.000000E+00 0.000000E+00 0.000000E+00 0.000000E+00 0.000000E+00 0.000000E+00 0.000000E+00 0.000000E+00 0.000000E+00 0.000000E+00 0.000000E+00 0.000000E+00 0.000000E+00 0.000000E+00 0.000000E+00 0.000000E+00 0.000000E+00 0.000000E+00 0.000000E+00 0.000000E+00 0.000000E+00 0.000000E+00 0.000000E+00 0.000000E+00 0.000000E+00 0.000000E+00 0.000000E+00 0.000000E+00 0.000000E+00 0.000000E+00 0.000000E+00 0.000000E+00 0.000000E+00 0.000000E+00 0.000000E+00 0.000000E+00 0.000000E+00 0.000000E+00 0.000000E+00 0.000000E+00 0.000000E+00 0.000000E+00 0.000000E+00 0.000000E+00 0.000000E+00 0.000000E+00 0.000000E+00 0.000000E+00 0.000000E+00 0.000000E+00 0.000000E+00 0.000000E+00 0.000000E+00 0.000000E+00 0.000000E+00 0.000000E+00 0.000000E+00 0.000000E+00 0.000000E+00 0.000000E+00 0.000000E+00 0.000000E+00 0.000000E+00 0.000000E+00 0.000000E+00 0.000000E+00 0.000000E+00 0.000000E+00 0.000000E+00 0.000000E+00 0.000000E+00 0.000000E+00 0.000000E+00 0.000000E+00 0.000000E+00 0.000000E+00 0.000000E+00 0.000000E+00 0.000000E+00 0.000000E+00 0.000000E+00 0.000000E+00 0.000000E+00 0.000000E+00 0.000000E+00 0.000000E+00 0.000000E+00 0.000000E+00 0.000000E+00 0.000000E+00 0.000000E+00 0.000000E+00 0.000000E+00 0.000000E+00 0.000000E+00 0.000000E+00 0.000000E+00 0.000000E+00 0.000000E+00 0.000000E+00 0.000000E+00 0.000000E+00 0.000000E+00 0.000000E+00 0.000000E+00 0.000000E+00 0.000000E+00 0.000000E+00 0.000000E+00 0.000000E+00 0.000000E+00 0.000000E+00 0.000000E+00 0.000000E+00 0.000000E+00 0.000000E+00 0.000000E+00 0.000000E+00 0.000000E+00 0.000000E+00 0.000000E+00 0.000000E+00 0.000000E+00 0.000000E+00 0.000000E+00 0.000000E+00 0.000000E+00 0.000000E+00 0.000000E+00 0.000000E+00 0.000000E+00 0.000000E+00 0.000000E+00 0.000000E+00 0.000000E+00 0.000000E+00 0.000000E+00 0.000000E+00 0.000000E+00
 0.240000E-03 0.800000E-04 0.800000E-04 0.000000E+00 0.160000E-03 0.000000E+00 0.000000E+00 0.800000E-04 0.800000E-04 0.800000E-04 0.800000E-04 0.000000E+00 0.000000E+00 0.000000E+00 0.800000E-04 0.000000E+00 0.000000E+00 0.000000E+00 0.000000E+00 0.000000E+00 0.000000E+00 0.800000E-04 0.000000E+00 0.000000E+00 0.000000E+00 0.000000E+00 0.000000E+00 0.000000E+00 0.000000E+00 0.000000E+00 0.000000E+00 0.000000E+00 0.000000E+00 0.000000E+00 0.000000E+00 0.000000E+00 0.000000E+00 0.000000E+00 0.000000E+00 0.000000E+00 0.000000E+00 0.000000E+00 0.000000E+00 0.000000E+00 0.000000E+00 0.000000E+00 0.000000E+00 0.000000E+00 0.000000E+00 0.000000E+00 0.000000E+00 0.000000E+00 0.000000E+00 0.000000E+00 0.000000E+00 0.000000E+00 0.000000E+00 0.000000E+00 0.000000E+00 0.000000E+00 0.000000E+00 0.000000E+00 0.000000E+00 0.000000E+00 0.000000E+00 0.000000E+00 0.000000E+00 0.000000E+00 0.000000E+00 0.000000E+00 0.000000E+00 0.000000E+00 0.000000E+00 0.000000E+00 0.000000E+00 0.000000E+00 0.000000E+00 0.000000E+00 0.000000E+00 0.000000E+00 0.000000E+00 0.000000E+00 0.000000E+00 0.000000E+00 0.000000E+00 0.000000E+00 0.000000E+00 0.000000E+00 0.000000E+00 0.000000E+00 0.000000E+00 0.000000E+00 0.000000E+00 0.000000E+00 0.000000E+00 0.000000E+00 0.000000E+00 0.000000E+00 0.000000E+00 0.000000E+00 0.000000E+00 0.000000E+00 0.000000E+00 0.000000E+00 0.000000E+00 0.000000E+00 0.000000E+00 0.000000E+00 0.000000E+00 0.000000E+00 0.000000E+00 0.000000E+00 0.000000E+00 0.000000E+00 0.000000E+00 0.000000E+00 0.000000E+00 0.000000E+00 0.000000E+00 0.000000E+00 0.000000E+00 0.000000E+00 0.000000E+00 0.000000E+00 0.000000E+00 0.000000E+00 0.000000E+00 0.000000E+00 0.000000E+00 0.000000E+00 0.000000E+00 0.000000E+00 0.000000E+00 0.000000E+00 0.000000E+00 0.000000E+00 0.000000E+00 0.000000E+00 0.000000E+00 0.000000E+00 0.000000E+00 0.000000E+00 0.000000E+00 0.000000E+00 0.000000E+00 0.000000E+00 0.000000E+00 0.000000E+00 0.000000E+00 0.000000E+00 0.000000E+00 0.000000E+00 0.000000E+00 0.000000E+00 0.000000E+00 0.000000E+00 0.000000E+00 0.000000E+00 0.000000E+00 0.000000E+00 0.000000E+00 0.000000E+00 0.000000E+00 0.000000E+00 0.000000E+00 0.000000E+00 0.000000E+00 0.000000E+00 0.000000E+00 0.000000E+00 0.000000E+00 0.000000E+00 0.000000E+00 0.000000E+00 0.000000E+00 0.000000E+00 0.000000E+00 0.000000E+00 0.000000E+00 0.000000E+00 0.000000E+00 0.000000E+00 0.000000E+00 0.000000E+00 0.000000E+00 0.000000E+00 0.000000E+00 0.000000E+00 0.000000E+00 0.000000E+00 0.000000E+00 0.000000E+00 0.000000E+00 0.000000E+00 0.000000E+00 0.000000E+00 0.000000E+00 0.000000E+00 0.000000E+00 0.000000E+00
 0.320000E-03 0.800000E-04 0.160000E-03 0.800000E-04 0.320000E-03 0.000000E+00 0.000000E+00 0.000000E+00 0.000000E+00 0.800000E-04 0.800000E-04 0.000000E+00 0.000000E+00 0.000000E+00 0.000000E+00 0.000000E+00 0.000000E+00 0.000000E+00 0.000000E+00 0.000000E+00 0.800000E-04 0.000000E+00 0.000000E+00 0.000000E+00 0.000000E+00 0.000000E+00 0.000000E+00 0.000000E+00 0.000000E+00 0.000000E+00 0.000000E+00 0.000000E+00 0.000000E+00 0.000000E+00 0.000000E+00 0.000000E+00 0.000000E+00 0.000000E+00 0.000000E+00 0.000000E+00 0.000000E+00 0.000000E+00 0.000000E+00 0.000000E+00 0.000000E+00 0.000000E+00 0.000000E+00 0.000000E+00 0.000000E+00 0.000000E+00 0.000000E+00 0.000000E+00 0.000000E+00 0.000000E+00 0.000000E+00 0.000000E+00 0.000000E+00 0.000000E+00 0.000000E+00 0.000000E+00 0.000000E+00 0.000000E+00 0.000000E+00 0.000000E+00 0.000000E+00 0.000000E+00 0.000000E+00 0.000000E+00 0.000000E+00 0.000000E+00 0.000000E+00 0.000000E+00 0.000000E+00 0.000000E+00 0.000000E+00 0.000000E+00 0.000000E+00 0.000000E+00 0.000000E+00 0.000000E+00 0.000000E+00 0.000000E+00 0.000000E+00 0.000000E+00 0.000000E+00 0.000000E+00 0.000000E+00 0.000000E+00 0.000000E+00 0.000000E+00 0.000000E+00 0.000000E+00 0.000000E+00 0.000000E+00 0.000000E+00 0.000000E+00 0.000000E+00 0.000000E+00 0.000000E+00 0.000000E+00 0.000000E+00 0.000000E+00 0.000000E+00 0.000000E+00 0.000000E+00 0.000000E+00 0.000000E+00 0.000000E+00 0.000000E+00 0.000000E+00 0.000000E+00 0.000000E+00 0.000000E+00 0.000000E+00 0.000000E+00 0.000000E+00 0.000000E+00 0.000000E+00 0.000000E+00 0.000000E+00 0.000000E+00 0.000000E+00 0.000000E+00 0.000000E+00 0.000000E+00 0.000000E+00 0.000000E+00 0.000000E+00 0.000000E+00 0.000000E+00 0.000000E+00 0.000000E+00 0.000000E+00 0.000000E+00 0.000000E+00 0.000000E+00 0.000000E+00 0.000000E+00 0.000000E+00 0.000000E+00 0.000000E+00 0.000000E+00 0.000000E+00 0.000000E+00 0.000000E+00 0.000000E+00 0.000000E+00 0.000000E+00 0.000000E+00 0.000000E+00 0.000000E+00 0.000000E+00 0.000000E+00 0.000000E+00 0.000000E+00 0.000000E+00 0.000000E+00 0.000000E+00 0.000000E+00 0.000000E+00 0.000000E+00 0.000000E+00 0.000000E+00 0.000000E+00 0.000000E+00 0.000000E+00 0.000000E+00 0.000000E+00 0.000000E+00 0.000000E+00 0.000000E+00 0.000000E+00 0.000000E+00 0.000000E+00 0.000000E+00 0.000000E+00 0.000000E+00 0.000000E+00 0.000000E+00 0.000000E+00 0.000000E+00 0.000000E+00 0.000000E+00 0.000000E+00 0.000000E+00 0.000000E+00 0.000000E+00 0.000000E+00 0.000000E+00 0.000000E+00 0.000000E+00 0.000000E+00 0.000000E+00 0.000000E+00 0.000000E+00 0.000000E+00 0.000000E+00 0.000000E+00 0.000000E+00 0.000000E+00
 0.000000E+00 0.800000E-04 0.160000E-03 0.000000E+00 0.000000E+00 0.800000E-04 0.800000E-04 0.800000E-04 0.000000E+00 0.000000E+00 0.000000E+00 0.000000E+00 0.800000E-04 0.000000E+00 0.800000E-04 0.000000E+00 0.800000E-04 0.000000E+00 0.000000E+00 0.000000E+00 0.000000E+00 0.000000E+00 0.800000E-04 0.000000E+00 0.000000E+00 0.000000E+00 0.000000E+00 0.000000E+00 0.000000E+00 0.000000E+00 0.000000E+00 0.000000E+00 0.000000E+00 0.000000E+00 0.000000E+00 0.000000E+00 0.000000E+00 0.000000E+00 0.000000E+00 0.000000E+00 0.000000E+00 0.000000E+00 0.800000E-04 0.000000E+00 0.000000E+00 0.000000E+00 0.000000E+00 0.000000E+00 0.000000E+00 0.000000E+00 0.000000E+00 0.000000E+00 0.000000E+00 0.000000E+00 0.000000E+00 0.000000E+00 0.000000E+00 0.000000E+00 0.000000E+00 0.000000E+00 0.000000E+00 0.000000E+00 0.000000E+00 0.000000E+00 0.000000E+00 0.000000E+00 0.000000E+00 0.000000E+00 0.000000E+00 0.000000E+00 0.000000E+00 0.000000E+00 0.000000E+00 0.000000E+00 0.000000E+00 0.000000E+00 0.000000E+00 0.000000E+00 0.000000E+00 0.000000E+00 0.000000E+00 0.000000E+00 0.000000E+00 0.000000E+00 0.000000E+00 0.000000E+00 0.000000E+00 0.000000E+00 0.000000E+00 0.000000E+00 0.000000E+00 0.000000E+00 0.000000E+00 0.000000E+00 0.000000E+00 0.000000E+00 0.000000E+00 0.000000E+00 0.000000E+00 0.000000E+00 0.000000E+00 0.000000E+00 0.000000E+00 0.000000E+00 0.000000E+00 0.000000E+00 0.000000E+00 0.000000E+00 0.000000E+00 0.000000E+00 0.000000E+00 0.000000E+00 0.000000E+00 0.000000E+00 0.000000E+00 0.000000E+00 0.000000E+00 0.000000E+00 0.000000E+00 0.000000E+00 0.000000E+00 0.000000E+00 0.000000E+00 0.000000E+00 0.000000E+00 0.000000E+00 0.000000E+00 0.000000E+00 0.000000E+00 0.000000E+00 0.000000E+00 0.000000E+00 0.000000E+00 0.000000E+00 0.000000E+00 0.000000E+00 0.000000E+00 0.000000E+00 0.000000E+00 0.000000E+00 0.000000E+00 0.000000E+00 0.000000E+00 0.000000E+00 0.000000E+00 0.000000E+00 0.000000E+00 0.000000E+00 0.000000E+00 0.000000E+00 0.000000E+00 0.000000E+00 0.000000E+00 0.000000E+00 0.000000E+00 0.000000E+00 0.000000E+00 0.000000E+00 0.000000E+00 0.000000E+00 0.000000E+00 0.000000E+00 0.000000E+00 0.000000E+00 0.000000E+00 0.000000E+00 0.000000E+00 0.000000E+00 0.000000E+00 0.000000E+00 0.000000E+00 0.000000E+00 0.000000E+00 0.000000E+00 0.000000E+00 0.000000E+00 0.000000E+00 0.000000E+00 0.000000E+00 0.000000E+00 0.000000E+00 0.000000E+00 0.000000E+00 0.000000E+00 0.000000E+00 0.000000E+00 0.000000E+00 0.000000E+00 0.000000E+00 0.000000E+00 0.000000E+00 0.000000E+00 0.000000E+00 0.000000E+00 0.000000E+00 0.000000E+00 0.000000E+00 0.000000E+00 0.000000E+00 0.000000E+00
 0.480000E-03 0.160000E-03 0.000000E+00 0.800000E-04 0.800000E-04 0.000000E+00 0.320000E-03 0.000000E+00 0.800000E-04 0.000000E+00 0.000000E+00 0.000000E+00 0.000000E+00 0.000000E+00 0.000000E+00 0.800000E-04 0.000000E+00 0.000000E+00 0.000000E+00 0.000000E+00 0.000000E+00 0.000000E+00 0.800000E-04 0.000000E+00 0.000000E+00 0.000000E+00 0.000000E+00 0.000000E+00 0.000000E+00 0.000000E+00 0.000000E+00 0.000000E+00 0.160000E-03 0.000000E+00 0.000000E+00 0.000000E+00 0.000000E+00 0.000000E+00 0.000000E+00 0.000000E+00 0.000000E+00 0.000000E+00 0.000000E+00 0.000000E+00 0.000000E+00 0.000000E+00 0.000000E+00 0.000000E+00 0.000000E+00 0.000000E+00 0.000000E+00 0.000000E+00 0.000000E+00 0.000000E+00 0.000000E+00 0.000000E+00 0.000000E+00 0.000000E+00 0.000000E+00 0.000000E+00 0.000000E+00 0.000000E+00 0.000000E+00 0.000000E+00 0.000000E+00 0.000000E+00 0.000000E+00 0.000000E+00 0.000000E+00 0.000000E+00 0.000000E+00 0.000000E+00 0.000000E+00 0.000000E+00 0.000000E+00 0.000000E+00 0.000000E+00 0.000000E+00 0.000000E+00 0.000000E+00 0.000000E+00 0.000000E+00 0.000000E+00 0.000000E+00 0.000000E+00 0.000000E+00 0.000000E+00 0.000000E+00 0.000000E+00 0.000000E+00 0.000000E+00 0.000000E+00 0.000000E+00 0.000000E+00 0.000000E+00 0.000000E+00 0.000000E+00 0.000000E+00 0.000000E+00 0.000000E+00 0.000000E+00 0.000000E+00 0.000000E+00 0.000000E+00 0.000000E+00 0.000000E+00 0.000000E+00 0.000000E+00 0.000000E+00 0.000000E+00 0.000000E+00 0.000000E+00 0.000000E+00 0.000000E+00 0.000000E+00 0.000000E+00 0.000000E+00 0.000000E+00 0.000000E+00 0.000000E+00 0.000000E+00 0.000000E+00 0.000000E+00 0.000000E+00 0.000000E+00 0.000000E+00 0.000000E+00 0.000000E+00 0.000000E+00 0.000000E+00 0.000000E+00 0.000000E+00 0.000000E+00 0.000000E+00 0.000000E+00 0.000000E+00 0.000000E+00 0.000000E+00 0.000000E+00 0.000000E+00 0.000000E+00 0.000000E+00 0.000000E+00 0.000000E+00 0.000000E+00 0.000000E+00 0.000000E+00 0.000000E+00 0.000000E+00 0.000000E+00 0.000000E+00 0.000000E+00 0.000000E+00 0.000000E+00 0.000000E+00 0.000000E+00 0.000000E+00 0.000000E+00 0.000000E+00 0.000000E+00 0.000000E+00 0.000000E+00 0.000000E+00 0.000000E+00 0.000000E+00 0.000000E+00 0.000000E+00 0.000000E+00 0.000000E+00 0.000000E+00 0.000000E+00 0.000000E+00 0.000000E+00 0.000000E+00 0.000000E+00 0.000000E+00 0.000000E+00 0.000000E+00 0.000000E+00 0.000000E+00 0.000000E+00 0.000000E+00 0.000000E+00 0.000000E+00 0.000000E+00 0.000000E+00 0.000000E+00 0.000000E+00 0.000000E+00 0.000000E+00 0.000000E+00 0.000000E+00 0.000000E+00 0.000000E+00 0.000000E+00 0.000000E+00 0.000000E+00 0.000000E+00 0.000000E+00 0.000000E+00
 0.192000E-02 0.136000E-02 0.136000E-02 0.400000E-03 0.560000E-03 0.400000E-03 0.240000E-03 0.800000E-04 0.320000E-03 0.240000E-03 0.160000E-03 0.000000E+00 0.240000E-03 0.320000E-03 0.400000E-03 0.800000E-04 0.800000E-04 0.240000E-03 0.800000E-04 0.000000E+00 0.240000E-03 0.160000E-03 0.160000E-03 0.000000E+00 0.000000E+00 0.000000E+00 0.800000E-04 0.800000E-04 0.000000E+00 0.000000E+00 0.000000E+00 0.000000E+00 0.800000E-04 0.000000E+00 0.000000E+00 0.000000E+00 0.000000E+00 0.160000E-03 0.000000E+00 0.800000E-04 0.000000E+00 0.800000E-04 0.000000E+00 0.000000E+00 0.000000E+00 0.000000E+00 0.000000E+00 0.000000E+00 0.000000E+00 0.000000E+00 0.000000E+00 0.000000E+00 0.000000E+00 0.000000E+00 0.000000E+00 0.000000E+00 0.000000E+00 0.000000E+00 0.000000E+00 0.000000E+00 0.000000E+00 0.000000E+00 0.000000E+00 0.000000E+00 0.000000E+00 0.000000E+00 0.000000E+00 0.000000E+00 0.000000E+00 0.000000E+00 0.000000E+00 0.000000E+00 0.000000E+00 0.000000E+00 0.000000E+00 0.000000E+00 0.000000E+00 0.000000E+00 0.000000E+00 0.000000E+00 0.000000E+00 0.000000E+00 0.000000E+00 0.000000E+00 0.000000E+00 0.000000E+00 0.000000E+00 0.000000E+00 0.000000E+00 0.000000E+00 0.000000E+00 0.000000E+00 0.000000E+00 0.000000E+00 0.000000E+00 0.000000E+00 0.000000E+00 0.000000E+00 0.000000E+00 0.000000E+00 0.000000E+00 0.000000E+00 0.000000E+00 0.000000E+00 0.000000E+00 0.000000E+00 0.000000E+00 0.000000E+00 0.000000E+00 0.000000E+00 0.000000E+00 0.000000E+00 0.000000E+00 0.000000E+00 0.000000E+00 0.000000E+00 0.000000E+00 0.000000E+00 0.000000E+00 0.000000E+00 0.000000E+00 0.000000E+00 0.000000E+00 0.000000E+00 0.000000E+00 0.000000E+00 0.000000E+00 0.000000E+00 0.000000E+00 0.000000E+00 0.000000E+00 0.000000E+00 0.000000E+00 0.000000E+00 0.000000E+00 0.000000E+00 0.000000E+00 0.000000E+00 0.000000E+00 0.000000E+00 0.000000E+00 0.000000E+00 0.000000E+00 0.000000E+00 0.000000E+00 0.000000E+00 0.000000E+00 0.000000E+00 0.000000E+00 0.000000E+00 0.000000E+00 0.000000E+00 0.000000E+00 0.000000E+00 0.000000E+00 0.000000E+00 0.000000E+00 0.000000E+00 0.000000E+00 0.000000E+00 0.000000E+00 0.000000E+00 0.000000E+00 0.000000E+00 0.000000E+00 0.000000E+00 0.000000E+00 0.000000E+00 0.000000E+00 0.000000E+00 0.000000E+00 0.000000E+00 0.000000E+00 0.000000E+00 0.000000E+00 0.000000E+00 0.000000E+00 0.000000E+00 0.000000E+00 0.000000E+00 0.000000E+00 0.000000E+00 0.000000E+00 0.000000E+00 0.000000E+00 0.000000E+00 0.000000E+00 0.000000E+00 0.000000E+00 0.000000E+00 0.000000E+00 0.000000E+00 0.000000E+00 0.000000E+00 0.000000E+00 0.000000E+00 0.000000E+00 0.000000E+00 0.000000E+00 0.000000E+00
 0.112000E-02 0.480000E-03 0.880000E-03 0.400000E-03 0.320000E-03 0.640000E-03 0.560000E-03 0.800000E-04 0.480000E-03 0.160000E-03 0.480000E-03 0.160000E-03 0.240000E-03 0.160000E-03 0.160000E-03 0.800000E-04 0.800000E-04 0.000000E+00 0.000000E+00 0.000000E+00 0.800000E-04 0.000000E+00 0.160000E-03 0.000000E+00 0.000000E+00 0.000000E+00 0.160000E-03 0.800000E-04 0.000000E+00 0.800000E-04 0.000000E+00 0.000000E+00 0.800000E-04 0.000000E+00 0.000000E+00 0.000000E+00 0.000000E+00 0.000000E+00 0.000000E+00 0.000000E+00 0.000000E+00 0.000000E+00 0.000000E+00 0.000000E+00 0.000000E+00 0.000000E+00 0.000000E+00 0.000000E+00 0.000000E+00 0.000000E+00 0.000000E+00 0.000000E+00 0.000000E+00 0.000000E+00 0.000000E+00 0.000000E+00 0.000000E+00 0.000000E+00 0.000000E+00 0.000000E+00 0.000000E+00 0.000000E+00 0.000000E+00 0.000000E+00 0.000000E+00 0.000000E+00 0.000000E+00 0.000000E+00 0.000000E+00 0.000000E+00 0.000000E+00 0.000000E+00 0.000000E+00 0.000000E+00 0.000000E+00 0.000000E+00 0.000000E+00 0.000000E+00 0.000000E+00 0.000000E+00 0.000000E+00 0.000000E+00 0.000000E+00 0.000000E+00 0.000000E+00 0.000000E+00 0.000000E+00 0.000000E+00 0.000000E+00 0.000000E+00 0.000000E+00 0.000000E+00 0.000000E+00 0.000000E+00 0.000000E+00 0.000000E+00 0.000000E+00 0.000000E+00 0.000000E+00 0.000000E+00 0.000000E+00 0.000000E+00 0.000000E+00 0.000000E+00 0.000000E+00 0.000000E+00 0.000000E+00 0.000000E+00 0.000000E+00 0.000000E+00 0.000000E+00 0.000000E+00 0.000000E+00 0.000000E+00 0.000000E+00 0.000000E+00 0.000000E+00 0.000000E+00 0.000000E+00 0.000000E+00 0.000000E+00 0.000000E+00 0.000000E+00 0.000000E+00 0.000000E+00 0.000000E+00 0.000000E+00 0.000000E+00 0.000000E+00 0.000000E+00 0.000000E+00 0.000000E+00 0.000000E+00 0.000000E+00 0.000000E+00 0.000000E+00 0.000000E+00 0.000000E+00 0.000000E+00 0.000000E+00 0.000000E+00 0.000000E+00 0.000000E+00 0.000000E+00 0.000000E+00 0.000000E+00 0.000000E+00 0.000000E+00 0.000000E+00 0.000000E+00 0.000000E+00 0.000000E+00 0.000000E+00 0.000000E+00 0.000000E+00 0.000000E+00 0.000000E+00 0.000000E+00 0.000000E+00 0.000000E+00 0.000000E+00 0.000000E+00 0.000000E+00 0.000000E+00 0.000000E+00 0.000000E+00 0.000000E+00 0.000000E+00 0.000000E+00 0.000000E+00 0.000000E+00 0.000000E+00 0.000000E+00 0.000000E+00 0.000000E+00 0.000000E+00 0.000000E+00 0.000000E+00 0.000000E+00 0.000000E+00 0.000000E+00 0.000000E+00 0.000000E+00 0.000000E+00 0.000000E+00 0.000000E+00 0.000000E+00 0.000000E+00 0.000000E+00 0.000000E+00 0.000000E+00 0.000000E+00 0.000000E+00 0.000000E+00 0.000000E+00 0.000000E+00 0.000000E+00 0.000000E+00 0.000000E+00 0.000000E+00
