### Run with WimpAnn version = wimpann-2.08                            
###   Using Pythia version   = Pythia 6.400    
###   Using nusigma version  = nusigma-1.15-pyr                        
###   Using DarkSUSY version = ds-4.1.6                                
###   WimpAnn run started at date 2007-09-10; time 20:33:03
### Neutrino oscillation parameters
#      theta_12 =  0.00000000E+00
#      theta_13 =  0.00000000E+00
#      theta_23 =  0.00000000E+00
#         delta =  0.00000000E+00
#  delta_m^2_21 =  0.81000000E-04
#  delta_m^2_31 =  0.22000000E-02
### WimpAnn run parameters
#  Annihilation channel =         2
#  Generated particles =  b                bbar            
#  WIMP mass =  0.50000000E+03
#  Number of annihilations =   2500000
#  Source = Sun
#...dPhi/dz in  200 bins from 0 to 1
#...Line  1- 6: flux at centre of Sun for neutrino 1-6
#...Line  7-12: flux at surface of Sun for neutrino 1-6
#...Line 13-18: flux at 1 AU from the Sun for neutrino 1-6
#...Line 19-24: flux at surface of Sun for secondary neutrino 1-6
#...Line 25-30: flux at 1 AU from the Sun for secondary neutrino 1-6
 0.684096E+01 0.527520E+01 0.411096E+01 0.332656E+01 0.268736E+01 0.227808E+01 0.194368E+01 0.166232E+01 0.145176E+01 0.127248E+01 0.112832E+01 0.100696E+01 0.906480E+00 0.828240E+00 0.726640E+00 0.676000E+00 0.609680E+00 0.559200E+00 0.511120E+00 0.473280E+00 0.426240E+00 0.397360E+00 0.368640E+00 0.344000E+00 0.310080E+00 0.293840E+00 0.270160E+00 0.262880E+00 0.238880E+00 0.227280E+00 0.207680E+00 0.190320E+00 0.180960E+00 0.168720E+00 0.163280E+00 0.152640E+00 0.129920E+00 0.126720E+00 0.120640E+00 0.115680E+00 0.106240E+00 0.106080E+00 0.924000E-01 0.880800E-01 0.817600E-01 0.782400E-01 0.741600E-01 0.720800E-01 0.691200E-01 0.634400E-01 0.599200E-01 0.539200E-01 0.512800E-01 0.456000E-01 0.436000E-01 0.449600E-01 0.401600E-01 0.393600E-01 0.360800E-01 0.325600E-01 0.329600E-01 0.328800E-01 0.284800E-01 0.264800E-01 0.248800E-01 0.212000E-01 0.212800E-01 0.172800E-01 0.207200E-01 0.185600E-01 0.168800E-01 0.165600E-01 0.143200E-01 0.147200E-01 0.158400E-01 0.139200E-01 0.140800E-01 0.116800E-01 0.960000E-02 0.840000E-02 0.936000E-02 0.960000E-02 0.832000E-02 0.832000E-02 0.648000E-02 0.656000E-02 0.576000E-02 0.568000E-02 0.544000E-02 0.528000E-02 0.456000E-02 0.504000E-02 0.336000E-02 0.384000E-02 0.344000E-02 0.248000E-02 0.256000E-02 0.272000E-02 0.232000E-02 0.312000E-02 0.272000E-02 0.248000E-02 0.152000E-02 0.168000E-02 0.208000E-02 0.120000E-02 0.120000E-02 0.960000E-03 0.160000E-02 0.560000E-03 0.800000E-03 0.960000E-03 0.560000E-03 0.560000E-03 0.960000E-03 0.320000E-03 0.560000E-03 0.480000E-03 0.560000E-03 0.320000E-03 0.480000E-03 0.320000E-03 0.240000E-03 0.160000E-03 0.400000E-03 0.800000E-04 0.800000E-04 0.800000E-04 0.800000E-04 0.800000E-04 0.160000E-03 0.000000E+00 0.160000E-03 0.160000E-03 0.000000E+00 0.160000E-03 0.800000E-04 0.800000E-04 0.000000E+00 0.000000E+00 0.800000E-04 0.000000E+00 0.000000E+00 0.000000E+00 0.000000E+00 0.800000E-04 0.800000E-04 0.000000E+00 0.000000E+00 0.000000E+00 0.000000E+00 0.000000E+00 0.000000E+00 0.000000E+00 0.000000E+00 0.000000E+00 0.000000E+00 0.000000E+00 0.000000E+00 0.000000E+00 0.000000E+00 0.000000E+00 0.000000E+00 0.000000E+00 0.000000E+00 0.000000E+00 0.000000E+00 0.000000E+00 0.000000E+00 0.000000E+00 0.000000E+00 0.000000E+00 0.000000E+00 0.000000E+00 0.000000E+00 0.000000E+00 0.000000E+00 0.000000E+00 0.000000E+00 0.000000E+00 0.000000E+00 0.000000E+00 0.000000E+00 0.000000E+00 0.000000E+00 0.000000E+00 0.000000E+00 0.000000E+00 0.000000E+00 0.000000E+00 0.000000E+00 0.000000E+00 0.000000E+00 0.000000E+00 0.000000E+00 0.000000E+00 0.000000E+00 0.000000E+00 0.000000E+00 0.000000E+00
 0.683552E+01 0.525032E+01 0.408168E+01 0.329848E+01 0.273392E+01 0.227216E+01 0.197240E+01 0.165136E+01 0.143880E+01 0.128424E+01 0.114592E+01 0.100064E+01 0.873760E+00 0.833200E+00 0.738720E+00 0.659920E+00 0.619920E+00 0.556640E+00 0.506880E+00 0.470800E+00 0.424000E+00 0.388720E+00 0.374000E+00 0.336160E+00 0.316960E+00 0.293680E+00 0.272960E+00 0.258880E+00 0.229120E+00 0.221360E+00 0.207920E+00 0.187600E+00 0.177920E+00 0.168400E+00 0.163680E+00 0.140640E+00 0.138560E+00 0.123120E+00 0.124160E+00 0.112480E+00 0.105520E+00 0.962400E-01 0.913600E-01 0.911200E-01 0.842400E-01 0.777600E-01 0.740000E-01 0.699200E-01 0.678400E-01 0.641600E-01 0.612000E-01 0.544800E-01 0.523200E-01 0.508800E-01 0.452000E-01 0.451200E-01 0.404800E-01 0.368000E-01 0.349600E-01 0.359200E-01 0.312800E-01 0.294400E-01 0.276000E-01 0.253600E-01 0.248000E-01 0.232000E-01 0.236800E-01 0.192800E-01 0.197600E-01 0.188800E-01 0.178400E-01 0.160000E-01 0.153600E-01 0.136000E-01 0.147200E-01 0.128800E-01 0.111200E-01 0.114400E-01 0.112000E-01 0.992000E-02 0.968000E-02 0.888000E-02 0.728000E-02 0.856000E-02 0.640000E-02 0.584000E-02 0.568000E-02 0.520000E-02 0.656000E-02 0.576000E-02 0.552000E-02 0.424000E-02 0.312000E-02 0.256000E-02 0.376000E-02 0.320000E-02 0.488000E-02 0.288000E-02 0.256000E-02 0.160000E-02 0.208000E-02 0.208000E-02 0.224000E-02 0.224000E-02 0.152000E-02 0.152000E-02 0.152000E-02 0.112000E-02 0.136000E-02 0.152000E-02 0.104000E-02 0.112000E-02 0.104000E-02 0.480000E-03 0.112000E-02 0.720000E-03 0.480000E-03 0.560000E-03 0.640000E-03 0.480000E-03 0.560000E-03 0.320000E-03 0.400000E-03 0.160000E-03 0.800000E-04 0.160000E-03 0.160000E-03 0.160000E-03 0.800000E-04 0.800000E-04 0.000000E+00 0.240000E-03 0.800000E-04 0.000000E+00 0.800000E-04 0.800000E-04 0.000000E+00 0.000000E+00 0.800000E-04 0.000000E+00 0.000000E+00 0.000000E+00 0.000000E+00 0.000000E+00 0.000000E+00 0.000000E+00 0.800000E-04 0.000000E+00 0.000000E+00 0.000000E+00 0.000000E+00 0.000000E+00 0.000000E+00 0.000000E+00 0.000000E+00 0.000000E+00 0.000000E+00 0.000000E+00 0.000000E+00 0.000000E+00 0.000000E+00 0.000000E+00 0.000000E+00 0.000000E+00 0.000000E+00 0.000000E+00 0.000000E+00 0.000000E+00 0.000000E+00 0.000000E+00 0.000000E+00 0.000000E+00 0.000000E+00 0.000000E+00 0.000000E+00 0.000000E+00 0.000000E+00 0.000000E+00 0.000000E+00 0.000000E+00 0.000000E+00 0.000000E+00 0.000000E+00 0.000000E+00 0.000000E+00 0.000000E+00 0.000000E+00 0.000000E+00 0.000000E+00 0.000000E+00 0.000000E+00 0.000000E+00 0.000000E+00 0.000000E+00 0.000000E+00 0.000000E+00 0.000000E+00 0.000000E+00 0.000000E+00 0.000000E+00
 0.690984E+01 0.528720E+01 0.409448E+01 0.328608E+01 0.269888E+01 0.226128E+01 0.196368E+01 0.165448E+01 0.145048E+01 0.127696E+01 0.111120E+01 0.990000E+00 0.894560E+00 0.807840E+00 0.734160E+00 0.655120E+00 0.614800E+00 0.546400E+00 0.498640E+00 0.465360E+00 0.431040E+00 0.400560E+00 0.366720E+00 0.337760E+00 0.310880E+00 0.292560E+00 0.271840E+00 0.257040E+00 0.228400E+00 0.220560E+00 0.207520E+00 0.189840E+00 0.173280E+00 0.163840E+00 0.150560E+00 0.151760E+00 0.140560E+00 0.130640E+00 0.121680E+00 0.109440E+00 0.108560E+00 0.101840E+00 0.902400E-01 0.863200E-01 0.828800E-01 0.760000E-01 0.754400E-01 0.670400E-01 0.604000E-01 0.615200E-01 0.572800E-01 0.543200E-01 0.493600E-01 0.516800E-01 0.436800E-01 0.431200E-01 0.419200E-01 0.362400E-01 0.356000E-01 0.340800E-01 0.317600E-01 0.292000E-01 0.292800E-01 0.288800E-01 0.228000E-01 0.234400E-01 0.228800E-01 0.203200E-01 0.184800E-01 0.181600E-01 0.172800E-01 0.154400E-01 0.134400E-01 0.118400E-01 0.138400E-01 0.129600E-01 0.112000E-01 0.136000E-01 0.108000E-01 0.102400E-01 0.928000E-02 0.896000E-02 0.856000E-02 0.680000E-02 0.616000E-02 0.632000E-02 0.656000E-02 0.520000E-02 0.584000E-02 0.400000E-02 0.456000E-02 0.400000E-02 0.440000E-02 0.336000E-02 0.280000E-02 0.360000E-02 0.264000E-02 0.336000E-02 0.208000E-02 0.216000E-02 0.136000E-02 0.152000E-02 0.176000E-02 0.184000E-02 0.160000E-02 0.224000E-02 0.128000E-02 0.160000E-02 0.112000E-02 0.640000E-03 0.960000E-03 0.560000E-03 0.128000E-02 0.640000E-03 0.800000E-03 0.560000E-03 0.400000E-03 0.640000E-03 0.560000E-03 0.560000E-03 0.240000E-03 0.160000E-03 0.160000E-03 0.160000E-03 0.320000E-03 0.240000E-03 0.000000E+00 0.000000E+00 0.000000E+00 0.240000E-03 0.800000E-04 0.160000E-03 0.800000E-04 0.800000E-04 0.800000E-04 0.800000E-04 0.000000E+00 0.000000E+00 0.800000E-04 0.000000E+00 0.000000E+00 0.800000E-04 0.000000E+00 0.000000E+00 0.000000E+00 0.000000E+00 0.000000E+00 0.000000E+00 0.000000E+00 0.000000E+00 0.000000E+00 0.000000E+00 0.000000E+00 0.000000E+00 0.000000E+00 0.000000E+00 0.000000E+00 0.000000E+00 0.000000E+00 0.000000E+00 0.000000E+00 0.800000E-04 0.000000E+00 0.000000E+00 0.000000E+00 0.000000E+00 0.000000E+00 0.000000E+00 0.000000E+00 0.000000E+00 0.000000E+00 0.000000E+00 0.000000E+00 0.000000E+00 0.000000E+00 0.000000E+00 0.000000E+00 0.000000E+00 0.000000E+00 0.000000E+00 0.000000E+00 0.000000E+00 0.000000E+00 0.000000E+00 0.000000E+00 0.000000E+00 0.000000E+00 0.000000E+00 0.000000E+00 0.000000E+00 0.000000E+00 0.000000E+00 0.000000E+00 0.000000E+00 0.000000E+00 0.000000E+00 0.000000E+00 0.000000E+00 0.000000E+00 0.000000E+00
 0.690040E+01 0.528616E+01 0.411440E+01 0.330520E+01 0.270104E+01 0.225816E+01 0.193912E+01 0.164720E+01 0.144816E+01 0.127384E+01 0.111392E+01 0.101152E+01 0.893920E+00 0.804800E+00 0.726480E+00 0.649600E+00 0.603920E+00 0.562960E+00 0.516080E+00 0.472880E+00 0.438880E+00 0.394240E+00 0.370160E+00 0.332800E+00 0.311680E+00 0.287040E+00 0.266240E+00 0.248320E+00 0.234000E+00 0.220880E+00 0.204160E+00 0.191840E+00 0.182960E+00 0.163680E+00 0.158880E+00 0.138800E+00 0.140160E+00 0.124720E+00 0.121520E+00 0.113920E+00 0.107040E+00 0.970400E-01 0.956000E-01 0.913600E-01 0.781600E-01 0.780000E-01 0.716000E-01 0.744800E-01 0.676800E-01 0.582400E-01 0.568800E-01 0.590400E-01 0.525600E-01 0.476000E-01 0.442400E-01 0.407200E-01 0.392800E-01 0.384000E-01 0.391200E-01 0.342400E-01 0.300000E-01 0.301600E-01 0.273600E-01 0.288800E-01 0.259200E-01 0.231200E-01 0.219200E-01 0.196800E-01 0.190400E-01 0.168000E-01 0.172800E-01 0.183200E-01 0.150400E-01 0.138400E-01 0.134400E-01 0.124000E-01 0.122400E-01 0.104000E-01 0.103200E-01 0.112800E-01 0.896000E-02 0.880000E-02 0.800000E-02 0.896000E-02 0.616000E-02 0.656000E-02 0.608000E-02 0.576000E-02 0.552000E-02 0.520000E-02 0.504000E-02 0.456000E-02 0.408000E-02 0.344000E-02 0.352000E-02 0.248000E-02 0.232000E-02 0.304000E-02 0.232000E-02 0.296000E-02 0.232000E-02 0.304000E-02 0.184000E-02 0.144000E-02 0.112000E-02 0.104000E-02 0.112000E-02 0.720000E-03 0.144000E-02 0.120000E-02 0.800000E-03 0.480000E-03 0.112000E-02 0.800000E-03 0.560000E-03 0.800000E-03 0.320000E-03 0.480000E-03 0.480000E-03 0.640000E-03 0.160000E-03 0.320000E-03 0.480000E-03 0.000000E+00 0.240000E-03 0.240000E-03 0.800000E-04 0.240000E-03 0.000000E+00 0.240000E-03 0.800000E-04 0.000000E+00 0.000000E+00 0.000000E+00 0.000000E+00 0.000000E+00 0.000000E+00 0.800000E-04 0.000000E+00 0.000000E+00 0.800000E-04 0.000000E+00 0.000000E+00 0.000000E+00 0.000000E+00 0.000000E+00 0.000000E+00 0.000000E+00 0.000000E+00 0.000000E+00 0.000000E+00 0.000000E+00 0.000000E+00 0.000000E+00 0.000000E+00 0.000000E+00 0.000000E+00 0.000000E+00 0.000000E+00 0.000000E+00 0.000000E+00 0.000000E+00 0.000000E+00 0.000000E+00 0.000000E+00 0.000000E+00 0.000000E+00 0.000000E+00 0.000000E+00 0.000000E+00 0.000000E+00 0.000000E+00 0.000000E+00 0.000000E+00 0.000000E+00 0.000000E+00 0.000000E+00 0.000000E+00 0.000000E+00 0.000000E+00 0.000000E+00 0.000000E+00 0.000000E+00 0.000000E+00 0.000000E+00 0.000000E+00 0.000000E+00 0.000000E+00 0.000000E+00 0.000000E+00 0.000000E+00 0.000000E+00 0.000000E+00 0.000000E+00 0.000000E+00 0.000000E+00 0.000000E+00 0.000000E+00 0.000000E+00 0.000000E+00
 0.208840E+01 0.174256E+01 0.150112E+01 0.126456E+01 0.111432E+01 0.970400E+00 0.854880E+00 0.759120E+00 0.671920E+00 0.602320E+00 0.534480E+00 0.479440E+00 0.438080E+00 0.373840E+00 0.344000E+00 0.316880E+00 0.286480E+00 0.254800E+00 0.228880E+00 0.215760E+00 0.186160E+00 0.165840E+00 0.158880E+00 0.141760E+00 0.129600E+00 0.123120E+00 0.111280E+00 0.100480E+00 0.924000E-01 0.819200E-01 0.813600E-01 0.705600E-01 0.609600E-01 0.575200E-01 0.521600E-01 0.484800E-01 0.434400E-01 0.392800E-01 0.373600E-01 0.316000E-01 0.308800E-01 0.280000E-01 0.246400E-01 0.254400E-01 0.216800E-01 0.186400E-01 0.192000E-01 0.164000E-01 0.157600E-01 0.156000E-01 0.119200E-01 0.110400E-01 0.113600E-01 0.968000E-02 0.840000E-02 0.808000E-02 0.808000E-02 0.648000E-02 0.680000E-02 0.552000E-02 0.432000E-02 0.464000E-02 0.440000E-02 0.400000E-02 0.376000E-02 0.352000E-02 0.312000E-02 0.296000E-02 0.272000E-02 0.232000E-02 0.168000E-02 0.136000E-02 0.128000E-02 0.136000E-02 0.128000E-02 0.152000E-02 0.120000E-02 0.112000E-02 0.880000E-03 0.960000E-03 0.640000E-03 0.400000E-03 0.480000E-03 0.720000E-03 0.480000E-03 0.160000E-03 0.240000E-03 0.160000E-03 0.800000E-04 0.160000E-03 0.800000E-04 0.800000E-04 0.000000E+00 0.240000E-03 0.800000E-04 0.800000E-04 0.160000E-03 0.160000E-03 0.000000E+00 0.000000E+00 0.000000E+00 0.000000E+00 0.160000E-03 0.800000E-04 0.000000E+00 0.800000E-04 0.000000E+00 0.000000E+00 0.000000E+00 0.800000E-04 0.000000E+00 0.000000E+00 0.000000E+00 0.000000E+00 0.000000E+00 0.000000E+00 0.000000E+00 0.000000E+00 0.000000E+00 0.000000E+00 0.000000E+00 0.000000E+00 0.000000E+00 0.000000E+00 0.000000E+00 0.000000E+00 0.000000E+00 0.000000E+00 0.000000E+00 0.000000E+00 0.000000E+00 0.000000E+00 0.000000E+00 0.000000E+00 0.000000E+00 0.000000E+00 0.000000E+00 0.000000E+00 0.000000E+00 0.000000E+00 0.000000E+00 0.000000E+00 0.000000E+00 0.000000E+00 0.000000E+00 0.000000E+00 0.000000E+00 0.000000E+00 0.000000E+00 0.000000E+00 0.000000E+00 0.000000E+00 0.000000E+00 0.000000E+00 0.000000E+00 0.000000E+00 0.000000E+00 0.000000E+00 0.000000E+00 0.000000E+00 0.000000E+00 0.000000E+00 0.000000E+00 0.000000E+00 0.000000E+00 0.000000E+00 0.000000E+00 0.000000E+00 0.000000E+00 0.000000E+00 0.000000E+00 0.000000E+00 0.000000E+00 0.000000E+00 0.000000E+00 0.000000E+00 0.000000E+00 0.000000E+00 0.000000E+00 0.000000E+00 0.000000E+00 0.000000E+00 0.000000E+00 0.000000E+00 0.000000E+00 0.000000E+00 0.000000E+00 0.000000E+00 0.000000E+00 0.000000E+00 0.000000E+00 0.000000E+00 0.000000E+00 0.000000E+00 0.000000E+00 0.000000E+00 0.000000E+00 0.000000E+00 0.000000E+00 0.000000E+00
 0.208840E+01 0.173408E+01 0.150840E+01 0.129792E+01 0.111792E+01 0.969200E+00 0.850720E+00 0.754400E+00 0.672160E+00 0.596640E+00 0.541440E+00 0.470640E+00 0.422000E+00 0.374640E+00 0.353920E+00 0.308320E+00 0.280160E+00 0.250240E+00 0.233440E+00 0.207760E+00 0.191280E+00 0.175200E+00 0.159760E+00 0.144240E+00 0.133920E+00 0.115200E+00 0.107520E+00 0.101200E+00 0.892800E-01 0.859200E-01 0.782400E-01 0.698400E-01 0.617600E-01 0.600000E-01 0.498400E-01 0.494400E-01 0.432000E-01 0.407200E-01 0.336000E-01 0.362400E-01 0.319200E-01 0.292800E-01 0.292000E-01 0.237600E-01 0.224800E-01 0.187200E-01 0.187200E-01 0.172800E-01 0.136800E-01 0.137600E-01 0.130400E-01 0.111200E-01 0.105600E-01 0.113600E-01 0.800000E-02 0.816000E-02 0.648000E-02 0.672000E-02 0.616000E-02 0.632000E-02 0.440000E-02 0.376000E-02 0.464000E-02 0.440000E-02 0.336000E-02 0.288000E-02 0.336000E-02 0.200000E-02 0.208000E-02 0.176000E-02 0.200000E-02 0.144000E-02 0.120000E-02 0.112000E-02 0.800000E-03 0.640000E-03 0.560000E-03 0.720000E-03 0.720000E-03 0.880000E-03 0.480000E-03 0.560000E-03 0.160000E-03 0.240000E-03 0.240000E-03 0.800000E-04 0.640000E-03 0.160000E-03 0.240000E-03 0.160000E-03 0.160000E-03 0.000000E+00 0.160000E-03 0.800000E-04 0.240000E-03 0.160000E-03 0.800000E-04 0.000000E+00 0.800000E-04 0.800000E-04 0.160000E-03 0.000000E+00 0.000000E+00 0.800000E-04 0.800000E-04 0.000000E+00 0.800000E-04 0.800000E-04 0.000000E+00 0.800000E-04 0.800000E-04 0.000000E+00 0.000000E+00 0.800000E-04 0.000000E+00 0.800000E-04 0.000000E+00 0.000000E+00 0.000000E+00 0.000000E+00 0.000000E+00 0.800000E-04 0.000000E+00 0.000000E+00 0.000000E+00 0.000000E+00 0.800000E-04 0.000000E+00 0.000000E+00 0.000000E+00 0.000000E+00 0.000000E+00 0.000000E+00 0.000000E+00 0.000000E+00 0.000000E+00 0.000000E+00 0.000000E+00 0.000000E+00 0.000000E+00 0.000000E+00 0.000000E+00 0.000000E+00 0.000000E+00 0.000000E+00 0.000000E+00 0.000000E+00 0.000000E+00 0.000000E+00 0.000000E+00 0.000000E+00 0.000000E+00 0.000000E+00 0.000000E+00 0.000000E+00 0.000000E+00 0.000000E+00 0.000000E+00 0.000000E+00 0.000000E+00 0.000000E+00 0.000000E+00 0.000000E+00 0.000000E+00 0.000000E+00 0.000000E+00 0.000000E+00 0.000000E+00 0.000000E+00 0.000000E+00 0.000000E+00 0.000000E+00 0.000000E+00 0.000000E+00 0.000000E+00 0.000000E+00 0.000000E+00 0.000000E+00 0.000000E+00 0.000000E+00 0.000000E+00 0.000000E+00 0.000000E+00 0.000000E+00 0.000000E+00 0.000000E+00 0.000000E+00 0.000000E+00 0.000000E+00 0.000000E+00 0.000000E+00 0.000000E+00 0.000000E+00 0.000000E+00 0.000000E+00 0.000000E+00 0.000000E+00 0.000000E+00 0.000000E+00 0.000000E+00
 0.697208E+01 0.528968E+01 0.405416E+01 0.322968E+01 0.257432E+01 0.214320E+01 0.179224E+01 0.151848E+01 0.130536E+01 0.111968E+01 0.978960E+00 0.853360E+00 0.762240E+00 0.688880E+00 0.592960E+00 0.537920E+00 0.476240E+00 0.430640E+00 0.384080E+00 0.360080E+00 0.312960E+00 0.286640E+00 0.260640E+00 0.241920E+00 0.212480E+00 0.201600E+00 0.177360E+00 0.169200E+00 0.152800E+00 0.144480E+00 0.129840E+00 0.114640E+00 0.107040E+00 0.944000E-01 0.932800E-01 0.860000E-01 0.742400E-01 0.672800E-01 0.651200E-01 0.630400E-01 0.552000E-01 0.545600E-01 0.447200E-01 0.463200E-01 0.386400E-01 0.368800E-01 0.374400E-01 0.332800E-01 0.320000E-01 0.268000E-01 0.257600E-01 0.224800E-01 0.216000E-01 0.188000E-01 0.188800E-01 0.186400E-01 0.155200E-01 0.154400E-01 0.128000E-01 0.121600E-01 0.130400E-01 0.110400E-01 0.102400E-01 0.944000E-02 0.752000E-02 0.664000E-02 0.632000E-02 0.576000E-02 0.672000E-02 0.496000E-02 0.536000E-02 0.416000E-02 0.424000E-02 0.536000E-02 0.408000E-02 0.408000E-02 0.392000E-02 0.296000E-02 0.232000E-02 0.232000E-02 0.256000E-02 0.176000E-02 0.216000E-02 0.240000E-02 0.160000E-02 0.144000E-02 0.120000E-02 0.136000E-02 0.136000E-02 0.152000E-02 0.104000E-02 0.112000E-02 0.560000E-03 0.112000E-02 0.400000E-03 0.400000E-03 0.240000E-03 0.320000E-03 0.400000E-03 0.880000E-03 0.320000E-03 0.400000E-03 0.000000E+00 0.240000E-03 0.160000E-03 0.240000E-03 0.800000E-04 0.240000E-03 0.320000E-03 0.800000E-04 0.160000E-03 0.160000E-03 0.000000E+00 0.000000E+00 0.240000E-03 0.800000E-04 0.800000E-04 0.000000E+00 0.800000E-04 0.000000E+00 0.800000E-04 0.000000E+00 0.000000E+00 0.000000E+00 0.800000E-04 0.000000E+00 0.000000E+00 0.000000E+00 0.000000E+00 0.800000E-04 0.000000E+00 0.000000E+00 0.000000E+00 0.000000E+00 0.000000E+00 0.800000E-04 0.000000E+00 0.000000E+00 0.000000E+00 0.000000E+00 0.000000E+00 0.000000E+00 0.000000E+00 0.000000E+00 0.000000E+00 0.000000E+00 0.000000E+00 0.000000E+00 0.000000E+00 0.000000E+00 0.000000E+00 0.000000E+00 0.000000E+00 0.000000E+00 0.000000E+00 0.000000E+00 0.000000E+00 0.000000E+00 0.000000E+00 0.000000E+00 0.000000E+00 0.000000E+00 0.000000E+00 0.000000E+00 0.000000E+00 0.000000E+00 0.000000E+00 0.000000E+00 0.000000E+00 0.000000E+00 0.000000E+00 0.000000E+00 0.000000E+00 0.000000E+00 0.000000E+00 0.000000E+00 0.000000E+00 0.000000E+00 0.000000E+00 0.000000E+00 0.000000E+00 0.000000E+00 0.000000E+00 0.000000E+00 0.000000E+00 0.000000E+00 0.000000E+00 0.000000E+00 0.000000E+00 0.000000E+00 0.000000E+00 0.000000E+00 0.000000E+00 0.000000E+00 0.000000E+00 0.000000E+00 0.000000E+00 0.000000E+00 0.000000E+00 0.000000E+00
 0.691312E+01 0.525800E+01 0.404376E+01 0.323504E+01 0.266368E+01 0.219144E+01 0.187464E+01 0.156520E+01 0.134928E+01 0.118896E+01 0.105648E+01 0.906160E+00 0.793760E+00 0.740720E+00 0.652000E+00 0.574400E+00 0.538240E+00 0.474720E+00 0.426160E+00 0.396880E+00 0.353040E+00 0.321920E+00 0.304240E+00 0.269120E+00 0.256480E+00 0.233120E+00 0.211760E+00 0.195600E+00 0.173120E+00 0.166480E+00 0.153360E+00 0.138640E+00 0.126960E+00 0.121440E+00 0.117600E+00 0.103520E+00 0.979200E-01 0.864000E-01 0.854400E-01 0.755200E-01 0.714400E-01 0.635200E-01 0.604000E-01 0.604000E-01 0.552800E-01 0.484000E-01 0.476000E-01 0.447200E-01 0.424000E-01 0.400000E-01 0.363200E-01 0.324000E-01 0.312800E-01 0.289600E-01 0.270400E-01 0.268000E-01 0.209600E-01 0.208000E-01 0.190400E-01 0.188800E-01 0.170400E-01 0.156800E-01 0.149600E-01 0.137600E-01 0.116000E-01 0.119200E-01 0.104800E-01 0.100800E-01 0.968000E-02 0.920000E-02 0.896000E-02 0.824000E-02 0.792000E-02 0.704000E-02 0.616000E-02 0.696000E-02 0.456000E-02 0.552000E-02 0.432000E-02 0.400000E-02 0.432000E-02 0.304000E-02 0.264000E-02 0.368000E-02 0.296000E-02 0.240000E-02 0.200000E-02 0.216000E-02 0.216000E-02 0.248000E-02 0.168000E-02 0.184000E-02 0.112000E-02 0.800000E-03 0.176000E-02 0.104000E-02 0.120000E-02 0.960000E-03 0.152000E-02 0.800000E-03 0.104000E-02 0.800000E-03 0.640000E-03 0.720000E-03 0.720000E-03 0.560000E-03 0.160000E-03 0.400000E-03 0.320000E-03 0.400000E-03 0.320000E-03 0.240000E-03 0.160000E-03 0.400000E-03 0.320000E-03 0.320000E-03 0.800000E-04 0.000000E+00 0.800000E-04 0.160000E-03 0.240000E-03 0.000000E+00 0.800000E-04 0.000000E+00 0.800000E-04 0.800000E-04 0.800000E-04 0.000000E+00 0.000000E+00 0.000000E+00 0.000000E+00 0.800000E-04 0.800000E-04 0.000000E+00 0.000000E+00 0.800000E-04 0.000000E+00 0.000000E+00 0.000000E+00 0.000000E+00 0.000000E+00 0.000000E+00 0.000000E+00 0.000000E+00 0.000000E+00 0.000000E+00 0.000000E+00 0.000000E+00 0.000000E+00 0.000000E+00 0.000000E+00 0.000000E+00 0.000000E+00 0.000000E+00 0.000000E+00 0.000000E+00 0.000000E+00 0.000000E+00 0.000000E+00 0.000000E+00 0.000000E+00 0.000000E+00 0.000000E+00 0.000000E+00 0.000000E+00 0.000000E+00 0.000000E+00 0.000000E+00 0.000000E+00 0.000000E+00 0.000000E+00 0.000000E+00 0.000000E+00 0.000000E+00 0.000000E+00 0.000000E+00 0.000000E+00 0.000000E+00 0.000000E+00 0.000000E+00 0.000000E+00 0.000000E+00 0.000000E+00 0.000000E+00 0.000000E+00 0.000000E+00 0.000000E+00 0.000000E+00 0.000000E+00 0.000000E+00 0.000000E+00 0.000000E+00 0.000000E+00 0.000000E+00 0.000000E+00 0.000000E+00 0.000000E+00 0.000000E+00 0.000000E+00 0.000000E+00
 0.703624E+01 0.529864E+01 0.404256E+01 0.318752E+01 0.257808E+01 0.212832E+01 0.181488E+01 0.150536E+01 0.129280E+01 0.112216E+01 0.966000E+00 0.840080E+00 0.750960E+00 0.668640E+00 0.596240E+00 0.524240E+00 0.478320E+00 0.423200E+00 0.384480E+00 0.350720E+00 0.316000E+00 0.286560E+00 0.261360E+00 0.232880E+00 0.215040E+00 0.202800E+00 0.176640E+00 0.165760E+00 0.148960E+00 0.136640E+00 0.128560E+00 0.116880E+00 0.106080E+00 0.976000E-01 0.906400E-01 0.868800E-01 0.770400E-01 0.723200E-01 0.661600E-01 0.560000E-01 0.584800E-01 0.536800E-01 0.455200E-01 0.424800E-01 0.432800E-01 0.369600E-01 0.353600E-01 0.312000E-01 0.269600E-01 0.272000E-01 0.257600E-01 0.233600E-01 0.200000E-01 0.233600E-01 0.182400E-01 0.169600E-01 0.177600E-01 0.156000E-01 0.153600E-01 0.124800E-01 0.107200E-01 0.944000E-02 0.102400E-01 0.104000E-01 0.864000E-02 0.912000E-02 0.880000E-02 0.632000E-02 0.472000E-02 0.584000E-02 0.496000E-02 0.448000E-02 0.400000E-02 0.368000E-02 0.392000E-02 0.488000E-02 0.368000E-02 0.352000E-02 0.288000E-02 0.216000E-02 0.232000E-02 0.264000E-02 0.208000E-02 0.208000E-02 0.120000E-02 0.168000E-02 0.200000E-02 0.128000E-02 0.168000E-02 0.880000E-03 0.800000E-03 0.560000E-03 0.104000E-02 0.640000E-03 0.880000E-03 0.720000E-03 0.640000E-03 0.560000E-03 0.320000E-03 0.480000E-03 0.240000E-03 0.160000E-03 0.240000E-03 0.240000E-03 0.400000E-03 0.400000E-03 0.320000E-03 0.240000E-03 0.160000E-03 0.000000E+00 0.160000E-03 0.240000E-03 0.240000E-03 0.320000E-03 0.800000E-04 0.800000E-04 0.000000E+00 0.000000E+00 0.160000E-03 0.800000E-04 0.800000E-04 0.000000E+00 0.800000E-04 0.000000E+00 0.160000E-03 0.000000E+00 0.000000E+00 0.000000E+00 0.000000E+00 0.000000E+00 0.000000E+00 0.800000E-04 0.000000E+00 0.000000E+00 0.000000E+00 0.000000E+00 0.000000E+00 0.000000E+00 0.000000E+00 0.000000E+00 0.000000E+00 0.000000E+00 0.000000E+00 0.000000E+00 0.000000E+00 0.000000E+00 0.000000E+00 0.000000E+00 0.000000E+00 0.000000E+00 0.000000E+00 0.000000E+00 0.000000E+00 0.000000E+00 0.000000E+00 0.000000E+00 0.000000E+00 0.000000E+00 0.000000E+00 0.000000E+00 0.000000E+00 0.000000E+00 0.000000E+00 0.000000E+00 0.000000E+00 0.000000E+00 0.000000E+00 0.000000E+00 0.000000E+00 0.000000E+00 0.000000E+00 0.000000E+00 0.000000E+00 0.000000E+00 0.000000E+00 0.000000E+00 0.000000E+00 0.000000E+00 0.000000E+00 0.000000E+00 0.000000E+00 0.000000E+00 0.000000E+00 0.000000E+00 0.000000E+00 0.000000E+00 0.000000E+00 0.000000E+00 0.000000E+00 0.000000E+00 0.000000E+00 0.000000E+00 0.000000E+00 0.000000E+00 0.000000E+00 0.000000E+00 0.000000E+00 0.000000E+00 0.000000E+00 0.000000E+00
 0.696800E+01 0.528704E+01 0.407352E+01 0.325096E+01 0.263424E+01 0.217392E+01 0.185296E+01 0.156128E+01 0.136280E+01 0.117488E+01 0.102712E+01 0.921120E+00 0.805360E+00 0.722480E+00 0.641360E+00 0.566160E+00 0.526160E+00 0.483920E+00 0.438080E+00 0.389200E+00 0.365040E+00 0.321040E+00 0.299520E+00 0.272320E+00 0.251600E+00 0.230000E+00 0.207920E+00 0.185360E+00 0.173200E+00 0.166160E+00 0.154240E+00 0.144960E+00 0.135040E+00 0.118640E+00 0.113920E+00 0.958400E-01 0.992000E-01 0.869600E-01 0.816000E-01 0.752800E-01 0.736800E-01 0.645600E-01 0.606400E-01 0.580800E-01 0.485600E-01 0.522400E-01 0.452800E-01 0.464800E-01 0.416800E-01 0.336000E-01 0.347200E-01 0.364000E-01 0.325600E-01 0.281600E-01 0.259200E-01 0.250400E-01 0.228800E-01 0.206400E-01 0.208800E-01 0.177600E-01 0.160800E-01 0.157600E-01 0.127200E-01 0.159200E-01 0.137600E-01 0.130400E-01 0.113600E-01 0.103200E-01 0.960000E-02 0.864000E-02 0.872000E-02 0.976000E-02 0.712000E-02 0.680000E-02 0.632000E-02 0.552000E-02 0.536000E-02 0.488000E-02 0.416000E-02 0.488000E-02 0.400000E-02 0.416000E-02 0.336000E-02 0.368000E-02 0.232000E-02 0.280000E-02 0.200000E-02 0.264000E-02 0.224000E-02 0.168000E-02 0.192000E-02 0.168000E-02 0.168000E-02 0.128000E-02 0.128000E-02 0.104000E-02 0.960000E-03 0.880000E-03 0.960000E-03 0.128000E-02 0.880000E-03 0.104000E-02 0.800000E-03 0.720000E-03 0.560000E-03 0.400000E-03 0.400000E-03 0.320000E-03 0.640000E-03 0.320000E-03 0.320000E-03 0.240000E-03 0.400000E-03 0.160000E-03 0.800000E-04 0.160000E-03 0.160000E-03 0.800000E-04 0.160000E-03 0.800000E-04 0.000000E+00 0.160000E-03 0.240000E-03 0.000000E+00 0.800000E-04 0.000000E+00 0.000000E+00 0.000000E+00 0.000000E+00 0.160000E-03 0.000000E+00 0.000000E+00 0.000000E+00 0.000000E+00 0.000000E+00 0.000000E+00 0.000000E+00 0.000000E+00 0.000000E+00 0.000000E+00 0.000000E+00 0.000000E+00 0.000000E+00 0.000000E+00 0.000000E+00 0.000000E+00 0.000000E+00 0.000000E+00 0.000000E+00 0.000000E+00 0.000000E+00 0.000000E+00 0.000000E+00 0.000000E+00 0.000000E+00 0.000000E+00 0.000000E+00 0.000000E+00 0.000000E+00 0.000000E+00 0.000000E+00 0.000000E+00 0.000000E+00 0.000000E+00 0.000000E+00 0.000000E+00 0.000000E+00 0.000000E+00 0.000000E+00 0.000000E+00 0.000000E+00 0.000000E+00 0.000000E+00 0.000000E+00 0.000000E+00 0.000000E+00 0.000000E+00 0.000000E+00 0.000000E+00 0.000000E+00 0.000000E+00 0.000000E+00 0.000000E+00 0.000000E+00 0.000000E+00 0.000000E+00 0.000000E+00 0.000000E+00 0.000000E+00 0.000000E+00 0.000000E+00 0.000000E+00 0.000000E+00 0.000000E+00 0.000000E+00 0.000000E+00 0.000000E+00 0.000000E+00 0.000000E+00 0.000000E+00
 0.253176E+01 0.195112E+01 0.164184E+01 0.135632E+01 0.117776E+01 0.100592E+01 0.868720E+00 0.769440E+00 0.662640E+00 0.578640E+00 0.511680E+00 0.450240E+00 0.403680E+00 0.345200E+00 0.312400E+00 0.282240E+00 0.252560E+00 0.218160E+00 0.192880E+00 0.177840E+00 0.151600E+00 0.134720E+00 0.125120E+00 0.111040E+00 0.100800E+00 0.912800E-01 0.840800E-01 0.744000E-01 0.653600E-01 0.585600E-01 0.560800E-01 0.464000E-01 0.424800E-01 0.373600E-01 0.317600E-01 0.308000E-01 0.285600E-01 0.248000E-01 0.237600E-01 0.192800E-01 0.192000E-01 0.178400E-01 0.161600E-01 0.141600E-01 0.126400E-01 0.108000E-01 0.936000E-02 0.912000E-02 0.680000E-02 0.776000E-02 0.664000E-02 0.544000E-02 0.560000E-02 0.368000E-02 0.376000E-02 0.424000E-02 0.424000E-02 0.288000E-02 0.360000E-02 0.176000E-02 0.232000E-02 0.168000E-02 0.168000E-02 0.128000E-02 0.192000E-02 0.136000E-02 0.144000E-02 0.112000E-02 0.800000E-03 0.720000E-03 0.320000E-03 0.480000E-03 0.560000E-03 0.480000E-03 0.560000E-03 0.640000E-03 0.400000E-03 0.160000E-03 0.320000E-03 0.240000E-03 0.800000E-04 0.160000E-03 0.160000E-03 0.320000E-03 0.160000E-03 0.000000E+00 0.800000E-04 0.800000E-04 0.000000E+00 0.800000E-04 0.000000E+00 0.000000E+00 0.000000E+00 0.000000E+00 0.000000E+00 0.000000E+00 0.000000E+00 0.000000E+00 0.000000E+00 0.000000E+00 0.000000E+00 0.000000E+00 0.000000E+00 0.800000E-04 0.000000E+00 0.000000E+00 0.000000E+00 0.000000E+00 0.000000E+00 0.800000E-04 0.000000E+00 0.000000E+00 0.000000E+00 0.000000E+00 0.000000E+00 0.000000E+00 0.000000E+00 0.000000E+00 0.000000E+00 0.000000E+00 0.000000E+00 0.000000E+00 0.000000E+00 0.000000E+00 0.000000E+00 0.000000E+00 0.000000E+00 0.000000E+00 0.000000E+00 0.000000E+00 0.000000E+00 0.000000E+00 0.000000E+00 0.000000E+00 0.000000E+00 0.000000E+00 0.000000E+00 0.000000E+00 0.000000E+00 0.000000E+00 0.000000E+00 0.000000E+00 0.000000E+00 0.000000E+00 0.000000E+00 0.000000E+00 0.000000E+00 0.000000E+00 0.000000E+00 0.000000E+00 0.000000E+00 0.000000E+00 0.000000E+00 0.000000E+00 0.000000E+00 0.000000E+00 0.000000E+00 0.000000E+00 0.000000E+00 0.000000E+00 0.000000E+00 0.000000E+00 0.000000E+00 0.000000E+00 0.000000E+00 0.000000E+00 0.000000E+00 0.000000E+00 0.000000E+00 0.000000E+00 0.000000E+00 0.000000E+00 0.000000E+00 0.000000E+00 0.000000E+00 0.000000E+00 0.000000E+00 0.000000E+00 0.000000E+00 0.000000E+00 0.000000E+00 0.000000E+00 0.000000E+00 0.000000E+00 0.000000E+00 0.000000E+00 0.000000E+00 0.000000E+00 0.000000E+00 0.000000E+00 0.000000E+00 0.000000E+00 0.000000E+00 0.000000E+00 0.000000E+00 0.000000E+00 0.000000E+00 0.000000E+00 0.000000E+00 0.000000E+00
 0.228432E+01 0.186064E+01 0.159992E+01 0.136032E+01 0.116664E+01 0.999680E+00 0.869920E+00 0.763680E+00 0.676240E+00 0.594400E+00 0.532960E+00 0.459680E+00 0.402000E+00 0.361920E+00 0.334560E+00 0.290400E+00 0.261680E+00 0.231840E+00 0.213440E+00 0.188400E+00 0.170560E+00 0.154960E+00 0.142560E+00 0.125680E+00 0.113760E+00 0.977600E-01 0.899200E-01 0.846400E-01 0.735200E-01 0.702400E-01 0.636000E-01 0.555200E-01 0.494400E-01 0.440800E-01 0.384000E-01 0.376000E-01 0.323200E-01 0.293600E-01 0.252800E-01 0.272000E-01 0.246400E-01 0.221600E-01 0.201600E-01 0.166400E-01 0.158400E-01 0.135200E-01 0.126400E-01 0.106400E-01 0.976000E-02 0.880000E-02 0.824000E-02 0.736000E-02 0.672000E-02 0.696000E-02 0.592000E-02 0.496000E-02 0.400000E-02 0.400000E-02 0.400000E-02 0.368000E-02 0.232000E-02 0.240000E-02 0.240000E-02 0.272000E-02 0.208000E-02 0.120000E-02 0.176000E-02 0.152000E-02 0.960000E-03 0.720000E-03 0.960000E-03 0.560000E-03 0.880000E-03 0.720000E-03 0.400000E-03 0.240000E-03 0.240000E-03 0.240000E-03 0.240000E-03 0.240000E-03 0.240000E-03 0.320000E-03 0.000000E+00 0.160000E-03 0.320000E-03 0.000000E+00 0.160000E-03 0.000000E+00 0.000000E+00 0.000000E+00 0.000000E+00 0.000000E+00 0.800000E-04 0.000000E+00 0.800000E-04 0.800000E-04 0.000000E+00 0.000000E+00 0.160000E-03 0.800000E-04 0.800000E-04 0.000000E+00 0.000000E+00 0.000000E+00 0.000000E+00 0.000000E+00 0.000000E+00 0.000000E+00 0.000000E+00 0.000000E+00 0.800000E-04 0.000000E+00 0.000000E+00 0.000000E+00 0.000000E+00 0.000000E+00 0.000000E+00 0.000000E+00 0.000000E+00 0.000000E+00 0.000000E+00 0.000000E+00 0.000000E+00 0.000000E+00 0.000000E+00 0.000000E+00 0.800000E-04 0.000000E+00 0.000000E+00 0.000000E+00 0.000000E+00 0.000000E+00 0.000000E+00 0.000000E+00 0.000000E+00 0.000000E+00 0.000000E+00 0.000000E+00 0.000000E+00 0.000000E+00 0.000000E+00 0.000000E+00 0.000000E+00 0.000000E+00 0.000000E+00 0.000000E+00 0.000000E+00 0.000000E+00 0.000000E+00 0.000000E+00 0.000000E+00 0.000000E+00 0.000000E+00 0.000000E+00 0.000000E+00 0.000000E+00 0.000000E+00 0.000000E+00 0.000000E+00 0.000000E+00 0.000000E+00 0.000000E+00 0.000000E+00 0.000000E+00 0.000000E+00 0.000000E+00 0.000000E+00 0.000000E+00 0.000000E+00 0.000000E+00 0.000000E+00 0.000000E+00 0.000000E+00 0.000000E+00 0.000000E+00 0.000000E+00 0.000000E+00 0.000000E+00 0.000000E+00 0.000000E+00 0.000000E+00 0.000000E+00 0.000000E+00 0.000000E+00 0.000000E+00 0.000000E+00 0.000000E+00 0.000000E+00 0.000000E+00 0.000000E+00 0.000000E+00 0.000000E+00 0.000000E+00 0.000000E+00 0.000000E+00 0.000000E+00 0.000000E+00 0.000000E+00 0.000000E+00 0.000000E+00
 0.697208E+01 0.528968E+01 0.405416E+01 0.322968E+01 0.257432E+01 0.214320E+01 0.179224E+01 0.151848E+01 0.130536E+01 0.111968E+01 0.978960E+00 0.853360E+00 0.762240E+00 0.688880E+00 0.592960E+00 0.537920E+00 0.476240E+00 0.430640E+00 0.384080E+00 0.360080E+00 0.312960E+00 0.286640E+00 0.260640E+00 0.241920E+00 0.212480E+00 0.201600E+00 0.177360E+00 0.169200E+00 0.152800E+00 0.144480E+00 0.129840E+00 0.114640E+00 0.107040E+00 0.944000E-01 0.932800E-01 0.860000E-01 0.742400E-01 0.672800E-01 0.651200E-01 0.630400E-01 0.552000E-01 0.545600E-01 0.447200E-01 0.463200E-01 0.386400E-01 0.368800E-01 0.374400E-01 0.332800E-01 0.320000E-01 0.268000E-01 0.257600E-01 0.224800E-01 0.216000E-01 0.188000E-01 0.188800E-01 0.186400E-01 0.155200E-01 0.154400E-01 0.128000E-01 0.121600E-01 0.130400E-01 0.110400E-01 0.102400E-01 0.944000E-02 0.752000E-02 0.664000E-02 0.632000E-02 0.576000E-02 0.672000E-02 0.496000E-02 0.536000E-02 0.416000E-02 0.424000E-02 0.536000E-02 0.408000E-02 0.408000E-02 0.392000E-02 0.296000E-02 0.232000E-02 0.232000E-02 0.256000E-02 0.176000E-02 0.216000E-02 0.240000E-02 0.160000E-02 0.144000E-02 0.120000E-02 0.136000E-02 0.136000E-02 0.152000E-02 0.104000E-02 0.112000E-02 0.560000E-03 0.112000E-02 0.400000E-03 0.400000E-03 0.240000E-03 0.320000E-03 0.400000E-03 0.880000E-03 0.320000E-03 0.400000E-03 0.000000E+00 0.240000E-03 0.160000E-03 0.240000E-03 0.800000E-04 0.240000E-03 0.320000E-03 0.800000E-04 0.160000E-03 0.160000E-03 0.000000E+00 0.000000E+00 0.240000E-03 0.800000E-04 0.800000E-04 0.000000E+00 0.800000E-04 0.000000E+00 0.800000E-04 0.000000E+00 0.000000E+00 0.000000E+00 0.800000E-04 0.000000E+00 0.000000E+00 0.000000E+00 0.000000E+00 0.800000E-04 0.000000E+00 0.000000E+00 0.000000E+00 0.000000E+00 0.000000E+00 0.800000E-04 0.000000E+00 0.000000E+00 0.000000E+00 0.000000E+00 0.000000E+00 0.000000E+00 0.000000E+00 0.000000E+00 0.000000E+00 0.000000E+00 0.000000E+00 0.000000E+00 0.000000E+00 0.000000E+00 0.000000E+00 0.000000E+00 0.000000E+00 0.000000E+00 0.000000E+00 0.000000E+00 0.000000E+00 0.000000E+00 0.000000E+00 0.000000E+00 0.000000E+00 0.000000E+00 0.000000E+00 0.000000E+00 0.000000E+00 0.000000E+00 0.000000E+00 0.000000E+00 0.000000E+00 0.000000E+00 0.000000E+00 0.000000E+00 0.000000E+00 0.000000E+00 0.000000E+00 0.000000E+00 0.000000E+00 0.000000E+00 0.000000E+00 0.000000E+00 0.000000E+00 0.000000E+00 0.000000E+00 0.000000E+00 0.000000E+00 0.000000E+00 0.000000E+00 0.000000E+00 0.000000E+00 0.000000E+00 0.000000E+00 0.000000E+00 0.000000E+00 0.000000E+00 0.000000E+00 0.000000E+00 0.000000E+00 0.000000E+00 0.000000E+00 0.000000E+00
 0.691312E+01 0.525800E+01 0.404376E+01 0.323504E+01 0.266368E+01 0.219144E+01 0.187464E+01 0.156520E+01 0.134928E+01 0.118896E+01 0.105648E+01 0.906160E+00 0.793760E+00 0.740720E+00 0.652000E+00 0.574400E+00 0.538240E+00 0.474720E+00 0.426160E+00 0.396880E+00 0.353040E+00 0.321920E+00 0.304240E+00 0.269120E+00 0.256480E+00 0.233120E+00 0.211760E+00 0.195600E+00 0.173120E+00 0.166480E+00 0.153360E+00 0.138640E+00 0.126960E+00 0.121440E+00 0.117600E+00 0.103520E+00 0.979200E-01 0.864000E-01 0.854400E-01 0.755200E-01 0.714400E-01 0.635200E-01 0.604000E-01 0.604000E-01 0.552800E-01 0.484000E-01 0.476000E-01 0.447200E-01 0.424000E-01 0.400000E-01 0.363200E-01 0.324000E-01 0.312800E-01 0.289600E-01 0.270400E-01 0.268000E-01 0.209600E-01 0.208000E-01 0.190400E-01 0.188800E-01 0.170400E-01 0.156800E-01 0.149600E-01 0.137600E-01 0.116000E-01 0.119200E-01 0.104800E-01 0.100800E-01 0.968000E-02 0.920000E-02 0.896000E-02 0.824000E-02 0.792000E-02 0.704000E-02 0.616000E-02 0.696000E-02 0.456000E-02 0.552000E-02 0.432000E-02 0.400000E-02 0.432000E-02 0.304000E-02 0.264000E-02 0.368000E-02 0.296000E-02 0.240000E-02 0.200000E-02 0.216000E-02 0.216000E-02 0.248000E-02 0.168000E-02 0.184000E-02 0.112000E-02 0.800000E-03 0.176000E-02 0.104000E-02 0.120000E-02 0.960000E-03 0.152000E-02 0.800000E-03 0.104000E-02 0.800000E-03 0.640000E-03 0.720000E-03 0.720000E-03 0.560000E-03 0.160000E-03 0.400000E-03 0.320000E-03 0.400000E-03 0.320000E-03 0.240000E-03 0.160000E-03 0.400000E-03 0.320000E-03 0.320000E-03 0.800000E-04 0.000000E+00 0.800000E-04 0.160000E-03 0.240000E-03 0.000000E+00 0.800000E-04 0.000000E+00 0.800000E-04 0.800000E-04 0.800000E-04 0.000000E+00 0.000000E+00 0.000000E+00 0.000000E+00 0.800000E-04 0.800000E-04 0.000000E+00 0.000000E+00 0.800000E-04 0.000000E+00 0.000000E+00 0.000000E+00 0.000000E+00 0.000000E+00 0.000000E+00 0.000000E+00 0.000000E+00 0.000000E+00 0.000000E+00 0.000000E+00 0.000000E+00 0.000000E+00 0.000000E+00 0.000000E+00 0.000000E+00 0.000000E+00 0.000000E+00 0.000000E+00 0.000000E+00 0.000000E+00 0.000000E+00 0.000000E+00 0.000000E+00 0.000000E+00 0.000000E+00 0.000000E+00 0.000000E+00 0.000000E+00 0.000000E+00 0.000000E+00 0.000000E+00 0.000000E+00 0.000000E+00 0.000000E+00 0.000000E+00 0.000000E+00 0.000000E+00 0.000000E+00 0.000000E+00 0.000000E+00 0.000000E+00 0.000000E+00 0.000000E+00 0.000000E+00 0.000000E+00 0.000000E+00 0.000000E+00 0.000000E+00 0.000000E+00 0.000000E+00 0.000000E+00 0.000000E+00 0.000000E+00 0.000000E+00 0.000000E+00 0.000000E+00 0.000000E+00 0.000000E+00 0.000000E+00 0.000000E+00 0.000000E+00 0.000000E+00 0.000000E+00
 0.703624E+01 0.529864E+01 0.404256E+01 0.318752E+01 0.257808E+01 0.212832E+01 0.181488E+01 0.150536E+01 0.129280E+01 0.112216E+01 0.966000E+00 0.840080E+00 0.750960E+00 0.668640E+00 0.596240E+00 0.524240E+00 0.478320E+00 0.423200E+00 0.384480E+00 0.350720E+00 0.316000E+00 0.286560E+00 0.261360E+00 0.232880E+00 0.215040E+00 0.202800E+00 0.176640E+00 0.165760E+00 0.148960E+00 0.136640E+00 0.128560E+00 0.116880E+00 0.106080E+00 0.976000E-01 0.906400E-01 0.868800E-01 0.770400E-01 0.723200E-01 0.661600E-01 0.560000E-01 0.584800E-01 0.536800E-01 0.455200E-01 0.424800E-01 0.432800E-01 0.369600E-01 0.353600E-01 0.312000E-01 0.269600E-01 0.272000E-01 0.257600E-01 0.233600E-01 0.200000E-01 0.233600E-01 0.182400E-01 0.169600E-01 0.177600E-01 0.156000E-01 0.153600E-01 0.124800E-01 0.107200E-01 0.944000E-02 0.102400E-01 0.104000E-01 0.864000E-02 0.912000E-02 0.880000E-02 0.632000E-02 0.472000E-02 0.584000E-02 0.496000E-02 0.448000E-02 0.400000E-02 0.368000E-02 0.392000E-02 0.488000E-02 0.368000E-02 0.352000E-02 0.288000E-02 0.216000E-02 0.232000E-02 0.264000E-02 0.208000E-02 0.208000E-02 0.120000E-02 0.168000E-02 0.200000E-02 0.128000E-02 0.168000E-02 0.880000E-03 0.800000E-03 0.560000E-03 0.104000E-02 0.640000E-03 0.880000E-03 0.720000E-03 0.640000E-03 0.560000E-03 0.320000E-03 0.480000E-03 0.240000E-03 0.160000E-03 0.240000E-03 0.240000E-03 0.400000E-03 0.400000E-03 0.320000E-03 0.240000E-03 0.160000E-03 0.000000E+00 0.160000E-03 0.240000E-03 0.240000E-03 0.320000E-03 0.800000E-04 0.800000E-04 0.000000E+00 0.000000E+00 0.160000E-03 0.800000E-04 0.800000E-04 0.000000E+00 0.800000E-04 0.000000E+00 0.160000E-03 0.000000E+00 0.000000E+00 0.000000E+00 0.000000E+00 0.000000E+00 0.000000E+00 0.800000E-04 0.000000E+00 0.000000E+00 0.000000E+00 0.000000E+00 0.000000E+00 0.000000E+00 0.000000E+00 0.000000E+00 0.000000E+00 0.000000E+00 0.000000E+00 0.000000E+00 0.000000E+00 0.000000E+00 0.000000E+00 0.000000E+00 0.000000E+00 0.000000E+00 0.000000E+00 0.000000E+00 0.000000E+00 0.000000E+00 0.000000E+00 0.000000E+00 0.000000E+00 0.000000E+00 0.000000E+00 0.000000E+00 0.000000E+00 0.000000E+00 0.000000E+00 0.000000E+00 0.000000E+00 0.000000E+00 0.000000E+00 0.000000E+00 0.000000E+00 0.000000E+00 0.000000E+00 0.000000E+00 0.000000E+00 0.000000E+00 0.000000E+00 0.000000E+00 0.000000E+00 0.000000E+00 0.000000E+00 0.000000E+00 0.000000E+00 0.000000E+00 0.000000E+00 0.000000E+00 0.000000E+00 0.000000E+00 0.000000E+00 0.000000E+00 0.000000E+00 0.000000E+00 0.000000E+00 0.000000E+00 0.000000E+00 0.000000E+00 0.000000E+00 0.000000E+00 0.000000E+00 0.000000E+00 0.000000E+00 0.000000E+00
 0.696800E+01 0.528704E+01 0.407352E+01 0.325096E+01 0.263424E+01 0.217392E+01 0.185296E+01 0.156128E+01 0.136280E+01 0.117488E+01 0.102712E+01 0.921120E+00 0.805360E+00 0.722480E+00 0.641360E+00 0.566160E+00 0.526160E+00 0.483920E+00 0.438080E+00 0.389200E+00 0.365040E+00 0.321040E+00 0.299520E+00 0.272320E+00 0.251600E+00 0.230000E+00 0.207920E+00 0.185360E+00 0.173200E+00 0.166160E+00 0.154240E+00 0.144960E+00 0.135040E+00 0.118640E+00 0.113920E+00 0.958400E-01 0.992000E-01 0.869600E-01 0.816000E-01 0.752800E-01 0.736800E-01 0.645600E-01 0.606400E-01 0.580800E-01 0.485600E-01 0.522400E-01 0.452800E-01 0.464800E-01 0.416800E-01 0.336000E-01 0.347200E-01 0.364000E-01 0.325600E-01 0.281600E-01 0.259200E-01 0.250400E-01 0.228800E-01 0.206400E-01 0.208800E-01 0.177600E-01 0.160800E-01 0.157600E-01 0.127200E-01 0.159200E-01 0.137600E-01 0.130400E-01 0.113600E-01 0.103200E-01 0.960000E-02 0.864000E-02 0.872000E-02 0.976000E-02 0.712000E-02 0.680000E-02 0.632000E-02 0.552000E-02 0.536000E-02 0.488000E-02 0.416000E-02 0.488000E-02 0.400000E-02 0.416000E-02 0.336000E-02 0.368000E-02 0.232000E-02 0.280000E-02 0.200000E-02 0.264000E-02 0.224000E-02 0.168000E-02 0.192000E-02 0.168000E-02 0.168000E-02 0.128000E-02 0.128000E-02 0.104000E-02 0.960000E-03 0.880000E-03 0.960000E-03 0.128000E-02 0.880000E-03 0.104000E-02 0.800000E-03 0.720000E-03 0.560000E-03 0.400000E-03 0.400000E-03 0.320000E-03 0.640000E-03 0.320000E-03 0.320000E-03 0.240000E-03 0.400000E-03 0.160000E-03 0.800000E-04 0.160000E-03 0.160000E-03 0.800000E-04 0.160000E-03 0.800000E-04 0.000000E+00 0.160000E-03 0.240000E-03 0.000000E+00 0.800000E-04 0.000000E+00 0.000000E+00 0.000000E+00 0.000000E+00 0.160000E-03 0.000000E+00 0.000000E+00 0.000000E+00 0.000000E+00 0.000000E+00 0.000000E+00 0.000000E+00 0.000000E+00 0.000000E+00 0.000000E+00 0.000000E+00 0.000000E+00 0.000000E+00 0.000000E+00 0.000000E+00 0.000000E+00 0.000000E+00 0.000000E+00 0.000000E+00 0.000000E+00 0.000000E+00 0.000000E+00 0.000000E+00 0.000000E+00 0.000000E+00 0.000000E+00 0.000000E+00 0.000000E+00 0.000000E+00 0.000000E+00 0.000000E+00 0.000000E+00 0.000000E+00 0.000000E+00 0.000000E+00 0.000000E+00 0.000000E+00 0.000000E+00 0.000000E+00 0.000000E+00 0.000000E+00 0.000000E+00 0.000000E+00 0.000000E+00 0.000000E+00 0.000000E+00 0.000000E+00 0.000000E+00 0.000000E+00 0.000000E+00 0.000000E+00 0.000000E+00 0.000000E+00 0.000000E+00 0.000000E+00 0.000000E+00 0.000000E+00 0.000000E+00 0.000000E+00 0.000000E+00 0.000000E+00 0.000000E+00 0.000000E+00 0.000000E+00 0.000000E+00 0.000000E+00 0.000000E+00 0.000000E+00 0.000000E+00 0.000000E+00
 0.253176E+01 0.195112E+01 0.164184E+01 0.135632E+01 0.117776E+01 0.100592E+01 0.868720E+00 0.769440E+00 0.662640E+00 0.578640E+00 0.511680E+00 0.450240E+00 0.403680E+00 0.345200E+00 0.312400E+00 0.282240E+00 0.252560E+00 0.218160E+00 0.192880E+00 0.177840E+00 0.151600E+00 0.134720E+00 0.125120E+00 0.111040E+00 0.100800E+00 0.912800E-01 0.840800E-01 0.744000E-01 0.653600E-01 0.585600E-01 0.560800E-01 0.464000E-01 0.424800E-01 0.373600E-01 0.317600E-01 0.308000E-01 0.285600E-01 0.248000E-01 0.237600E-01 0.192800E-01 0.192000E-01 0.178400E-01 0.161600E-01 0.141600E-01 0.126400E-01 0.108000E-01 0.936000E-02 0.912000E-02 0.680000E-02 0.776000E-02 0.664000E-02 0.544000E-02 0.560000E-02 0.368000E-02 0.376000E-02 0.424000E-02 0.424000E-02 0.288000E-02 0.360000E-02 0.176000E-02 0.232000E-02 0.168000E-02 0.168000E-02 0.128000E-02 0.192000E-02 0.136000E-02 0.144000E-02 0.112000E-02 0.800000E-03 0.720000E-03 0.320000E-03 0.480000E-03 0.560000E-03 0.480000E-03 0.560000E-03 0.640000E-03 0.400000E-03 0.160000E-03 0.320000E-03 0.240000E-03 0.800000E-04 0.160000E-03 0.160000E-03 0.320000E-03 0.160000E-03 0.000000E+00 0.800000E-04 0.800000E-04 0.000000E+00 0.800000E-04 0.000000E+00 0.000000E+00 0.000000E+00 0.000000E+00 0.000000E+00 0.000000E+00 0.000000E+00 0.000000E+00 0.000000E+00 0.000000E+00 0.000000E+00 0.000000E+00 0.000000E+00 0.800000E-04 0.000000E+00 0.000000E+00 0.000000E+00 0.000000E+00 0.000000E+00 0.800000E-04 0.000000E+00 0.000000E+00 0.000000E+00 0.000000E+00 0.000000E+00 0.000000E+00 0.000000E+00 0.000000E+00 0.000000E+00 0.000000E+00 0.000000E+00 0.000000E+00 0.000000E+00 0.000000E+00 0.000000E+00 0.000000E+00 0.000000E+00 0.000000E+00 0.000000E+00 0.000000E+00 0.000000E+00 0.000000E+00 0.000000E+00 0.000000E+00 0.000000E+00 0.000000E+00 0.000000E+00 0.000000E+00 0.000000E+00 0.000000E+00 0.000000E+00 0.000000E+00 0.000000E+00 0.000000E+00 0.000000E+00 0.000000E+00 0.000000E+00 0.000000E+00 0.000000E+00 0.000000E+00 0.000000E+00 0.000000E+00 0.000000E+00 0.000000E+00 0.000000E+00 0.000000E+00 0.000000E+00 0.000000E+00 0.000000E+00 0.000000E+00 0.000000E+00 0.000000E+00 0.000000E+00 0.000000E+00 0.000000E+00 0.000000E+00 0.000000E+00 0.000000E+00 0.000000E+00 0.000000E+00 0.000000E+00 0.000000E+00 0.000000E+00 0.000000E+00 0.000000E+00 0.000000E+00 0.000000E+00 0.000000E+00 0.000000E+00 0.000000E+00 0.000000E+00 0.000000E+00 0.000000E+00 0.000000E+00 0.000000E+00 0.000000E+00 0.000000E+00 0.000000E+00 0.000000E+00 0.000000E+00 0.000000E+00 0.000000E+00 0.000000E+00 0.000000E+00 0.000000E+00 0.000000E+00 0.000000E+00 0.000000E+00 0.000000E+00 0.000000E+00
 0.228432E+01 0.186064E+01 0.159992E+01 0.136032E+01 0.116664E+01 0.999680E+00 0.869920E+00 0.763680E+00 0.676240E+00 0.594400E+00 0.532960E+00 0.459680E+00 0.402000E+00 0.361920E+00 0.334560E+00 0.290400E+00 0.261680E+00 0.231840E+00 0.213440E+00 0.188400E+00 0.170560E+00 0.154960E+00 0.142560E+00 0.125680E+00 0.113760E+00 0.977600E-01 0.899200E-01 0.846400E-01 0.735200E-01 0.702400E-01 0.636000E-01 0.555200E-01 0.494400E-01 0.440800E-01 0.384000E-01 0.376000E-01 0.323200E-01 0.293600E-01 0.252800E-01 0.272000E-01 0.246400E-01 0.221600E-01 0.201600E-01 0.166400E-01 0.158400E-01 0.135200E-01 0.126400E-01 0.106400E-01 0.976000E-02 0.880000E-02 0.824000E-02 0.736000E-02 0.672000E-02 0.696000E-02 0.592000E-02 0.496000E-02 0.400000E-02 0.400000E-02 0.400000E-02 0.368000E-02 0.232000E-02 0.240000E-02 0.240000E-02 0.272000E-02 0.208000E-02 0.120000E-02 0.176000E-02 0.152000E-02 0.960000E-03 0.720000E-03 0.960000E-03 0.560000E-03 0.880000E-03 0.720000E-03 0.400000E-03 0.240000E-03 0.240000E-03 0.240000E-03 0.240000E-03 0.240000E-03 0.240000E-03 0.320000E-03 0.000000E+00 0.160000E-03 0.320000E-03 0.000000E+00 0.160000E-03 0.000000E+00 0.000000E+00 0.000000E+00 0.000000E+00 0.000000E+00 0.800000E-04 0.000000E+00 0.800000E-04 0.800000E-04 0.000000E+00 0.000000E+00 0.160000E-03 0.800000E-04 0.800000E-04 0.000000E+00 0.000000E+00 0.000000E+00 0.000000E+00 0.000000E+00 0.000000E+00 0.000000E+00 0.000000E+00 0.000000E+00 0.800000E-04 0.000000E+00 0.000000E+00 0.000000E+00 0.000000E+00 0.000000E+00 0.000000E+00 0.000000E+00 0.000000E+00 0.000000E+00 0.000000E+00 0.000000E+00 0.000000E+00 0.000000E+00 0.000000E+00 0.000000E+00 0.800000E-04 0.000000E+00 0.000000E+00 0.000000E+00 0.000000E+00 0.000000E+00 0.000000E+00 0.000000E+00 0.000000E+00 0.000000E+00 0.000000E+00 0.000000E+00 0.000000E+00 0.000000E+00 0.000000E+00 0.000000E+00 0.000000E+00 0.000000E+00 0.000000E+00 0.000000E+00 0.000000E+00 0.000000E+00 0.000000E+00 0.000000E+00 0.000000E+00 0.000000E+00 0.000000E+00 0.000000E+00 0.000000E+00 0.000000E+00 0.000000E+00 0.000000E+00 0.000000E+00 0.000000E+00 0.000000E+00 0.000000E+00 0.000000E+00 0.000000E+00 0.000000E+00 0.000000E+00 0.000000E+00 0.000000E+00 0.000000E+00 0.000000E+00 0.000000E+00 0.000000E+00 0.000000E+00 0.000000E+00 0.000000E+00 0.000000E+00 0.000000E+00 0.000000E+00 0.000000E+00 0.000000E+00 0.000000E+00 0.000000E+00 0.000000E+00 0.000000E+00 0.000000E+00 0.000000E+00 0.000000E+00 0.000000E+00 0.000000E+00 0.000000E+00 0.000000E+00 0.000000E+00 0.000000E+00 0.000000E+00 0.000000E+00 0.000000E+00 0.000000E+00 0.000000E+00 0.000000E+00 0.000000E+00
 0.313600E-01 0.201600E-01 0.147200E-01 0.115200E-01 0.888000E-02 0.576000E-02 0.464000E-02 0.520000E-02 0.408000E-02 0.280000E-02 0.320000E-02 0.192000E-02 0.120000E-02 0.168000E-02 0.800000E-03 0.480000E-03 0.640000E-03 0.320000E-03 0.640000E-03 0.320000E-03 0.400000E-03 0.320000E-03 0.320000E-03 0.240000E-03 0.240000E-03 0.160000E-03 0.000000E+00 0.000000E+00 0.000000E+00 0.000000E+00 0.000000E+00 0.000000E+00 0.000000E+00 0.160000E-03 0.800000E-04 0.800000E-04 0.000000E+00 0.000000E+00 0.000000E+00 0.000000E+00 0.000000E+00 0.000000E+00 0.800000E-04 0.000000E+00 0.800000E-04 0.000000E+00 0.000000E+00 0.000000E+00 0.000000E+00 0.000000E+00 0.000000E+00 0.000000E+00 0.000000E+00 0.000000E+00 0.000000E+00 0.000000E+00 0.000000E+00 0.000000E+00 0.000000E+00 0.000000E+00 0.000000E+00 0.000000E+00 0.000000E+00 0.000000E+00 0.000000E+00 0.000000E+00 0.000000E+00 0.000000E+00 0.000000E+00 0.000000E+00 0.000000E+00 0.000000E+00 0.000000E+00 0.000000E+00 0.000000E+00 0.000000E+00 0.000000E+00 0.000000E+00 0.000000E+00 0.000000E+00 0.000000E+00 0.000000E+00 0.000000E+00 0.000000E+00 0.000000E+00 0.000000E+00 0.000000E+00 0.000000E+00 0.000000E+00 0.000000E+00 0.000000E+00 0.000000E+00 0.000000E+00 0.000000E+00 0.000000E+00 0.000000E+00 0.000000E+00 0.000000E+00 0.000000E+00 0.000000E+00 0.000000E+00 0.000000E+00 0.000000E+00 0.000000E+00 0.000000E+00 0.000000E+00 0.000000E+00 0.000000E+00 0.000000E+00 0.000000E+00 0.000000E+00 0.000000E+00 0.000000E+00 0.000000E+00 0.000000E+00 0.000000E+00 0.000000E+00 0.000000E+00 0.000000E+00 0.000000E+00 0.000000E+00 0.000000E+00 0.000000E+00 0.000000E+00 0.000000E+00 0.000000E+00 0.000000E+00 0.000000E+00 0.000000E+00 0.000000E+00 0.000000E+00 0.000000E+00 0.000000E+00 0.000000E+00 0.000000E+00 0.000000E+00 0.000000E+00 0.000000E+00 0.000000E+00 0.000000E+00 0.000000E+00 0.000000E+00 0.000000E+00 0.000000E+00 0.000000E+00 0.000000E+00 0.000000E+00 0.000000E+00 0.000000E+00 0.000000E+00 0.000000E+00 0.000000E+00 0.000000E+00 0.000000E+00 0.000000E+00 0.000000E+00 0.000000E+00 0.000000E+00 0.000000E+00 0.000000E+00 0.000000E+00 0.000000E+00 0.000000E+00 0.000000E+00 0.000000E+00 0.000000E+00 0.000000E+00 0.000000E+00 0.000000E+00 0.000000E+00 0.000000E+00 0.000000E+00 0.000000E+00 0.000000E+00 0.000000E+00 0.000000E+00 0.000000E+00 0.000000E+00 0.000000E+00 0.000000E+00 0.000000E+00 0.000000E+00 0.000000E+00 0.000000E+00 0.000000E+00 0.000000E+00 0.000000E+00 0.000000E+00 0.000000E+00 0.000000E+00 0.000000E+00 0.000000E+00 0.000000E+00 0.000000E+00 0.000000E+00 0.000000E+00 0.000000E+00 0.000000E+00 0.000000E+00 0.000000E+00
 0.629600E-01 0.332800E-01 0.213600E-01 0.140000E-01 0.109600E-01 0.984000E-02 0.552000E-02 0.544000E-02 0.416000E-02 0.304000E-02 0.216000E-02 0.208000E-02 0.160000E-02 0.224000E-02 0.136000E-02 0.160000E-02 0.560000E-03 0.800000E-03 0.800000E-03 0.400000E-03 0.320000E-03 0.480000E-03 0.160000E-03 0.800000E-04 0.160000E-03 0.000000E+00 0.160000E-03 0.800000E-04 0.240000E-03 0.800000E-04 0.800000E-04 0.000000E+00 0.800000E-04 0.800000E-04 0.000000E+00 0.800000E-04 0.000000E+00 0.000000E+00 0.000000E+00 0.000000E+00 0.000000E+00 0.160000E-03 0.000000E+00 0.000000E+00 0.000000E+00 0.000000E+00 0.000000E+00 0.000000E+00 0.000000E+00 0.000000E+00 0.000000E+00 0.000000E+00 0.000000E+00 0.000000E+00 0.000000E+00 0.000000E+00 0.000000E+00 0.000000E+00 0.000000E+00 0.000000E+00 0.000000E+00 0.000000E+00 0.000000E+00 0.000000E+00 0.000000E+00 0.000000E+00 0.000000E+00 0.000000E+00 0.000000E+00 0.000000E+00 0.000000E+00 0.000000E+00 0.000000E+00 0.000000E+00 0.000000E+00 0.000000E+00 0.000000E+00 0.000000E+00 0.000000E+00 0.000000E+00 0.000000E+00 0.000000E+00 0.000000E+00 0.000000E+00 0.000000E+00 0.000000E+00 0.000000E+00 0.000000E+00 0.000000E+00 0.000000E+00 0.000000E+00 0.000000E+00 0.000000E+00 0.000000E+00 0.000000E+00 0.000000E+00 0.000000E+00 0.000000E+00 0.000000E+00 0.000000E+00 0.000000E+00 0.000000E+00 0.000000E+00 0.000000E+00 0.000000E+00 0.000000E+00 0.000000E+00 0.000000E+00 0.000000E+00 0.000000E+00 0.000000E+00 0.000000E+00 0.000000E+00 0.000000E+00 0.000000E+00 0.000000E+00 0.000000E+00 0.000000E+00 0.000000E+00 0.000000E+00 0.000000E+00 0.000000E+00 0.000000E+00 0.000000E+00 0.000000E+00 0.000000E+00 0.000000E+00 0.000000E+00 0.000000E+00 0.000000E+00 0.000000E+00 0.000000E+00 0.000000E+00 0.000000E+00 0.000000E+00 0.000000E+00 0.000000E+00 0.000000E+00 0.000000E+00 0.000000E+00 0.000000E+00 0.000000E+00 0.000000E+00 0.000000E+00 0.000000E+00 0.000000E+00 0.000000E+00 0.000000E+00 0.000000E+00 0.000000E+00 0.000000E+00 0.000000E+00 0.000000E+00 0.000000E+00 0.000000E+00 0.000000E+00 0.000000E+00 0.000000E+00 0.000000E+00 0.000000E+00 0.000000E+00 0.000000E+00 0.000000E+00 0.000000E+00 0.000000E+00 0.000000E+00 0.000000E+00 0.000000E+00 0.000000E+00 0.000000E+00 0.000000E+00 0.000000E+00 0.000000E+00 0.000000E+00 0.000000E+00 0.000000E+00 0.000000E+00 0.000000E+00 0.000000E+00 0.000000E+00 0.000000E+00 0.000000E+00 0.000000E+00 0.000000E+00 0.000000E+00 0.000000E+00 0.000000E+00 0.000000E+00 0.000000E+00 0.000000E+00 0.000000E+00 0.000000E+00 0.000000E+00 0.000000E+00 0.000000E+00 0.000000E+00 0.000000E+00 0.000000E+00 0.000000E+00 0.000000E+00
 0.321600E-01 0.207200E-01 0.168000E-01 0.115200E-01 0.840000E-02 0.656000E-02 0.504000E-02 0.488000E-02 0.336000E-02 0.328000E-02 0.248000E-02 0.152000E-02 0.880000E-03 0.112000E-02 0.960000E-03 0.136000E-02 0.880000E-03 0.400000E-03 0.104000E-02 0.880000E-03 0.320000E-03 0.240000E-03 0.480000E-03 0.560000E-03 0.000000E+00 0.320000E-03 0.800000E-04 0.160000E-03 0.240000E-03 0.000000E+00 0.800000E-04 0.000000E+00 0.800000E-04 0.000000E+00 0.800000E-04 0.000000E+00 0.000000E+00 0.000000E+00 0.800000E-04 0.000000E+00 0.000000E+00 0.800000E-04 0.000000E+00 0.000000E+00 0.000000E+00 0.000000E+00 0.000000E+00 0.000000E+00 0.000000E+00 0.000000E+00 0.000000E+00 0.000000E+00 0.000000E+00 0.000000E+00 0.000000E+00 0.000000E+00 0.000000E+00 0.000000E+00 0.000000E+00 0.000000E+00 0.000000E+00 0.000000E+00 0.000000E+00 0.000000E+00 0.000000E+00 0.000000E+00 0.000000E+00 0.000000E+00 0.000000E+00 0.000000E+00 0.000000E+00 0.000000E+00 0.000000E+00 0.000000E+00 0.000000E+00 0.000000E+00 0.000000E+00 0.000000E+00 0.000000E+00 0.000000E+00 0.000000E+00 0.000000E+00 0.000000E+00 0.000000E+00 0.000000E+00 0.000000E+00 0.000000E+00 0.000000E+00 0.000000E+00 0.000000E+00 0.000000E+00 0.000000E+00 0.000000E+00 0.000000E+00 0.000000E+00 0.000000E+00 0.000000E+00 0.000000E+00 0.000000E+00 0.000000E+00 0.000000E+00 0.000000E+00 0.000000E+00 0.000000E+00 0.000000E+00 0.000000E+00 0.000000E+00 0.000000E+00 0.000000E+00 0.000000E+00 0.000000E+00 0.000000E+00 0.000000E+00 0.000000E+00 0.000000E+00 0.000000E+00 0.000000E+00 0.000000E+00 0.000000E+00 0.000000E+00 0.000000E+00 0.000000E+00 0.000000E+00 0.000000E+00 0.000000E+00 0.000000E+00 0.000000E+00 0.000000E+00 0.000000E+00 0.000000E+00 0.000000E+00 0.000000E+00 0.000000E+00 0.000000E+00 0.000000E+00 0.000000E+00 0.000000E+00 0.000000E+00 0.000000E+00 0.000000E+00 0.000000E+00 0.000000E+00 0.000000E+00 0.000000E+00 0.000000E+00 0.000000E+00 0.000000E+00 0.000000E+00 0.000000E+00 0.000000E+00 0.000000E+00 0.000000E+00 0.000000E+00 0.000000E+00 0.000000E+00 0.000000E+00 0.000000E+00 0.000000E+00 0.000000E+00 0.000000E+00 0.000000E+00 0.000000E+00 0.000000E+00 0.000000E+00 0.000000E+00 0.000000E+00 0.000000E+00 0.000000E+00 0.000000E+00 0.000000E+00 0.000000E+00 0.000000E+00 0.000000E+00 0.000000E+00 0.000000E+00 0.000000E+00 0.000000E+00 0.000000E+00 0.000000E+00 0.000000E+00 0.000000E+00 0.000000E+00 0.000000E+00 0.000000E+00 0.000000E+00 0.000000E+00 0.000000E+00 0.000000E+00 0.000000E+00 0.000000E+00 0.000000E+00 0.000000E+00 0.000000E+00 0.000000E+00 0.000000E+00 0.000000E+00 0.000000E+00 0.000000E+00 0.000000E+00 0.000000E+00
 0.587200E-01 0.324800E-01 0.223200E-01 0.151200E-01 0.124800E-01 0.736000E-02 0.648000E-02 0.496000E-02 0.392000E-02 0.288000E-02 0.272000E-02 0.200000E-02 0.880000E-03 0.128000E-02 0.800000E-03 0.144000E-02 0.880000E-03 0.480000E-03 0.320000E-03 0.400000E-03 0.320000E-03 0.400000E-03 0.320000E-03 0.000000E+00 0.800000E-04 0.160000E-03 0.160000E-03 0.800000E-04 0.800000E-04 0.000000E+00 0.160000E-03 0.800000E-04 0.800000E-04 0.160000E-03 0.000000E+00 0.000000E+00 0.800000E-04 0.000000E+00 0.000000E+00 0.800000E-04 0.000000E+00 0.000000E+00 0.000000E+00 0.000000E+00 0.000000E+00 0.000000E+00 0.000000E+00 0.000000E+00 0.000000E+00 0.000000E+00 0.000000E+00 0.000000E+00 0.000000E+00 0.000000E+00 0.000000E+00 0.000000E+00 0.000000E+00 0.000000E+00 0.000000E+00 0.000000E+00 0.000000E+00 0.000000E+00 0.000000E+00 0.000000E+00 0.000000E+00 0.000000E+00 0.000000E+00 0.000000E+00 0.000000E+00 0.000000E+00 0.000000E+00 0.000000E+00 0.000000E+00 0.000000E+00 0.000000E+00 0.000000E+00 0.000000E+00 0.000000E+00 0.000000E+00 0.000000E+00 0.000000E+00 0.000000E+00 0.000000E+00 0.000000E+00 0.000000E+00 0.000000E+00 0.000000E+00 0.000000E+00 0.000000E+00 0.000000E+00 0.000000E+00 0.000000E+00 0.000000E+00 0.000000E+00 0.000000E+00 0.000000E+00 0.000000E+00 0.000000E+00 0.000000E+00 0.000000E+00 0.000000E+00 0.000000E+00 0.000000E+00 0.000000E+00 0.000000E+00 0.000000E+00 0.000000E+00 0.000000E+00 0.000000E+00 0.000000E+00 0.000000E+00 0.000000E+00 0.000000E+00 0.000000E+00 0.000000E+00 0.000000E+00 0.000000E+00 0.000000E+00 0.000000E+00 0.000000E+00 0.000000E+00 0.000000E+00 0.000000E+00 0.000000E+00 0.000000E+00 0.000000E+00 0.000000E+00 0.000000E+00 0.000000E+00 0.000000E+00 0.000000E+00 0.000000E+00 0.000000E+00 0.000000E+00 0.000000E+00 0.000000E+00 0.000000E+00 0.000000E+00 0.000000E+00 0.000000E+00 0.000000E+00 0.000000E+00 0.000000E+00 0.000000E+00 0.000000E+00 0.000000E+00 0.000000E+00 0.000000E+00 0.000000E+00 0.000000E+00 0.000000E+00 0.000000E+00 0.000000E+00 0.000000E+00 0.000000E+00 0.000000E+00 0.000000E+00 0.000000E+00 0.000000E+00 0.000000E+00 0.000000E+00 0.000000E+00 0.000000E+00 0.000000E+00 0.000000E+00 0.000000E+00 0.000000E+00 0.000000E+00 0.000000E+00 0.000000E+00 0.000000E+00 0.000000E+00 0.000000E+00 0.000000E+00 0.000000E+00 0.000000E+00 0.000000E+00 0.000000E+00 0.000000E+00 0.000000E+00 0.000000E+00 0.000000E+00 0.000000E+00 0.000000E+00 0.000000E+00 0.000000E+00 0.000000E+00 0.000000E+00 0.000000E+00 0.000000E+00 0.000000E+00 0.000000E+00 0.000000E+00 0.000000E+00 0.000000E+00 0.000000E+00 0.000000E+00 0.000000E+00 0.000000E+00 0.000000E+00
 0.386640E+00 0.162480E+00 0.106960E+00 0.762400E-01 0.557600E-01 0.428800E-01 0.340800E-01 0.308000E-01 0.187200E-01 0.179200E-01 0.152800E-01 0.121600E-01 0.872000E-02 0.800000E-02 0.592000E-02 0.696000E-02 0.448000E-02 0.328000E-02 0.296000E-02 0.296000E-02 0.216000E-02 0.248000E-02 0.192000E-02 0.216000E-02 0.120000E-02 0.960000E-03 0.144000E-02 0.960000E-03 0.720000E-03 0.240000E-03 0.240000E-03 0.880000E-03 0.160000E-03 0.320000E-03 0.160000E-03 0.240000E-03 0.400000E-03 0.240000E-03 0.240000E-03 0.800000E-04 0.800000E-04 0.800000E-04 0.160000E-03 0.800000E-04 0.800000E-04 0.000000E+00 0.800000E-04 0.240000E-03 0.000000E+00 0.800000E-04 0.000000E+00 0.000000E+00 0.000000E+00 0.000000E+00 0.000000E+00 0.000000E+00 0.000000E+00 0.800000E-04 0.000000E+00 0.000000E+00 0.000000E+00 0.000000E+00 0.000000E+00 0.000000E+00 0.000000E+00 0.000000E+00 0.000000E+00 0.000000E+00 0.000000E+00 0.000000E+00 0.000000E+00 0.000000E+00 0.000000E+00 0.000000E+00 0.000000E+00 0.000000E+00 0.000000E+00 0.000000E+00 0.000000E+00 0.000000E+00 0.000000E+00 0.000000E+00 0.000000E+00 0.000000E+00 0.000000E+00 0.000000E+00 0.000000E+00 0.000000E+00 0.000000E+00 0.000000E+00 0.000000E+00 0.000000E+00 0.000000E+00 0.000000E+00 0.000000E+00 0.000000E+00 0.000000E+00 0.000000E+00 0.000000E+00 0.000000E+00 0.000000E+00 0.000000E+00 0.000000E+00 0.000000E+00 0.000000E+00 0.000000E+00 0.000000E+00 0.000000E+00 0.000000E+00 0.000000E+00 0.000000E+00 0.000000E+00 0.000000E+00 0.000000E+00 0.000000E+00 0.000000E+00 0.000000E+00 0.000000E+00 0.000000E+00 0.000000E+00 0.000000E+00 0.000000E+00 0.000000E+00 0.000000E+00 0.000000E+00 0.000000E+00 0.000000E+00 0.000000E+00 0.000000E+00 0.000000E+00 0.000000E+00 0.000000E+00 0.000000E+00 0.000000E+00 0.000000E+00 0.000000E+00 0.000000E+00 0.000000E+00 0.000000E+00 0.000000E+00 0.000000E+00 0.000000E+00 0.000000E+00 0.000000E+00 0.000000E+00 0.000000E+00 0.000000E+00 0.000000E+00 0.000000E+00 0.000000E+00 0.000000E+00 0.000000E+00 0.000000E+00 0.000000E+00 0.000000E+00 0.000000E+00 0.000000E+00 0.000000E+00 0.000000E+00 0.000000E+00 0.000000E+00 0.000000E+00 0.000000E+00 0.000000E+00 0.000000E+00 0.000000E+00 0.000000E+00 0.000000E+00 0.000000E+00 0.000000E+00 0.000000E+00 0.000000E+00 0.000000E+00 0.000000E+00 0.000000E+00 0.000000E+00 0.000000E+00 0.000000E+00 0.000000E+00 0.000000E+00 0.000000E+00 0.000000E+00 0.000000E+00 0.000000E+00 0.000000E+00 0.000000E+00 0.000000E+00 0.000000E+00 0.000000E+00 0.000000E+00 0.000000E+00 0.000000E+00 0.000000E+00 0.000000E+00 0.000000E+00 0.000000E+00 0.000000E+00 0.000000E+00 0.000000E+00 0.000000E+00
 0.181200E+00 0.109360E+00 0.787200E-01 0.596000E-01 0.516000E-01 0.388800E-01 0.284000E-01 0.249600E-01 0.221600E-01 0.183200E-01 0.145600E-01 0.127200E-01 0.888000E-02 0.104800E-01 0.824000E-02 0.696000E-02 0.656000E-02 0.504000E-02 0.336000E-02 0.472000E-02 0.280000E-02 0.240000E-02 0.256000E-02 0.208000E-02 0.168000E-02 0.128000E-02 0.184000E-02 0.880000E-03 0.880000E-03 0.720000E-03 0.560000E-03 0.640000E-03 0.240000E-03 0.160000E-03 0.160000E-03 0.560000E-03 0.160000E-03 0.160000E-03 0.240000E-03 0.240000E-03 0.800000E-04 0.160000E-03 0.800000E-04 0.800000E-04 0.800000E-04 0.800000E-04 0.160000E-03 0.000000E+00 0.800000E-04 0.800000E-04 0.000000E+00 0.000000E+00 0.000000E+00 0.000000E+00 0.000000E+00 0.000000E+00 0.000000E+00 0.000000E+00 0.000000E+00 0.000000E+00 0.000000E+00 0.800000E-04 0.000000E+00 0.000000E+00 0.000000E+00 0.000000E+00 0.000000E+00 0.000000E+00 0.000000E+00 0.000000E+00 0.000000E+00 0.000000E+00 0.000000E+00 0.000000E+00 0.000000E+00 0.000000E+00 0.000000E+00 0.000000E+00 0.000000E+00 0.000000E+00 0.000000E+00 0.000000E+00 0.000000E+00 0.000000E+00 0.000000E+00 0.000000E+00 0.000000E+00 0.000000E+00 0.000000E+00 0.000000E+00 0.000000E+00 0.000000E+00 0.000000E+00 0.000000E+00 0.000000E+00 0.000000E+00 0.000000E+00 0.000000E+00 0.800000E-04 0.000000E+00 0.000000E+00 0.000000E+00 0.000000E+00 0.000000E+00 0.000000E+00 0.000000E+00 0.000000E+00 0.000000E+00 0.000000E+00 0.000000E+00 0.000000E+00 0.000000E+00 0.000000E+00 0.000000E+00 0.000000E+00 0.000000E+00 0.000000E+00 0.000000E+00 0.000000E+00 0.000000E+00 0.000000E+00 0.000000E+00 0.000000E+00 0.000000E+00 0.000000E+00 0.000000E+00 0.000000E+00 0.000000E+00 0.000000E+00 0.000000E+00 0.000000E+00 0.000000E+00 0.000000E+00 0.000000E+00 0.000000E+00 0.000000E+00 0.000000E+00 0.000000E+00 0.000000E+00 0.000000E+00 0.000000E+00 0.000000E+00 0.000000E+00 0.000000E+00 0.000000E+00 0.000000E+00 0.000000E+00 0.000000E+00 0.000000E+00 0.000000E+00 0.000000E+00 0.000000E+00 0.000000E+00 0.000000E+00 0.000000E+00 0.000000E+00 0.000000E+00 0.000000E+00 0.000000E+00 0.000000E+00 0.000000E+00 0.000000E+00 0.000000E+00 0.000000E+00 0.000000E+00 0.000000E+00 0.000000E+00 0.000000E+00 0.000000E+00 0.000000E+00 0.000000E+00 0.000000E+00 0.000000E+00 0.000000E+00 0.000000E+00 0.000000E+00 0.000000E+00 0.000000E+00 0.000000E+00 0.000000E+00 0.000000E+00 0.000000E+00 0.000000E+00 0.000000E+00 0.000000E+00 0.000000E+00 0.000000E+00 0.000000E+00 0.000000E+00 0.000000E+00 0.000000E+00 0.000000E+00 0.000000E+00 0.000000E+00 0.000000E+00 0.000000E+00 0.000000E+00 0.000000E+00 0.000000E+00 0.000000E+00
 0.313600E-01 0.201600E-01 0.147200E-01 0.115200E-01 0.888000E-02 0.576000E-02 0.464000E-02 0.520000E-02 0.408000E-02 0.280000E-02 0.320000E-02 0.192000E-02 0.120000E-02 0.168000E-02 0.800000E-03 0.480000E-03 0.640000E-03 0.320000E-03 0.640000E-03 0.320000E-03 0.400000E-03 0.320000E-03 0.320000E-03 0.240000E-03 0.240000E-03 0.160000E-03 0.000000E+00 0.000000E+00 0.000000E+00 0.000000E+00 0.000000E+00 0.000000E+00 0.000000E+00 0.160000E-03 0.800000E-04 0.800000E-04 0.000000E+00 0.000000E+00 0.000000E+00 0.000000E+00 0.000000E+00 0.000000E+00 0.800000E-04 0.000000E+00 0.800000E-04 0.000000E+00 0.000000E+00 0.000000E+00 0.000000E+00 0.000000E+00 0.000000E+00 0.000000E+00 0.000000E+00 0.000000E+00 0.000000E+00 0.000000E+00 0.000000E+00 0.000000E+00 0.000000E+00 0.000000E+00 0.000000E+00 0.000000E+00 0.000000E+00 0.000000E+00 0.000000E+00 0.000000E+00 0.000000E+00 0.000000E+00 0.000000E+00 0.000000E+00 0.000000E+00 0.000000E+00 0.000000E+00 0.000000E+00 0.000000E+00 0.000000E+00 0.000000E+00 0.000000E+00 0.000000E+00 0.000000E+00 0.000000E+00 0.000000E+00 0.000000E+00 0.000000E+00 0.000000E+00 0.000000E+00 0.000000E+00 0.000000E+00 0.000000E+00 0.000000E+00 0.000000E+00 0.000000E+00 0.000000E+00 0.000000E+00 0.000000E+00 0.000000E+00 0.000000E+00 0.000000E+00 0.000000E+00 0.000000E+00 0.000000E+00 0.000000E+00 0.000000E+00 0.000000E+00 0.000000E+00 0.000000E+00 0.000000E+00 0.000000E+00 0.000000E+00 0.000000E+00 0.000000E+00 0.000000E+00 0.000000E+00 0.000000E+00 0.000000E+00 0.000000E+00 0.000000E+00 0.000000E+00 0.000000E+00 0.000000E+00 0.000000E+00 0.000000E+00 0.000000E+00 0.000000E+00 0.000000E+00 0.000000E+00 0.000000E+00 0.000000E+00 0.000000E+00 0.000000E+00 0.000000E+00 0.000000E+00 0.000000E+00 0.000000E+00 0.000000E+00 0.000000E+00 0.000000E+00 0.000000E+00 0.000000E+00 0.000000E+00 0.000000E+00 0.000000E+00 0.000000E+00 0.000000E+00 0.000000E+00 0.000000E+00 0.000000E+00 0.000000E+00 0.000000E+00 0.000000E+00 0.000000E+00 0.000000E+00 0.000000E+00 0.000000E+00 0.000000E+00 0.000000E+00 0.000000E+00 0.000000E+00 0.000000E+00 0.000000E+00 0.000000E+00 0.000000E+00 0.000000E+00 0.000000E+00 0.000000E+00 0.000000E+00 0.000000E+00 0.000000E+00 0.000000E+00 0.000000E+00 0.000000E+00 0.000000E+00 0.000000E+00 0.000000E+00 0.000000E+00 0.000000E+00 0.000000E+00 0.000000E+00 0.000000E+00 0.000000E+00 0.000000E+00 0.000000E+00 0.000000E+00 0.000000E+00 0.000000E+00 0.000000E+00 0.000000E+00 0.000000E+00 0.000000E+00 0.000000E+00 0.000000E+00 0.000000E+00 0.000000E+00 0.000000E+00 0.000000E+00 0.000000E+00 0.000000E+00 0.000000E+00 0.000000E+00 0.000000E+00
 0.629600E-01 0.332800E-01 0.213600E-01 0.140000E-01 0.109600E-01 0.984000E-02 0.552000E-02 0.544000E-02 0.416000E-02 0.304000E-02 0.216000E-02 0.208000E-02 0.160000E-02 0.224000E-02 0.136000E-02 0.160000E-02 0.560000E-03 0.800000E-03 0.800000E-03 0.400000E-03 0.320000E-03 0.480000E-03 0.160000E-03 0.800000E-04 0.160000E-03 0.000000E+00 0.160000E-03 0.800000E-04 0.240000E-03 0.800000E-04 0.800000E-04 0.000000E+00 0.800000E-04 0.800000E-04 0.000000E+00 0.800000E-04 0.000000E+00 0.000000E+00 0.000000E+00 0.000000E+00 0.000000E+00 0.160000E-03 0.000000E+00 0.000000E+00 0.000000E+00 0.000000E+00 0.000000E+00 0.000000E+00 0.000000E+00 0.000000E+00 0.000000E+00 0.000000E+00 0.000000E+00 0.000000E+00 0.000000E+00 0.000000E+00 0.000000E+00 0.000000E+00 0.000000E+00 0.000000E+00 0.000000E+00 0.000000E+00 0.000000E+00 0.000000E+00 0.000000E+00 0.000000E+00 0.000000E+00 0.000000E+00 0.000000E+00 0.000000E+00 0.000000E+00 0.000000E+00 0.000000E+00 0.000000E+00 0.000000E+00 0.000000E+00 0.000000E+00 0.000000E+00 0.000000E+00 0.000000E+00 0.000000E+00 0.000000E+00 0.000000E+00 0.000000E+00 0.000000E+00 0.000000E+00 0.000000E+00 0.000000E+00 0.000000E+00 0.000000E+00 0.000000E+00 0.000000E+00 0.000000E+00 0.000000E+00 0.000000E+00 0.000000E+00 0.000000E+00 0.000000E+00 0.000000E+00 0.000000E+00 0.000000E+00 0.000000E+00 0.000000E+00 0.000000E+00 0.000000E+00 0.000000E+00 0.000000E+00 0.000000E+00 0.000000E+00 0.000000E+00 0.000000E+00 0.000000E+00 0.000000E+00 0.000000E+00 0.000000E+00 0.000000E+00 0.000000E+00 0.000000E+00 0.000000E+00 0.000000E+00 0.000000E+00 0.000000E+00 0.000000E+00 0.000000E+00 0.000000E+00 0.000000E+00 0.000000E+00 0.000000E+00 0.000000E+00 0.000000E+00 0.000000E+00 0.000000E+00 0.000000E+00 0.000000E+00 0.000000E+00 0.000000E+00 0.000000E+00 0.000000E+00 0.000000E+00 0.000000E+00 0.000000E+00 0.000000E+00 0.000000E+00 0.000000E+00 0.000000E+00 0.000000E+00 0.000000E+00 0.000000E+00 0.000000E+00 0.000000E+00 0.000000E+00 0.000000E+00 0.000000E+00 0.000000E+00 0.000000E+00 0.000000E+00 0.000000E+00 0.000000E+00 0.000000E+00 0.000000E+00 0.000000E+00 0.000000E+00 0.000000E+00 0.000000E+00 0.000000E+00 0.000000E+00 0.000000E+00 0.000000E+00 0.000000E+00 0.000000E+00 0.000000E+00 0.000000E+00 0.000000E+00 0.000000E+00 0.000000E+00 0.000000E+00 0.000000E+00 0.000000E+00 0.000000E+00 0.000000E+00 0.000000E+00 0.000000E+00 0.000000E+00 0.000000E+00 0.000000E+00 0.000000E+00 0.000000E+00 0.000000E+00 0.000000E+00 0.000000E+00 0.000000E+00 0.000000E+00 0.000000E+00 0.000000E+00 0.000000E+00 0.000000E+00 0.000000E+00 0.000000E+00 0.000000E+00 0.000000E+00
 0.321600E-01 0.207200E-01 0.168000E-01 0.115200E-01 0.840000E-02 0.656000E-02 0.504000E-02 0.488000E-02 0.336000E-02 0.328000E-02 0.248000E-02 0.152000E-02 0.880000E-03 0.112000E-02 0.960000E-03 0.136000E-02 0.880000E-03 0.400000E-03 0.104000E-02 0.880000E-03 0.320000E-03 0.240000E-03 0.480000E-03 0.560000E-03 0.000000E+00 0.320000E-03 0.800000E-04 0.160000E-03 0.240000E-03 0.000000E+00 0.800000E-04 0.000000E+00 0.800000E-04 0.000000E+00 0.800000E-04 0.000000E+00 0.000000E+00 0.000000E+00 0.800000E-04 0.000000E+00 0.000000E+00 0.800000E-04 0.000000E+00 0.000000E+00 0.000000E+00 0.000000E+00 0.000000E+00 0.000000E+00 0.000000E+00 0.000000E+00 0.000000E+00 0.000000E+00 0.000000E+00 0.000000E+00 0.000000E+00 0.000000E+00 0.000000E+00 0.000000E+00 0.000000E+00 0.000000E+00 0.000000E+00 0.000000E+00 0.000000E+00 0.000000E+00 0.000000E+00 0.000000E+00 0.000000E+00 0.000000E+00 0.000000E+00 0.000000E+00 0.000000E+00 0.000000E+00 0.000000E+00 0.000000E+00 0.000000E+00 0.000000E+00 0.000000E+00 0.000000E+00 0.000000E+00 0.000000E+00 0.000000E+00 0.000000E+00 0.000000E+00 0.000000E+00 0.000000E+00 0.000000E+00 0.000000E+00 0.000000E+00 0.000000E+00 0.000000E+00 0.000000E+00 0.000000E+00 0.000000E+00 0.000000E+00 0.000000E+00 0.000000E+00 0.000000E+00 0.000000E+00 0.000000E+00 0.000000E+00 0.000000E+00 0.000000E+00 0.000000E+00 0.000000E+00 0.000000E+00 0.000000E+00 0.000000E+00 0.000000E+00 0.000000E+00 0.000000E+00 0.000000E+00 0.000000E+00 0.000000E+00 0.000000E+00 0.000000E+00 0.000000E+00 0.000000E+00 0.000000E+00 0.000000E+00 0.000000E+00 0.000000E+00 0.000000E+00 0.000000E+00 0.000000E+00 0.000000E+00 0.000000E+00 0.000000E+00 0.000000E+00 0.000000E+00 0.000000E+00 0.000000E+00 0.000000E+00 0.000000E+00 0.000000E+00 0.000000E+00 0.000000E+00 0.000000E+00 0.000000E+00 0.000000E+00 0.000000E+00 0.000000E+00 0.000000E+00 0.000000E+00 0.000000E+00 0.000000E+00 0.000000E+00 0.000000E+00 0.000000E+00 0.000000E+00 0.000000E+00 0.000000E+00 0.000000E+00 0.000000E+00 0.000000E+00 0.000000E+00 0.000000E+00 0.000000E+00 0.000000E+00 0.000000E+00 0.000000E+00 0.000000E+00 0.000000E+00 0.000000E+00 0.000000E+00 0.000000E+00 0.000000E+00 0.000000E+00 0.000000E+00 0.000000E+00 0.000000E+00 0.000000E+00 0.000000E+00 0.000000E+00 0.000000E+00 0.000000E+00 0.000000E+00 0.000000E+00 0.000000E+00 0.000000E+00 0.000000E+00 0.000000E+00 0.000000E+00 0.000000E+00 0.000000E+00 0.000000E+00 0.000000E+00 0.000000E+00 0.000000E+00 0.000000E+00 0.000000E+00 0.000000E+00 0.000000E+00 0.000000E+00 0.000000E+00 0.000000E+00 0.000000E+00 0.000000E+00 0.000000E+00 0.000000E+00 0.000000E+00
 0.587200E-01 0.324800E-01 0.223200E-01 0.151200E-01 0.124800E-01 0.736000E-02 0.648000E-02 0.496000E-02 0.392000E-02 0.288000E-02 0.272000E-02 0.200000E-02 0.880000E-03 0.128000E-02 0.800000E-03 0.144000E-02 0.880000E-03 0.480000E-03 0.320000E-03 0.400000E-03 0.320000E-03 0.400000E-03 0.320000E-03 0.000000E+00 0.800000E-04 0.160000E-03 0.160000E-03 0.800000E-04 0.800000E-04 0.000000E+00 0.160000E-03 0.800000E-04 0.800000E-04 0.160000E-03 0.000000E+00 0.000000E+00 0.800000E-04 0.000000E+00 0.000000E+00 0.800000E-04 0.000000E+00 0.000000E+00 0.000000E+00 0.000000E+00 0.000000E+00 0.000000E+00 0.000000E+00 0.000000E+00 0.000000E+00 0.000000E+00 0.000000E+00 0.000000E+00 0.000000E+00 0.000000E+00 0.000000E+00 0.000000E+00 0.000000E+00 0.000000E+00 0.000000E+00 0.000000E+00 0.000000E+00 0.000000E+00 0.000000E+00 0.000000E+00 0.000000E+00 0.000000E+00 0.000000E+00 0.000000E+00 0.000000E+00 0.000000E+00 0.000000E+00 0.000000E+00 0.000000E+00 0.000000E+00 0.000000E+00 0.000000E+00 0.000000E+00 0.000000E+00 0.000000E+00 0.000000E+00 0.000000E+00 0.000000E+00 0.000000E+00 0.000000E+00 0.000000E+00 0.000000E+00 0.000000E+00 0.000000E+00 0.000000E+00 0.000000E+00 0.000000E+00 0.000000E+00 0.000000E+00 0.000000E+00 0.000000E+00 0.000000E+00 0.000000E+00 0.000000E+00 0.000000E+00 0.000000E+00 0.000000E+00 0.000000E+00 0.000000E+00 0.000000E+00 0.000000E+00 0.000000E+00 0.000000E+00 0.000000E+00 0.000000E+00 0.000000E+00 0.000000E+00 0.000000E+00 0.000000E+00 0.000000E+00 0.000000E+00 0.000000E+00 0.000000E+00 0.000000E+00 0.000000E+00 0.000000E+00 0.000000E+00 0.000000E+00 0.000000E+00 0.000000E+00 0.000000E+00 0.000000E+00 0.000000E+00 0.000000E+00 0.000000E+00 0.000000E+00 0.000000E+00 0.000000E+00 0.000000E+00 0.000000E+00 0.000000E+00 0.000000E+00 0.000000E+00 0.000000E+00 0.000000E+00 0.000000E+00 0.000000E+00 0.000000E+00 0.000000E+00 0.000000E+00 0.000000E+00 0.000000E+00 0.000000E+00 0.000000E+00 0.000000E+00 0.000000E+00 0.000000E+00 0.000000E+00 0.000000E+00 0.000000E+00 0.000000E+00 0.000000E+00 0.000000E+00 0.000000E+00 0.000000E+00 0.000000E+00 0.000000E+00 0.000000E+00 0.000000E+00 0.000000E+00 0.000000E+00 0.000000E+00 0.000000E+00 0.000000E+00 0.000000E+00 0.000000E+00 0.000000E+00 0.000000E+00 0.000000E+00 0.000000E+00 0.000000E+00 0.000000E+00 0.000000E+00 0.000000E+00 0.000000E+00 0.000000E+00 0.000000E+00 0.000000E+00 0.000000E+00 0.000000E+00 0.000000E+00 0.000000E+00 0.000000E+00 0.000000E+00 0.000000E+00 0.000000E+00 0.000000E+00 0.000000E+00 0.000000E+00 0.000000E+00 0.000000E+00 0.000000E+00 0.000000E+00 0.000000E+00 0.000000E+00 0.000000E+00
 0.386640E+00 0.162480E+00 0.106960E+00 0.762400E-01 0.557600E-01 0.428800E-01 0.340800E-01 0.308000E-01 0.187200E-01 0.179200E-01 0.152800E-01 0.121600E-01 0.872000E-02 0.800000E-02 0.592000E-02 0.696000E-02 0.448000E-02 0.328000E-02 0.296000E-02 0.296000E-02 0.216000E-02 0.248000E-02 0.192000E-02 0.216000E-02 0.120000E-02 0.960000E-03 0.144000E-02 0.960000E-03 0.720000E-03 0.240000E-03 0.240000E-03 0.880000E-03 0.160000E-03 0.320000E-03 0.160000E-03 0.240000E-03 0.400000E-03 0.240000E-03 0.240000E-03 0.800000E-04 0.800000E-04 0.800000E-04 0.160000E-03 0.800000E-04 0.800000E-04 0.000000E+00 0.800000E-04 0.240000E-03 0.000000E+00 0.800000E-04 0.000000E+00 0.000000E+00 0.000000E+00 0.000000E+00 0.000000E+00 0.000000E+00 0.000000E+00 0.800000E-04 0.000000E+00 0.000000E+00 0.000000E+00 0.000000E+00 0.000000E+00 0.000000E+00 0.000000E+00 0.000000E+00 0.000000E+00 0.000000E+00 0.000000E+00 0.000000E+00 0.000000E+00 0.000000E+00 0.000000E+00 0.000000E+00 0.000000E+00 0.000000E+00 0.000000E+00 0.000000E+00 0.000000E+00 0.000000E+00 0.000000E+00 0.000000E+00 0.000000E+00 0.000000E+00 0.000000E+00 0.000000E+00 0.000000E+00 0.000000E+00 0.000000E+00 0.000000E+00 0.000000E+00 0.000000E+00 0.000000E+00 0.000000E+00 0.000000E+00 0.000000E+00 0.000000E+00 0.000000E+00 0.000000E+00 0.000000E+00 0.000000E+00 0.000000E+00 0.000000E+00 0.000000E+00 0.000000E+00 0.000000E+00 0.000000E+00 0.000000E+00 0.000000E+00 0.000000E+00 0.000000E+00 0.000000E+00 0.000000E+00 0.000000E+00 0.000000E+00 0.000000E+00 0.000000E+00 0.000000E+00 0.000000E+00 0.000000E+00 0.000000E+00 0.000000E+00 0.000000E+00 0.000000E+00 0.000000E+00 0.000000E+00 0.000000E+00 0.000000E+00 0.000000E+00 0.000000E+00 0.000000E+00 0.000000E+00 0.000000E+00 0.000000E+00 0.000000E+00 0.000000E+00 0.000000E+00 0.000000E+00 0.000000E+00 0.000000E+00 0.000000E+00 0.000000E+00 0.000000E+00 0.000000E+00 0.000000E+00 0.000000E+00 0.000000E+00 0.000000E+00 0.000000E+00 0.000000E+00 0.000000E+00 0.000000E+00 0.000000E+00 0.000000E+00 0.000000E+00 0.000000E+00 0.000000E+00 0.000000E+00 0.000000E+00 0.000000E+00 0.000000E+00 0.000000E+00 0.000000E+00 0.000000E+00 0.000000E+00 0.000000E+00 0.000000E+00 0.000000E+00 0.000000E+00 0.000000E+00 0.000000E+00 0.000000E+00 0.000000E+00 0.000000E+00 0.000000E+00 0.000000E+00 0.000000E+00 0.000000E+00 0.000000E+00 0.000000E+00 0.000000E+00 0.000000E+00 0.000000E+00 0.000000E+00 0.000000E+00 0.000000E+00 0.000000E+00 0.000000E+00 0.000000E+00 0.000000E+00 0.000000E+00 0.000000E+00 0.000000E+00 0.000000E+00 0.000000E+00 0.000000E+00 0.000000E+00 0.000000E+00 0.000000E+00 0.000000E+00
 0.181200E+00 0.109360E+00 0.787200E-01 0.596000E-01 0.516000E-01 0.388800E-01 0.284000E-01 0.249600E-01 0.221600E-01 0.183200E-01 0.145600E-01 0.127200E-01 0.888000E-02 0.104800E-01 0.824000E-02 0.696000E-02 0.656000E-02 0.504000E-02 0.336000E-02 0.472000E-02 0.280000E-02 0.240000E-02 0.256000E-02 0.208000E-02 0.168000E-02 0.128000E-02 0.184000E-02 0.880000E-03 0.880000E-03 0.720000E-03 0.560000E-03 0.640000E-03 0.240000E-03 0.160000E-03 0.160000E-03 0.560000E-03 0.160000E-03 0.160000E-03 0.240000E-03 0.240000E-03 0.800000E-04 0.160000E-03 0.800000E-04 0.800000E-04 0.800000E-04 0.800000E-04 0.160000E-03 0.000000E+00 0.800000E-04 0.800000E-04 0.000000E+00 0.000000E+00 0.000000E+00 0.000000E+00 0.000000E+00 0.000000E+00 0.000000E+00 0.000000E+00 0.000000E+00 0.000000E+00 0.000000E+00 0.800000E-04 0.000000E+00 0.000000E+00 0.000000E+00 0.000000E+00 0.000000E+00 0.000000E+00 0.000000E+00 0.000000E+00 0.000000E+00 0.000000E+00 0.000000E+00 0.000000E+00 0.000000E+00 0.000000E+00 0.000000E+00 0.000000E+00 0.000000E+00 0.000000E+00 0.000000E+00 0.000000E+00 0.000000E+00 0.000000E+00 0.000000E+00 0.000000E+00 0.000000E+00 0.000000E+00 0.000000E+00 0.000000E+00 0.000000E+00 0.000000E+00 0.000000E+00 0.000000E+00 0.000000E+00 0.000000E+00 0.000000E+00 0.000000E+00 0.800000E-04 0.000000E+00 0.000000E+00 0.000000E+00 0.000000E+00 0.000000E+00 0.000000E+00 0.000000E+00 0.000000E+00 0.000000E+00 0.000000E+00 0.000000E+00 0.000000E+00 0.000000E+00 0.000000E+00 0.000000E+00 0.000000E+00 0.000000E+00 0.000000E+00 0.000000E+00 0.000000E+00 0.000000E+00 0.000000E+00 0.000000E+00 0.000000E+00 0.000000E+00 0.000000E+00 0.000000E+00 0.000000E+00 0.000000E+00 0.000000E+00 0.000000E+00 0.000000E+00 0.000000E+00 0.000000E+00 0.000000E+00 0.000000E+00 0.000000E+00 0.000000E+00 0.000000E+00 0.000000E+00 0.000000E+00 0.000000E+00 0.000000E+00 0.000000E+00 0.000000E+00 0.000000E+00 0.000000E+00 0.000000E+00 0.000000E+00 0.000000E+00 0.000000E+00 0.000000E+00 0.000000E+00 0.000000E+00 0.000000E+00 0.000000E+00 0.000000E+00 0.000000E+00 0.000000E+00 0.000000E+00 0.000000E+00 0.000000E+00 0.000000E+00 0.000000E+00 0.000000E+00 0.000000E+00 0.000000E+00 0.000000E+00 0.000000E+00 0.000000E+00 0.000000E+00 0.000000E+00 0.000000E+00 0.000000E+00 0.000000E+00 0.000000E+00 0.000000E+00 0.000000E+00 0.000000E+00 0.000000E+00 0.000000E+00 0.000000E+00 0.000000E+00 0.000000E+00 0.000000E+00 0.000000E+00 0.000000E+00 0.000000E+00 0.000000E+00 0.000000E+00 0.000000E+00 0.000000E+00 0.000000E+00 0.000000E+00 0.000000E+00 0.000000E+00 0.000000E+00 0.000000E+00 0.000000E+00 0.000000E+00 0.000000E+00
