### Run with WimpAnn version = wimpann-2.08                            
###   Using Pythia version   = Pythia 6.400    
###   Using nusigma version  = nusigma-1.15-pyr                        
###   Using DarkSUSY version = ds-4.1.6                                
###   WimpAnn run started at date 2007-09-09; time 21:24:42
### Neutrino oscillation parameters
#      theta_12 =  0.00000000E+00
#      theta_13 =  0.00000000E+00
#      theta_23 =  0.00000000E+00
#         delta =  0.00000000E+00
#  delta_m^2_21 =  0.81000000E-04
#  delta_m^2_31 =  0.22000000E-02
### WimpAnn run parameters
#  Annihilation channel =         2
#  Generated particles =  b                bbar            
#  WIMP mass =  0.30000000E+04
#  Number of annihilations =   2500000
#  Source = Earth
#...dPhi/dz in  200 bins from 0 to 1
#...Line  1- 6: flux at centre of Earth for neutrino 1-6
 0.832984E+01 0.511000E+01 0.394496E+01 0.322712E+01 0.274256E+01 0.233408E+01 0.201736E+01 0.177560E+01 0.155880E+01 0.136992E+01 0.122736E+01 0.111848E+01 0.100504E+01 0.899520E+00 0.829200E+00 0.756960E+00 0.702080E+00 0.635360E+00 0.585600E+00 0.546480E+00 0.499200E+00 0.458400E+00 0.437920E+00 0.407200E+00 0.375200E+00 0.354000E+00 0.318160E+00 0.295920E+00 0.275680E+00 0.272160E+00 0.252960E+00 0.230720E+00 0.219200E+00 0.199760E+00 0.194640E+00 0.191520E+00 0.177360E+00 0.156560E+00 0.149200E+00 0.138800E+00 0.133600E+00 0.128480E+00 0.120000E+00 0.114080E+00 0.103600E+00 0.101280E+00 0.967200E-01 0.870400E-01 0.810400E-01 0.768000E-01 0.715200E-01 0.704000E-01 0.623200E-01 0.638400E-01 0.576800E-01 0.571200E-01 0.516800E-01 0.480800E-01 0.460800E-01 0.425600E-01 0.412800E-01 0.402400E-01 0.381600E-01 0.325600E-01 0.304000E-01 0.292000E-01 0.253600E-01 0.250400E-01 0.200800E-01 0.238400E-01 0.216800E-01 0.193600E-01 0.171200E-01 0.180800E-01 0.172000E-01 0.154400E-01 0.164000E-01 0.148000E-01 0.148000E-01 0.103200E-01 0.107200E-01 0.100000E-01 0.106400E-01 0.968000E-02 0.840000E-02 0.680000E-02 0.728000E-02 0.752000E-02 0.568000E-02 0.584000E-02 0.528000E-02 0.528000E-02 0.480000E-02 0.440000E-02 0.360000E-02 0.304000E-02 0.392000E-02 0.376000E-02 0.280000E-02 0.312000E-02 0.216000E-02 0.224000E-02 0.200000E-02 0.256000E-02 0.176000E-02 0.200000E-02 0.104000E-02 0.104000E-02 0.800000E-03 0.112000E-02 0.960000E-03 0.720000E-03 0.480000E-03 0.880000E-03 0.640000E-03 0.800000E-03 0.480000E-03 0.480000E-03 0.320000E-03 0.720000E-03 0.320000E-03 0.560000E-03 0.560000E-03 0.240000E-03 0.160000E-03 0.000000E+00 0.800000E-04 0.240000E-03 0.800000E-04 0.000000E+00 0.800000E-04 0.160000E-03 0.160000E-03 0.800000E-04 0.000000E+00 0.000000E+00 0.800000E-04 0.800000E-04 0.000000E+00 0.800000E-04 0.000000E+00 0.000000E+00 0.000000E+00 0.800000E-04 0.000000E+00 0.000000E+00 0.000000E+00 0.000000E+00 0.000000E+00 0.000000E+00 0.000000E+00 0.000000E+00 0.000000E+00 0.000000E+00 0.000000E+00 0.000000E+00 0.000000E+00 0.000000E+00 0.000000E+00 0.000000E+00 0.000000E+00 0.000000E+00 0.000000E+00 0.000000E+00 0.000000E+00 0.000000E+00 0.000000E+00 0.000000E+00 0.000000E+00 0.000000E+00 0.000000E+00 0.000000E+00 0.000000E+00 0.000000E+00 0.000000E+00 0.000000E+00 0.000000E+00 0.000000E+00 0.000000E+00 0.000000E+00 0.000000E+00 0.000000E+00 0.000000E+00 0.000000E+00 0.000000E+00 0.000000E+00 0.000000E+00 0.000000E+00 0.000000E+00 0.000000E+00 0.000000E+00 0.000000E+00 0.000000E+00 0.000000E+00 0.000000E+00 0.000000E+00 0.000000E+00 0.000000E+00 0.000000E+00 0.000000E+00
 0.825824E+01 0.512568E+01 0.396832E+01 0.324544E+01 0.273184E+01 0.232952E+01 0.202288E+01 0.175576E+01 0.153376E+01 0.138064E+01 0.126312E+01 0.112144E+01 0.990400E+00 0.917040E+00 0.829440E+00 0.761520E+00 0.702400E+00 0.653120E+00 0.587840E+00 0.549280E+00 0.485280E+00 0.463120E+00 0.443600E+00 0.410640E+00 0.372320E+00 0.353280E+00 0.326640E+00 0.303040E+00 0.284880E+00 0.264640E+00 0.249840E+00 0.235120E+00 0.221760E+00 0.199440E+00 0.198960E+00 0.175840E+00 0.169440E+00 0.165760E+00 0.142080E+00 0.141920E+00 0.129840E+00 0.121200E+00 0.119920E+00 0.108720E+00 0.102640E+00 0.956800E-01 0.897600E-01 0.866400E-01 0.812000E-01 0.775200E-01 0.765600E-01 0.650400E-01 0.626400E-01 0.617600E-01 0.599200E-01 0.525600E-01 0.500800E-01 0.472800E-01 0.474400E-01 0.429600E-01 0.379200E-01 0.389600E-01 0.376000E-01 0.328000E-01 0.284000E-01 0.293600E-01 0.275200E-01 0.269600E-01 0.223200E-01 0.245600E-01 0.219200E-01 0.200800E-01 0.188000E-01 0.207200E-01 0.173600E-01 0.154400E-01 0.152000E-01 0.142400E-01 0.136000E-01 0.141600E-01 0.111200E-01 0.920000E-02 0.936000E-02 0.848000E-02 0.968000E-02 0.784000E-02 0.632000E-02 0.816000E-02 0.656000E-02 0.560000E-02 0.496000E-02 0.496000E-02 0.504000E-02 0.400000E-02 0.440000E-02 0.328000E-02 0.344000E-02 0.288000E-02 0.304000E-02 0.288000E-02 0.176000E-02 0.336000E-02 0.192000E-02 0.208000E-02 0.184000E-02 0.160000E-02 0.128000E-02 0.192000E-02 0.176000E-02 0.168000E-02 0.960000E-03 0.104000E-02 0.560000E-03 0.480000E-03 0.960000E-03 0.800000E-03 0.720000E-03 0.560000E-03 0.240000E-03 0.560000E-03 0.240000E-03 0.320000E-03 0.320000E-03 0.400000E-03 0.320000E-03 0.160000E-03 0.240000E-03 0.000000E+00 0.000000E+00 0.000000E+00 0.800000E-04 0.160000E-03 0.240000E-03 0.160000E-03 0.800000E-04 0.000000E+00 0.800000E-04 0.000000E+00 0.000000E+00 0.800000E-04 0.000000E+00 0.800000E-04 0.000000E+00 0.000000E+00 0.000000E+00 0.000000E+00 0.000000E+00 0.800000E-04 0.000000E+00 0.000000E+00 0.000000E+00 0.000000E+00 0.000000E+00 0.000000E+00 0.000000E+00 0.000000E+00 0.000000E+00 0.000000E+00 0.000000E+00 0.000000E+00 0.000000E+00 0.000000E+00 0.000000E+00 0.000000E+00 0.000000E+00 0.000000E+00 0.000000E+00 0.000000E+00 0.000000E+00 0.000000E+00 0.000000E+00 0.000000E+00 0.000000E+00 0.000000E+00 0.000000E+00 0.000000E+00 0.000000E+00 0.000000E+00 0.000000E+00 0.000000E+00 0.000000E+00 0.000000E+00 0.000000E+00 0.000000E+00 0.000000E+00 0.000000E+00 0.000000E+00 0.000000E+00 0.000000E+00 0.000000E+00 0.000000E+00 0.000000E+00 0.000000E+00 0.000000E+00 0.000000E+00 0.000000E+00 0.000000E+00 0.000000E+00 0.000000E+00 0.000000E+00
 0.838272E+01 0.515232E+01 0.396680E+01 0.323840E+01 0.271656E+01 0.231824E+01 0.201736E+01 0.174376E+01 0.153560E+01 0.135608E+01 0.124160E+01 0.109520E+01 0.990560E+00 0.915600E+00 0.817040E+00 0.758400E+00 0.699520E+00 0.641200E+00 0.575840E+00 0.541520E+00 0.498480E+00 0.470960E+00 0.427680E+00 0.400960E+00 0.362480E+00 0.349440E+00 0.318560E+00 0.292960E+00 0.279120E+00 0.268320E+00 0.258320E+00 0.234480E+00 0.217920E+00 0.197920E+00 0.198880E+00 0.174400E+00 0.165040E+00 0.155760E+00 0.151520E+00 0.142560E+00 0.130640E+00 0.122720E+00 0.116160E+00 0.109840E+00 0.102480E+00 0.101360E+00 0.937600E-01 0.840800E-01 0.815200E-01 0.808000E-01 0.703200E-01 0.672800E-01 0.656800E-01 0.584800E-01 0.525600E-01 0.515200E-01 0.502400E-01 0.435200E-01 0.422400E-01 0.413600E-01 0.381600E-01 0.372000E-01 0.357600E-01 0.332000E-01 0.322400E-01 0.300000E-01 0.285600E-01 0.282400E-01 0.232000E-01 0.224800E-01 0.200000E-01 0.190400E-01 0.177600E-01 0.184800E-01 0.174400E-01 0.136000E-01 0.135200E-01 0.135200E-01 0.123200E-01 0.127200E-01 0.105600E-01 0.105600E-01 0.114400E-01 0.968000E-02 0.760000E-02 0.904000E-02 0.632000E-02 0.776000E-02 0.512000E-02 0.632000E-02 0.608000E-02 0.488000E-02 0.472000E-02 0.416000E-02 0.320000E-02 0.392000E-02 0.288000E-02 0.256000E-02 0.304000E-02 0.248000E-02 0.392000E-02 0.312000E-02 0.248000E-02 0.184000E-02 0.120000E-02 0.160000E-02 0.152000E-02 0.152000E-02 0.112000E-02 0.880000E-03 0.112000E-02 0.640000E-03 0.880000E-03 0.112000E-02 0.640000E-03 0.640000E-03 0.160000E-03 0.640000E-03 0.400000E-03 0.800000E-03 0.240000E-03 0.240000E-03 0.240000E-03 0.400000E-03 0.480000E-03 0.320000E-03 0.240000E-03 0.320000E-03 0.800000E-04 0.000000E+00 0.160000E-03 0.800000E-04 0.160000E-03 0.800000E-04 0.000000E+00 0.000000E+00 0.000000E+00 0.000000E+00 0.000000E+00 0.000000E+00 0.000000E+00 0.800000E-04 0.000000E+00 0.000000E+00 0.000000E+00 0.000000E+00 0.000000E+00 0.000000E+00 0.000000E+00 0.000000E+00 0.000000E+00 0.000000E+00 0.000000E+00 0.000000E+00 0.000000E+00 0.000000E+00 0.000000E+00 0.000000E+00 0.000000E+00 0.000000E+00 0.000000E+00 0.000000E+00 0.000000E+00 0.000000E+00 0.000000E+00 0.000000E+00 0.000000E+00 0.000000E+00 0.000000E+00 0.000000E+00 0.000000E+00 0.000000E+00 0.000000E+00 0.000000E+00 0.000000E+00 0.000000E+00 0.000000E+00 0.000000E+00 0.000000E+00 0.000000E+00 0.000000E+00 0.000000E+00 0.000000E+00 0.000000E+00 0.000000E+00 0.000000E+00 0.000000E+00 0.000000E+00 0.000000E+00 0.000000E+00 0.000000E+00 0.000000E+00 0.000000E+00 0.000000E+00 0.000000E+00 0.000000E+00 0.000000E+00 0.000000E+00 0.000000E+00 0.000000E+00
 0.839072E+01 0.512024E+01 0.395736E+01 0.323488E+01 0.272304E+01 0.230392E+01 0.200720E+01 0.175096E+01 0.154680E+01 0.136648E+01 0.120912E+01 0.110200E+01 0.989520E+00 0.914800E+00 0.816400E+00 0.757760E+00 0.681440E+00 0.634000E+00 0.583200E+00 0.529680E+00 0.498720E+00 0.458480E+00 0.422080E+00 0.403600E+00 0.367280E+00 0.350240E+00 0.320000E+00 0.301520E+00 0.289280E+00 0.261920E+00 0.242880E+00 0.232960E+00 0.211120E+00 0.210080E+00 0.194000E+00 0.179520E+00 0.175200E+00 0.157120E+00 0.148480E+00 0.140080E+00 0.133360E+00 0.126240E+00 0.112400E+00 0.105600E+00 0.103360E+00 0.100000E+00 0.947200E-01 0.856800E-01 0.837600E-01 0.725600E-01 0.699200E-01 0.659200E-01 0.594400E-01 0.617600E-01 0.584000E-01 0.519200E-01 0.528800E-01 0.466400E-01 0.440000E-01 0.443200E-01 0.412000E-01 0.367200E-01 0.352000E-01 0.334400E-01 0.316000E-01 0.284000E-01 0.286400E-01 0.306400E-01 0.259200E-01 0.208800E-01 0.186400E-01 0.170400E-01 0.191200E-01 0.169600E-01 0.181600E-01 0.137600E-01 0.154400E-01 0.132800E-01 0.120800E-01 0.117600E-01 0.111200E-01 0.112800E-01 0.100800E-01 0.105600E-01 0.880000E-02 0.840000E-02 0.704000E-02 0.720000E-02 0.584000E-02 0.656000E-02 0.440000E-02 0.456000E-02 0.480000E-02 0.392000E-02 0.392000E-02 0.384000E-02 0.376000E-02 0.256000E-02 0.208000E-02 0.256000E-02 0.224000E-02 0.216000E-02 0.256000E-02 0.176000E-02 0.168000E-02 0.264000E-02 0.168000E-02 0.112000E-02 0.144000E-02 0.160000E-02 0.144000E-02 0.104000E-02 0.880000E-03 0.400000E-03 0.880000E-03 0.640000E-03 0.640000E-03 0.400000E-03 0.560000E-03 0.160000E-03 0.400000E-03 0.240000E-03 0.800000E-04 0.320000E-03 0.160000E-03 0.240000E-03 0.800000E-04 0.800000E-04 0.240000E-03 0.800000E-04 0.800000E-04 0.800000E-04 0.000000E+00 0.800000E-04 0.000000E+00 0.800000E-04 0.000000E+00 0.000000E+00 0.000000E+00 0.000000E+00 0.000000E+00 0.000000E+00 0.000000E+00 0.800000E-04 0.000000E+00 0.000000E+00 0.000000E+00 0.000000E+00 0.000000E+00 0.000000E+00 0.000000E+00 0.000000E+00 0.000000E+00 0.000000E+00 0.000000E+00 0.000000E+00 0.000000E+00 0.000000E+00 0.000000E+00 0.000000E+00 0.000000E+00 0.000000E+00 0.000000E+00 0.000000E+00 0.000000E+00 0.000000E+00 0.000000E+00 0.000000E+00 0.000000E+00 0.000000E+00 0.000000E+00 0.000000E+00 0.000000E+00 0.000000E+00 0.000000E+00 0.000000E+00 0.000000E+00 0.000000E+00 0.000000E+00 0.000000E+00 0.000000E+00 0.000000E+00 0.000000E+00 0.000000E+00 0.000000E+00 0.000000E+00 0.000000E+00 0.000000E+00 0.000000E+00 0.000000E+00 0.000000E+00 0.000000E+00 0.000000E+00 0.000000E+00 0.000000E+00 0.000000E+00 0.000000E+00 0.000000E+00 0.000000E+00 0.000000E+00
 0.241248E+01 0.169760E+01 0.139872E+01 0.120232E+01 0.105200E+01 0.939840E+00 0.834480E+00 0.736640E+00 0.697520E+00 0.608480E+00 0.549360E+00 0.489920E+00 0.462400E+00 0.421440E+00 0.384000E+00 0.346160E+00 0.317840E+00 0.284560E+00 0.263920E+00 0.241920E+00 0.218720E+00 0.197760E+00 0.179440E+00 0.161760E+00 0.154000E+00 0.141600E+00 0.134480E+00 0.120480E+00 0.106880E+00 0.101040E+00 0.919200E-01 0.810400E-01 0.764000E-01 0.737600E-01 0.671200E-01 0.621600E-01 0.562400E-01 0.526400E-01 0.443200E-01 0.435200E-01 0.412000E-01 0.332800E-01 0.345600E-01 0.312000E-01 0.284000E-01 0.258400E-01 0.223200E-01 0.203200E-01 0.204000E-01 0.168000E-01 0.161600E-01 0.140000E-01 0.132000E-01 0.108000E-01 0.100800E-01 0.992000E-02 0.848000E-02 0.776000E-02 0.704000E-02 0.624000E-02 0.672000E-02 0.448000E-02 0.440000E-02 0.456000E-02 0.312000E-02 0.304000E-02 0.328000E-02 0.344000E-02 0.240000E-02 0.208000E-02 0.160000E-02 0.168000E-02 0.208000E-02 0.144000E-02 0.136000E-02 0.960000E-03 0.720000E-03 0.960000E-03 0.720000E-03 0.120000E-02 0.640000E-03 0.800000E-03 0.800000E-03 0.400000E-03 0.160000E-03 0.104000E-02 0.480000E-03 0.240000E-03 0.240000E-03 0.320000E-03 0.800000E-04 0.000000E+00 0.800000E-04 0.400000E-03 0.800000E-04 0.000000E+00 0.320000E-03 0.000000E+00 0.000000E+00 0.000000E+00 0.800000E-04 0.000000E+00 0.800000E-04 0.800000E-04 0.000000E+00 0.000000E+00 0.000000E+00 0.000000E+00 0.000000E+00 0.000000E+00 0.800000E-04 0.000000E+00 0.800000E-04 0.000000E+00 0.800000E-04 0.800000E-04 0.000000E+00 0.000000E+00 0.800000E-04 0.000000E+00 0.000000E+00 0.000000E+00 0.000000E+00 0.000000E+00 0.000000E+00 0.000000E+00 0.000000E+00 0.000000E+00 0.000000E+00 0.000000E+00 0.000000E+00 0.000000E+00 0.000000E+00 0.000000E+00 0.000000E+00 0.000000E+00 0.000000E+00 0.000000E+00 0.000000E+00 0.000000E+00 0.000000E+00 0.000000E+00 0.000000E+00 0.000000E+00 0.000000E+00 0.000000E+00 0.000000E+00 0.000000E+00 0.000000E+00 0.000000E+00 0.000000E+00 0.000000E+00 0.000000E+00 0.000000E+00 0.000000E+00 0.000000E+00 0.000000E+00 0.000000E+00 0.000000E+00 0.000000E+00 0.000000E+00 0.000000E+00 0.000000E+00 0.000000E+00 0.000000E+00 0.000000E+00 0.000000E+00 0.000000E+00 0.000000E+00 0.000000E+00 0.000000E+00 0.000000E+00 0.000000E+00 0.000000E+00 0.000000E+00 0.000000E+00 0.000000E+00 0.000000E+00 0.000000E+00 0.000000E+00 0.000000E+00 0.000000E+00 0.000000E+00 0.000000E+00 0.000000E+00 0.000000E+00 0.000000E+00 0.000000E+00 0.000000E+00 0.000000E+00 0.000000E+00 0.000000E+00 0.000000E+00 0.000000E+00 0.000000E+00 0.000000E+00 0.000000E+00 0.000000E+00 0.000000E+00 0.000000E+00
 0.241672E+01 0.168040E+01 0.138896E+01 0.119712E+01 0.105368E+01 0.952000E+00 0.826640E+00 0.744160E+00 0.685360E+00 0.612000E+00 0.564080E+00 0.503360E+00 0.456400E+00 0.416080E+00 0.384880E+00 0.347520E+00 0.320960E+00 0.289440E+00 0.266400E+00 0.240000E+00 0.218080E+00 0.199440E+00 0.183680E+00 0.166720E+00 0.156160E+00 0.142560E+00 0.122640E+00 0.120400E+00 0.110080E+00 0.101360E+00 0.916800E-01 0.799200E-01 0.773600E-01 0.718400E-01 0.647200E-01 0.613600E-01 0.573600E-01 0.502400E-01 0.460000E-01 0.403200E-01 0.413600E-01 0.336000E-01 0.339200E-01 0.292000E-01 0.234400E-01 0.252800E-01 0.234400E-01 0.201600E-01 0.179200E-01 0.185600E-01 0.172800E-01 0.129600E-01 0.131200E-01 0.120800E-01 0.976000E-02 0.888000E-02 0.920000E-02 0.944000E-02 0.832000E-02 0.704000E-02 0.512000E-02 0.552000E-02 0.488000E-02 0.536000E-02 0.392000E-02 0.304000E-02 0.304000E-02 0.216000E-02 0.248000E-02 0.232000E-02 0.192000E-02 0.208000E-02 0.200000E-02 0.176000E-02 0.152000E-02 0.120000E-02 0.120000E-02 0.120000E-02 0.112000E-02 0.480000E-03 0.720000E-03 0.880000E-03 0.480000E-03 0.104000E-02 0.320000E-03 0.240000E-03 0.400000E-03 0.160000E-03 0.240000E-03 0.800000E-04 0.160000E-03 0.160000E-03 0.240000E-03 0.240000E-03 0.800000E-04 0.800000E-04 0.240000E-03 0.800000E-04 0.000000E+00 0.000000E+00 0.800000E-04 0.000000E+00 0.000000E+00 0.000000E+00 0.800000E-04 0.000000E+00 0.800000E-04 0.000000E+00 0.000000E+00 0.800000E-04 0.000000E+00 0.800000E-04 0.000000E+00 0.000000E+00 0.000000E+00 0.000000E+00 0.000000E+00 0.000000E+00 0.800000E-04 0.000000E+00 0.000000E+00 0.000000E+00 0.800000E-04 0.800000E-04 0.000000E+00 0.000000E+00 0.000000E+00 0.000000E+00 0.000000E+00 0.000000E+00 0.000000E+00 0.000000E+00 0.000000E+00 0.000000E+00 0.000000E+00 0.000000E+00 0.000000E+00 0.000000E+00 0.000000E+00 0.000000E+00 0.000000E+00 0.000000E+00 0.000000E+00 0.000000E+00 0.000000E+00 0.000000E+00 0.000000E+00 0.000000E+00 0.000000E+00 0.000000E+00 0.000000E+00 0.000000E+00 0.000000E+00 0.000000E+00 0.000000E+00 0.000000E+00 0.000000E+00 0.000000E+00 0.000000E+00 0.000000E+00 0.000000E+00 0.000000E+00 0.000000E+00 0.000000E+00 0.000000E+00 0.000000E+00 0.000000E+00 0.000000E+00 0.000000E+00 0.000000E+00 0.000000E+00 0.000000E+00 0.000000E+00 0.000000E+00 0.000000E+00 0.000000E+00 0.000000E+00 0.000000E+00 0.000000E+00 0.000000E+00 0.000000E+00 0.000000E+00 0.000000E+00 0.000000E+00 0.000000E+00 0.000000E+00 0.000000E+00 0.000000E+00 0.000000E+00 0.000000E+00 0.000000E+00 0.000000E+00 0.000000E+00 0.000000E+00 0.000000E+00 0.000000E+00 0.000000E+00 0.000000E+00 0.000000E+00 0.000000E+00
