### Run with WimpAnn version = wimpann-2.08                            
###   Using Pythia version   = Pythia 6.400    
###   Using nusigma version  = nusigma-1.15-pyr                        
###   Using DarkSUSY version = ds-4.1.6                                
###   WimpAnn run started at date 2007-09-10; time 03:54:30
### Neutrino oscillation parameters
#      theta_12 =  0.00000000E+00
#      theta_13 =  0.00000000E+00
#      theta_23 =  0.00000000E+00
#         delta =  0.00000000E+00
#  delta_m^2_21 =  0.81000000E-04
#  delta_m^2_31 =  0.22000000E-02
### WimpAnn run parameters
#  Annihilation channel =         6
#  Generated particles =  Z0               Z0              
#  WIMP mass =  0.30000000E+04
#  Number of annihilations =   2500000
#  Source = Sun
#...dPhi/dz in  200 bins from 0 to 1
#...Line  1- 6: flux at centre of Sun for neutrino 1-6
#...Line  7-12: flux at surface of Sun for neutrino 1-6
#...Line 13-18: flux at 1 AU from the Sun for neutrino 1-6
#...Line 19-24: flux at surface of Sun for secondary neutrino 1-6
#...Line 25-30: flux at 1 AU from the Sun for secondary neutrino 1-6
 0.814608E+01 0.345272E+01 0.196552E+01 0.132976E+01 0.950400E+00 0.748720E+00 0.621120E+00 0.513440E+00 0.447360E+00 0.400080E+00 0.364400E+00 0.320000E+00 0.294880E+00 0.275520E+00 0.268400E+00 0.248320E+00 0.243680E+00 0.224560E+00 0.222160E+00 0.208240E+00 0.199600E+00 0.193120E+00 0.200560E+00 0.196080E+00 0.184880E+00 0.176800E+00 0.173760E+00 0.173680E+00 0.178320E+00 0.172880E+00 0.168400E+00 0.173120E+00 0.170400E+00 0.162560E+00 0.170240E+00 0.166480E+00 0.168080E+00 0.152240E+00 0.156880E+00 0.163440E+00 0.155600E+00 0.154720E+00 0.158960E+00 0.150000E+00 0.157520E+00 0.156400E+00 0.152880E+00 0.143920E+00 0.146560E+00 0.150880E+00 0.151440E+00 0.153840E+00 0.145920E+00 0.142800E+00 0.146720E+00 0.150240E+00 0.141360E+00 0.150640E+00 0.149200E+00 0.140240E+00 0.146880E+00 0.152400E+00 0.144800E+00 0.141920E+00 0.144160E+00 0.147920E+00 0.143360E+00 0.143840E+00 0.145200E+00 0.144240E+00 0.144800E+00 0.143840E+00 0.140080E+00 0.137120E+00 0.141360E+00 0.136640E+00 0.147360E+00 0.143760E+00 0.139840E+00 0.134400E+00 0.140080E+00 0.137600E+00 0.140160E+00 0.137360E+00 0.138560E+00 0.140720E+00 0.145120E+00 0.139120E+00 0.140240E+00 0.139760E+00 0.139200E+00 0.138000E+00 0.137040E+00 0.139200E+00 0.136320E+00 0.142800E+00 0.141360E+00 0.133120E+00 0.141840E+00 0.137360E+00 0.131600E+00 0.139200E+00 0.136000E+00 0.139040E+00 0.137040E+00 0.142400E+00 0.138320E+00 0.131440E+00 0.139200E+00 0.138000E+00 0.136720E+00 0.136720E+00 0.132000E+00 0.136880E+00 0.135520E+00 0.133120E+00 0.134080E+00 0.134800E+00 0.131680E+00 0.136560E+00 0.138160E+00 0.133280E+00 0.134720E+00 0.137680E+00 0.137600E+00 0.134800E+00 0.130480E+00 0.135120E+00 0.132800E+00 0.136320E+00 0.135840E+00 0.136000E+00 0.129680E+00 0.134720E+00 0.133120E+00 0.131120E+00 0.130160E+00 0.129040E+00 0.128800E+00 0.142560E+00 0.141360E+00 0.130720E+00 0.134400E+00 0.133840E+00 0.138640E+00 0.134000E+00 0.138800E+00 0.131040E+00 0.132480E+00 0.137840E+00 0.137280E+00 0.134480E+00 0.134240E+00 0.132240E+00 0.130720E+00 0.134720E+00 0.136400E+00 0.134080E+00 0.131120E+00 0.136000E+00 0.134480E+00 0.136000E+00 0.132000E+00 0.134640E+00 0.135040E+00 0.126720E+00 0.130560E+00 0.138080E+00 0.136880E+00 0.128320E+00 0.127840E+00 0.127920E+00 0.128400E+00 0.134960E+00 0.130720E+00 0.142240E+00 0.136080E+00 0.133920E+00 0.134320E+00 0.135920E+00 0.134640E+00 0.133280E+00 0.130800E+00 0.130720E+00 0.136400E+00 0.139600E+00 0.135040E+00 0.136240E+00 0.132880E+00 0.136720E+00 0.132640E+00 0.128480E+00 0.133280E+00 0.131120E+00 0.138960E+00 0.134400E+00 0.136960E+00 0.129440E+00 0.138320E+00 0.127200E+00
 0.814688E+01 0.345752E+01 0.197632E+01 0.133888E+01 0.977280E+00 0.765520E+00 0.607680E+00 0.514880E+00 0.444480E+00 0.400640E+00 0.353760E+00 0.324560E+00 0.299600E+00 0.282400E+00 0.272160E+00 0.256720E+00 0.235680E+00 0.224640E+00 0.218960E+00 0.211040E+00 0.208320E+00 0.204240E+00 0.193760E+00 0.190480E+00 0.192560E+00 0.182320E+00 0.181360E+00 0.175200E+00 0.166880E+00 0.170320E+00 0.167760E+00 0.170960E+00 0.171600E+00 0.164480E+00 0.157440E+00 0.163120E+00 0.164080E+00 0.160800E+00 0.162480E+00 0.159680E+00 0.159600E+00 0.154880E+00 0.154480E+00 0.159520E+00 0.155360E+00 0.150320E+00 0.149600E+00 0.152640E+00 0.151600E+00 0.155280E+00 0.154080E+00 0.149200E+00 0.146560E+00 0.155840E+00 0.146080E+00 0.151680E+00 0.145920E+00 0.146880E+00 0.142400E+00 0.154400E+00 0.155120E+00 0.139840E+00 0.139920E+00 0.140400E+00 0.141840E+00 0.145120E+00 0.142640E+00 0.136560E+00 0.144560E+00 0.143360E+00 0.143920E+00 0.140240E+00 0.141760E+00 0.140560E+00 0.142320E+00 0.143680E+00 0.142000E+00 0.142000E+00 0.138960E+00 0.143280E+00 0.141840E+00 0.135840E+00 0.138880E+00 0.137520E+00 0.137440E+00 0.139680E+00 0.141760E+00 0.134240E+00 0.138800E+00 0.139120E+00 0.141360E+00 0.140800E+00 0.134880E+00 0.140880E+00 0.143200E+00 0.137360E+00 0.138960E+00 0.136880E+00 0.139760E+00 0.132000E+00 0.137120E+00 0.141440E+00 0.132720E+00 0.140160E+00 0.142240E+00 0.136240E+00 0.138000E+00 0.134720E+00 0.137680E+00 0.136240E+00 0.137200E+00 0.136720E+00 0.136880E+00 0.142240E+00 0.138000E+00 0.135440E+00 0.132720E+00 0.134080E+00 0.133760E+00 0.135120E+00 0.130000E+00 0.135360E+00 0.139040E+00 0.140480E+00 0.131200E+00 0.133360E+00 0.130480E+00 0.132240E+00 0.134880E+00 0.135680E+00 0.135360E+00 0.136320E+00 0.134880E+00 0.134720E+00 0.136800E+00 0.134720E+00 0.132880E+00 0.133520E+00 0.140640E+00 0.135200E+00 0.130240E+00 0.135200E+00 0.137840E+00 0.128640E+00 0.136160E+00 0.131520E+00 0.126240E+00 0.130400E+00 0.139200E+00 0.134160E+00 0.133280E+00 0.130320E+00 0.128000E+00 0.135600E+00 0.136880E+00 0.134080E+00 0.130640E+00 0.135760E+00 0.131360E+00 0.133120E+00 0.138800E+00 0.131920E+00 0.125200E+00 0.138560E+00 0.136720E+00 0.136880E+00 0.128880E+00 0.134560E+00 0.136400E+00 0.131520E+00 0.132960E+00 0.133200E+00 0.128080E+00 0.127120E+00 0.126080E+00 0.130480E+00 0.135760E+00 0.135600E+00 0.131200E+00 0.129040E+00 0.131840E+00 0.134640E+00 0.129840E+00 0.139280E+00 0.129840E+00 0.136400E+00 0.131760E+00 0.128320E+00 0.130480E+00 0.133200E+00 0.133920E+00 0.132320E+00 0.129120E+00 0.133520E+00 0.131600E+00 0.137360E+00 0.135200E+00 0.125920E+00 0.136080E+00 0.130320E+00
 0.823304E+01 0.340392E+01 0.198248E+01 0.133824E+01 0.968400E+00 0.752800E+00 0.606640E+00 0.513120E+00 0.446400E+00 0.384160E+00 0.362720E+00 0.325440E+00 0.304320E+00 0.274800E+00 0.264080E+00 0.252400E+00 0.233440E+00 0.230240E+00 0.216560E+00 0.208880E+00 0.207680E+00 0.201040E+00 0.197040E+00 0.194480E+00 0.189040E+00 0.185840E+00 0.175680E+00 0.182000E+00 0.163040E+00 0.168800E+00 0.179360E+00 0.173840E+00 0.165760E+00 0.172480E+00 0.163520E+00 0.156560E+00 0.162640E+00 0.151360E+00 0.162000E+00 0.159760E+00 0.156320E+00 0.159520E+00 0.157520E+00 0.153840E+00 0.156160E+00 0.152800E+00 0.150320E+00 0.154880E+00 0.149440E+00 0.154320E+00 0.151280E+00 0.148800E+00 0.147760E+00 0.142800E+00 0.148960E+00 0.149600E+00 0.152960E+00 0.149200E+00 0.146960E+00 0.146000E+00 0.150800E+00 0.144560E+00 0.145680E+00 0.148400E+00 0.147520E+00 0.145280E+00 0.139840E+00 0.143920E+00 0.136000E+00 0.141680E+00 0.138160E+00 0.139520E+00 0.138880E+00 0.143600E+00 0.135520E+00 0.146000E+00 0.138800E+00 0.142320E+00 0.137440E+00 0.143520E+00 0.140400E+00 0.142400E+00 0.144080E+00 0.141600E+00 0.136160E+00 0.146400E+00 0.135120E+00 0.134080E+00 0.142480E+00 0.141120E+00 0.139600E+00 0.138560E+00 0.134320E+00 0.138720E+00 0.143120E+00 0.133440E+00 0.143520E+00 0.140480E+00 0.136080E+00 0.138320E+00 0.142640E+00 0.132880E+00 0.136880E+00 0.142240E+00 0.142960E+00 0.134800E+00 0.136480E+00 0.134320E+00 0.137920E+00 0.131520E+00 0.133440E+00 0.139600E+00 0.135440E+00 0.140160E+00 0.136480E+00 0.130560E+00 0.135760E+00 0.133840E+00 0.135360E+00 0.136320E+00 0.131840E+00 0.132640E+00 0.136880E+00 0.137760E+00 0.138320E+00 0.126400E+00 0.135360E+00 0.129760E+00 0.128000E+00 0.134960E+00 0.130560E+00 0.131040E+00 0.133120E+00 0.133200E+00 0.131760E+00 0.137040E+00 0.139680E+00 0.134880E+00 0.133920E+00 0.133600E+00 0.129840E+00 0.133440E+00 0.135520E+00 0.134160E+00 0.133120E+00 0.136320E+00 0.134640E+00 0.136880E+00 0.133120E+00 0.134960E+00 0.138240E+00 0.133920E+00 0.135760E+00 0.133200E+00 0.136560E+00 0.129520E+00 0.132560E+00 0.128160E+00 0.130960E+00 0.134160E+00 0.136240E+00 0.135600E+00 0.132400E+00 0.138240E+00 0.138640E+00 0.135440E+00 0.133440E+00 0.133280E+00 0.132720E+00 0.132160E+00 0.134160E+00 0.129680E+00 0.129280E+00 0.134960E+00 0.130640E+00 0.134320E+00 0.130160E+00 0.131120E+00 0.131440E+00 0.133360E+00 0.131200E+00 0.128400E+00 0.132160E+00 0.130960E+00 0.133760E+00 0.130800E+00 0.128960E+00 0.131840E+00 0.131200E+00 0.131360E+00 0.137120E+00 0.133440E+00 0.130480E+00 0.133200E+00 0.127840E+00 0.135680E+00 0.137680E+00 0.130160E+00 0.130560E+00 0.130800E+00
 0.817096E+01 0.340376E+01 0.197552E+01 0.130000E+01 0.985200E+00 0.744240E+00 0.598480E+00 0.508800E+00 0.444320E+00 0.390160E+00 0.345280E+00 0.324080E+00 0.297040E+00 0.276320E+00 0.260320E+00 0.247600E+00 0.235680E+00 0.227040E+00 0.213760E+00 0.212880E+00 0.204720E+00 0.199680E+00 0.195600E+00 0.185920E+00 0.187280E+00 0.179440E+00 0.185840E+00 0.174960E+00 0.171120E+00 0.174240E+00 0.167520E+00 0.168240E+00 0.168800E+00 0.166560E+00 0.165520E+00 0.169440E+00 0.164400E+00 0.162320E+00 0.162320E+00 0.160480E+00 0.157200E+00 0.152640E+00 0.148880E+00 0.155600E+00 0.149280E+00 0.153520E+00 0.152800E+00 0.153280E+00 0.151200E+00 0.151680E+00 0.149760E+00 0.147680E+00 0.152080E+00 0.149120E+00 0.150800E+00 0.146800E+00 0.147760E+00 0.148160E+00 0.143680E+00 0.141440E+00 0.144000E+00 0.144080E+00 0.145920E+00 0.150400E+00 0.146720E+00 0.141520E+00 0.143040E+00 0.142400E+00 0.138880E+00 0.140080E+00 0.141680E+00 0.136160E+00 0.135280E+00 0.141280E+00 0.131360E+00 0.143440E+00 0.144560E+00 0.143840E+00 0.138000E+00 0.137200E+00 0.141600E+00 0.141760E+00 0.138400E+00 0.139280E+00 0.134640E+00 0.139920E+00 0.143120E+00 0.137760E+00 0.141440E+00 0.135760E+00 0.132960E+00 0.138720E+00 0.137040E+00 0.137280E+00 0.135520E+00 0.144160E+00 0.142320E+00 0.135600E+00 0.132000E+00 0.142480E+00 0.138080E+00 0.133680E+00 0.139440E+00 0.143440E+00 0.132640E+00 0.140480E+00 0.137120E+00 0.131920E+00 0.135760E+00 0.138960E+00 0.138560E+00 0.139120E+00 0.132320E+00 0.132240E+00 0.141440E+00 0.133200E+00 0.136880E+00 0.139600E+00 0.138480E+00 0.135440E+00 0.137520E+00 0.133760E+00 0.135520E+00 0.132720E+00 0.139360E+00 0.129680E+00 0.136160E+00 0.131920E+00 0.131360E+00 0.130640E+00 0.135040E+00 0.127280E+00 0.134080E+00 0.130400E+00 0.132000E+00 0.136480E+00 0.138880E+00 0.136720E+00 0.134080E+00 0.139920E+00 0.134080E+00 0.135760E+00 0.135520E+00 0.139280E+00 0.135600E+00 0.135920E+00 0.129440E+00 0.134000E+00 0.134400E+00 0.134320E+00 0.137040E+00 0.132000E+00 0.134400E+00 0.132320E+00 0.134160E+00 0.134480E+00 0.134480E+00 0.135920E+00 0.137680E+00 0.131840E+00 0.135280E+00 0.133360E+00 0.126080E+00 0.134080E+00 0.126720E+00 0.129200E+00 0.139120E+00 0.130960E+00 0.137360E+00 0.142080E+00 0.129760E+00 0.125120E+00 0.136320E+00 0.127440E+00 0.134400E+00 0.134800E+00 0.137680E+00 0.135040E+00 0.136320E+00 0.131680E+00 0.133760E+00 0.134480E+00 0.136640E+00 0.134160E+00 0.132640E+00 0.135520E+00 0.127920E+00 0.131760E+00 0.132000E+00 0.140400E+00 0.132160E+00 0.134880E+00 0.130960E+00 0.135120E+00 0.135120E+00 0.130800E+00 0.138000E+00 0.135120E+00 0.130240E+00 0.129600E+00
 0.284296E+01 0.167256E+01 0.117064E+01 0.914720E+00 0.769200E+00 0.659280E+00 0.598000E+00 0.556640E+00 0.512960E+00 0.479200E+00 0.448960E+00 0.438800E+00 0.412960E+00 0.394960E+00 0.376480E+00 0.374640E+00 0.363600E+00 0.345440E+00 0.332400E+00 0.332640E+00 0.321280E+00 0.333040E+00 0.315040E+00 0.298080E+00 0.295600E+00 0.300480E+00 0.285920E+00 0.293600E+00 0.282000E+00 0.278080E+00 0.273680E+00 0.272640E+00 0.265680E+00 0.257120E+00 0.259040E+00 0.254000E+00 0.256800E+00 0.252560E+00 0.244320E+00 0.251920E+00 0.244240E+00 0.240560E+00 0.231760E+00 0.232400E+00 0.235760E+00 0.231040E+00 0.231520E+00 0.231600E+00 0.223520E+00 0.221680E+00 0.220720E+00 0.214640E+00 0.210400E+00 0.215040E+00 0.208400E+00 0.211440E+00 0.212480E+00 0.207600E+00 0.202320E+00 0.198800E+00 0.205040E+00 0.198800E+00 0.207200E+00 0.201200E+00 0.198800E+00 0.191280E+00 0.189840E+00 0.191040E+00 0.190560E+00 0.193440E+00 0.191920E+00 0.184080E+00 0.181840E+00 0.188640E+00 0.183040E+00 0.188000E+00 0.183040E+00 0.176320E+00 0.182960E+00 0.174160E+00 0.175040E+00 0.178000E+00 0.179280E+00 0.170800E+00 0.170320E+00 0.168880E+00 0.171920E+00 0.173200E+00 0.172640E+00 0.168480E+00 0.173520E+00 0.165280E+00 0.172800E+00 0.164160E+00 0.162480E+00 0.160320E+00 0.162400E+00 0.162320E+00 0.159760E+00 0.158560E+00 0.159040E+00 0.159200E+00 0.158880E+00 0.162320E+00 0.155760E+00 0.153840E+00 0.155120E+00 0.157840E+00 0.157280E+00 0.154000E+00 0.151120E+00 0.157920E+00 0.155120E+00 0.151920E+00 0.148160E+00 0.154080E+00 0.152960E+00 0.141840E+00 0.147920E+00 0.149520E+00 0.150640E+00 0.151440E+00 0.149920E+00 0.147920E+00 0.148400E+00 0.149680E+00 0.145280E+00 0.145280E+00 0.142800E+00 0.145520E+00 0.144400E+00 0.148240E+00 0.145040E+00 0.147920E+00 0.141200E+00 0.141920E+00 0.139200E+00 0.138800E+00 0.141200E+00 0.138240E+00 0.135680E+00 0.139120E+00 0.143040E+00 0.140400E+00 0.133840E+00 0.144080E+00 0.137760E+00 0.134720E+00 0.148480E+00 0.140320E+00 0.139040E+00 0.140000E+00 0.145600E+00 0.134640E+00 0.138160E+00 0.137360E+00 0.131360E+00 0.139040E+00 0.136080E+00 0.135200E+00 0.140640E+00 0.138160E+00 0.141040E+00 0.135520E+00 0.132640E+00 0.140640E+00 0.128960E+00 0.134000E+00 0.135360E+00 0.140560E+00 0.134160E+00 0.138240E+00 0.137360E+00 0.134080E+00 0.134800E+00 0.137520E+00 0.131600E+00 0.138240E+00 0.136800E+00 0.133040E+00 0.138240E+00 0.134720E+00 0.135280E+00 0.131360E+00 0.139760E+00 0.126240E+00 0.137360E+00 0.133200E+00 0.135680E+00 0.132400E+00 0.134400E+00 0.136000E+00 0.131600E+00 0.130160E+00 0.130880E+00 0.133040E+00 0.132960E+00 0.138640E+00 0.131440E+00 0.128560E+00
 0.284648E+01 0.167056E+01 0.120008E+01 0.918880E+00 0.765600E+00 0.664320E+00 0.589360E+00 0.542800E+00 0.508080E+00 0.474160E+00 0.443600E+00 0.434080E+00 0.411360E+00 0.395520E+00 0.374080E+00 0.374080E+00 0.354640E+00 0.350960E+00 0.343520E+00 0.341920E+00 0.329280E+00 0.317840E+00 0.317840E+00 0.310560E+00 0.300800E+00 0.291920E+00 0.288320E+00 0.284960E+00 0.289360E+00 0.275440E+00 0.282560E+00 0.270480E+00 0.271520E+00 0.254960E+00 0.270960E+00 0.254400E+00 0.251840E+00 0.252960E+00 0.250960E+00 0.244240E+00 0.238960E+00 0.237280E+00 0.238160E+00 0.226720E+00 0.228480E+00 0.230400E+00 0.224320E+00 0.230160E+00 0.219440E+00 0.223680E+00 0.222720E+00 0.226720E+00 0.211680E+00 0.211360E+00 0.215520E+00 0.204960E+00 0.207200E+00 0.207120E+00 0.201200E+00 0.202000E+00 0.199920E+00 0.195360E+00 0.190560E+00 0.191520E+00 0.197280E+00 0.192080E+00 0.198240E+00 0.191680E+00 0.193200E+00 0.186880E+00 0.191040E+00 0.183120E+00 0.184640E+00 0.182640E+00 0.183840E+00 0.178320E+00 0.178320E+00 0.178640E+00 0.181760E+00 0.175520E+00 0.175760E+00 0.176560E+00 0.170560E+00 0.172480E+00 0.173440E+00 0.165760E+00 0.172400E+00 0.166800E+00 0.174240E+00 0.165920E+00 0.164480E+00 0.170160E+00 0.166800E+00 0.164320E+00 0.159520E+00 0.164080E+00 0.166640E+00 0.158720E+00 0.163680E+00 0.158480E+00 0.160160E+00 0.158320E+00 0.158000E+00 0.154880E+00 0.153840E+00 0.153760E+00 0.155600E+00 0.166000E+00 0.154000E+00 0.156560E+00 0.156160E+00 0.158560E+00 0.157040E+00 0.153600E+00 0.151120E+00 0.148320E+00 0.150320E+00 0.158960E+00 0.153040E+00 0.147360E+00 0.142160E+00 0.152720E+00 0.147600E+00 0.150480E+00 0.150960E+00 0.148000E+00 0.153200E+00 0.142480E+00 0.144720E+00 0.153120E+00 0.149840E+00 0.145040E+00 0.144640E+00 0.144000E+00 0.141360E+00 0.149120E+00 0.142880E+00 0.150160E+00 0.143600E+00 0.143840E+00 0.142160E+00 0.135840E+00 0.142960E+00 0.145600E+00 0.143760E+00 0.136800E+00 0.141680E+00 0.138800E+00 0.137440E+00 0.138800E+00 0.141680E+00 0.140320E+00 0.142160E+00 0.141840E+00 0.137120E+00 0.142400E+00 0.135600E+00 0.131040E+00 0.138400E+00 0.138560E+00 0.140480E+00 0.136800E+00 0.136160E+00 0.139440E+00 0.134720E+00 0.132480E+00 0.134080E+00 0.134320E+00 0.134640E+00 0.139040E+00 0.132000E+00 0.139840E+00 0.136080E+00 0.132080E+00 0.135360E+00 0.128560E+00 0.130160E+00 0.132720E+00 0.138000E+00 0.133840E+00 0.129760E+00 0.131440E+00 0.132800E+00 0.138560E+00 0.136640E+00 0.130480E+00 0.133600E+00 0.129680E+00 0.137360E+00 0.130800E+00 0.134640E+00 0.141760E+00 0.136160E+00 0.138000E+00 0.133840E+00 0.132800E+00 0.130640E+00 0.136800E+00 0.136160E+00 0.121360E+00
 0.151572E+02 0.464304E+01 0.252304E+01 0.161400E+01 0.111288E+01 0.802720E+00 0.620960E+00 0.484480E+00 0.385280E+00 0.309280E+00 0.265200E+00 0.215760E+00 0.187040E+00 0.152000E+00 0.128080E+00 0.111520E+00 0.973600E-01 0.825600E-01 0.733600E-01 0.617600E-01 0.543200E-01 0.460000E-01 0.460800E-01 0.365600E-01 0.301600E-01 0.276800E-01 0.273600E-01 0.223200E-01 0.198400E-01 0.187200E-01 0.157600E-01 0.150400E-01 0.118400E-01 0.112800E-01 0.944000E-02 0.920000E-02 0.784000E-02 0.664000E-02 0.696000E-02 0.616000E-02 0.544000E-02 0.424000E-02 0.432000E-02 0.312000E-02 0.360000E-02 0.320000E-02 0.312000E-02 0.232000E-02 0.160000E-02 0.152000E-02 0.208000E-02 0.144000E-02 0.128000E-02 0.128000E-02 0.640000E-03 0.120000E-02 0.112000E-02 0.104000E-02 0.960000E-03 0.400000E-03 0.112000E-02 0.560000E-03 0.480000E-03 0.640000E-03 0.320000E-03 0.400000E-03 0.160000E-03 0.320000E-03 0.400000E-03 0.320000E-03 0.160000E-03 0.240000E-03 0.160000E-03 0.320000E-03 0.320000E-03 0.400000E-03 0.320000E-03 0.800000E-04 0.800000E-04 0.160000E-03 0.800000E-04 0.240000E-03 0.000000E+00 0.000000E+00 0.800000E-04 0.000000E+00 0.800000E-04 0.160000E-03 0.000000E+00 0.000000E+00 0.800000E-04 0.000000E+00 0.000000E+00 0.000000E+00 0.160000E-03 0.000000E+00 0.000000E+00 0.800000E-04 0.000000E+00 0.000000E+00 0.000000E+00 0.000000E+00 0.000000E+00 0.000000E+00 0.000000E+00 0.000000E+00 0.000000E+00 0.800000E-04 0.000000E+00 0.000000E+00 0.000000E+00 0.000000E+00 0.000000E+00 0.000000E+00 0.000000E+00 0.000000E+00 0.000000E+00 0.000000E+00 0.000000E+00 0.000000E+00 0.000000E+00 0.000000E+00 0.000000E+00 0.000000E+00 0.000000E+00 0.000000E+00 0.000000E+00 0.000000E+00 0.000000E+00 0.000000E+00 0.000000E+00 0.000000E+00 0.000000E+00 0.000000E+00 0.000000E+00 0.000000E+00 0.000000E+00 0.000000E+00 0.000000E+00 0.000000E+00 0.000000E+00 0.000000E+00 0.000000E+00 0.000000E+00 0.000000E+00 0.000000E+00 0.000000E+00 0.000000E+00 0.000000E+00 0.000000E+00 0.000000E+00 0.000000E+00 0.000000E+00 0.000000E+00 0.000000E+00 0.000000E+00 0.000000E+00 0.000000E+00 0.000000E+00 0.000000E+00 0.000000E+00 0.000000E+00 0.000000E+00 0.000000E+00 0.000000E+00 0.000000E+00 0.000000E+00 0.000000E+00 0.000000E+00 0.000000E+00 0.000000E+00 0.000000E+00 0.000000E+00 0.000000E+00 0.000000E+00 0.000000E+00 0.000000E+00 0.000000E+00 0.000000E+00 0.000000E+00 0.000000E+00 0.000000E+00 0.000000E+00 0.000000E+00 0.000000E+00 0.000000E+00 0.000000E+00 0.000000E+00 0.000000E+00 0.000000E+00 0.000000E+00 0.000000E+00 0.000000E+00 0.000000E+00 0.000000E+00 0.000000E+00 0.000000E+00 0.000000E+00 0.000000E+00 0.000000E+00
 0.152090E+02 0.468640E+01 0.256744E+01 0.168720E+01 0.117648E+01 0.887600E+00 0.688720E+00 0.541600E+00 0.451680E+00 0.374880E+00 0.320960E+00 0.275760E+00 0.231600E+00 0.213360E+00 0.182400E+00 0.158800E+00 0.144320E+00 0.132880E+00 0.109440E+00 0.104240E+00 0.897600E-01 0.865600E-01 0.761600E-01 0.747200E-01 0.676800E-01 0.613600E-01 0.543200E-01 0.461600E-01 0.456000E-01 0.414400E-01 0.364000E-01 0.347200E-01 0.301600E-01 0.269600E-01 0.261600E-01 0.246400E-01 0.243200E-01 0.210400E-01 0.217600E-01 0.209600E-01 0.175200E-01 0.147200E-01 0.173600E-01 0.129600E-01 0.124000E-01 0.110400E-01 0.115200E-01 0.920000E-02 0.952000E-02 0.800000E-02 0.968000E-02 0.776000E-02 0.792000E-02 0.592000E-02 0.640000E-02 0.464000E-02 0.432000E-02 0.528000E-02 0.480000E-02 0.408000E-02 0.352000E-02 0.384000E-02 0.336000E-02 0.360000E-02 0.224000E-02 0.312000E-02 0.304000E-02 0.184000E-02 0.232000E-02 0.200000E-02 0.248000E-02 0.176000E-02 0.160000E-02 0.192000E-02 0.208000E-02 0.720000E-03 0.192000E-02 0.120000E-02 0.128000E-02 0.176000E-02 0.960000E-03 0.720000E-03 0.720000E-03 0.400000E-03 0.800000E-03 0.400000E-03 0.560000E-03 0.560000E-03 0.240000E-03 0.560000E-03 0.800000E-04 0.160000E-03 0.400000E-03 0.640000E-03 0.240000E-03 0.560000E-03 0.480000E-03 0.480000E-03 0.320000E-03 0.240000E-03 0.160000E-03 0.320000E-03 0.400000E-03 0.800000E-04 0.000000E+00 0.240000E-03 0.800000E-04 0.800000E-04 0.800000E-04 0.000000E+00 0.160000E-03 0.800000E-04 0.240000E-03 0.160000E-03 0.160000E-03 0.800000E-04 0.000000E+00 0.160000E-03 0.160000E-03 0.160000E-03 0.160000E-03 0.000000E+00 0.160000E-03 0.160000E-03 0.160000E-03 0.800000E-04 0.000000E+00 0.800000E-04 0.000000E+00 0.000000E+00 0.000000E+00 0.800000E-04 0.000000E+00 0.000000E+00 0.000000E+00 0.800000E-04 0.800000E-04 0.000000E+00 0.000000E+00 0.000000E+00 0.000000E+00 0.000000E+00 0.000000E+00 0.000000E+00 0.000000E+00 0.000000E+00 0.000000E+00 0.000000E+00 0.000000E+00 0.000000E+00 0.000000E+00 0.000000E+00 0.000000E+00 0.000000E+00 0.000000E+00 0.000000E+00 0.000000E+00 0.800000E-04 0.000000E+00 0.000000E+00 0.000000E+00 0.000000E+00 0.000000E+00 0.000000E+00 0.000000E+00 0.000000E+00 0.000000E+00 0.000000E+00 0.000000E+00 0.000000E+00 0.000000E+00 0.000000E+00 0.000000E+00 0.000000E+00 0.800000E-04 0.000000E+00 0.000000E+00 0.000000E+00 0.000000E+00 0.000000E+00 0.000000E+00 0.000000E+00 0.000000E+00 0.000000E+00 0.000000E+00 0.000000E+00 0.000000E+00 0.000000E+00 0.000000E+00 0.000000E+00 0.000000E+00 0.000000E+00 0.000000E+00 0.000000E+00 0.000000E+00 0.000000E+00 0.000000E+00 0.000000E+00 0.000000E+00 0.000000E+00
 0.150224E+02 0.457800E+01 0.250080E+01 0.159056E+01 0.108952E+01 0.815760E+00 0.604080E+00 0.465920E+00 0.381200E+00 0.304800E+00 0.259760E+00 0.207520E+00 0.177040E+00 0.146080E+00 0.132960E+00 0.111120E+00 0.100320E+00 0.853600E-01 0.706400E-01 0.591200E-01 0.560000E-01 0.451200E-01 0.449600E-01 0.364000E-01 0.322400E-01 0.285600E-01 0.244000E-01 0.208800E-01 0.187200E-01 0.146400E-01 0.168800E-01 0.132000E-01 0.131200E-01 0.133600E-01 0.952000E-02 0.712000E-02 0.680000E-02 0.664000E-02 0.616000E-02 0.536000E-02 0.384000E-02 0.456000E-02 0.400000E-02 0.368000E-02 0.240000E-02 0.240000E-02 0.280000E-02 0.216000E-02 0.184000E-02 0.152000E-02 0.232000E-02 0.120000E-02 0.160000E-02 0.136000E-02 0.152000E-02 0.120000E-02 0.640000E-03 0.104000E-02 0.640000E-03 0.320000E-03 0.560000E-03 0.400000E-03 0.640000E-03 0.480000E-03 0.400000E-03 0.320000E-03 0.400000E-03 0.240000E-03 0.480000E-03 0.160000E-03 0.240000E-03 0.000000E+00 0.320000E-03 0.240000E-03 0.400000E-03 0.800000E-04 0.480000E-03 0.800000E-04 0.800000E-04 0.800000E-04 0.000000E+00 0.800000E-04 0.800000E-04 0.160000E-03 0.000000E+00 0.800000E-04 0.800000E-04 0.000000E+00 0.000000E+00 0.800000E-04 0.800000E-04 0.000000E+00 0.800000E-04 0.000000E+00 0.800000E-04 0.000000E+00 0.000000E+00 0.000000E+00 0.000000E+00 0.000000E+00 0.000000E+00 0.000000E+00 0.000000E+00 0.000000E+00 0.000000E+00 0.000000E+00 0.000000E+00 0.000000E+00 0.000000E+00 0.000000E+00 0.000000E+00 0.000000E+00 0.000000E+00 0.000000E+00 0.800000E-04 0.000000E+00 0.000000E+00 0.000000E+00 0.000000E+00 0.000000E+00 0.000000E+00 0.000000E+00 0.000000E+00 0.000000E+00 0.000000E+00 0.000000E+00 0.000000E+00 0.000000E+00 0.000000E+00 0.000000E+00 0.000000E+00 0.000000E+00 0.000000E+00 0.000000E+00 0.000000E+00 0.000000E+00 0.000000E+00 0.000000E+00 0.000000E+00 0.000000E+00 0.000000E+00 0.000000E+00 0.000000E+00 0.000000E+00 0.000000E+00 0.000000E+00 0.000000E+00 0.000000E+00 0.000000E+00 0.000000E+00 0.000000E+00 0.000000E+00 0.000000E+00 0.000000E+00 0.000000E+00 0.000000E+00 0.000000E+00 0.000000E+00 0.000000E+00 0.000000E+00 0.000000E+00 0.000000E+00 0.000000E+00 0.000000E+00 0.000000E+00 0.800000E-04 0.000000E+00 0.000000E+00 0.000000E+00 0.000000E+00 0.000000E+00 0.000000E+00 0.000000E+00 0.000000E+00 0.000000E+00 0.000000E+00 0.000000E+00 0.000000E+00 0.000000E+00 0.000000E+00 0.000000E+00 0.000000E+00 0.000000E+00 0.000000E+00 0.000000E+00 0.000000E+00 0.000000E+00 0.000000E+00 0.000000E+00 0.000000E+00 0.000000E+00 0.000000E+00 0.000000E+00 0.000000E+00 0.000000E+00 0.000000E+00 0.000000E+00 0.000000E+00 0.000000E+00 0.000000E+00
 0.150573E+02 0.461240E+01 0.256552E+01 0.164200E+01 0.119096E+01 0.866800E+00 0.675280E+00 0.539040E+00 0.451280E+00 0.377520E+00 0.306560E+00 0.270960E+00 0.229840E+00 0.204560E+00 0.181120E+00 0.164960E+00 0.138320E+00 0.128160E+00 0.122160E+00 0.109600E+00 0.933600E-01 0.784800E-01 0.756800E-01 0.662400E-01 0.628800E-01 0.555200E-01 0.556800E-01 0.476000E-01 0.421600E-01 0.427200E-01 0.383200E-01 0.344800E-01 0.332000E-01 0.323200E-01 0.264000E-01 0.272800E-01 0.220000E-01 0.240800E-01 0.192800E-01 0.193600E-01 0.156000E-01 0.154400E-01 0.125600E-01 0.130400E-01 0.128000E-01 0.115200E-01 0.118400E-01 0.100000E-01 0.888000E-02 0.840000E-02 0.824000E-02 0.672000E-02 0.656000E-02 0.712000E-02 0.680000E-02 0.568000E-02 0.536000E-02 0.520000E-02 0.400000E-02 0.432000E-02 0.392000E-02 0.416000E-02 0.344000E-02 0.296000E-02 0.368000E-02 0.224000E-02 0.272000E-02 0.248000E-02 0.224000E-02 0.216000E-02 0.176000E-02 0.168000E-02 0.160000E-02 0.136000E-02 0.104000E-02 0.160000E-02 0.192000E-02 0.104000E-02 0.192000E-02 0.720000E-03 0.128000E-02 0.104000E-02 0.136000E-02 0.800000E-03 0.120000E-02 0.720000E-03 0.960000E-03 0.800000E-03 0.480000E-03 0.640000E-03 0.640000E-03 0.640000E-03 0.480000E-03 0.560000E-03 0.320000E-03 0.560000E-03 0.240000E-03 0.160000E-03 0.560000E-03 0.400000E-03 0.560000E-03 0.240000E-03 0.240000E-03 0.800000E-03 0.240000E-03 0.240000E-03 0.240000E-03 0.160000E-03 0.800000E-04 0.160000E-03 0.160000E-03 0.160000E-03 0.800000E-04 0.160000E-03 0.160000E-03 0.000000E+00 0.000000E+00 0.160000E-03 0.240000E-03 0.800000E-04 0.160000E-03 0.000000E+00 0.000000E+00 0.000000E+00 0.800000E-04 0.000000E+00 0.000000E+00 0.800000E-04 0.800000E-04 0.000000E+00 0.800000E-04 0.800000E-04 0.160000E-03 0.160000E-03 0.000000E+00 0.000000E+00 0.000000E+00 0.000000E+00 0.000000E+00 0.000000E+00 0.800000E-04 0.000000E+00 0.000000E+00 0.800000E-04 0.000000E+00 0.000000E+00 0.000000E+00 0.000000E+00 0.000000E+00 0.000000E+00 0.800000E-04 0.000000E+00 0.000000E+00 0.000000E+00 0.800000E-04 0.000000E+00 0.000000E+00 0.000000E+00 0.800000E-04 0.000000E+00 0.000000E+00 0.000000E+00 0.800000E-04 0.000000E+00 0.000000E+00 0.000000E+00 0.000000E+00 0.000000E+00 0.000000E+00 0.000000E+00 0.000000E+00 0.000000E+00 0.000000E+00 0.000000E+00 0.000000E+00 0.000000E+00 0.000000E+00 0.000000E+00 0.000000E+00 0.000000E+00 0.000000E+00 0.000000E+00 0.000000E+00 0.000000E+00 0.000000E+00 0.000000E+00 0.000000E+00 0.000000E+00 0.000000E+00 0.000000E+00 0.000000E+00 0.000000E+00 0.000000E+00 0.000000E+00 0.000000E+00 0.000000E+00 0.000000E+00 0.000000E+00 0.000000E+00 0.000000E+00
 0.341265E+02 0.296704E+01 0.180712E+01 0.125280E+01 0.924160E+00 0.702800E+00 0.569680E+00 0.473600E+00 0.392080E+00 0.330480E+00 0.275200E+00 0.245280E+00 0.208400E+00 0.171920E+00 0.153040E+00 0.135680E+00 0.117680E+00 0.104000E+00 0.875200E-01 0.758400E-01 0.696800E-01 0.664000E-01 0.532800E-01 0.475200E-01 0.403200E-01 0.378400E-01 0.355200E-01 0.328800E-01 0.272000E-01 0.241600E-01 0.211200E-01 0.186400E-01 0.189600E-01 0.161600E-01 0.146400E-01 0.133600E-01 0.120800E-01 0.104800E-01 0.912000E-02 0.760000E-02 0.632000E-02 0.720000E-02 0.440000E-02 0.552000E-02 0.440000E-02 0.472000E-02 0.432000E-02 0.376000E-02 0.232000E-02 0.264000E-02 0.312000E-02 0.264000E-02 0.168000E-02 0.184000E-02 0.192000E-02 0.120000E-02 0.192000E-02 0.152000E-02 0.152000E-02 0.640000E-03 0.136000E-02 0.720000E-03 0.112000E-02 0.320000E-03 0.800000E-03 0.800000E-03 0.480000E-03 0.800000E-03 0.320000E-03 0.400000E-03 0.480000E-03 0.560000E-03 0.240000E-03 0.160000E-03 0.160000E-03 0.240000E-03 0.240000E-03 0.160000E-03 0.160000E-03 0.160000E-03 0.240000E-03 0.160000E-03 0.240000E-03 0.000000E+00 0.800000E-04 0.000000E+00 0.000000E+00 0.160000E-03 0.160000E-03 0.000000E+00 0.000000E+00 0.000000E+00 0.800000E-04 0.000000E+00 0.800000E-04 0.800000E-04 0.800000E-04 0.800000E-04 0.800000E-04 0.000000E+00 0.800000E-04 0.800000E-04 0.000000E+00 0.000000E+00 0.000000E+00 0.000000E+00 0.000000E+00 0.000000E+00 0.000000E+00 0.000000E+00 0.000000E+00 0.000000E+00 0.000000E+00 0.800000E-04 0.000000E+00 0.000000E+00 0.000000E+00 0.000000E+00 0.000000E+00 0.000000E+00 0.000000E+00 0.000000E+00 0.000000E+00 0.000000E+00 0.000000E+00 0.000000E+00 0.000000E+00 0.000000E+00 0.000000E+00 0.000000E+00 0.000000E+00 0.000000E+00 0.000000E+00 0.000000E+00 0.000000E+00 0.000000E+00 0.000000E+00 0.000000E+00 0.000000E+00 0.000000E+00 0.000000E+00 0.000000E+00 0.000000E+00 0.000000E+00 0.000000E+00 0.000000E+00 0.000000E+00 0.000000E+00 0.000000E+00 0.000000E+00 0.000000E+00 0.000000E+00 0.000000E+00 0.000000E+00 0.000000E+00 0.000000E+00 0.000000E+00 0.000000E+00 0.000000E+00 0.000000E+00 0.000000E+00 0.800000E-04 0.000000E+00 0.000000E+00 0.000000E+00 0.000000E+00 0.000000E+00 0.000000E+00 0.000000E+00 0.000000E+00 0.000000E+00 0.000000E+00 0.000000E+00 0.000000E+00 0.000000E+00 0.000000E+00 0.000000E+00 0.000000E+00 0.000000E+00 0.000000E+00 0.000000E+00 0.000000E+00 0.000000E+00 0.000000E+00 0.000000E+00 0.000000E+00 0.000000E+00 0.000000E+00 0.000000E+00 0.000000E+00 0.000000E+00 0.000000E+00 0.000000E+00 0.000000E+00 0.000000E+00 0.000000E+00 0.000000E+00 0.000000E+00 0.000000E+00 0.000000E+00
 0.281914E+02 0.356992E+01 0.228648E+01 0.162448E+01 0.125064E+01 0.101816E+01 0.838160E+00 0.706080E+00 0.604480E+00 0.527520E+00 0.466160E+00 0.406640E+00 0.365920E+00 0.323440E+00 0.298320E+00 0.261920E+00 0.229360E+00 0.220400E+00 0.204320E+00 0.180000E+00 0.164480E+00 0.144800E+00 0.138560E+00 0.123360E+00 0.115840E+00 0.104400E+00 0.920800E-01 0.860800E-01 0.852000E-01 0.734400E-01 0.670400E-01 0.624000E-01 0.599200E-01 0.537600E-01 0.513600E-01 0.460800E-01 0.420000E-01 0.385600E-01 0.357600E-01 0.333600E-01 0.320000E-01 0.303200E-01 0.256000E-01 0.231200E-01 0.231200E-01 0.211200E-01 0.172000E-01 0.188000E-01 0.175200E-01 0.143200E-01 0.162400E-01 0.123200E-01 0.123200E-01 0.976000E-02 0.112800E-01 0.896000E-02 0.960000E-02 0.848000E-02 0.808000E-02 0.688000E-02 0.672000E-02 0.552000E-02 0.584000E-02 0.584000E-02 0.624000E-02 0.504000E-02 0.560000E-02 0.400000E-02 0.472000E-02 0.408000E-02 0.336000E-02 0.400000E-02 0.176000E-02 0.352000E-02 0.248000E-02 0.200000E-02 0.248000E-02 0.160000E-02 0.264000E-02 0.184000E-02 0.128000E-02 0.176000E-02 0.184000E-02 0.176000E-02 0.168000E-02 0.168000E-02 0.112000E-02 0.128000E-02 0.560000E-03 0.120000E-02 0.104000E-02 0.560000E-03 0.720000E-03 0.320000E-03 0.880000E-03 0.240000E-03 0.560000E-03 0.160000E-03 0.560000E-03 0.640000E-03 0.240000E-03 0.720000E-03 0.240000E-03 0.800000E-04 0.240000E-03 0.000000E+00 0.320000E-03 0.800000E-04 0.480000E-03 0.000000E+00 0.400000E-03 0.560000E-03 0.240000E-03 0.240000E-03 0.000000E+00 0.320000E-03 0.800000E-04 0.800000E-04 0.000000E+00 0.160000E-03 0.800000E-04 0.160000E-03 0.240000E-03 0.800000E-04 0.800000E-04 0.240000E-03 0.000000E+00 0.000000E+00 0.000000E+00 0.800000E-04 0.800000E-04 0.800000E-04 0.800000E-04 0.000000E+00 0.000000E+00 0.000000E+00 0.800000E-04 0.800000E-04 0.000000E+00 0.000000E+00 0.800000E-04 0.800000E-04 0.800000E-04 0.000000E+00 0.000000E+00 0.800000E-04 0.160000E-03 0.000000E+00 0.800000E-04 0.000000E+00 0.000000E+00 0.800000E-04 0.800000E-04 0.000000E+00 0.000000E+00 0.000000E+00 0.000000E+00 0.000000E+00 0.000000E+00 0.000000E+00 0.000000E+00 0.000000E+00 0.000000E+00 0.800000E-04 0.000000E+00 0.000000E+00 0.000000E+00 0.000000E+00 0.000000E+00 0.000000E+00 0.000000E+00 0.000000E+00 0.000000E+00 0.000000E+00 0.000000E+00 0.000000E+00 0.000000E+00 0.000000E+00 0.800000E-04 0.000000E+00 0.000000E+00 0.000000E+00 0.000000E+00 0.000000E+00 0.000000E+00 0.000000E+00 0.000000E+00 0.000000E+00 0.000000E+00 0.000000E+00 0.000000E+00 0.000000E+00 0.000000E+00 0.000000E+00 0.000000E+00 0.000000E+00 0.000000E+00 0.000000E+00 0.000000E+00 0.000000E+00
 0.151572E+02 0.464304E+01 0.252304E+01 0.161400E+01 0.111288E+01 0.802720E+00 0.620960E+00 0.484480E+00 0.385280E+00 0.309280E+00 0.265200E+00 0.215760E+00 0.187040E+00 0.152000E+00 0.128080E+00 0.111520E+00 0.973600E-01 0.825600E-01 0.733600E-01 0.617600E-01 0.543200E-01 0.460000E-01 0.460800E-01 0.365600E-01 0.301600E-01 0.276800E-01 0.273600E-01 0.223200E-01 0.198400E-01 0.187200E-01 0.157600E-01 0.150400E-01 0.118400E-01 0.112800E-01 0.944000E-02 0.920000E-02 0.784000E-02 0.664000E-02 0.696000E-02 0.616000E-02 0.544000E-02 0.424000E-02 0.432000E-02 0.312000E-02 0.360000E-02 0.320000E-02 0.312000E-02 0.232000E-02 0.160000E-02 0.152000E-02 0.208000E-02 0.144000E-02 0.128000E-02 0.128000E-02 0.640000E-03 0.120000E-02 0.112000E-02 0.104000E-02 0.960000E-03 0.400000E-03 0.112000E-02 0.560000E-03 0.480000E-03 0.640000E-03 0.320000E-03 0.400000E-03 0.160000E-03 0.320000E-03 0.400000E-03 0.320000E-03 0.160000E-03 0.240000E-03 0.160000E-03 0.320000E-03 0.320000E-03 0.400000E-03 0.320000E-03 0.800000E-04 0.800000E-04 0.160000E-03 0.800000E-04 0.240000E-03 0.000000E+00 0.000000E+00 0.800000E-04 0.000000E+00 0.800000E-04 0.160000E-03 0.000000E+00 0.000000E+00 0.800000E-04 0.000000E+00 0.000000E+00 0.000000E+00 0.160000E-03 0.000000E+00 0.000000E+00 0.800000E-04 0.000000E+00 0.000000E+00 0.000000E+00 0.000000E+00 0.000000E+00 0.000000E+00 0.000000E+00 0.000000E+00 0.000000E+00 0.800000E-04 0.000000E+00 0.000000E+00 0.000000E+00 0.000000E+00 0.000000E+00 0.000000E+00 0.000000E+00 0.000000E+00 0.000000E+00 0.000000E+00 0.000000E+00 0.000000E+00 0.000000E+00 0.000000E+00 0.000000E+00 0.000000E+00 0.000000E+00 0.000000E+00 0.000000E+00 0.000000E+00 0.000000E+00 0.000000E+00 0.000000E+00 0.000000E+00 0.000000E+00 0.000000E+00 0.000000E+00 0.000000E+00 0.000000E+00 0.000000E+00 0.000000E+00 0.000000E+00 0.000000E+00 0.000000E+00 0.000000E+00 0.000000E+00 0.000000E+00 0.000000E+00 0.000000E+00 0.000000E+00 0.000000E+00 0.000000E+00 0.000000E+00 0.000000E+00 0.000000E+00 0.000000E+00 0.000000E+00 0.000000E+00 0.000000E+00 0.000000E+00 0.000000E+00 0.000000E+00 0.000000E+00 0.000000E+00 0.000000E+00 0.000000E+00 0.000000E+00 0.000000E+00 0.000000E+00 0.000000E+00 0.000000E+00 0.000000E+00 0.000000E+00 0.000000E+00 0.000000E+00 0.000000E+00 0.000000E+00 0.000000E+00 0.000000E+00 0.000000E+00 0.000000E+00 0.000000E+00 0.000000E+00 0.000000E+00 0.000000E+00 0.000000E+00 0.000000E+00 0.000000E+00 0.000000E+00 0.000000E+00 0.000000E+00 0.000000E+00 0.000000E+00 0.000000E+00 0.000000E+00 0.000000E+00 0.000000E+00 0.000000E+00 0.000000E+00 0.000000E+00 0.000000E+00 0.000000E+00
 0.152090E+02 0.468640E+01 0.256744E+01 0.168720E+01 0.117648E+01 0.887600E+00 0.688720E+00 0.541600E+00 0.451680E+00 0.374880E+00 0.320960E+00 0.275760E+00 0.231600E+00 0.213360E+00 0.182400E+00 0.158800E+00 0.144320E+00 0.132880E+00 0.109440E+00 0.104240E+00 0.897600E-01 0.865600E-01 0.761600E-01 0.747200E-01 0.676800E-01 0.613600E-01 0.543200E-01 0.461600E-01 0.456000E-01 0.414400E-01 0.364000E-01 0.347200E-01 0.301600E-01 0.269600E-01 0.261600E-01 0.246400E-01 0.243200E-01 0.210400E-01 0.217600E-01 0.209600E-01 0.175200E-01 0.147200E-01 0.173600E-01 0.129600E-01 0.124000E-01 0.110400E-01 0.115200E-01 0.920000E-02 0.952000E-02 0.800000E-02 0.968000E-02 0.776000E-02 0.792000E-02 0.592000E-02 0.640000E-02 0.464000E-02 0.432000E-02 0.528000E-02 0.480000E-02 0.408000E-02 0.352000E-02 0.384000E-02 0.336000E-02 0.360000E-02 0.224000E-02 0.312000E-02 0.304000E-02 0.184000E-02 0.232000E-02 0.200000E-02 0.248000E-02 0.176000E-02 0.160000E-02 0.192000E-02 0.208000E-02 0.720000E-03 0.192000E-02 0.120000E-02 0.128000E-02 0.176000E-02 0.960000E-03 0.720000E-03 0.720000E-03 0.400000E-03 0.800000E-03 0.400000E-03 0.560000E-03 0.560000E-03 0.240000E-03 0.560000E-03 0.800000E-04 0.160000E-03 0.400000E-03 0.640000E-03 0.240000E-03 0.560000E-03 0.480000E-03 0.480000E-03 0.320000E-03 0.240000E-03 0.160000E-03 0.320000E-03 0.400000E-03 0.800000E-04 0.000000E+00 0.240000E-03 0.800000E-04 0.800000E-04 0.800000E-04 0.000000E+00 0.160000E-03 0.800000E-04 0.240000E-03 0.160000E-03 0.160000E-03 0.800000E-04 0.000000E+00 0.160000E-03 0.160000E-03 0.160000E-03 0.160000E-03 0.000000E+00 0.160000E-03 0.160000E-03 0.160000E-03 0.800000E-04 0.000000E+00 0.800000E-04 0.000000E+00 0.000000E+00 0.000000E+00 0.800000E-04 0.000000E+00 0.000000E+00 0.000000E+00 0.800000E-04 0.800000E-04 0.000000E+00 0.000000E+00 0.000000E+00 0.000000E+00 0.000000E+00 0.000000E+00 0.000000E+00 0.000000E+00 0.000000E+00 0.000000E+00 0.000000E+00 0.000000E+00 0.000000E+00 0.000000E+00 0.000000E+00 0.000000E+00 0.000000E+00 0.000000E+00 0.000000E+00 0.000000E+00 0.800000E-04 0.000000E+00 0.000000E+00 0.000000E+00 0.000000E+00 0.000000E+00 0.000000E+00 0.000000E+00 0.000000E+00 0.000000E+00 0.000000E+00 0.000000E+00 0.000000E+00 0.000000E+00 0.000000E+00 0.000000E+00 0.000000E+00 0.800000E-04 0.000000E+00 0.000000E+00 0.000000E+00 0.000000E+00 0.000000E+00 0.000000E+00 0.000000E+00 0.000000E+00 0.000000E+00 0.000000E+00 0.000000E+00 0.000000E+00 0.000000E+00 0.000000E+00 0.000000E+00 0.000000E+00 0.000000E+00 0.000000E+00 0.000000E+00 0.000000E+00 0.000000E+00 0.000000E+00 0.000000E+00 0.000000E+00 0.000000E+00
 0.150224E+02 0.457800E+01 0.250080E+01 0.159056E+01 0.108952E+01 0.815760E+00 0.604080E+00 0.465920E+00 0.381200E+00 0.304800E+00 0.259760E+00 0.207520E+00 0.177040E+00 0.146080E+00 0.132960E+00 0.111120E+00 0.100320E+00 0.853600E-01 0.706400E-01 0.591200E-01 0.560000E-01 0.451200E-01 0.449600E-01 0.364000E-01 0.322400E-01 0.285600E-01 0.244000E-01 0.208800E-01 0.187200E-01 0.146400E-01 0.168800E-01 0.132000E-01 0.131200E-01 0.133600E-01 0.952000E-02 0.712000E-02 0.680000E-02 0.664000E-02 0.616000E-02 0.536000E-02 0.384000E-02 0.456000E-02 0.400000E-02 0.368000E-02 0.240000E-02 0.240000E-02 0.280000E-02 0.216000E-02 0.184000E-02 0.152000E-02 0.232000E-02 0.120000E-02 0.160000E-02 0.136000E-02 0.152000E-02 0.120000E-02 0.640000E-03 0.104000E-02 0.640000E-03 0.320000E-03 0.560000E-03 0.400000E-03 0.640000E-03 0.480000E-03 0.400000E-03 0.320000E-03 0.400000E-03 0.240000E-03 0.480000E-03 0.160000E-03 0.240000E-03 0.000000E+00 0.320000E-03 0.240000E-03 0.400000E-03 0.800000E-04 0.480000E-03 0.800000E-04 0.800000E-04 0.800000E-04 0.000000E+00 0.800000E-04 0.800000E-04 0.160000E-03 0.000000E+00 0.800000E-04 0.800000E-04 0.000000E+00 0.000000E+00 0.800000E-04 0.800000E-04 0.000000E+00 0.800000E-04 0.000000E+00 0.800000E-04 0.000000E+00 0.000000E+00 0.000000E+00 0.000000E+00 0.000000E+00 0.000000E+00 0.000000E+00 0.000000E+00 0.000000E+00 0.000000E+00 0.000000E+00 0.000000E+00 0.000000E+00 0.000000E+00 0.000000E+00 0.000000E+00 0.000000E+00 0.000000E+00 0.000000E+00 0.800000E-04 0.000000E+00 0.000000E+00 0.000000E+00 0.000000E+00 0.000000E+00 0.000000E+00 0.000000E+00 0.000000E+00 0.000000E+00 0.000000E+00 0.000000E+00 0.000000E+00 0.000000E+00 0.000000E+00 0.000000E+00 0.000000E+00 0.000000E+00 0.000000E+00 0.000000E+00 0.000000E+00 0.000000E+00 0.000000E+00 0.000000E+00 0.000000E+00 0.000000E+00 0.000000E+00 0.000000E+00 0.000000E+00 0.000000E+00 0.000000E+00 0.000000E+00 0.000000E+00 0.000000E+00 0.000000E+00 0.000000E+00 0.000000E+00 0.000000E+00 0.000000E+00 0.000000E+00 0.000000E+00 0.000000E+00 0.000000E+00 0.000000E+00 0.000000E+00 0.000000E+00 0.000000E+00 0.000000E+00 0.000000E+00 0.000000E+00 0.000000E+00 0.800000E-04 0.000000E+00 0.000000E+00 0.000000E+00 0.000000E+00 0.000000E+00 0.000000E+00 0.000000E+00 0.000000E+00 0.000000E+00 0.000000E+00 0.000000E+00 0.000000E+00 0.000000E+00 0.000000E+00 0.000000E+00 0.000000E+00 0.000000E+00 0.000000E+00 0.000000E+00 0.000000E+00 0.000000E+00 0.000000E+00 0.000000E+00 0.000000E+00 0.000000E+00 0.000000E+00 0.000000E+00 0.000000E+00 0.000000E+00 0.000000E+00 0.000000E+00 0.000000E+00 0.000000E+00 0.000000E+00
 0.150573E+02 0.461240E+01 0.256552E+01 0.164200E+01 0.119096E+01 0.866800E+00 0.675280E+00 0.539040E+00 0.451280E+00 0.377520E+00 0.306560E+00 0.270960E+00 0.229840E+00 0.204560E+00 0.181120E+00 0.164960E+00 0.138320E+00 0.128160E+00 0.122160E+00 0.109600E+00 0.933600E-01 0.784800E-01 0.756800E-01 0.662400E-01 0.628800E-01 0.555200E-01 0.556800E-01 0.476000E-01 0.421600E-01 0.427200E-01 0.383200E-01 0.344800E-01 0.332000E-01 0.323200E-01 0.264000E-01 0.272800E-01 0.220000E-01 0.240800E-01 0.192800E-01 0.193600E-01 0.156000E-01 0.154400E-01 0.125600E-01 0.130400E-01 0.128000E-01 0.115200E-01 0.118400E-01 0.100000E-01 0.888000E-02 0.840000E-02 0.824000E-02 0.672000E-02 0.656000E-02 0.712000E-02 0.680000E-02 0.568000E-02 0.536000E-02 0.520000E-02 0.400000E-02 0.432000E-02 0.392000E-02 0.416000E-02 0.344000E-02 0.296000E-02 0.368000E-02 0.224000E-02 0.272000E-02 0.248000E-02 0.224000E-02 0.216000E-02 0.176000E-02 0.168000E-02 0.160000E-02 0.136000E-02 0.104000E-02 0.160000E-02 0.192000E-02 0.104000E-02 0.192000E-02 0.720000E-03 0.128000E-02 0.104000E-02 0.136000E-02 0.800000E-03 0.120000E-02 0.720000E-03 0.960000E-03 0.800000E-03 0.480000E-03 0.640000E-03 0.640000E-03 0.640000E-03 0.480000E-03 0.560000E-03 0.320000E-03 0.560000E-03 0.240000E-03 0.160000E-03 0.560000E-03 0.400000E-03 0.560000E-03 0.240000E-03 0.240000E-03 0.800000E-03 0.240000E-03 0.240000E-03 0.240000E-03 0.160000E-03 0.800000E-04 0.160000E-03 0.160000E-03 0.160000E-03 0.800000E-04 0.160000E-03 0.160000E-03 0.000000E+00 0.000000E+00 0.160000E-03 0.240000E-03 0.800000E-04 0.160000E-03 0.000000E+00 0.000000E+00 0.000000E+00 0.800000E-04 0.000000E+00 0.000000E+00 0.800000E-04 0.800000E-04 0.000000E+00 0.800000E-04 0.800000E-04 0.160000E-03 0.160000E-03 0.000000E+00 0.000000E+00 0.000000E+00 0.000000E+00 0.000000E+00 0.000000E+00 0.800000E-04 0.000000E+00 0.000000E+00 0.800000E-04 0.000000E+00 0.000000E+00 0.000000E+00 0.000000E+00 0.000000E+00 0.000000E+00 0.800000E-04 0.000000E+00 0.000000E+00 0.000000E+00 0.800000E-04 0.000000E+00 0.000000E+00 0.000000E+00 0.800000E-04 0.000000E+00 0.000000E+00 0.000000E+00 0.800000E-04 0.000000E+00 0.000000E+00 0.000000E+00 0.000000E+00 0.000000E+00 0.000000E+00 0.000000E+00 0.000000E+00 0.000000E+00 0.000000E+00 0.000000E+00 0.000000E+00 0.000000E+00 0.000000E+00 0.000000E+00 0.000000E+00 0.000000E+00 0.000000E+00 0.000000E+00 0.000000E+00 0.000000E+00 0.000000E+00 0.000000E+00 0.000000E+00 0.000000E+00 0.000000E+00 0.000000E+00 0.000000E+00 0.000000E+00 0.000000E+00 0.000000E+00 0.000000E+00 0.000000E+00 0.000000E+00 0.000000E+00 0.000000E+00 0.000000E+00
 0.341265E+02 0.296704E+01 0.180712E+01 0.125280E+01 0.924160E+00 0.702800E+00 0.569680E+00 0.473600E+00 0.392080E+00 0.330480E+00 0.275200E+00 0.245280E+00 0.208400E+00 0.171920E+00 0.153040E+00 0.135680E+00 0.117680E+00 0.104000E+00 0.875200E-01 0.758400E-01 0.696800E-01 0.664000E-01 0.532800E-01 0.475200E-01 0.403200E-01 0.378400E-01 0.355200E-01 0.328800E-01 0.272000E-01 0.241600E-01 0.211200E-01 0.186400E-01 0.189600E-01 0.161600E-01 0.146400E-01 0.133600E-01 0.120800E-01 0.104800E-01 0.912000E-02 0.760000E-02 0.632000E-02 0.720000E-02 0.440000E-02 0.552000E-02 0.440000E-02 0.472000E-02 0.432000E-02 0.376000E-02 0.232000E-02 0.264000E-02 0.312000E-02 0.264000E-02 0.168000E-02 0.184000E-02 0.192000E-02 0.120000E-02 0.192000E-02 0.152000E-02 0.152000E-02 0.640000E-03 0.136000E-02 0.720000E-03 0.112000E-02 0.320000E-03 0.800000E-03 0.800000E-03 0.480000E-03 0.800000E-03 0.320000E-03 0.400000E-03 0.480000E-03 0.560000E-03 0.240000E-03 0.160000E-03 0.160000E-03 0.240000E-03 0.240000E-03 0.160000E-03 0.160000E-03 0.160000E-03 0.240000E-03 0.160000E-03 0.240000E-03 0.000000E+00 0.800000E-04 0.000000E+00 0.000000E+00 0.160000E-03 0.160000E-03 0.000000E+00 0.000000E+00 0.000000E+00 0.800000E-04 0.000000E+00 0.800000E-04 0.800000E-04 0.800000E-04 0.800000E-04 0.800000E-04 0.000000E+00 0.800000E-04 0.800000E-04 0.000000E+00 0.000000E+00 0.000000E+00 0.000000E+00 0.000000E+00 0.000000E+00 0.000000E+00 0.000000E+00 0.000000E+00 0.000000E+00 0.000000E+00 0.800000E-04 0.000000E+00 0.000000E+00 0.000000E+00 0.000000E+00 0.000000E+00 0.000000E+00 0.000000E+00 0.000000E+00 0.000000E+00 0.000000E+00 0.000000E+00 0.000000E+00 0.000000E+00 0.000000E+00 0.000000E+00 0.000000E+00 0.000000E+00 0.000000E+00 0.000000E+00 0.000000E+00 0.000000E+00 0.000000E+00 0.000000E+00 0.000000E+00 0.000000E+00 0.000000E+00 0.000000E+00 0.000000E+00 0.000000E+00 0.000000E+00 0.000000E+00 0.000000E+00 0.000000E+00 0.000000E+00 0.000000E+00 0.000000E+00 0.000000E+00 0.000000E+00 0.000000E+00 0.000000E+00 0.000000E+00 0.000000E+00 0.000000E+00 0.000000E+00 0.000000E+00 0.000000E+00 0.000000E+00 0.800000E-04 0.000000E+00 0.000000E+00 0.000000E+00 0.000000E+00 0.000000E+00 0.000000E+00 0.000000E+00 0.000000E+00 0.000000E+00 0.000000E+00 0.000000E+00 0.000000E+00 0.000000E+00 0.000000E+00 0.000000E+00 0.000000E+00 0.000000E+00 0.000000E+00 0.000000E+00 0.000000E+00 0.000000E+00 0.000000E+00 0.000000E+00 0.000000E+00 0.000000E+00 0.000000E+00 0.000000E+00 0.000000E+00 0.000000E+00 0.000000E+00 0.000000E+00 0.000000E+00 0.000000E+00 0.000000E+00 0.000000E+00 0.000000E+00 0.000000E+00 0.000000E+00
 0.281914E+02 0.356992E+01 0.228648E+01 0.162448E+01 0.125064E+01 0.101816E+01 0.838160E+00 0.706080E+00 0.604480E+00 0.527520E+00 0.466160E+00 0.406640E+00 0.365920E+00 0.323440E+00 0.298320E+00 0.261920E+00 0.229360E+00 0.220400E+00 0.204320E+00 0.180000E+00 0.164480E+00 0.144800E+00 0.138560E+00 0.123360E+00 0.115840E+00 0.104400E+00 0.920800E-01 0.860800E-01 0.852000E-01 0.734400E-01 0.670400E-01 0.624000E-01 0.599200E-01 0.537600E-01 0.513600E-01 0.460800E-01 0.420000E-01 0.385600E-01 0.357600E-01 0.333600E-01 0.320000E-01 0.303200E-01 0.256000E-01 0.231200E-01 0.231200E-01 0.211200E-01 0.172000E-01 0.188000E-01 0.175200E-01 0.143200E-01 0.162400E-01 0.123200E-01 0.123200E-01 0.976000E-02 0.112800E-01 0.896000E-02 0.960000E-02 0.848000E-02 0.808000E-02 0.688000E-02 0.672000E-02 0.552000E-02 0.584000E-02 0.584000E-02 0.624000E-02 0.504000E-02 0.560000E-02 0.400000E-02 0.472000E-02 0.408000E-02 0.336000E-02 0.400000E-02 0.176000E-02 0.352000E-02 0.248000E-02 0.200000E-02 0.248000E-02 0.160000E-02 0.264000E-02 0.184000E-02 0.128000E-02 0.176000E-02 0.184000E-02 0.176000E-02 0.168000E-02 0.168000E-02 0.112000E-02 0.128000E-02 0.560000E-03 0.120000E-02 0.104000E-02 0.560000E-03 0.720000E-03 0.320000E-03 0.880000E-03 0.240000E-03 0.560000E-03 0.160000E-03 0.560000E-03 0.640000E-03 0.240000E-03 0.720000E-03 0.240000E-03 0.800000E-04 0.240000E-03 0.000000E+00 0.320000E-03 0.800000E-04 0.480000E-03 0.000000E+00 0.400000E-03 0.560000E-03 0.240000E-03 0.240000E-03 0.000000E+00 0.320000E-03 0.800000E-04 0.800000E-04 0.000000E+00 0.160000E-03 0.800000E-04 0.160000E-03 0.240000E-03 0.800000E-04 0.800000E-04 0.240000E-03 0.000000E+00 0.000000E+00 0.000000E+00 0.800000E-04 0.800000E-04 0.800000E-04 0.800000E-04 0.000000E+00 0.000000E+00 0.000000E+00 0.800000E-04 0.800000E-04 0.000000E+00 0.000000E+00 0.800000E-04 0.800000E-04 0.800000E-04 0.000000E+00 0.000000E+00 0.800000E-04 0.160000E-03 0.000000E+00 0.800000E-04 0.000000E+00 0.000000E+00 0.800000E-04 0.800000E-04 0.000000E+00 0.000000E+00 0.000000E+00 0.000000E+00 0.000000E+00 0.000000E+00 0.000000E+00 0.000000E+00 0.000000E+00 0.000000E+00 0.800000E-04 0.000000E+00 0.000000E+00 0.000000E+00 0.000000E+00 0.000000E+00 0.000000E+00 0.000000E+00 0.000000E+00 0.000000E+00 0.000000E+00 0.000000E+00 0.000000E+00 0.000000E+00 0.000000E+00 0.800000E-04 0.000000E+00 0.000000E+00 0.000000E+00 0.000000E+00 0.000000E+00 0.000000E+00 0.000000E+00 0.000000E+00 0.000000E+00 0.000000E+00 0.000000E+00 0.000000E+00 0.000000E+00 0.000000E+00 0.000000E+00 0.000000E+00 0.000000E+00 0.000000E+00 0.000000E+00 0.000000E+00 0.000000E+00
 0.702680E+01 0.149216E+01 0.878080E+00 0.600800E+00 0.438160E+00 0.323280E+00 0.253040E+00 0.203440E+00 0.165200E+00 0.134000E+00 0.114080E+00 0.936800E-01 0.807200E-01 0.647200E-01 0.542400E-01 0.479200E-01 0.379200E-01 0.357600E-01 0.312800E-01 0.252800E-01 0.226400E-01 0.192000E-01 0.173600E-01 0.133600E-01 0.113600E-01 0.108000E-01 0.107200E-01 0.736000E-02 0.848000E-02 0.720000E-02 0.584000E-02 0.544000E-02 0.376000E-02 0.392000E-02 0.336000E-02 0.352000E-02 0.224000E-02 0.208000E-02 0.200000E-02 0.168000E-02 0.232000E-02 0.144000E-02 0.128000E-02 0.176000E-02 0.112000E-02 0.880000E-03 0.640000E-03 0.320000E-03 0.480000E-03 0.240000E-03 0.480000E-03 0.480000E-03 0.240000E-03 0.640000E-03 0.240000E-03 0.160000E-03 0.480000E-03 0.320000E-03 0.800000E-04 0.800000E-04 0.320000E-03 0.000000E+00 0.800000E-04 0.160000E-03 0.000000E+00 0.000000E+00 0.800000E-04 0.800000E-04 0.000000E+00 0.800000E-04 0.000000E+00 0.000000E+00 0.800000E-04 0.800000E-04 0.000000E+00 0.000000E+00 0.800000E-04 0.000000E+00 0.000000E+00 0.000000E+00 0.000000E+00 0.000000E+00 0.000000E+00 0.000000E+00 0.000000E+00 0.000000E+00 0.000000E+00 0.000000E+00 0.000000E+00 0.000000E+00 0.000000E+00 0.000000E+00 0.000000E+00 0.000000E+00 0.000000E+00 0.000000E+00 0.000000E+00 0.000000E+00 0.000000E+00 0.000000E+00 0.000000E+00 0.000000E+00 0.000000E+00 0.000000E+00 0.000000E+00 0.000000E+00 0.000000E+00 0.000000E+00 0.000000E+00 0.000000E+00 0.000000E+00 0.000000E+00 0.000000E+00 0.000000E+00 0.000000E+00 0.000000E+00 0.000000E+00 0.000000E+00 0.000000E+00 0.000000E+00 0.000000E+00 0.000000E+00 0.000000E+00 0.000000E+00 0.000000E+00 0.000000E+00 0.000000E+00 0.000000E+00 0.000000E+00 0.000000E+00 0.000000E+00 0.000000E+00 0.000000E+00 0.000000E+00 0.000000E+00 0.000000E+00 0.000000E+00 0.000000E+00 0.000000E+00 0.000000E+00 0.000000E+00 0.000000E+00 0.000000E+00 0.000000E+00 0.000000E+00 0.000000E+00 0.000000E+00 0.000000E+00 0.000000E+00 0.000000E+00 0.000000E+00 0.000000E+00 0.000000E+00 0.000000E+00 0.000000E+00 0.000000E+00 0.000000E+00 0.000000E+00 0.000000E+00 0.000000E+00 0.000000E+00 0.000000E+00 0.000000E+00 0.000000E+00 0.000000E+00 0.000000E+00 0.000000E+00 0.000000E+00 0.000000E+00 0.000000E+00 0.000000E+00 0.000000E+00 0.000000E+00 0.000000E+00 0.000000E+00 0.000000E+00 0.000000E+00 0.000000E+00 0.000000E+00 0.000000E+00 0.000000E+00 0.000000E+00 0.000000E+00 0.000000E+00 0.000000E+00 0.000000E+00 0.000000E+00 0.000000E+00 0.000000E+00 0.000000E+00 0.000000E+00 0.000000E+00 0.000000E+00 0.000000E+00 0.000000E+00 0.000000E+00 0.000000E+00 0.000000E+00 0.000000E+00 0.000000E+00
 0.711936E+01 0.142312E+01 0.801280E+00 0.541440E+00 0.387840E+00 0.304320E+00 0.236880E+00 0.188640E+00 0.157920E+00 0.121520E+00 0.114320E+00 0.908800E-01 0.769600E-01 0.724800E-01 0.556000E-01 0.504000E-01 0.429600E-01 0.412000E-01 0.325600E-01 0.284800E-01 0.233600E-01 0.217600E-01 0.184000E-01 0.186400E-01 0.160000E-01 0.134400E-01 0.112800E-01 0.944000E-02 0.106400E-01 0.744000E-02 0.728000E-02 0.544000E-02 0.456000E-02 0.472000E-02 0.464000E-02 0.424000E-02 0.488000E-02 0.352000E-02 0.312000E-02 0.320000E-02 0.272000E-02 0.208000E-02 0.248000E-02 0.152000E-02 0.136000E-02 0.184000E-02 0.144000E-02 0.880000E-03 0.144000E-02 0.120000E-02 0.144000E-02 0.720000E-03 0.800000E-03 0.240000E-03 0.320000E-03 0.400000E-03 0.480000E-03 0.320000E-03 0.160000E-03 0.480000E-03 0.240000E-03 0.240000E-03 0.400000E-03 0.240000E-03 0.160000E-03 0.160000E-03 0.160000E-03 0.800000E-04 0.320000E-03 0.160000E-03 0.800000E-04 0.000000E+00 0.800000E-04 0.000000E+00 0.800000E-04 0.000000E+00 0.800000E-04 0.000000E+00 0.800000E-04 0.000000E+00 0.800000E-04 0.000000E+00 0.000000E+00 0.000000E+00 0.000000E+00 0.000000E+00 0.800000E-04 0.000000E+00 0.000000E+00 0.000000E+00 0.000000E+00 0.000000E+00 0.000000E+00 0.000000E+00 0.000000E+00 0.000000E+00 0.000000E+00 0.000000E+00 0.000000E+00 0.000000E+00 0.000000E+00 0.000000E+00 0.000000E+00 0.000000E+00 0.000000E+00 0.000000E+00 0.000000E+00 0.000000E+00 0.000000E+00 0.000000E+00 0.000000E+00 0.000000E+00 0.000000E+00 0.000000E+00 0.000000E+00 0.000000E+00 0.000000E+00 0.000000E+00 0.800000E-04 0.000000E+00 0.000000E+00 0.000000E+00 0.000000E+00 0.000000E+00 0.000000E+00 0.000000E+00 0.000000E+00 0.000000E+00 0.000000E+00 0.000000E+00 0.000000E+00 0.000000E+00 0.000000E+00 0.000000E+00 0.000000E+00 0.000000E+00 0.000000E+00 0.000000E+00 0.000000E+00 0.000000E+00 0.000000E+00 0.000000E+00 0.000000E+00 0.000000E+00 0.000000E+00 0.000000E+00 0.000000E+00 0.000000E+00 0.000000E+00 0.000000E+00 0.000000E+00 0.000000E+00 0.000000E+00 0.000000E+00 0.000000E+00 0.000000E+00 0.000000E+00 0.000000E+00 0.000000E+00 0.000000E+00 0.000000E+00 0.000000E+00 0.000000E+00 0.000000E+00 0.000000E+00 0.000000E+00 0.000000E+00 0.000000E+00 0.000000E+00 0.000000E+00 0.000000E+00 0.000000E+00 0.000000E+00 0.000000E+00 0.000000E+00 0.000000E+00 0.000000E+00 0.000000E+00 0.000000E+00 0.000000E+00 0.000000E+00 0.000000E+00 0.000000E+00 0.000000E+00 0.000000E+00 0.000000E+00 0.000000E+00 0.000000E+00 0.000000E+00 0.000000E+00 0.000000E+00 0.000000E+00 0.000000E+00 0.000000E+00 0.000000E+00 0.000000E+00 0.000000E+00 0.000000E+00 0.000000E+00 0.000000E+00
 0.679768E+01 0.146184E+01 0.832000E+00 0.565520E+00 0.416720E+00 0.320880E+00 0.249920E+00 0.196560E+00 0.159600E+00 0.128960E+00 0.110320E+00 0.905600E-01 0.746400E-01 0.627200E-01 0.563200E-01 0.472000E-01 0.414400E-01 0.364000E-01 0.288000E-01 0.236800E-01 0.213600E-01 0.177600E-01 0.164800E-01 0.138400E-01 0.125600E-01 0.101600E-01 0.952000E-02 0.792000E-02 0.656000E-02 0.536000E-02 0.608000E-02 0.464000E-02 0.416000E-02 0.496000E-02 0.280000E-02 0.272000E-02 0.224000E-02 0.160000E-02 0.200000E-02 0.192000E-02 0.120000E-02 0.112000E-02 0.800000E-03 0.960000E-03 0.104000E-02 0.560000E-03 0.400000E-03 0.640000E-03 0.400000E-03 0.560000E-03 0.640000E-03 0.480000E-03 0.240000E-03 0.320000E-03 0.400000E-03 0.320000E-03 0.800000E-04 0.240000E-03 0.320000E-03 0.000000E+00 0.800000E-04 0.160000E-03 0.240000E-03 0.160000E-03 0.000000E+00 0.000000E+00 0.800000E-04 0.800000E-04 0.800000E-04 0.000000E+00 0.000000E+00 0.000000E+00 0.000000E+00 0.000000E+00 0.000000E+00 0.000000E+00 0.800000E-04 0.000000E+00 0.800000E-04 0.000000E+00 0.000000E+00 0.000000E+00 0.800000E-04 0.800000E-04 0.000000E+00 0.000000E+00 0.000000E+00 0.000000E+00 0.000000E+00 0.000000E+00 0.000000E+00 0.000000E+00 0.000000E+00 0.000000E+00 0.000000E+00 0.000000E+00 0.000000E+00 0.000000E+00 0.000000E+00 0.000000E+00 0.000000E+00 0.000000E+00 0.000000E+00 0.000000E+00 0.000000E+00 0.000000E+00 0.000000E+00 0.000000E+00 0.000000E+00 0.000000E+00 0.000000E+00 0.000000E+00 0.000000E+00 0.000000E+00 0.000000E+00 0.000000E+00 0.000000E+00 0.000000E+00 0.000000E+00 0.000000E+00 0.000000E+00 0.000000E+00 0.000000E+00 0.000000E+00 0.000000E+00 0.000000E+00 0.000000E+00 0.000000E+00 0.000000E+00 0.000000E+00 0.000000E+00 0.000000E+00 0.000000E+00 0.000000E+00 0.000000E+00 0.000000E+00 0.000000E+00 0.000000E+00 0.000000E+00 0.000000E+00 0.000000E+00 0.000000E+00 0.000000E+00 0.000000E+00 0.000000E+00 0.000000E+00 0.000000E+00 0.000000E+00 0.000000E+00 0.000000E+00 0.000000E+00 0.000000E+00 0.000000E+00 0.000000E+00 0.000000E+00 0.000000E+00 0.000000E+00 0.000000E+00 0.000000E+00 0.000000E+00 0.000000E+00 0.000000E+00 0.000000E+00 0.000000E+00 0.000000E+00 0.000000E+00 0.000000E+00 0.000000E+00 0.000000E+00 0.000000E+00 0.000000E+00 0.000000E+00 0.000000E+00 0.000000E+00 0.000000E+00 0.000000E+00 0.000000E+00 0.000000E+00 0.000000E+00 0.000000E+00 0.000000E+00 0.000000E+00 0.000000E+00 0.000000E+00 0.000000E+00 0.000000E+00 0.000000E+00 0.000000E+00 0.000000E+00 0.000000E+00 0.000000E+00 0.000000E+00 0.000000E+00 0.000000E+00 0.000000E+00 0.000000E+00 0.000000E+00 0.000000E+00 0.000000E+00 0.000000E+00
 0.695064E+01 0.138600E+01 0.790400E+00 0.533120E+00 0.388320E+00 0.294000E+00 0.231280E+00 0.183120E+00 0.155360E+00 0.130560E+00 0.101600E+00 0.892000E-01 0.732800E-01 0.657600E-01 0.583200E-01 0.519200E-01 0.396000E-01 0.331200E-01 0.320800E-01 0.303200E-01 0.264000E-01 0.204800E-01 0.196800E-01 0.160000E-01 0.149600E-01 0.128000E-01 0.112800E-01 0.968000E-02 0.816000E-02 0.856000E-02 0.608000E-02 0.632000E-02 0.608000E-02 0.568000E-02 0.392000E-02 0.488000E-02 0.296000E-02 0.392000E-02 0.288000E-02 0.200000E-02 0.184000E-02 0.176000E-02 0.112000E-02 0.160000E-02 0.200000E-02 0.560000E-03 0.128000E-02 0.640000E-03 0.560000E-03 0.800000E-03 0.800000E-03 0.240000E-03 0.400000E-03 0.240000E-03 0.480000E-03 0.320000E-03 0.800000E-04 0.480000E-03 0.240000E-03 0.800000E-04 0.160000E-03 0.320000E-03 0.160000E-03 0.800000E-04 0.800000E-04 0.000000E+00 0.320000E-03 0.400000E-03 0.000000E+00 0.800000E-04 0.800000E-04 0.240000E-03 0.800000E-04 0.000000E+00 0.000000E+00 0.160000E-03 0.800000E-04 0.000000E+00 0.800000E-04 0.800000E-04 0.000000E+00 0.000000E+00 0.000000E+00 0.000000E+00 0.800000E-04 0.800000E-04 0.000000E+00 0.000000E+00 0.000000E+00 0.800000E-04 0.000000E+00 0.800000E-04 0.800000E-04 0.000000E+00 0.000000E+00 0.800000E-04 0.000000E+00 0.000000E+00 0.800000E-04 0.000000E+00 0.000000E+00 0.000000E+00 0.000000E+00 0.000000E+00 0.000000E+00 0.000000E+00 0.000000E+00 0.000000E+00 0.000000E+00 0.000000E+00 0.000000E+00 0.000000E+00 0.000000E+00 0.000000E+00 0.000000E+00 0.000000E+00 0.000000E+00 0.000000E+00 0.000000E+00 0.000000E+00 0.000000E+00 0.000000E+00 0.000000E+00 0.000000E+00 0.000000E+00 0.000000E+00 0.000000E+00 0.000000E+00 0.000000E+00 0.000000E+00 0.000000E+00 0.000000E+00 0.000000E+00 0.000000E+00 0.000000E+00 0.000000E+00 0.000000E+00 0.000000E+00 0.000000E+00 0.000000E+00 0.000000E+00 0.000000E+00 0.000000E+00 0.000000E+00 0.000000E+00 0.000000E+00 0.000000E+00 0.000000E+00 0.000000E+00 0.000000E+00 0.000000E+00 0.000000E+00 0.000000E+00 0.000000E+00 0.000000E+00 0.000000E+00 0.000000E+00 0.000000E+00 0.000000E+00 0.000000E+00 0.000000E+00 0.000000E+00 0.000000E+00 0.000000E+00 0.000000E+00 0.000000E+00 0.000000E+00 0.000000E+00 0.000000E+00 0.000000E+00 0.000000E+00 0.000000E+00 0.000000E+00 0.000000E+00 0.000000E+00 0.000000E+00 0.000000E+00 0.000000E+00 0.000000E+00 0.000000E+00 0.000000E+00 0.000000E+00 0.000000E+00 0.000000E+00 0.000000E+00 0.000000E+00 0.000000E+00 0.000000E+00 0.000000E+00 0.000000E+00 0.000000E+00 0.000000E+00 0.000000E+00 0.000000E+00 0.000000E+00 0.000000E+00 0.000000E+00 0.000000E+00 0.000000E+00 0.000000E+00
 0.310467E+02 0.123720E+01 0.663280E+00 0.415360E+00 0.278560E+00 0.189680E+00 0.152800E+00 0.114800E+00 0.911200E-01 0.723200E-01 0.548800E-01 0.452800E-01 0.381600E-01 0.270400E-01 0.256000E-01 0.205600E-01 0.176800E-01 0.152000E-01 0.120000E-01 0.104000E-01 0.688000E-02 0.744000E-02 0.648000E-02 0.424000E-02 0.440000E-02 0.432000E-02 0.360000E-02 0.328000E-02 0.176000E-02 0.240000E-02 0.152000E-02 0.160000E-02 0.160000E-02 0.128000E-02 0.128000E-02 0.120000E-02 0.112000E-02 0.320000E-03 0.480000E-03 0.560000E-03 0.800000E-04 0.160000E-03 0.560000E-03 0.400000E-03 0.000000E+00 0.800000E-04 0.160000E-03 0.000000E+00 0.160000E-03 0.160000E-03 0.800000E-04 0.000000E+00 0.000000E+00 0.800000E-04 0.240000E-03 0.800000E-04 0.160000E-03 0.160000E-03 0.000000E+00 0.800000E-04 0.000000E+00 0.000000E+00 0.160000E-03 0.000000E+00 0.000000E+00 0.000000E+00 0.000000E+00 0.000000E+00 0.000000E+00 0.000000E+00 0.000000E+00 0.800000E-04 0.000000E+00 0.000000E+00 0.000000E+00 0.000000E+00 0.000000E+00 0.000000E+00 0.800000E-04 0.000000E+00 0.800000E-04 0.000000E+00 0.000000E+00 0.000000E+00 0.000000E+00 0.000000E+00 0.000000E+00 0.000000E+00 0.000000E+00 0.000000E+00 0.000000E+00 0.000000E+00 0.000000E+00 0.000000E+00 0.000000E+00 0.000000E+00 0.000000E+00 0.000000E+00 0.000000E+00 0.000000E+00 0.000000E+00 0.000000E+00 0.000000E+00 0.000000E+00 0.000000E+00 0.000000E+00 0.000000E+00 0.000000E+00 0.000000E+00 0.000000E+00 0.000000E+00 0.000000E+00 0.000000E+00 0.000000E+00 0.000000E+00 0.000000E+00 0.000000E+00 0.000000E+00 0.000000E+00 0.000000E+00 0.000000E+00 0.000000E+00 0.000000E+00 0.000000E+00 0.000000E+00 0.000000E+00 0.000000E+00 0.000000E+00 0.000000E+00 0.000000E+00 0.000000E+00 0.000000E+00 0.000000E+00 0.000000E+00 0.000000E+00 0.000000E+00 0.000000E+00 0.000000E+00 0.000000E+00 0.000000E+00 0.000000E+00 0.000000E+00 0.000000E+00 0.000000E+00 0.000000E+00 0.000000E+00 0.000000E+00 0.000000E+00 0.000000E+00 0.000000E+00 0.000000E+00 0.000000E+00 0.000000E+00 0.000000E+00 0.000000E+00 0.000000E+00 0.000000E+00 0.000000E+00 0.000000E+00 0.000000E+00 0.000000E+00 0.000000E+00 0.000000E+00 0.000000E+00 0.000000E+00 0.000000E+00 0.000000E+00 0.000000E+00 0.000000E+00 0.000000E+00 0.000000E+00 0.000000E+00 0.000000E+00 0.000000E+00 0.000000E+00 0.000000E+00 0.000000E+00 0.000000E+00 0.000000E+00 0.000000E+00 0.000000E+00 0.000000E+00 0.000000E+00 0.000000E+00 0.000000E+00 0.000000E+00 0.000000E+00 0.000000E+00 0.000000E+00 0.000000E+00 0.000000E+00 0.000000E+00 0.000000E+00 0.000000E+00 0.000000E+00 0.000000E+00 0.000000E+00 0.000000E+00 0.000000E+00 0.000000E+00
 0.252525E+02 0.187832E+01 0.111272E+01 0.753440E+00 0.557360E+00 0.437120E+00 0.344560E+00 0.275680E+00 0.223280E+00 0.189120E+00 0.160240E+00 0.129200E+00 0.113360E+00 0.978400E-01 0.872800E-01 0.728000E-01 0.604000E-01 0.584000E-01 0.483200E-01 0.464000E-01 0.364000E-01 0.341600E-01 0.318400E-01 0.277600E-01 0.223200E-01 0.199200E-01 0.195200E-01 0.170400E-01 0.156800E-01 0.117600E-01 0.104000E-01 0.116000E-01 0.112000E-01 0.984000E-02 0.704000E-02 0.704000E-02 0.640000E-02 0.520000E-02 0.456000E-02 0.384000E-02 0.376000E-02 0.320000E-02 0.344000E-02 0.312000E-02 0.264000E-02 0.272000E-02 0.168000E-02 0.208000E-02 0.168000E-02 0.184000E-02 0.192000E-02 0.960000E-03 0.960000E-03 0.880000E-03 0.960000E-03 0.112000E-02 0.960000E-03 0.880000E-03 0.112000E-02 0.480000E-03 0.720000E-03 0.480000E-03 0.480000E-03 0.720000E-03 0.560000E-03 0.320000E-03 0.160000E-03 0.000000E+00 0.480000E-03 0.160000E-03 0.400000E-03 0.240000E-03 0.160000E-03 0.800000E-04 0.000000E+00 0.000000E+00 0.240000E-03 0.000000E+00 0.800000E-04 0.800000E-04 0.160000E-03 0.160000E-03 0.800000E-04 0.160000E-03 0.000000E+00 0.240000E-03 0.160000E-03 0.160000E-03 0.000000E+00 0.000000E+00 0.160000E-03 0.800000E-04 0.000000E+00 0.000000E+00 0.000000E+00 0.000000E+00 0.000000E+00 0.000000E+00 0.000000E+00 0.000000E+00 0.000000E+00 0.800000E-04 0.000000E+00 0.000000E+00 0.000000E+00 0.000000E+00 0.000000E+00 0.000000E+00 0.000000E+00 0.000000E+00 0.000000E+00 0.000000E+00 0.000000E+00 0.000000E+00 0.000000E+00 0.000000E+00 0.000000E+00 0.000000E+00 0.000000E+00 0.000000E+00 0.000000E+00 0.000000E+00 0.000000E+00 0.000000E+00 0.000000E+00 0.000000E+00 0.000000E+00 0.000000E+00 0.000000E+00 0.000000E+00 0.000000E+00 0.000000E+00 0.000000E+00 0.000000E+00 0.000000E+00 0.000000E+00 0.000000E+00 0.000000E+00 0.000000E+00 0.000000E+00 0.000000E+00 0.000000E+00 0.000000E+00 0.000000E+00 0.000000E+00 0.800000E-04 0.000000E+00 0.000000E+00 0.000000E+00 0.000000E+00 0.000000E+00 0.000000E+00 0.000000E+00 0.000000E+00 0.000000E+00 0.000000E+00 0.000000E+00 0.000000E+00 0.000000E+00 0.000000E+00 0.000000E+00 0.000000E+00 0.000000E+00 0.000000E+00 0.000000E+00 0.000000E+00 0.000000E+00 0.000000E+00 0.000000E+00 0.000000E+00 0.000000E+00 0.000000E+00 0.000000E+00 0.000000E+00 0.000000E+00 0.000000E+00 0.000000E+00 0.000000E+00 0.000000E+00 0.000000E+00 0.000000E+00 0.000000E+00 0.000000E+00 0.000000E+00 0.000000E+00 0.000000E+00 0.000000E+00 0.000000E+00 0.000000E+00 0.000000E+00 0.000000E+00 0.000000E+00 0.000000E+00 0.000000E+00 0.000000E+00 0.000000E+00 0.000000E+00 0.000000E+00 0.000000E+00 0.000000E+00
 0.702680E+01 0.149216E+01 0.878080E+00 0.600800E+00 0.438160E+00 0.323280E+00 0.253040E+00 0.203440E+00 0.165200E+00 0.134000E+00 0.114080E+00 0.936800E-01 0.807200E-01 0.647200E-01 0.542400E-01 0.479200E-01 0.379200E-01 0.357600E-01 0.312800E-01 0.252800E-01 0.226400E-01 0.192000E-01 0.173600E-01 0.133600E-01 0.113600E-01 0.108000E-01 0.107200E-01 0.736000E-02 0.848000E-02 0.720000E-02 0.584000E-02 0.544000E-02 0.376000E-02 0.392000E-02 0.336000E-02 0.352000E-02 0.224000E-02 0.208000E-02 0.200000E-02 0.168000E-02 0.232000E-02 0.144000E-02 0.128000E-02 0.176000E-02 0.112000E-02 0.880000E-03 0.640000E-03 0.320000E-03 0.480000E-03 0.240000E-03 0.480000E-03 0.480000E-03 0.240000E-03 0.640000E-03 0.240000E-03 0.160000E-03 0.480000E-03 0.320000E-03 0.800000E-04 0.800000E-04 0.320000E-03 0.000000E+00 0.800000E-04 0.160000E-03 0.000000E+00 0.000000E+00 0.800000E-04 0.800000E-04 0.000000E+00 0.800000E-04 0.000000E+00 0.000000E+00 0.800000E-04 0.800000E-04 0.000000E+00 0.000000E+00 0.800000E-04 0.000000E+00 0.000000E+00 0.000000E+00 0.000000E+00 0.000000E+00 0.000000E+00 0.000000E+00 0.000000E+00 0.000000E+00 0.000000E+00 0.000000E+00 0.000000E+00 0.000000E+00 0.000000E+00 0.000000E+00 0.000000E+00 0.000000E+00 0.000000E+00 0.000000E+00 0.000000E+00 0.000000E+00 0.000000E+00 0.000000E+00 0.000000E+00 0.000000E+00 0.000000E+00 0.000000E+00 0.000000E+00 0.000000E+00 0.000000E+00 0.000000E+00 0.000000E+00 0.000000E+00 0.000000E+00 0.000000E+00 0.000000E+00 0.000000E+00 0.000000E+00 0.000000E+00 0.000000E+00 0.000000E+00 0.000000E+00 0.000000E+00 0.000000E+00 0.000000E+00 0.000000E+00 0.000000E+00 0.000000E+00 0.000000E+00 0.000000E+00 0.000000E+00 0.000000E+00 0.000000E+00 0.000000E+00 0.000000E+00 0.000000E+00 0.000000E+00 0.000000E+00 0.000000E+00 0.000000E+00 0.000000E+00 0.000000E+00 0.000000E+00 0.000000E+00 0.000000E+00 0.000000E+00 0.000000E+00 0.000000E+00 0.000000E+00 0.000000E+00 0.000000E+00 0.000000E+00 0.000000E+00 0.000000E+00 0.000000E+00 0.000000E+00 0.000000E+00 0.000000E+00 0.000000E+00 0.000000E+00 0.000000E+00 0.000000E+00 0.000000E+00 0.000000E+00 0.000000E+00 0.000000E+00 0.000000E+00 0.000000E+00 0.000000E+00 0.000000E+00 0.000000E+00 0.000000E+00 0.000000E+00 0.000000E+00 0.000000E+00 0.000000E+00 0.000000E+00 0.000000E+00 0.000000E+00 0.000000E+00 0.000000E+00 0.000000E+00 0.000000E+00 0.000000E+00 0.000000E+00 0.000000E+00 0.000000E+00 0.000000E+00 0.000000E+00 0.000000E+00 0.000000E+00 0.000000E+00 0.000000E+00 0.000000E+00 0.000000E+00 0.000000E+00 0.000000E+00 0.000000E+00 0.000000E+00 0.000000E+00 0.000000E+00 0.000000E+00 0.000000E+00
 0.711936E+01 0.142312E+01 0.801280E+00 0.541440E+00 0.387840E+00 0.304320E+00 0.236880E+00 0.188640E+00 0.157920E+00 0.121520E+00 0.114320E+00 0.908800E-01 0.769600E-01 0.724800E-01 0.556000E-01 0.504000E-01 0.429600E-01 0.412000E-01 0.325600E-01 0.284800E-01 0.233600E-01 0.217600E-01 0.184000E-01 0.186400E-01 0.160000E-01 0.134400E-01 0.112800E-01 0.944000E-02 0.106400E-01 0.744000E-02 0.728000E-02 0.544000E-02 0.456000E-02 0.472000E-02 0.464000E-02 0.424000E-02 0.488000E-02 0.352000E-02 0.312000E-02 0.320000E-02 0.272000E-02 0.208000E-02 0.248000E-02 0.152000E-02 0.136000E-02 0.184000E-02 0.144000E-02 0.880000E-03 0.144000E-02 0.120000E-02 0.144000E-02 0.720000E-03 0.800000E-03 0.240000E-03 0.320000E-03 0.400000E-03 0.480000E-03 0.320000E-03 0.160000E-03 0.480000E-03 0.240000E-03 0.240000E-03 0.400000E-03 0.240000E-03 0.160000E-03 0.160000E-03 0.160000E-03 0.800000E-04 0.320000E-03 0.160000E-03 0.800000E-04 0.000000E+00 0.800000E-04 0.000000E+00 0.800000E-04 0.000000E+00 0.800000E-04 0.000000E+00 0.800000E-04 0.000000E+00 0.800000E-04 0.000000E+00 0.000000E+00 0.000000E+00 0.000000E+00 0.000000E+00 0.800000E-04 0.000000E+00 0.000000E+00 0.000000E+00 0.000000E+00 0.000000E+00 0.000000E+00 0.000000E+00 0.000000E+00 0.000000E+00 0.000000E+00 0.000000E+00 0.000000E+00 0.000000E+00 0.000000E+00 0.000000E+00 0.000000E+00 0.000000E+00 0.000000E+00 0.000000E+00 0.000000E+00 0.000000E+00 0.000000E+00 0.000000E+00 0.000000E+00 0.000000E+00 0.000000E+00 0.000000E+00 0.000000E+00 0.000000E+00 0.000000E+00 0.000000E+00 0.800000E-04 0.000000E+00 0.000000E+00 0.000000E+00 0.000000E+00 0.000000E+00 0.000000E+00 0.000000E+00 0.000000E+00 0.000000E+00 0.000000E+00 0.000000E+00 0.000000E+00 0.000000E+00 0.000000E+00 0.000000E+00 0.000000E+00 0.000000E+00 0.000000E+00 0.000000E+00 0.000000E+00 0.000000E+00 0.000000E+00 0.000000E+00 0.000000E+00 0.000000E+00 0.000000E+00 0.000000E+00 0.000000E+00 0.000000E+00 0.000000E+00 0.000000E+00 0.000000E+00 0.000000E+00 0.000000E+00 0.000000E+00 0.000000E+00 0.000000E+00 0.000000E+00 0.000000E+00 0.000000E+00 0.000000E+00 0.000000E+00 0.000000E+00 0.000000E+00 0.000000E+00 0.000000E+00 0.000000E+00 0.000000E+00 0.000000E+00 0.000000E+00 0.000000E+00 0.000000E+00 0.000000E+00 0.000000E+00 0.000000E+00 0.000000E+00 0.000000E+00 0.000000E+00 0.000000E+00 0.000000E+00 0.000000E+00 0.000000E+00 0.000000E+00 0.000000E+00 0.000000E+00 0.000000E+00 0.000000E+00 0.000000E+00 0.000000E+00 0.000000E+00 0.000000E+00 0.000000E+00 0.000000E+00 0.000000E+00 0.000000E+00 0.000000E+00 0.000000E+00 0.000000E+00 0.000000E+00 0.000000E+00 0.000000E+00
 0.679768E+01 0.146184E+01 0.832000E+00 0.565520E+00 0.416720E+00 0.320880E+00 0.249920E+00 0.196560E+00 0.159600E+00 0.128960E+00 0.110320E+00 0.905600E-01 0.746400E-01 0.627200E-01 0.563200E-01 0.472000E-01 0.414400E-01 0.364000E-01 0.288000E-01 0.236800E-01 0.213600E-01 0.177600E-01 0.164800E-01 0.138400E-01 0.125600E-01 0.101600E-01 0.952000E-02 0.792000E-02 0.656000E-02 0.536000E-02 0.608000E-02 0.464000E-02 0.416000E-02 0.496000E-02 0.280000E-02 0.272000E-02 0.224000E-02 0.160000E-02 0.200000E-02 0.192000E-02 0.120000E-02 0.112000E-02 0.800000E-03 0.960000E-03 0.104000E-02 0.560000E-03 0.400000E-03 0.640000E-03 0.400000E-03 0.560000E-03 0.640000E-03 0.480000E-03 0.240000E-03 0.320000E-03 0.400000E-03 0.320000E-03 0.800000E-04 0.240000E-03 0.320000E-03 0.000000E+00 0.800000E-04 0.160000E-03 0.240000E-03 0.160000E-03 0.000000E+00 0.000000E+00 0.800000E-04 0.800000E-04 0.800000E-04 0.000000E+00 0.000000E+00 0.000000E+00 0.000000E+00 0.000000E+00 0.000000E+00 0.000000E+00 0.800000E-04 0.000000E+00 0.800000E-04 0.000000E+00 0.000000E+00 0.000000E+00 0.800000E-04 0.800000E-04 0.000000E+00 0.000000E+00 0.000000E+00 0.000000E+00 0.000000E+00 0.000000E+00 0.000000E+00 0.000000E+00 0.000000E+00 0.000000E+00 0.000000E+00 0.000000E+00 0.000000E+00 0.000000E+00 0.000000E+00 0.000000E+00 0.000000E+00 0.000000E+00 0.000000E+00 0.000000E+00 0.000000E+00 0.000000E+00 0.000000E+00 0.000000E+00 0.000000E+00 0.000000E+00 0.000000E+00 0.000000E+00 0.000000E+00 0.000000E+00 0.000000E+00 0.000000E+00 0.000000E+00 0.000000E+00 0.000000E+00 0.000000E+00 0.000000E+00 0.000000E+00 0.000000E+00 0.000000E+00 0.000000E+00 0.000000E+00 0.000000E+00 0.000000E+00 0.000000E+00 0.000000E+00 0.000000E+00 0.000000E+00 0.000000E+00 0.000000E+00 0.000000E+00 0.000000E+00 0.000000E+00 0.000000E+00 0.000000E+00 0.000000E+00 0.000000E+00 0.000000E+00 0.000000E+00 0.000000E+00 0.000000E+00 0.000000E+00 0.000000E+00 0.000000E+00 0.000000E+00 0.000000E+00 0.000000E+00 0.000000E+00 0.000000E+00 0.000000E+00 0.000000E+00 0.000000E+00 0.000000E+00 0.000000E+00 0.000000E+00 0.000000E+00 0.000000E+00 0.000000E+00 0.000000E+00 0.000000E+00 0.000000E+00 0.000000E+00 0.000000E+00 0.000000E+00 0.000000E+00 0.000000E+00 0.000000E+00 0.000000E+00 0.000000E+00 0.000000E+00 0.000000E+00 0.000000E+00 0.000000E+00 0.000000E+00 0.000000E+00 0.000000E+00 0.000000E+00 0.000000E+00 0.000000E+00 0.000000E+00 0.000000E+00 0.000000E+00 0.000000E+00 0.000000E+00 0.000000E+00 0.000000E+00 0.000000E+00 0.000000E+00 0.000000E+00 0.000000E+00 0.000000E+00 0.000000E+00 0.000000E+00 0.000000E+00 0.000000E+00 0.000000E+00
 0.695064E+01 0.138600E+01 0.790400E+00 0.533120E+00 0.388320E+00 0.294000E+00 0.231280E+00 0.183120E+00 0.155360E+00 0.130560E+00 0.101600E+00 0.892000E-01 0.732800E-01 0.657600E-01 0.583200E-01 0.519200E-01 0.396000E-01 0.331200E-01 0.320800E-01 0.303200E-01 0.264000E-01 0.204800E-01 0.196800E-01 0.160000E-01 0.149600E-01 0.128000E-01 0.112800E-01 0.968000E-02 0.816000E-02 0.856000E-02 0.608000E-02 0.632000E-02 0.608000E-02 0.568000E-02 0.392000E-02 0.488000E-02 0.296000E-02 0.392000E-02 0.288000E-02 0.200000E-02 0.184000E-02 0.176000E-02 0.112000E-02 0.160000E-02 0.200000E-02 0.560000E-03 0.128000E-02 0.640000E-03 0.560000E-03 0.800000E-03 0.800000E-03 0.240000E-03 0.400000E-03 0.240000E-03 0.480000E-03 0.320000E-03 0.800000E-04 0.480000E-03 0.240000E-03 0.800000E-04 0.160000E-03 0.320000E-03 0.160000E-03 0.800000E-04 0.800000E-04 0.000000E+00 0.320000E-03 0.400000E-03 0.000000E+00 0.800000E-04 0.800000E-04 0.240000E-03 0.800000E-04 0.000000E+00 0.000000E+00 0.160000E-03 0.800000E-04 0.000000E+00 0.800000E-04 0.800000E-04 0.000000E+00 0.000000E+00 0.000000E+00 0.000000E+00 0.800000E-04 0.800000E-04 0.000000E+00 0.000000E+00 0.000000E+00 0.800000E-04 0.000000E+00 0.800000E-04 0.800000E-04 0.000000E+00 0.000000E+00 0.800000E-04 0.000000E+00 0.000000E+00 0.800000E-04 0.000000E+00 0.000000E+00 0.000000E+00 0.000000E+00 0.000000E+00 0.000000E+00 0.000000E+00 0.000000E+00 0.000000E+00 0.000000E+00 0.000000E+00 0.000000E+00 0.000000E+00 0.000000E+00 0.000000E+00 0.000000E+00 0.000000E+00 0.000000E+00 0.000000E+00 0.000000E+00 0.000000E+00 0.000000E+00 0.000000E+00 0.000000E+00 0.000000E+00 0.000000E+00 0.000000E+00 0.000000E+00 0.000000E+00 0.000000E+00 0.000000E+00 0.000000E+00 0.000000E+00 0.000000E+00 0.000000E+00 0.000000E+00 0.000000E+00 0.000000E+00 0.000000E+00 0.000000E+00 0.000000E+00 0.000000E+00 0.000000E+00 0.000000E+00 0.000000E+00 0.000000E+00 0.000000E+00 0.000000E+00 0.000000E+00 0.000000E+00 0.000000E+00 0.000000E+00 0.000000E+00 0.000000E+00 0.000000E+00 0.000000E+00 0.000000E+00 0.000000E+00 0.000000E+00 0.000000E+00 0.000000E+00 0.000000E+00 0.000000E+00 0.000000E+00 0.000000E+00 0.000000E+00 0.000000E+00 0.000000E+00 0.000000E+00 0.000000E+00 0.000000E+00 0.000000E+00 0.000000E+00 0.000000E+00 0.000000E+00 0.000000E+00 0.000000E+00 0.000000E+00 0.000000E+00 0.000000E+00 0.000000E+00 0.000000E+00 0.000000E+00 0.000000E+00 0.000000E+00 0.000000E+00 0.000000E+00 0.000000E+00 0.000000E+00 0.000000E+00 0.000000E+00 0.000000E+00 0.000000E+00 0.000000E+00 0.000000E+00 0.000000E+00 0.000000E+00 0.000000E+00 0.000000E+00 0.000000E+00 0.000000E+00
 0.310467E+02 0.123720E+01 0.663280E+00 0.415360E+00 0.278560E+00 0.189680E+00 0.152800E+00 0.114800E+00 0.911200E-01 0.723200E-01 0.548800E-01 0.452800E-01 0.381600E-01 0.270400E-01 0.256000E-01 0.205600E-01 0.176800E-01 0.152000E-01 0.120000E-01 0.104000E-01 0.688000E-02 0.744000E-02 0.648000E-02 0.424000E-02 0.440000E-02 0.432000E-02 0.360000E-02 0.328000E-02 0.176000E-02 0.240000E-02 0.152000E-02 0.160000E-02 0.160000E-02 0.128000E-02 0.128000E-02 0.120000E-02 0.112000E-02 0.320000E-03 0.480000E-03 0.560000E-03 0.800000E-04 0.160000E-03 0.560000E-03 0.400000E-03 0.000000E+00 0.800000E-04 0.160000E-03 0.000000E+00 0.160000E-03 0.160000E-03 0.800000E-04 0.000000E+00 0.000000E+00 0.800000E-04 0.240000E-03 0.800000E-04 0.160000E-03 0.160000E-03 0.000000E+00 0.800000E-04 0.000000E+00 0.000000E+00 0.160000E-03 0.000000E+00 0.000000E+00 0.000000E+00 0.000000E+00 0.000000E+00 0.000000E+00 0.000000E+00 0.000000E+00 0.800000E-04 0.000000E+00 0.000000E+00 0.000000E+00 0.000000E+00 0.000000E+00 0.000000E+00 0.800000E-04 0.000000E+00 0.800000E-04 0.000000E+00 0.000000E+00 0.000000E+00 0.000000E+00 0.000000E+00 0.000000E+00 0.000000E+00 0.000000E+00 0.000000E+00 0.000000E+00 0.000000E+00 0.000000E+00 0.000000E+00 0.000000E+00 0.000000E+00 0.000000E+00 0.000000E+00 0.000000E+00 0.000000E+00 0.000000E+00 0.000000E+00 0.000000E+00 0.000000E+00 0.000000E+00 0.000000E+00 0.000000E+00 0.000000E+00 0.000000E+00 0.000000E+00 0.000000E+00 0.000000E+00 0.000000E+00 0.000000E+00 0.000000E+00 0.000000E+00 0.000000E+00 0.000000E+00 0.000000E+00 0.000000E+00 0.000000E+00 0.000000E+00 0.000000E+00 0.000000E+00 0.000000E+00 0.000000E+00 0.000000E+00 0.000000E+00 0.000000E+00 0.000000E+00 0.000000E+00 0.000000E+00 0.000000E+00 0.000000E+00 0.000000E+00 0.000000E+00 0.000000E+00 0.000000E+00 0.000000E+00 0.000000E+00 0.000000E+00 0.000000E+00 0.000000E+00 0.000000E+00 0.000000E+00 0.000000E+00 0.000000E+00 0.000000E+00 0.000000E+00 0.000000E+00 0.000000E+00 0.000000E+00 0.000000E+00 0.000000E+00 0.000000E+00 0.000000E+00 0.000000E+00 0.000000E+00 0.000000E+00 0.000000E+00 0.000000E+00 0.000000E+00 0.000000E+00 0.000000E+00 0.000000E+00 0.000000E+00 0.000000E+00 0.000000E+00 0.000000E+00 0.000000E+00 0.000000E+00 0.000000E+00 0.000000E+00 0.000000E+00 0.000000E+00 0.000000E+00 0.000000E+00 0.000000E+00 0.000000E+00 0.000000E+00 0.000000E+00 0.000000E+00 0.000000E+00 0.000000E+00 0.000000E+00 0.000000E+00 0.000000E+00 0.000000E+00 0.000000E+00 0.000000E+00 0.000000E+00 0.000000E+00 0.000000E+00 0.000000E+00 0.000000E+00 0.000000E+00 0.000000E+00 0.000000E+00 0.000000E+00 0.000000E+00
 0.252525E+02 0.187832E+01 0.111272E+01 0.753440E+00 0.557360E+00 0.437120E+00 0.344560E+00 0.275680E+00 0.223280E+00 0.189120E+00 0.160240E+00 0.129200E+00 0.113360E+00 0.978400E-01 0.872800E-01 0.728000E-01 0.604000E-01 0.584000E-01 0.483200E-01 0.464000E-01 0.364000E-01 0.341600E-01 0.318400E-01 0.277600E-01 0.223200E-01 0.199200E-01 0.195200E-01 0.170400E-01 0.156800E-01 0.117600E-01 0.104000E-01 0.116000E-01 0.112000E-01 0.984000E-02 0.704000E-02 0.704000E-02 0.640000E-02 0.520000E-02 0.456000E-02 0.384000E-02 0.376000E-02 0.320000E-02 0.344000E-02 0.312000E-02 0.264000E-02 0.272000E-02 0.168000E-02 0.208000E-02 0.168000E-02 0.184000E-02 0.192000E-02 0.960000E-03 0.960000E-03 0.880000E-03 0.960000E-03 0.112000E-02 0.960000E-03 0.880000E-03 0.112000E-02 0.480000E-03 0.720000E-03 0.480000E-03 0.480000E-03 0.720000E-03 0.560000E-03 0.320000E-03 0.160000E-03 0.000000E+00 0.480000E-03 0.160000E-03 0.400000E-03 0.240000E-03 0.160000E-03 0.800000E-04 0.000000E+00 0.000000E+00 0.240000E-03 0.000000E+00 0.800000E-04 0.800000E-04 0.160000E-03 0.160000E-03 0.800000E-04 0.160000E-03 0.000000E+00 0.240000E-03 0.160000E-03 0.160000E-03 0.000000E+00 0.000000E+00 0.160000E-03 0.800000E-04 0.000000E+00 0.000000E+00 0.000000E+00 0.000000E+00 0.000000E+00 0.000000E+00 0.000000E+00 0.000000E+00 0.000000E+00 0.800000E-04 0.000000E+00 0.000000E+00 0.000000E+00 0.000000E+00 0.000000E+00 0.000000E+00 0.000000E+00 0.000000E+00 0.000000E+00 0.000000E+00 0.000000E+00 0.000000E+00 0.000000E+00 0.000000E+00 0.000000E+00 0.000000E+00 0.000000E+00 0.000000E+00 0.000000E+00 0.000000E+00 0.000000E+00 0.000000E+00 0.000000E+00 0.000000E+00 0.000000E+00 0.000000E+00 0.000000E+00 0.000000E+00 0.000000E+00 0.000000E+00 0.000000E+00 0.000000E+00 0.000000E+00 0.000000E+00 0.000000E+00 0.000000E+00 0.000000E+00 0.000000E+00 0.000000E+00 0.000000E+00 0.000000E+00 0.000000E+00 0.000000E+00 0.800000E-04 0.000000E+00 0.000000E+00 0.000000E+00 0.000000E+00 0.000000E+00 0.000000E+00 0.000000E+00 0.000000E+00 0.000000E+00 0.000000E+00 0.000000E+00 0.000000E+00 0.000000E+00 0.000000E+00 0.000000E+00 0.000000E+00 0.000000E+00 0.000000E+00 0.000000E+00 0.000000E+00 0.000000E+00 0.000000E+00 0.000000E+00 0.000000E+00 0.000000E+00 0.000000E+00 0.000000E+00 0.000000E+00 0.000000E+00 0.000000E+00 0.000000E+00 0.000000E+00 0.000000E+00 0.000000E+00 0.000000E+00 0.000000E+00 0.000000E+00 0.000000E+00 0.000000E+00 0.000000E+00 0.000000E+00 0.000000E+00 0.000000E+00 0.000000E+00 0.000000E+00 0.000000E+00 0.000000E+00 0.000000E+00 0.000000E+00 0.000000E+00 0.000000E+00 0.000000E+00 0.000000E+00 0.000000E+00
