### Run with WimpAnn version = wimpann-2.08                            
###   Using Pythia version   = Pythia 6.400    
###   Using nusigma version  = nusigma-1.15-pyr                        
###   Using DarkSUSY version = ds-4.1.6                                
###   WimpAnn run started at date 2007-09-11; time 08:11:07
### Neutrino oscillation parameters
#      theta_12 =  0.00000000E+00
#      theta_13 =  0.00000000E+00
#      theta_23 =  0.00000000E+00
#         delta =  0.00000000E+00
#  delta_m^2_21 =  0.81000000E-04
#  delta_m^2_31 =  0.22000000E-02
### WimpAnn run parameters
#  Annihilation channel =         2
#  Generated particles =  b                bbar            
#  WIMP mass =  0.50000000E+04
#  Number of annihilations =   2500000
#  Source = Earth
#...dPhi/dz in  200 bins from 0 to 1
#...Line  1- 6: flux at centre of Earth for neutrino 1-6
 0.109731E+02 0.613248E+01 0.453056E+01 0.350608E+01 0.286064E+01 0.235152E+01 0.197632E+01 0.169792E+01 0.149640E+01 0.129744E+01 0.114216E+01 0.101104E+01 0.894880E+00 0.817120E+00 0.724400E+00 0.648000E+00 0.605120E+00 0.551360E+00 0.508320E+00 0.452400E+00 0.424560E+00 0.386080E+00 0.353760E+00 0.327200E+00 0.306960E+00 0.276640E+00 0.261040E+00 0.240320E+00 0.223760E+00 0.203440E+00 0.193520E+00 0.175520E+00 0.161280E+00 0.157120E+00 0.150880E+00 0.137520E+00 0.122320E+00 0.125200E+00 0.112240E+00 0.971200E-01 0.999200E-01 0.900800E-01 0.885600E-01 0.789600E-01 0.754400E-01 0.704000E-01 0.647200E-01 0.612000E-01 0.566400E-01 0.526400E-01 0.532800E-01 0.480800E-01 0.461600E-01 0.418400E-01 0.405600E-01 0.350400E-01 0.348800E-01 0.332000E-01 0.287200E-01 0.325600E-01 0.262400E-01 0.252800E-01 0.248800E-01 0.226400E-01 0.237600E-01 0.205600E-01 0.174400E-01 0.172800E-01 0.165600E-01 0.145600E-01 0.128000E-01 0.132000E-01 0.115200E-01 0.928000E-02 0.103200E-01 0.960000E-02 0.928000E-02 0.896000E-02 0.760000E-02 0.816000E-02 0.584000E-02 0.664000E-02 0.520000E-02 0.648000E-02 0.416000E-02 0.528000E-02 0.512000E-02 0.496000E-02 0.480000E-02 0.368000E-02 0.320000E-02 0.360000E-02 0.280000E-02 0.200000E-02 0.264000E-02 0.280000E-02 0.224000E-02 0.296000E-02 0.128000E-02 0.176000E-02 0.176000E-02 0.104000E-02 0.168000E-02 0.152000E-02 0.880000E-03 0.160000E-02 0.800000E-03 0.880000E-03 0.640000E-03 0.800000E-03 0.960000E-03 0.640000E-03 0.800000E-03 0.800000E-03 0.240000E-03 0.240000E-03 0.160000E-03 0.400000E-03 0.400000E-03 0.240000E-03 0.240000E-03 0.320000E-03 0.800000E-04 0.800000E-04 0.160000E-03 0.320000E-03 0.800000E-04 0.000000E+00 0.000000E+00 0.000000E+00 0.000000E+00 0.000000E+00 0.800000E-04 0.000000E+00 0.160000E-03 0.000000E+00 0.000000E+00 0.160000E-03 0.000000E+00 0.000000E+00 0.000000E+00 0.000000E+00 0.000000E+00 0.000000E+00 0.800000E-04 0.000000E+00 0.000000E+00 0.000000E+00 0.000000E+00 0.000000E+00 0.000000E+00 0.000000E+00 0.000000E+00 0.000000E+00 0.000000E+00 0.000000E+00 0.000000E+00 0.000000E+00 0.000000E+00 0.000000E+00 0.000000E+00 0.000000E+00 0.000000E+00 0.000000E+00 0.000000E+00 0.000000E+00 0.000000E+00 0.000000E+00 0.000000E+00 0.000000E+00 0.000000E+00 0.000000E+00 0.000000E+00 0.000000E+00 0.000000E+00 0.000000E+00 0.000000E+00 0.000000E+00 0.000000E+00 0.000000E+00 0.000000E+00 0.000000E+00 0.000000E+00 0.000000E+00 0.000000E+00 0.000000E+00 0.000000E+00 0.000000E+00 0.000000E+00 0.000000E+00 0.000000E+00 0.000000E+00 0.000000E+00 0.000000E+00 0.000000E+00 0.000000E+00 0.000000E+00 0.000000E+00 0.000000E+00 0.000000E+00
 0.109402E+02 0.610016E+01 0.450968E+01 0.352040E+01 0.284720E+01 0.236624E+01 0.201056E+01 0.170816E+01 0.145720E+01 0.129488E+01 0.114040E+01 0.100600E+01 0.892800E+00 0.812720E+00 0.724560E+00 0.663920E+00 0.595600E+00 0.547680E+00 0.499760E+00 0.450720E+00 0.415280E+00 0.392960E+00 0.356320E+00 0.318880E+00 0.303280E+00 0.278240E+00 0.260800E+00 0.245520E+00 0.221280E+00 0.212000E+00 0.194320E+00 0.178160E+00 0.164160E+00 0.161280E+00 0.144960E+00 0.140480E+00 0.127360E+00 0.122640E+00 0.111920E+00 0.104320E+00 0.941600E-01 0.934400E-01 0.859200E-01 0.809600E-01 0.778400E-01 0.654400E-01 0.628800E-01 0.622400E-01 0.587200E-01 0.584000E-01 0.545600E-01 0.467200E-01 0.464800E-01 0.416000E-01 0.389600E-01 0.356800E-01 0.356000E-01 0.333600E-01 0.312000E-01 0.265600E-01 0.263200E-01 0.291200E-01 0.214400E-01 0.207200E-01 0.208000E-01 0.195200E-01 0.183200E-01 0.176800E-01 0.176800E-01 0.160000E-01 0.142400E-01 0.127200E-01 0.129600E-01 0.131200E-01 0.103200E-01 0.105600E-01 0.102400E-01 0.864000E-02 0.792000E-02 0.736000E-02 0.656000E-02 0.608000E-02 0.688000E-02 0.624000E-02 0.456000E-02 0.472000E-02 0.424000E-02 0.576000E-02 0.344000E-02 0.472000E-02 0.336000E-02 0.320000E-02 0.304000E-02 0.296000E-02 0.328000E-02 0.288000E-02 0.272000E-02 0.208000E-02 0.208000E-02 0.208000E-02 0.192000E-02 0.168000E-02 0.176000E-02 0.144000E-02 0.128000E-02 0.160000E-02 0.136000E-02 0.640000E-03 0.560000E-03 0.104000E-02 0.720000E-03 0.800000E-03 0.480000E-03 0.160000E-03 0.560000E-03 0.320000E-03 0.320000E-03 0.400000E-03 0.160000E-03 0.160000E-03 0.800000E-04 0.160000E-03 0.160000E-03 0.320000E-03 0.240000E-03 0.000000E+00 0.000000E+00 0.000000E+00 0.000000E+00 0.000000E+00 0.800000E-04 0.000000E+00 0.800000E-04 0.000000E+00 0.800000E-04 0.000000E+00 0.000000E+00 0.000000E+00 0.000000E+00 0.000000E+00 0.800000E-04 0.000000E+00 0.000000E+00 0.800000E-04 0.000000E+00 0.000000E+00 0.000000E+00 0.000000E+00 0.000000E+00 0.000000E+00 0.000000E+00 0.000000E+00 0.000000E+00 0.000000E+00 0.000000E+00 0.000000E+00 0.000000E+00 0.000000E+00 0.000000E+00 0.000000E+00 0.000000E+00 0.000000E+00 0.000000E+00 0.000000E+00 0.000000E+00 0.000000E+00 0.000000E+00 0.000000E+00 0.000000E+00 0.000000E+00 0.000000E+00 0.000000E+00 0.000000E+00 0.000000E+00 0.000000E+00 0.000000E+00 0.000000E+00 0.000000E+00 0.000000E+00 0.000000E+00 0.000000E+00 0.000000E+00 0.000000E+00 0.000000E+00 0.000000E+00 0.000000E+00 0.000000E+00 0.000000E+00 0.000000E+00 0.000000E+00 0.000000E+00 0.000000E+00 0.000000E+00 0.000000E+00 0.000000E+00 0.000000E+00 0.000000E+00 0.000000E+00 0.000000E+00 0.000000E+00
 0.110434E+02 0.612032E+01 0.449896E+01 0.350912E+01 0.282928E+01 0.235464E+01 0.198048E+01 0.169616E+01 0.146888E+01 0.128664E+01 0.113600E+01 0.100616E+01 0.898000E+00 0.804080E+00 0.731840E+00 0.656160E+00 0.590560E+00 0.537040E+00 0.490720E+00 0.459120E+00 0.412800E+00 0.381680E+00 0.346240E+00 0.319280E+00 0.302080E+00 0.276560E+00 0.255920E+00 0.234320E+00 0.223360E+00 0.208640E+00 0.196000E+00 0.175920E+00 0.166640E+00 0.152720E+00 0.145120E+00 0.136720E+00 0.128320E+00 0.118480E+00 0.111920E+00 0.102720E+00 0.101200E+00 0.893600E-01 0.854400E-01 0.780800E-01 0.744800E-01 0.665600E-01 0.663200E-01 0.606400E-01 0.608800E-01 0.538400E-01 0.452000E-01 0.472000E-01 0.455200E-01 0.412000E-01 0.407200E-01 0.376800E-01 0.360800E-01 0.292800E-01 0.288000E-01 0.286400E-01 0.248800E-01 0.260800E-01 0.252000E-01 0.221600E-01 0.221600E-01 0.218400E-01 0.199200E-01 0.180000E-01 0.168000E-01 0.158400E-01 0.141600E-01 0.120000E-01 0.128000E-01 0.112000E-01 0.119200E-01 0.108000E-01 0.832000E-02 0.856000E-02 0.840000E-02 0.728000E-02 0.696000E-02 0.824000E-02 0.680000E-02 0.600000E-02 0.576000E-02 0.528000E-02 0.496000E-02 0.280000E-02 0.472000E-02 0.400000E-02 0.304000E-02 0.328000E-02 0.240000E-02 0.320000E-02 0.272000E-02 0.200000E-02 0.168000E-02 0.224000E-02 0.144000E-02 0.120000E-02 0.168000E-02 0.120000E-02 0.136000E-02 0.120000E-02 0.160000E-02 0.128000E-02 0.640000E-03 0.560000E-03 0.560000E-03 0.640000E-03 0.960000E-03 0.960000E-03 0.560000E-03 0.240000E-03 0.480000E-03 0.160000E-03 0.240000E-03 0.480000E-03 0.400000E-03 0.320000E-03 0.800000E-04 0.800000E-04 0.240000E-03 0.800000E-04 0.000000E+00 0.800000E-04 0.000000E+00 0.800000E-04 0.800000E-04 0.800000E-04 0.000000E+00 0.000000E+00 0.000000E+00 0.000000E+00 0.800000E-04 0.000000E+00 0.000000E+00 0.000000E+00 0.000000E+00 0.800000E-04 0.000000E+00 0.800000E-04 0.000000E+00 0.000000E+00 0.000000E+00 0.800000E-04 0.000000E+00 0.000000E+00 0.000000E+00 0.000000E+00 0.000000E+00 0.000000E+00 0.000000E+00 0.000000E+00 0.000000E+00 0.000000E+00 0.000000E+00 0.000000E+00 0.000000E+00 0.000000E+00 0.000000E+00 0.000000E+00 0.000000E+00 0.000000E+00 0.000000E+00 0.000000E+00 0.000000E+00 0.000000E+00 0.000000E+00 0.000000E+00 0.000000E+00 0.000000E+00 0.000000E+00 0.000000E+00 0.000000E+00 0.000000E+00 0.000000E+00 0.000000E+00 0.000000E+00 0.000000E+00 0.000000E+00 0.000000E+00 0.000000E+00 0.000000E+00 0.000000E+00 0.000000E+00 0.000000E+00 0.000000E+00 0.000000E+00 0.000000E+00 0.000000E+00 0.000000E+00 0.000000E+00 0.000000E+00 0.000000E+00 0.000000E+00 0.000000E+00 0.000000E+00 0.000000E+00 0.000000E+00
 0.111302E+02 0.615448E+01 0.453552E+01 0.351448E+01 0.285000E+01 0.234224E+01 0.197064E+01 0.169736E+01 0.147920E+01 0.127536E+01 0.114112E+01 0.992240E+00 0.892800E+00 0.806800E+00 0.717360E+00 0.642160E+00 0.589280E+00 0.551280E+00 0.494320E+00 0.448000E+00 0.415360E+00 0.380880E+00 0.353040E+00 0.318480E+00 0.290000E+00 0.277600E+00 0.254560E+00 0.238400E+00 0.217360E+00 0.204480E+00 0.186640E+00 0.178320E+00 0.164960E+00 0.153680E+00 0.146640E+00 0.136080E+00 0.122480E+00 0.120160E+00 0.108000E+00 0.104480E+00 0.980000E-01 0.942400E-01 0.824000E-01 0.837600E-01 0.763200E-01 0.711200E-01 0.696000E-01 0.620000E-01 0.552800E-01 0.528800E-01 0.480000E-01 0.508000E-01 0.464000E-01 0.419200E-01 0.360800E-01 0.356800E-01 0.364000E-01 0.324800E-01 0.321600E-01 0.276000E-01 0.262400E-01 0.248000E-01 0.231200E-01 0.197600E-01 0.218400E-01 0.183200E-01 0.195200E-01 0.163200E-01 0.152000E-01 0.137600E-01 0.136000E-01 0.132000E-01 0.121600E-01 0.133600E-01 0.960000E-02 0.103200E-01 0.912000E-02 0.904000E-02 0.744000E-02 0.664000E-02 0.768000E-02 0.720000E-02 0.608000E-02 0.552000E-02 0.496000E-02 0.456000E-02 0.480000E-02 0.448000E-02 0.320000E-02 0.392000E-02 0.352000E-02 0.264000E-02 0.376000E-02 0.248000E-02 0.392000E-02 0.192000E-02 0.232000E-02 0.192000E-02 0.168000E-02 0.168000E-02 0.184000E-02 0.144000E-02 0.128000E-02 0.104000E-02 0.880000E-03 0.960000E-03 0.960000E-03 0.560000E-03 0.720000E-03 0.120000E-02 0.400000E-03 0.480000E-03 0.560000E-03 0.240000E-03 0.320000E-03 0.480000E-03 0.320000E-03 0.400000E-03 0.320000E-03 0.800000E-04 0.240000E-03 0.800000E-04 0.160000E-03 0.240000E-03 0.800000E-04 0.000000E+00 0.800000E-04 0.000000E+00 0.800000E-04 0.800000E-04 0.800000E-04 0.000000E+00 0.800000E-04 0.000000E+00 0.800000E-04 0.000000E+00 0.000000E+00 0.000000E+00 0.000000E+00 0.800000E-04 0.000000E+00 0.000000E+00 0.000000E+00 0.000000E+00 0.000000E+00 0.000000E+00 0.000000E+00 0.000000E+00 0.000000E+00 0.000000E+00 0.000000E+00 0.000000E+00 0.000000E+00 0.000000E+00 0.000000E+00 0.000000E+00 0.000000E+00 0.000000E+00 0.000000E+00 0.000000E+00 0.000000E+00 0.000000E+00 0.000000E+00 0.000000E+00 0.000000E+00 0.000000E+00 0.000000E+00 0.000000E+00 0.000000E+00 0.000000E+00 0.000000E+00 0.000000E+00 0.000000E+00 0.000000E+00 0.000000E+00 0.000000E+00 0.000000E+00 0.000000E+00 0.000000E+00 0.000000E+00 0.000000E+00 0.000000E+00 0.000000E+00 0.000000E+00 0.000000E+00 0.000000E+00 0.000000E+00 0.000000E+00 0.000000E+00 0.000000E+00 0.000000E+00 0.000000E+00 0.000000E+00 0.000000E+00 0.000000E+00 0.000000E+00 0.000000E+00 0.000000E+00 0.000000E+00 0.000000E+00
 0.309312E+01 0.201744E+01 0.159712E+01 0.133512E+01 0.116072E+01 0.984480E+00 0.861200E+00 0.758400E+00 0.663600E+00 0.592000E+00 0.519280E+00 0.454640E+00 0.407040E+00 0.370720E+00 0.328880E+00 0.295360E+00 0.276560E+00 0.242240E+00 0.220960E+00 0.195760E+00 0.180880E+00 0.157360E+00 0.143120E+00 0.130800E+00 0.119520E+00 0.110560E+00 0.984800E-01 0.919200E-01 0.851200E-01 0.716800E-01 0.701600E-01 0.585600E-01 0.579200E-01 0.482400E-01 0.457600E-01 0.383200E-01 0.392800E-01 0.359200E-01 0.316800E-01 0.284800E-01 0.283200E-01 0.253600E-01 0.212800E-01 0.214400E-01 0.191200E-01 0.171200E-01 0.152800E-01 0.138400E-01 0.134400E-01 0.112000E-01 0.888000E-02 0.824000E-02 0.848000E-02 0.968000E-02 0.680000E-02 0.728000E-02 0.608000E-02 0.496000E-02 0.448000E-02 0.384000E-02 0.456000E-02 0.336000E-02 0.240000E-02 0.248000E-02 0.288000E-02 0.232000E-02 0.160000E-02 0.128000E-02 0.232000E-02 0.104000E-02 0.152000E-02 0.960000E-03 0.136000E-02 0.480000E-03 0.120000E-02 0.560000E-03 0.960000E-03 0.640000E-03 0.240000E-03 0.720000E-03 0.240000E-03 0.320000E-03 0.320000E-03 0.000000E+00 0.640000E-03 0.480000E-03 0.160000E-03 0.160000E-03 0.800000E-04 0.320000E-03 0.800000E-04 0.320000E-03 0.240000E-03 0.800000E-04 0.800000E-04 0.800000E-04 0.000000E+00 0.000000E+00 0.800000E-04 0.800000E-04 0.000000E+00 0.000000E+00 0.000000E+00 0.160000E-03 0.160000E-03 0.000000E+00 0.000000E+00 0.000000E+00 0.000000E+00 0.160000E-03 0.800000E-04 0.000000E+00 0.800000E-04 0.000000E+00 0.000000E+00 0.000000E+00 0.000000E+00 0.000000E+00 0.800000E-04 0.000000E+00 0.000000E+00 0.000000E+00 0.000000E+00 0.000000E+00 0.000000E+00 0.000000E+00 0.000000E+00 0.000000E+00 0.000000E+00 0.000000E+00 0.000000E+00 0.000000E+00 0.000000E+00 0.000000E+00 0.000000E+00 0.000000E+00 0.000000E+00 0.000000E+00 0.000000E+00 0.000000E+00 0.000000E+00 0.000000E+00 0.000000E+00 0.000000E+00 0.000000E+00 0.000000E+00 0.000000E+00 0.000000E+00 0.000000E+00 0.000000E+00 0.000000E+00 0.000000E+00 0.000000E+00 0.000000E+00 0.000000E+00 0.000000E+00 0.000000E+00 0.000000E+00 0.000000E+00 0.000000E+00 0.000000E+00 0.000000E+00 0.000000E+00 0.000000E+00 0.000000E+00 0.000000E+00 0.000000E+00 0.000000E+00 0.000000E+00 0.000000E+00 0.000000E+00 0.000000E+00 0.000000E+00 0.000000E+00 0.000000E+00 0.000000E+00 0.000000E+00 0.000000E+00 0.000000E+00 0.000000E+00 0.000000E+00 0.000000E+00 0.000000E+00 0.000000E+00 0.000000E+00 0.000000E+00 0.000000E+00 0.000000E+00 0.000000E+00 0.000000E+00 0.000000E+00 0.000000E+00 0.000000E+00 0.000000E+00 0.000000E+00 0.000000E+00 0.000000E+00 0.000000E+00 0.000000E+00 0.000000E+00
 0.310344E+01 0.200392E+01 0.158744E+01 0.133208E+01 0.115048E+01 0.993680E+00 0.852320E+00 0.748560E+00 0.679280E+00 0.586000E+00 0.529600E+00 0.460560E+00 0.408960E+00 0.365600E+00 0.331760E+00 0.301840E+00 0.272400E+00 0.240480E+00 0.212160E+00 0.195760E+00 0.180000E+00 0.160320E+00 0.143520E+00 0.126640E+00 0.120720E+00 0.112400E+00 0.104800E+00 0.922400E-01 0.829600E-01 0.736000E-01 0.696000E-01 0.573600E-01 0.571200E-01 0.517600E-01 0.468800E-01 0.452800E-01 0.392800E-01 0.336800E-01 0.319200E-01 0.290400E-01 0.256800E-01 0.244000E-01 0.226400E-01 0.207200E-01 0.188000E-01 0.180800E-01 0.135200E-01 0.162400E-01 0.114400E-01 0.132000E-01 0.984000E-02 0.944000E-02 0.976000E-02 0.792000E-02 0.736000E-02 0.656000E-02 0.688000E-02 0.528000E-02 0.440000E-02 0.352000E-02 0.296000E-02 0.352000E-02 0.320000E-02 0.320000E-02 0.264000E-02 0.240000E-02 0.208000E-02 0.232000E-02 0.216000E-02 0.160000E-02 0.144000E-02 0.128000E-02 0.168000E-02 0.960000E-03 0.112000E-02 0.120000E-02 0.400000E-03 0.104000E-02 0.640000E-03 0.480000E-03 0.320000E-03 0.320000E-03 0.400000E-03 0.240000E-03 0.160000E-03 0.000000E+00 0.240000E-03 0.240000E-03 0.160000E-03 0.800000E-04 0.240000E-03 0.160000E-03 0.160000E-03 0.000000E+00 0.000000E+00 0.000000E+00 0.000000E+00 0.800000E-04 0.800000E-04 0.000000E+00 0.800000E-04 0.800000E-04 0.800000E-04 0.000000E+00 0.800000E-04 0.000000E+00 0.800000E-04 0.000000E+00 0.000000E+00 0.000000E+00 0.000000E+00 0.800000E-04 0.000000E+00 0.000000E+00 0.800000E-04 0.000000E+00 0.000000E+00 0.000000E+00 0.000000E+00 0.000000E+00 0.000000E+00 0.000000E+00 0.000000E+00 0.000000E+00 0.000000E+00 0.000000E+00 0.000000E+00 0.000000E+00 0.000000E+00 0.000000E+00 0.000000E+00 0.000000E+00 0.000000E+00 0.000000E+00 0.000000E+00 0.000000E+00 0.000000E+00 0.000000E+00 0.000000E+00 0.000000E+00 0.000000E+00 0.000000E+00 0.000000E+00 0.000000E+00 0.000000E+00 0.000000E+00 0.000000E+00 0.000000E+00 0.000000E+00 0.000000E+00 0.000000E+00 0.000000E+00 0.000000E+00 0.000000E+00 0.000000E+00 0.000000E+00 0.000000E+00 0.000000E+00 0.000000E+00 0.000000E+00 0.000000E+00 0.000000E+00 0.000000E+00 0.000000E+00 0.000000E+00 0.000000E+00 0.000000E+00 0.000000E+00 0.000000E+00 0.000000E+00 0.000000E+00 0.000000E+00 0.000000E+00 0.000000E+00 0.000000E+00 0.000000E+00 0.000000E+00 0.000000E+00 0.000000E+00 0.000000E+00 0.000000E+00 0.000000E+00 0.000000E+00 0.000000E+00 0.000000E+00 0.000000E+00 0.000000E+00 0.000000E+00 0.000000E+00 0.000000E+00 0.000000E+00 0.000000E+00 0.000000E+00 0.000000E+00 0.000000E+00 0.000000E+00 0.000000E+00 0.000000E+00 0.000000E+00 0.000000E+00
