### Run with WimpAnn version = wimpann-2.08                            
###   Using Pythia version   = Pythia 6.400    
###   Using nusigma version  = nusigma-1.15-pyr                        
###   Using DarkSUSY version = ds-4.1.6                                
###   WimpAnn run started at date 2007-09-05; time 19:44:30
### Neutrino oscillation parameters
#      theta_12 =  0.00000000E+00
#      theta_13 =  0.00000000E+00
#      theta_23 =  0.00000000E+00
#         delta =  0.00000000E+00
#  delta_m^2_21 =  0.81000000E-04
#  delta_m^2_31 =  0.22000000E-02
### WimpAnn run parameters
#  Annihilation channel =        12
#  Generated particles =  g                g               
#  WIMP mass =  0.10000000E+03
#  Number of annihilations =   2500000
#  Source = Earth
#...dPhi/dz in  200 bins from 0 to 1
#...Line  1- 6: flux at centre of Earth for neutrino 1-6
 0.560560E+00 0.606160E+00 0.505440E+00 0.435040E+00 0.375120E+00 0.311360E+00 0.277200E+00 0.253680E+00 0.215440E+00 0.190320E+00 0.174160E+00 0.160240E+00 0.142000E+00 0.127440E+00 0.113760E+00 0.107680E+00 0.956800E-01 0.871200E-01 0.820800E-01 0.720000E-01 0.683200E-01 0.612000E-01 0.628000E-01 0.587200E-01 0.475200E-01 0.479200E-01 0.420800E-01 0.420000E-01 0.384000E-01 0.352800E-01 0.344000E-01 0.276000E-01 0.262400E-01 0.266400E-01 0.228800E-01 0.243200E-01 0.217600E-01 0.208000E-01 0.192000E-01 0.156800E-01 0.180000E-01 0.175200E-01 0.140800E-01 0.144800E-01 0.116000E-01 0.128000E-01 0.928000E-02 0.920000E-02 0.848000E-02 0.904000E-02 0.864000E-02 0.816000E-02 0.536000E-02 0.560000E-02 0.560000E-02 0.496000E-02 0.592000E-02 0.456000E-02 0.496000E-02 0.456000E-02 0.488000E-02 0.440000E-02 0.384000E-02 0.344000E-02 0.344000E-02 0.304000E-02 0.296000E-02 0.272000E-02 0.224000E-02 0.192000E-02 0.184000E-02 0.184000E-02 0.232000E-02 0.104000E-02 0.192000E-02 0.128000E-02 0.112000E-02 0.720000E-03 0.880000E-03 0.560000E-03 0.104000E-02 0.136000E-02 0.640000E-03 0.104000E-02 0.480000E-03 0.160000E-03 0.480000E-03 0.480000E-03 0.480000E-03 0.640000E-03 0.320000E-03 0.160000E-03 0.400000E-03 0.400000E-03 0.400000E-03 0.160000E-03 0.160000E-03 0.240000E-03 0.800000E-04 0.800000E-04 0.160000E-03 0.000000E+00 0.240000E-03 0.000000E+00 0.240000E-03 0.160000E-03 0.160000E-03 0.000000E+00 0.800000E-04 0.160000E-03 0.000000E+00 0.800000E-04 0.000000E+00 0.000000E+00 0.000000E+00 0.000000E+00 0.000000E+00 0.000000E+00 0.000000E+00 0.800000E-04 0.000000E+00 0.000000E+00 0.000000E+00 0.000000E+00 0.000000E+00 0.000000E+00 0.000000E+00 0.000000E+00 0.800000E-04 0.000000E+00 0.000000E+00 0.000000E+00 0.000000E+00 0.000000E+00 0.000000E+00 0.000000E+00 0.000000E+00 0.000000E+00 0.000000E+00 0.000000E+00 0.000000E+00 0.000000E+00 0.000000E+00 0.000000E+00 0.000000E+00 0.000000E+00 0.000000E+00 0.000000E+00 0.000000E+00 0.000000E+00 0.000000E+00 0.000000E+00 0.000000E+00 0.000000E+00 0.000000E+00 0.000000E+00 0.000000E+00 0.000000E+00 0.000000E+00 0.000000E+00 0.000000E+00 0.000000E+00 0.000000E+00 0.000000E+00 0.000000E+00 0.000000E+00 0.000000E+00 0.000000E+00 0.000000E+00 0.000000E+00 0.000000E+00 0.000000E+00 0.000000E+00 0.000000E+00 0.000000E+00 0.000000E+00 0.000000E+00 0.000000E+00 0.000000E+00 0.000000E+00 0.000000E+00 0.000000E+00 0.000000E+00 0.000000E+00 0.000000E+00 0.000000E+00 0.000000E+00 0.000000E+00 0.000000E+00 0.000000E+00 0.000000E+00 0.000000E+00 0.000000E+00 0.000000E+00 0.000000E+00 0.000000E+00 0.000000E+00 0.000000E+00 0.000000E+00 0.000000E+00
 0.548880E+00 0.596480E+00 0.516240E+00 0.425040E+00 0.366240E+00 0.319600E+00 0.280640E+00 0.242400E+00 0.208320E+00 0.192560E+00 0.178320E+00 0.154160E+00 0.141360E+00 0.129600E+00 0.119680E+00 0.107680E+00 0.101200E+00 0.872000E-01 0.800000E-01 0.780000E-01 0.680800E-01 0.623200E-01 0.580000E-01 0.556800E-01 0.514400E-01 0.454400E-01 0.432800E-01 0.410400E-01 0.401600E-01 0.354400E-01 0.304800E-01 0.292800E-01 0.282400E-01 0.251200E-01 0.248000E-01 0.219200E-01 0.215200E-01 0.208800E-01 0.181600E-01 0.174400E-01 0.150400E-01 0.156000E-01 0.140800E-01 0.145600E-01 0.127200E-01 0.120800E-01 0.116000E-01 0.920000E-02 0.944000E-02 0.102400E-01 0.976000E-02 0.848000E-02 0.712000E-02 0.640000E-02 0.488000E-02 0.576000E-02 0.456000E-02 0.496000E-02 0.584000E-02 0.520000E-02 0.400000E-02 0.376000E-02 0.360000E-02 0.304000E-02 0.328000E-02 0.288000E-02 0.224000E-02 0.304000E-02 0.232000E-02 0.288000E-02 0.248000E-02 0.216000E-02 0.144000E-02 0.160000E-02 0.160000E-02 0.168000E-02 0.168000E-02 0.120000E-02 0.104000E-02 0.720000E-03 0.144000E-02 0.104000E-02 0.720000E-03 0.720000E-03 0.800000E-03 0.480000E-03 0.480000E-03 0.720000E-03 0.560000E-03 0.240000E-03 0.640000E-03 0.800000E-04 0.560000E-03 0.320000E-03 0.800000E-04 0.320000E-03 0.400000E-03 0.800000E-04 0.400000E-03 0.160000E-03 0.800000E-04 0.800000E-04 0.160000E-03 0.000000E+00 0.160000E-03 0.160000E-03 0.160000E-03 0.000000E+00 0.800000E-04 0.800000E-04 0.800000E-04 0.800000E-04 0.160000E-03 0.000000E+00 0.800000E-04 0.800000E-04 0.800000E-04 0.000000E+00 0.000000E+00 0.800000E-04 0.800000E-04 0.000000E+00 0.000000E+00 0.000000E+00 0.000000E+00 0.000000E+00 0.000000E+00 0.000000E+00 0.000000E+00 0.000000E+00 0.000000E+00 0.000000E+00 0.000000E+00 0.000000E+00 0.000000E+00 0.000000E+00 0.000000E+00 0.000000E+00 0.800000E-04 0.000000E+00 0.000000E+00 0.000000E+00 0.000000E+00 0.000000E+00 0.000000E+00 0.000000E+00 0.000000E+00 0.000000E+00 0.000000E+00 0.000000E+00 0.000000E+00 0.000000E+00 0.000000E+00 0.000000E+00 0.000000E+00 0.000000E+00 0.000000E+00 0.000000E+00 0.000000E+00 0.000000E+00 0.000000E+00 0.000000E+00 0.000000E+00 0.000000E+00 0.000000E+00 0.000000E+00 0.000000E+00 0.000000E+00 0.000000E+00 0.000000E+00 0.000000E+00 0.000000E+00 0.000000E+00 0.000000E+00 0.000000E+00 0.000000E+00 0.000000E+00 0.000000E+00 0.000000E+00 0.000000E+00 0.000000E+00 0.000000E+00 0.000000E+00 0.000000E+00 0.000000E+00 0.000000E+00 0.000000E+00 0.000000E+00 0.000000E+00 0.000000E+00 0.000000E+00 0.000000E+00 0.000000E+00 0.000000E+00 0.000000E+00 0.000000E+00 0.000000E+00 0.000000E+00 0.000000E+00 0.000000E+00
 0.560240E+00 0.609360E+00 0.524000E+00 0.429680E+00 0.368720E+00 0.320400E+00 0.278880E+00 0.242080E+00 0.214480E+00 0.201760E+00 0.176320E+00 0.159360E+00 0.136000E+00 0.126400E+00 0.112800E+00 0.105440E+00 0.978400E-01 0.891200E-01 0.832000E-01 0.760000E-01 0.691200E-01 0.634400E-01 0.577600E-01 0.507200E-01 0.512000E-01 0.458400E-01 0.416000E-01 0.387200E-01 0.340800E-01 0.324000E-01 0.341600E-01 0.298400E-01 0.295200E-01 0.242400E-01 0.238400E-01 0.210400E-01 0.210400E-01 0.184000E-01 0.188000E-01 0.179200E-01 0.148800E-01 0.142400E-01 0.136000E-01 0.120000E-01 0.123200E-01 0.115200E-01 0.110400E-01 0.104000E-01 0.880000E-02 0.808000E-02 0.888000E-02 0.776000E-02 0.672000E-02 0.680000E-02 0.808000E-02 0.736000E-02 0.512000E-02 0.616000E-02 0.376000E-02 0.456000E-02 0.336000E-02 0.368000E-02 0.392000E-02 0.344000E-02 0.328000E-02 0.272000E-02 0.256000E-02 0.296000E-02 0.224000E-02 0.168000E-02 0.176000E-02 0.152000E-02 0.120000E-02 0.120000E-02 0.144000E-02 0.216000E-02 0.112000E-02 0.960000E-03 0.128000E-02 0.560000E-03 0.800000E-03 0.800000E-03 0.720000E-03 0.800000E-03 0.560000E-03 0.640000E-03 0.560000E-03 0.400000E-03 0.480000E-03 0.560000E-03 0.240000E-03 0.240000E-03 0.320000E-03 0.400000E-03 0.160000E-03 0.800000E-04 0.800000E-04 0.160000E-03 0.240000E-03 0.160000E-03 0.320000E-03 0.000000E+00 0.320000E-03 0.160000E-03 0.000000E+00 0.160000E-03 0.000000E+00 0.800000E-04 0.800000E-04 0.800000E-04 0.800000E-04 0.160000E-03 0.800000E-04 0.000000E+00 0.800000E-04 0.000000E+00 0.000000E+00 0.000000E+00 0.000000E+00 0.000000E+00 0.800000E-04 0.000000E+00 0.000000E+00 0.000000E+00 0.000000E+00 0.000000E+00 0.000000E+00 0.000000E+00 0.000000E+00 0.000000E+00 0.000000E+00 0.000000E+00 0.000000E+00 0.000000E+00 0.800000E-04 0.000000E+00 0.000000E+00 0.000000E+00 0.000000E+00 0.000000E+00 0.000000E+00 0.000000E+00 0.000000E+00 0.000000E+00 0.000000E+00 0.000000E+00 0.000000E+00 0.000000E+00 0.000000E+00 0.000000E+00 0.000000E+00 0.000000E+00 0.000000E+00 0.000000E+00 0.000000E+00 0.000000E+00 0.000000E+00 0.000000E+00 0.000000E+00 0.000000E+00 0.000000E+00 0.000000E+00 0.000000E+00 0.000000E+00 0.000000E+00 0.000000E+00 0.000000E+00 0.000000E+00 0.000000E+00 0.000000E+00 0.000000E+00 0.000000E+00 0.000000E+00 0.000000E+00 0.000000E+00 0.000000E+00 0.000000E+00 0.000000E+00 0.000000E+00 0.000000E+00 0.000000E+00 0.000000E+00 0.000000E+00 0.000000E+00 0.000000E+00 0.000000E+00 0.000000E+00 0.000000E+00 0.000000E+00 0.000000E+00 0.000000E+00 0.000000E+00 0.000000E+00 0.000000E+00 0.000000E+00 0.000000E+00 0.000000E+00 0.000000E+00 0.000000E+00 0.000000E+00
 0.566480E+00 0.607200E+00 0.509920E+00 0.433520E+00 0.364720E+00 0.321600E+00 0.278800E+00 0.241760E+00 0.211440E+00 0.190720E+00 0.176080E+00 0.157440E+00 0.138800E+00 0.127760E+00 0.119360E+00 0.108240E+00 0.972000E-01 0.888800E-01 0.768800E-01 0.745600E-01 0.640800E-01 0.637600E-01 0.585600E-01 0.504800E-01 0.518400E-01 0.452800E-01 0.432800E-01 0.394400E-01 0.346400E-01 0.373600E-01 0.316800E-01 0.294400E-01 0.284800E-01 0.262400E-01 0.230400E-01 0.220800E-01 0.194400E-01 0.206400E-01 0.176000E-01 0.161600E-01 0.156800E-01 0.151200E-01 0.156000E-01 0.141600E-01 0.130400E-01 0.106400E-01 0.104000E-01 0.100000E-01 0.968000E-02 0.102400E-01 0.864000E-02 0.792000E-02 0.784000E-02 0.736000E-02 0.664000E-02 0.488000E-02 0.648000E-02 0.664000E-02 0.424000E-02 0.464000E-02 0.336000E-02 0.296000E-02 0.440000E-02 0.376000E-02 0.312000E-02 0.232000E-02 0.272000E-02 0.256000E-02 0.296000E-02 0.200000E-02 0.160000E-02 0.160000E-02 0.144000E-02 0.200000E-02 0.640000E-03 0.144000E-02 0.160000E-02 0.128000E-02 0.112000E-02 0.960000E-03 0.720000E-03 0.104000E-02 0.800000E-03 0.640000E-03 0.480000E-03 0.720000E-03 0.560000E-03 0.720000E-03 0.320000E-03 0.560000E-03 0.560000E-03 0.240000E-03 0.480000E-03 0.560000E-03 0.240000E-03 0.320000E-03 0.160000E-03 0.160000E-03 0.240000E-03 0.800000E-04 0.240000E-03 0.240000E-03 0.000000E+00 0.160000E-03 0.000000E+00 0.800000E-04 0.000000E+00 0.000000E+00 0.000000E+00 0.160000E-03 0.000000E+00 0.800000E-04 0.800000E-04 0.800000E-04 0.000000E+00 0.000000E+00 0.160000E-03 0.000000E+00 0.800000E-04 0.000000E+00 0.000000E+00 0.000000E+00 0.000000E+00 0.000000E+00 0.000000E+00 0.000000E+00 0.000000E+00 0.000000E+00 0.800000E-04 0.000000E+00 0.000000E+00 0.000000E+00 0.000000E+00 0.000000E+00 0.000000E+00 0.000000E+00 0.000000E+00 0.000000E+00 0.000000E+00 0.000000E+00 0.000000E+00 0.000000E+00 0.000000E+00 0.000000E+00 0.000000E+00 0.000000E+00 0.000000E+00 0.000000E+00 0.000000E+00 0.000000E+00 0.000000E+00 0.000000E+00 0.000000E+00 0.000000E+00 0.000000E+00 0.000000E+00 0.000000E+00 0.000000E+00 0.000000E+00 0.000000E+00 0.000000E+00 0.000000E+00 0.000000E+00 0.000000E+00 0.000000E+00 0.000000E+00 0.000000E+00 0.000000E+00 0.000000E+00 0.000000E+00 0.000000E+00 0.000000E+00 0.000000E+00 0.000000E+00 0.000000E+00 0.000000E+00 0.000000E+00 0.000000E+00 0.000000E+00 0.000000E+00 0.000000E+00 0.000000E+00 0.000000E+00 0.000000E+00 0.000000E+00 0.000000E+00 0.000000E+00 0.000000E+00 0.000000E+00 0.000000E+00 0.000000E+00 0.000000E+00 0.000000E+00 0.000000E+00 0.000000E+00 0.000000E+00 0.000000E+00 0.000000E+00 0.000000E+00 0.000000E+00
 0.112400E+00 0.130800E+00 0.115920E+00 0.978400E-01 0.848000E-01 0.756000E-01 0.661600E-01 0.627200E-01 0.525600E-01 0.478400E-01 0.424000E-01 0.374400E-01 0.322400E-01 0.291200E-01 0.285600E-01 0.238400E-01 0.249600E-01 0.191200E-01 0.161600E-01 0.171200E-01 0.178400E-01 0.148000E-01 0.138400E-01 0.124000E-01 0.121600E-01 0.107200E-01 0.856000E-02 0.872000E-02 0.816000E-02 0.688000E-02 0.584000E-02 0.616000E-02 0.592000E-02 0.488000E-02 0.496000E-02 0.384000E-02 0.456000E-02 0.328000E-02 0.336000E-02 0.296000E-02 0.296000E-02 0.248000E-02 0.160000E-02 0.192000E-02 0.104000E-02 0.176000E-02 0.176000E-02 0.144000E-02 0.640000E-03 0.120000E-02 0.112000E-02 0.720000E-03 0.880000E-03 0.720000E-03 0.112000E-02 0.160000E-03 0.560000E-03 0.480000E-03 0.320000E-03 0.400000E-03 0.480000E-03 0.560000E-03 0.560000E-03 0.160000E-03 0.000000E+00 0.400000E-03 0.160000E-03 0.240000E-03 0.800000E-04 0.000000E+00 0.160000E-03 0.160000E-03 0.800000E-04 0.800000E-04 0.000000E+00 0.000000E+00 0.000000E+00 0.000000E+00 0.000000E+00 0.000000E+00 0.000000E+00 0.000000E+00 0.000000E+00 0.000000E+00 0.000000E+00 0.000000E+00 0.800000E-04 0.000000E+00 0.000000E+00 0.000000E+00 0.000000E+00 0.000000E+00 0.000000E+00 0.800000E-04 0.800000E-04 0.000000E+00 0.000000E+00 0.000000E+00 0.000000E+00 0.160000E-03 0.000000E+00 0.000000E+00 0.000000E+00 0.000000E+00 0.000000E+00 0.800000E-04 0.000000E+00 0.000000E+00 0.000000E+00 0.000000E+00 0.000000E+00 0.000000E+00 0.000000E+00 0.000000E+00 0.000000E+00 0.800000E-04 0.000000E+00 0.000000E+00 0.000000E+00 0.000000E+00 0.000000E+00 0.000000E+00 0.000000E+00 0.000000E+00 0.000000E+00 0.000000E+00 0.000000E+00 0.000000E+00 0.000000E+00 0.000000E+00 0.000000E+00 0.000000E+00 0.000000E+00 0.000000E+00 0.000000E+00 0.000000E+00 0.000000E+00 0.000000E+00 0.000000E+00 0.000000E+00 0.000000E+00 0.000000E+00 0.000000E+00 0.000000E+00 0.000000E+00 0.000000E+00 0.000000E+00 0.000000E+00 0.000000E+00 0.000000E+00 0.000000E+00 0.000000E+00 0.000000E+00 0.000000E+00 0.000000E+00 0.000000E+00 0.000000E+00 0.000000E+00 0.000000E+00 0.000000E+00 0.000000E+00 0.000000E+00 0.000000E+00 0.000000E+00 0.000000E+00 0.000000E+00 0.000000E+00 0.000000E+00 0.000000E+00 0.000000E+00 0.000000E+00 0.000000E+00 0.000000E+00 0.000000E+00 0.000000E+00 0.000000E+00 0.000000E+00 0.000000E+00 0.000000E+00 0.000000E+00 0.000000E+00 0.000000E+00 0.000000E+00 0.000000E+00 0.000000E+00 0.000000E+00 0.000000E+00 0.000000E+00 0.000000E+00 0.000000E+00 0.000000E+00 0.000000E+00 0.000000E+00 0.000000E+00 0.000000E+00 0.000000E+00 0.000000E+00 0.000000E+00 0.000000E+00 0.000000E+00
 0.116400E+00 0.136560E+00 0.115680E+00 0.100000E+00 0.844800E-01 0.772000E-01 0.668000E-01 0.576000E-01 0.515200E-01 0.449600E-01 0.404000E-01 0.367200E-01 0.306400E-01 0.296000E-01 0.267200E-01 0.260800E-01 0.232800E-01 0.218400E-01 0.199200E-01 0.158400E-01 0.172800E-01 0.135200E-01 0.138400E-01 0.124800E-01 0.115200E-01 0.104000E-01 0.920000E-02 0.776000E-02 0.776000E-02 0.576000E-02 0.632000E-02 0.600000E-02 0.568000E-02 0.456000E-02 0.416000E-02 0.392000E-02 0.424000E-02 0.368000E-02 0.256000E-02 0.280000E-02 0.344000E-02 0.224000E-02 0.288000E-02 0.168000E-02 0.216000E-02 0.880000E-03 0.192000E-02 0.112000E-02 0.960000E-03 0.112000E-02 0.136000E-02 0.880000E-03 0.400000E-03 0.960000E-03 0.240000E-03 0.720000E-03 0.880000E-03 0.104000E-02 0.320000E-03 0.400000E-03 0.800000E-04 0.480000E-03 0.240000E-03 0.480000E-03 0.800000E-04 0.800000E-04 0.160000E-03 0.160000E-03 0.800000E-04 0.160000E-03 0.800000E-04 0.800000E-04 0.160000E-03 0.800000E-04 0.800000E-04 0.800000E-04 0.000000E+00 0.800000E-04 0.000000E+00 0.000000E+00 0.000000E+00 0.800000E-04 0.000000E+00 0.000000E+00 0.000000E+00 0.000000E+00 0.800000E-04 0.000000E+00 0.000000E+00 0.000000E+00 0.000000E+00 0.800000E-04 0.000000E+00 0.000000E+00 0.000000E+00 0.000000E+00 0.000000E+00 0.800000E-04 0.000000E+00 0.000000E+00 0.000000E+00 0.000000E+00 0.000000E+00 0.000000E+00 0.000000E+00 0.800000E-04 0.000000E+00 0.000000E+00 0.000000E+00 0.000000E+00 0.000000E+00 0.000000E+00 0.000000E+00 0.800000E-04 0.000000E+00 0.000000E+00 0.000000E+00 0.000000E+00 0.000000E+00 0.000000E+00 0.000000E+00 0.000000E+00 0.000000E+00 0.000000E+00 0.000000E+00 0.000000E+00 0.000000E+00 0.000000E+00 0.000000E+00 0.000000E+00 0.000000E+00 0.000000E+00 0.000000E+00 0.000000E+00 0.000000E+00 0.000000E+00 0.000000E+00 0.000000E+00 0.000000E+00 0.000000E+00 0.000000E+00 0.000000E+00 0.000000E+00 0.000000E+00 0.000000E+00 0.000000E+00 0.000000E+00 0.000000E+00 0.000000E+00 0.000000E+00 0.000000E+00 0.000000E+00 0.000000E+00 0.000000E+00 0.000000E+00 0.000000E+00 0.000000E+00 0.000000E+00 0.000000E+00 0.000000E+00 0.000000E+00 0.000000E+00 0.000000E+00 0.000000E+00 0.000000E+00 0.000000E+00 0.000000E+00 0.000000E+00 0.000000E+00 0.000000E+00 0.000000E+00 0.000000E+00 0.000000E+00 0.000000E+00 0.000000E+00 0.000000E+00 0.000000E+00 0.000000E+00 0.000000E+00 0.000000E+00 0.000000E+00 0.000000E+00 0.000000E+00 0.000000E+00 0.000000E+00 0.000000E+00 0.000000E+00 0.000000E+00 0.000000E+00 0.000000E+00 0.000000E+00 0.000000E+00 0.000000E+00 0.000000E+00 0.000000E+00 0.000000E+00 0.000000E+00 0.000000E+00 0.000000E+00 0.000000E+00
