### Run with WimpAnn version = wimpann-2.08                            
###   Using Pythia version   = Pythia 6.400    
###   Using nusigma version  = nusigma-1.15-pyr                        
###   Using DarkSUSY version = ds-4.1.6                                
###   WimpAnn run started at date 2007-09-06; time 11:11:38
### Neutrino oscillation parameters
#      theta_12 =  0.00000000E+00
#      theta_13 =  0.00000000E+00
#      theta_23 =  0.00000000E+00
#         delta =  0.00000000E+00
#  delta_m^2_21 =  0.81000000E-04
#  delta_m^2_31 =  0.22000000E-02
### WimpAnn run parameters
#  Annihilation channel =         4
#  Generated particles =  tau-             tau+            
#  WIMP mass =  0.10000000E+04
#  Number of annihilations =   2500000
#  Source = Sun
#...dPhi/dz in  200 bins from 0 to 1
#...Line  1- 6: flux at centre of Sun for neutrino 1-6
#...Line  7-12: flux at surface of Sun for neutrino 1-6
#...Line 13-18: flux at 1 AU from the Sun for neutrino 1-6
#...Line 19-24: flux at surface of Sun for secondary neutrino 1-6
#...Line 25-30: flux at 1 AU from the Sun for secondary neutrino 1-6
 0.387440E+00 0.377280E+00 0.370400E+00 0.365680E+00 0.378000E+00 0.364800E+00 0.370080E+00 0.374160E+00 0.366000E+00 0.376160E+00 0.364000E+00 0.360160E+00 0.367200E+00 0.364800E+00 0.360960E+00 0.363040E+00 0.363600E+00 0.354400E+00 0.361520E+00 0.367600E+00 0.350080E+00 0.357600E+00 0.354240E+00 0.348240E+00 0.343120E+00 0.337280E+00 0.345680E+00 0.340800E+00 0.341920E+00 0.335120E+00 0.338160E+00 0.331840E+00 0.340000E+00 0.328640E+00 0.337280E+00 0.322800E+00 0.333120E+00 0.338080E+00 0.321920E+00 0.315680E+00 0.316800E+00 0.316880E+00 0.311760E+00 0.313040E+00 0.309680E+00 0.313520E+00 0.309040E+00 0.306880E+00 0.301520E+00 0.298240E+00 0.300800E+00 0.293440E+00 0.295920E+00 0.297280E+00 0.299360E+00 0.292800E+00 0.278080E+00 0.285760E+00 0.285440E+00 0.274480E+00 0.287440E+00 0.277920E+00 0.272320E+00 0.263680E+00 0.273520E+00 0.268000E+00 0.268720E+00 0.263600E+00 0.259600E+00 0.251440E+00 0.252080E+00 0.246960E+00 0.249440E+00 0.243440E+00 0.243360E+00 0.239520E+00 0.235840E+00 0.235520E+00 0.231120E+00 0.230640E+00 0.231840E+00 0.228640E+00 0.221760E+00 0.218640E+00 0.220320E+00 0.219920E+00 0.209040E+00 0.210320E+00 0.205760E+00 0.193440E+00 0.197440E+00 0.202000E+00 0.197040E+00 0.188960E+00 0.188720E+00 0.189920E+00 0.189040E+00 0.181440E+00 0.185040E+00 0.179120E+00 0.172560E+00 0.164720E+00 0.163520E+00 0.158720E+00 0.165600E+00 0.154160E+00 0.152720E+00 0.154240E+00 0.144640E+00 0.151920E+00 0.149680E+00 0.145040E+00 0.134480E+00 0.140320E+00 0.137840E+00 0.129040E+00 0.131920E+00 0.126240E+00 0.127120E+00 0.123840E+00 0.122480E+00 0.121760E+00 0.113680E+00 0.111760E+00 0.104800E+00 0.109680E+00 0.104880E+00 0.103760E+00 0.979200E-01 0.993600E-01 0.997600E-01 0.922400E-01 0.860000E-01 0.856000E-01 0.852800E-01 0.840800E-01 0.804000E-01 0.767200E-01 0.753600E-01 0.726400E-01 0.739200E-01 0.704000E-01 0.740800E-01 0.645600E-01 0.667200E-01 0.608000E-01 0.654400E-01 0.582400E-01 0.576800E-01 0.516800E-01 0.492800E-01 0.500000E-01 0.470400E-01 0.494400E-01 0.461600E-01 0.408000E-01 0.385600E-01 0.390400E-01 0.364000E-01 0.384000E-01 0.327200E-01 0.304000E-01 0.294400E-01 0.305600E-01 0.304000E-01 0.261600E-01 0.240000E-01 0.232000E-01 0.232000E-01 0.196800E-01 0.188000E-01 0.172000E-01 0.183200E-01 0.170400E-01 0.153600E-01 0.126400E-01 0.123200E-01 0.104000E-01 0.976000E-02 0.960000E-02 0.720000E-02 0.776000E-02 0.584000E-02 0.656000E-02 0.552000E-02 0.552000E-02 0.344000E-02 0.352000E-02 0.320000E-02 0.184000E-02 0.152000E-02 0.128000E-02 0.112000E-02 0.400000E-03 0.320000E-03 0.560000E-03 0.320000E-03 0.240000E-03 0.000000E+00 0.000000E+00
 0.383680E+00 0.371280E+00 0.375520E+00 0.369680E+00 0.373760E+00 0.374320E+00 0.366480E+00 0.349760E+00 0.367600E+00 0.365440E+00 0.365440E+00 0.359600E+00 0.366560E+00 0.362560E+00 0.355040E+00 0.365360E+00 0.361360E+00 0.351760E+00 0.360160E+00 0.352640E+00 0.348160E+00 0.346960E+00 0.354880E+00 0.348080E+00 0.346400E+00 0.341200E+00 0.349520E+00 0.342640E+00 0.343360E+00 0.343280E+00 0.339840E+00 0.343280E+00 0.334800E+00 0.333600E+00 0.335360E+00 0.327840E+00 0.328800E+00 0.327600E+00 0.314720E+00 0.318080E+00 0.311440E+00 0.317440E+00 0.320320E+00 0.319120E+00 0.315840E+00 0.313840E+00 0.309520E+00 0.305280E+00 0.303360E+00 0.309360E+00 0.303600E+00 0.294800E+00 0.295200E+00 0.297040E+00 0.292080E+00 0.292960E+00 0.282560E+00 0.288480E+00 0.275360E+00 0.284640E+00 0.272160E+00 0.280800E+00 0.268640E+00 0.274960E+00 0.271440E+00 0.263360E+00 0.260960E+00 0.261200E+00 0.260000E+00 0.248560E+00 0.251520E+00 0.251280E+00 0.248800E+00 0.239920E+00 0.244080E+00 0.234560E+00 0.236800E+00 0.238240E+00 0.237840E+00 0.232400E+00 0.232160E+00 0.216240E+00 0.220560E+00 0.222000E+00 0.219760E+00 0.205920E+00 0.210800E+00 0.204240E+00 0.208400E+00 0.204960E+00 0.198080E+00 0.195760E+00 0.187840E+00 0.194640E+00 0.185680E+00 0.180800E+00 0.181440E+00 0.177920E+00 0.176880E+00 0.170800E+00 0.172240E+00 0.166080E+00 0.164000E+00 0.162480E+00 0.160640E+00 0.152160E+00 0.156880E+00 0.150320E+00 0.147200E+00 0.148400E+00 0.137680E+00 0.141200E+00 0.146480E+00 0.138480E+00 0.135920E+00 0.131840E+00 0.129920E+00 0.127040E+00 0.119920E+00 0.118800E+00 0.122160E+00 0.118320E+00 0.122320E+00 0.112080E+00 0.100960E+00 0.107600E+00 0.114320E+00 0.107600E+00 0.992000E-01 0.999200E-01 0.968000E-01 0.958400E-01 0.906400E-01 0.863200E-01 0.847200E-01 0.817600E-01 0.802400E-01 0.792000E-01 0.783200E-01 0.726400E-01 0.718400E-01 0.730400E-01 0.704000E-01 0.619200E-01 0.661600E-01 0.628000E-01 0.591200E-01 0.608800E-01 0.602400E-01 0.580000E-01 0.512800E-01 0.500800E-01 0.475200E-01 0.433600E-01 0.464000E-01 0.404800E-01 0.413600E-01 0.397600E-01 0.372800E-01 0.352800E-01 0.330400E-01 0.331200E-01 0.311200E-01 0.272000E-01 0.256800E-01 0.257600E-01 0.253600E-01 0.243200E-01 0.249600E-01 0.201600E-01 0.206400E-01 0.176800E-01 0.184000E-01 0.169600E-01 0.124800E-01 0.124800E-01 0.120800E-01 0.114400E-01 0.102400E-01 0.960000E-02 0.832000E-02 0.800000E-02 0.872000E-02 0.648000E-02 0.576000E-02 0.544000E-02 0.400000E-02 0.344000E-02 0.264000E-02 0.216000E-02 0.224000E-02 0.240000E-02 0.120000E-02 0.720000E-03 0.560000E-03 0.240000E-03 0.800000E-04 0.160000E-03 0.800000E-04 0.000000E+00
 0.370880E+00 0.365520E+00 0.367040E+00 0.373440E+00 0.369040E+00 0.363440E+00 0.365280E+00 0.353440E+00 0.361680E+00 0.363040E+00 0.363440E+00 0.359840E+00 0.351520E+00 0.354240E+00 0.352480E+00 0.351120E+00 0.356640E+00 0.336960E+00 0.358560E+00 0.347200E+00 0.348240E+00 0.341760E+00 0.347440E+00 0.343840E+00 0.342560E+00 0.346720E+00 0.339200E+00 0.329360E+00 0.341920E+00 0.336800E+00 0.328080E+00 0.321840E+00 0.328320E+00 0.328880E+00 0.328000E+00 0.323840E+00 0.319600E+00 0.319040E+00 0.317920E+00 0.314640E+00 0.313680E+00 0.315600E+00 0.309200E+00 0.313600E+00 0.304640E+00 0.304000E+00 0.306480E+00 0.299440E+00 0.293040E+00 0.290560E+00 0.288240E+00 0.290080E+00 0.290480E+00 0.291200E+00 0.291840E+00 0.289120E+00 0.280160E+00 0.274000E+00 0.276720E+00 0.271440E+00 0.259680E+00 0.276320E+00 0.258240E+00 0.262240E+00 0.264560E+00 0.260960E+00 0.252320E+00 0.254160E+00 0.247360E+00 0.251200E+00 0.249600E+00 0.242160E+00 0.245760E+00 0.230320E+00 0.241520E+00 0.234000E+00 0.228960E+00 0.222800E+00 0.224160E+00 0.220880E+00 0.219200E+00 0.216160E+00 0.214400E+00 0.212480E+00 0.206160E+00 0.210480E+00 0.204080E+00 0.203680E+00 0.208640E+00 0.193920E+00 0.190480E+00 0.193920E+00 0.192320E+00 0.184880E+00 0.185840E+00 0.179120E+00 0.182560E+00 0.169040E+00 0.181440E+00 0.174480E+00 0.168400E+00 0.168240E+00 0.159680E+00 0.160480E+00 0.150560E+00 0.156000E+00 0.155840E+00 0.152960E+00 0.146080E+00 0.142800E+00 0.143200E+00 0.134000E+00 0.136560E+00 0.130880E+00 0.132480E+00 0.129680E+00 0.120960E+00 0.123680E+00 0.117520E+00 0.124640E+00 0.113760E+00 0.115440E+00 0.110240E+00 0.110720E+00 0.102560E+00 0.992800E-01 0.977600E-01 0.934400E-01 0.962400E-01 0.928800E-01 0.881600E-01 0.905600E-01 0.868000E-01 0.765600E-01 0.795200E-01 0.788000E-01 0.783200E-01 0.772000E-01 0.748000E-01 0.668800E-01 0.646400E-01 0.644000E-01 0.616000E-01 0.630400E-01 0.660800E-01 0.596800E-01 0.598400E-01 0.525600E-01 0.520000E-01 0.493600E-01 0.496800E-01 0.416800E-01 0.457600E-01 0.427200E-01 0.402400E-01 0.403200E-01 0.389600E-01 0.370400E-01 0.334400E-01 0.343200E-01 0.313600E-01 0.288000E-01 0.268800E-01 0.280800E-01 0.262400E-01 0.235200E-01 0.252000E-01 0.206400E-01 0.213600E-01 0.165600E-01 0.179200E-01 0.164800E-01 0.170400E-01 0.152000E-01 0.139200E-01 0.137600E-01 0.105600E-01 0.984000E-02 0.920000E-02 0.792000E-02 0.728000E-02 0.624000E-02 0.536000E-02 0.464000E-02 0.320000E-02 0.464000E-02 0.328000E-02 0.352000E-02 0.240000E-02 0.216000E-02 0.208000E-02 0.152000E-02 0.560000E-03 0.104000E-02 0.720000E-03 0.320000E-03 0.000000E+00 0.800000E-04 0.000000E+00 0.000000E+00
 0.373520E+00 0.371440E+00 0.374480E+00 0.372240E+00 0.370720E+00 0.372080E+00 0.361600E+00 0.359760E+00 0.365520E+00 0.348400E+00 0.351280E+00 0.348080E+00 0.354960E+00 0.353040E+00 0.354880E+00 0.352160E+00 0.347040E+00 0.340960E+00 0.342880E+00 0.348000E+00 0.343920E+00 0.345040E+00 0.343840E+00 0.344080E+00 0.346080E+00 0.326480E+00 0.341840E+00 0.332800E+00 0.337200E+00 0.330560E+00 0.331040E+00 0.331520E+00 0.325120E+00 0.323280E+00 0.324800E+00 0.320800E+00 0.327280E+00 0.326080E+00 0.330000E+00 0.316000E+00 0.313040E+00 0.328000E+00 0.307520E+00 0.307840E+00 0.312080E+00 0.303600E+00 0.301200E+00 0.303520E+00 0.301840E+00 0.296880E+00 0.282000E+00 0.293040E+00 0.292720E+00 0.296640E+00 0.294560E+00 0.282800E+00 0.274240E+00 0.278160E+00 0.278720E+00 0.270080E+00 0.270080E+00 0.270720E+00 0.267360E+00 0.270720E+00 0.264160E+00 0.264880E+00 0.253040E+00 0.246160E+00 0.246960E+00 0.256000E+00 0.248960E+00 0.243440E+00 0.241360E+00 0.237840E+00 0.228080E+00 0.233920E+00 0.231280E+00 0.229840E+00 0.220400E+00 0.226240E+00 0.222880E+00 0.224480E+00 0.219200E+00 0.219760E+00 0.216960E+00 0.209840E+00 0.198000E+00 0.201360E+00 0.195600E+00 0.200400E+00 0.185600E+00 0.192080E+00 0.189440E+00 0.189840E+00 0.185760E+00 0.186080E+00 0.171360E+00 0.175680E+00 0.167520E+00 0.167280E+00 0.168080E+00 0.160800E+00 0.165600E+00 0.158720E+00 0.157040E+00 0.156800E+00 0.147600E+00 0.146960E+00 0.149600E+00 0.143760E+00 0.140160E+00 0.134480E+00 0.128560E+00 0.135840E+00 0.127120E+00 0.124560E+00 0.120080E+00 0.121920E+00 0.118560E+00 0.114320E+00 0.117120E+00 0.114160E+00 0.110240E+00 0.112160E+00 0.106880E+00 0.100720E+00 0.104240E+00 0.996000E-01 0.101360E+00 0.956000E-01 0.853600E-01 0.863200E-01 0.869600E-01 0.812800E-01 0.798400E-01 0.810400E-01 0.797600E-01 0.753600E-01 0.778400E-01 0.720000E-01 0.658400E-01 0.698400E-01 0.652800E-01 0.633600E-01 0.585600E-01 0.560000E-01 0.596000E-01 0.548800E-01 0.548000E-01 0.508800E-01 0.460000E-01 0.475200E-01 0.458400E-01 0.419200E-01 0.397600E-01 0.432000E-01 0.372000E-01 0.389600E-01 0.361600E-01 0.321600E-01 0.285600E-01 0.296800E-01 0.294400E-01 0.269600E-01 0.245600E-01 0.203200E-01 0.202400E-01 0.226400E-01 0.198400E-01 0.180800E-01 0.172800E-01 0.156000E-01 0.160800E-01 0.133600E-01 0.119200E-01 0.131200E-01 0.117600E-01 0.816000E-02 0.896000E-02 0.736000E-02 0.704000E-02 0.664000E-02 0.568000E-02 0.544000E-02 0.512000E-02 0.496000E-02 0.272000E-02 0.360000E-02 0.192000E-02 0.216000E-02 0.144000E-02 0.480000E-03 0.880000E-03 0.880000E-03 0.720000E-03 0.240000E-03 0.000000E+00 0.000000E+00 0.000000E+00 0.000000E+00
 0.201808E+01 0.197688E+01 0.192488E+01 0.193528E+01 0.190608E+01 0.189008E+01 0.190168E+01 0.185992E+01 0.186624E+01 0.185768E+01 0.184632E+01 0.185240E+01 0.181384E+01 0.181984E+01 0.180760E+01 0.179464E+01 0.176816E+01 0.177128E+01 0.175944E+01 0.177280E+01 0.175600E+01 0.175024E+01 0.173688E+01 0.174264E+01 0.169296E+01 0.169824E+01 0.170872E+01 0.171080E+01 0.169232E+01 0.169344E+01 0.166168E+01 0.164440E+01 0.162112E+01 0.165112E+01 0.164576E+01 0.161040E+01 0.161256E+01 0.158920E+01 0.160456E+01 0.158512E+01 0.158968E+01 0.157336E+01 0.154368E+01 0.154808E+01 0.152416E+01 0.152224E+01 0.152864E+01 0.151104E+01 0.149528E+01 0.149408E+01 0.147296E+01 0.144896E+01 0.145840E+01 0.145144E+01 0.143624E+01 0.143744E+01 0.141680E+01 0.140608E+01 0.139368E+01 0.138824E+01 0.137072E+01 0.135400E+01 0.136200E+01 0.134296E+01 0.134568E+01 0.133312E+01 0.132000E+01 0.130272E+01 0.130896E+01 0.128232E+01 0.127920E+01 0.126880E+01 0.124848E+01 0.125096E+01 0.125952E+01 0.122880E+01 0.121600E+01 0.120488E+01 0.118768E+01 0.118648E+01 0.118888E+01 0.116816E+01 0.116024E+01 0.115032E+01 0.113856E+01 0.115896E+01 0.111848E+01 0.110352E+01 0.110112E+01 0.107960E+01 0.108784E+01 0.107216E+01 0.107288E+01 0.106456E+01 0.105440E+01 0.102480E+01 0.101208E+01 0.101784E+01 0.101072E+01 0.988640E+00 0.986160E+00 0.985280E+00 0.969760E+00 0.950320E+00 0.958800E+00 0.951760E+00 0.954080E+00 0.925920E+00 0.921840E+00 0.903760E+00 0.914720E+00 0.893280E+00 0.884240E+00 0.866000E+00 0.873200E+00 0.859040E+00 0.849920E+00 0.825760E+00 0.839200E+00 0.817840E+00 0.807520E+00 0.814000E+00 0.801440E+00 0.792480E+00 0.762320E+00 0.773520E+00 0.759200E+00 0.762240E+00 0.744720E+00 0.730880E+00 0.727120E+00 0.728960E+00 0.725680E+00 0.701600E+00 0.686160E+00 0.684640E+00 0.677760E+00 0.664160E+00 0.668960E+00 0.652560E+00 0.656640E+00 0.645760E+00 0.633920E+00 0.620960E+00 0.623680E+00 0.617680E+00 0.592080E+00 0.585920E+00 0.576000E+00 0.567440E+00 0.557680E+00 0.530160E+00 0.525600E+00 0.530480E+00 0.504800E+00 0.500240E+00 0.492560E+00 0.468560E+00 0.465680E+00 0.436400E+00 0.427920E+00 0.414480E+00 0.385840E+00 0.369360E+00 0.357120E+00 0.339040E+00 0.312080E+00 0.310640E+00 0.296640E+00 0.278800E+00 0.257920E+00 0.259920E+00 0.239200E+00 0.240080E+00 0.240400E+00 0.226240E+00 0.214320E+00 0.199200E+00 0.202240E+00 0.203120E+00 0.193840E+00 0.188480E+00 0.177520E+00 0.170640E+00 0.174160E+00 0.158640E+00 0.154080E+00 0.150560E+00 0.145520E+00 0.140160E+00 0.130720E+00 0.125520E+00 0.129520E+00 0.119200E+00 0.116880E+00 0.112560E+00 0.108000E+00 0.105680E+00 0.752800E-01 0.640000E-03
 0.204000E+01 0.194856E+01 0.193728E+01 0.192888E+01 0.191224E+01 0.188152E+01 0.186288E+01 0.185760E+01 0.185600E+01 0.185440E+01 0.187704E+01 0.183264E+01 0.180232E+01 0.182416E+01 0.179384E+01 0.179840E+01 0.180848E+01 0.176456E+01 0.177248E+01 0.177040E+01 0.175904E+01 0.172944E+01 0.172200E+01 0.172840E+01 0.172744E+01 0.171208E+01 0.170296E+01 0.169992E+01 0.168288E+01 0.169312E+01 0.164984E+01 0.166264E+01 0.163888E+01 0.163712E+01 0.164296E+01 0.162760E+01 0.161432E+01 0.159776E+01 0.160304E+01 0.158696E+01 0.158680E+01 0.156048E+01 0.154096E+01 0.155072E+01 0.153976E+01 0.153152E+01 0.151144E+01 0.151792E+01 0.148304E+01 0.148184E+01 0.147560E+01 0.147976E+01 0.145696E+01 0.144640E+01 0.145064E+01 0.142704E+01 0.141432E+01 0.139008E+01 0.138672E+01 0.139136E+01 0.137280E+01 0.137280E+01 0.135040E+01 0.135048E+01 0.132624E+01 0.131520E+01 0.130192E+01 0.129552E+01 0.129408E+01 0.127416E+01 0.128216E+01 0.125880E+01 0.125376E+01 0.125296E+01 0.124512E+01 0.124344E+01 0.122536E+01 0.122304E+01 0.120392E+01 0.119472E+01 0.118976E+01 0.117112E+01 0.116208E+01 0.115360E+01 0.114696E+01 0.113432E+01 0.111152E+01 0.110248E+01 0.109888E+01 0.108952E+01 0.109152E+01 0.107568E+01 0.106312E+01 0.105392E+01 0.105104E+01 0.103560E+01 0.103472E+01 0.103408E+01 0.101112E+01 0.100608E+01 0.100920E+01 0.971920E+00 0.960000E+00 0.965360E+00 0.935680E+00 0.930800E+00 0.931520E+00 0.932560E+00 0.921600E+00 0.903520E+00 0.894000E+00 0.893360E+00 0.895040E+00 0.859120E+00 0.868960E+00 0.851120E+00 0.856720E+00 0.841920E+00 0.845040E+00 0.829920E+00 0.820400E+00 0.805520E+00 0.815840E+00 0.783600E+00 0.776000E+00 0.771920E+00 0.753760E+00 0.764240E+00 0.741520E+00 0.751760E+00 0.728560E+00 0.719440E+00 0.714800E+00 0.701760E+00 0.708880E+00 0.698480E+00 0.677440E+00 0.666000E+00 0.666160E+00 0.649200E+00 0.648240E+00 0.632560E+00 0.619360E+00 0.626560E+00 0.607600E+00 0.600160E+00 0.595520E+00 0.586240E+00 0.579280E+00 0.564160E+00 0.561520E+00 0.548800E+00 0.536240E+00 0.528880E+00 0.517280E+00 0.497440E+00 0.494480E+00 0.468800E+00 0.452000E+00 0.440000E+00 0.422160E+00 0.404240E+00 0.391920E+00 0.377440E+00 0.353120E+00 0.340240E+00 0.314320E+00 0.314240E+00 0.291600E+00 0.280320E+00 0.269040E+00 0.257120E+00 0.254560E+00 0.235600E+00 0.227200E+00 0.223680E+00 0.218560E+00 0.213200E+00 0.206640E+00 0.204080E+00 0.193520E+00 0.187440E+00 0.179120E+00 0.175280E+00 0.163600E+00 0.161120E+00 0.154960E+00 0.144240E+00 0.148240E+00 0.135360E+00 0.130720E+00 0.128960E+00 0.126080E+00 0.121840E+00 0.120160E+00 0.111120E+00 0.106560E+00 0.105120E+00 0.695200E-01 0.560000E-03
 0.839552E+01 0.374752E+01 0.267296E+01 0.212912E+01 0.181144E+01 0.155096E+01 0.136896E+01 0.123456E+01 0.112296E+01 0.101888E+01 0.939120E+00 0.857440E+00 0.792400E+00 0.736960E+00 0.681040E+00 0.629600E+00 0.601200E+00 0.548080E+00 0.517440E+00 0.499120E+00 0.456640E+00 0.427360E+00 0.410800E+00 0.380960E+00 0.359680E+00 0.335120E+00 0.322880E+00 0.299920E+00 0.289840E+00 0.271200E+00 0.259280E+00 0.230720E+00 0.230720E+00 0.211760E+00 0.206320E+00 0.197520E+00 0.186000E+00 0.183600E+00 0.167040E+00 0.157120E+00 0.150720E+00 0.134160E+00 0.132000E+00 0.130160E+00 0.124480E+00 0.118960E+00 0.110400E+00 0.105840E+00 0.101920E+00 0.958400E-01 0.929600E-01 0.825600E-01 0.789600E-01 0.756000E-01 0.775200E-01 0.738400E-01 0.645600E-01 0.672800E-01 0.624000E-01 0.536000E-01 0.548800E-01 0.528000E-01 0.514400E-01 0.454400E-01 0.399200E-01 0.424800E-01 0.403200E-01 0.398400E-01 0.363200E-01 0.353600E-01 0.328000E-01 0.316800E-01 0.285600E-01 0.286400E-01 0.263200E-01 0.260800E-01 0.251200E-01 0.213600E-01 0.209600E-01 0.227200E-01 0.205600E-01 0.200800E-01 0.202400E-01 0.184800E-01 0.184800E-01 0.171200E-01 0.162400E-01 0.158400E-01 0.144000E-01 0.133600E-01 0.116000E-01 0.150400E-01 0.119200E-01 0.109600E-01 0.112800E-01 0.100000E-01 0.992000E-02 0.920000E-02 0.792000E-02 0.880000E-02 0.816000E-02 0.784000E-02 0.696000E-02 0.664000E-02 0.568000E-02 0.664000E-02 0.552000E-02 0.504000E-02 0.456000E-02 0.504000E-02 0.448000E-02 0.424000E-02 0.392000E-02 0.464000E-02 0.288000E-02 0.296000E-02 0.312000E-02 0.312000E-02 0.400000E-02 0.296000E-02 0.240000E-02 0.312000E-02 0.240000E-02 0.208000E-02 0.144000E-02 0.216000E-02 0.200000E-02 0.144000E-02 0.176000E-02 0.152000E-02 0.176000E-02 0.960000E-03 0.720000E-03 0.168000E-02 0.120000E-02 0.104000E-02 0.800000E-03 0.104000E-02 0.640000E-03 0.640000E-03 0.720000E-03 0.400000E-03 0.960000E-03 0.320000E-03 0.112000E-02 0.800000E-03 0.560000E-03 0.400000E-03 0.560000E-03 0.160000E-03 0.800000E-04 0.160000E-03 0.480000E-03 0.240000E-03 0.000000E+00 0.240000E-03 0.240000E-03 0.800000E-04 0.320000E-03 0.160000E-03 0.800000E-04 0.160000E-03 0.000000E+00 0.800000E-04 0.800000E-04 0.800000E-04 0.240000E-03 0.160000E-03 0.800000E-04 0.000000E+00 0.800000E-04 0.000000E+00 0.000000E+00 0.000000E+00 0.000000E+00 0.800000E-04 0.160000E-03 0.000000E+00 0.000000E+00 0.800000E-04 0.000000E+00 0.000000E+00 0.000000E+00 0.000000E+00 0.000000E+00 0.000000E+00 0.800000E-04 0.000000E+00 0.000000E+00 0.000000E+00 0.000000E+00 0.000000E+00 0.000000E+00 0.000000E+00 0.000000E+00 0.000000E+00 0.000000E+00 0.000000E+00 0.000000E+00 0.000000E+00
 0.134966E+02 0.487624E+01 0.323240E+01 0.247936E+01 0.203848E+01 0.171896E+01 0.148256E+01 0.128104E+01 0.117104E+01 0.106032E+01 0.971440E+00 0.888800E+00 0.823840E+00 0.761280E+00 0.709600E+00 0.668960E+00 0.623200E+00 0.581120E+00 0.571760E+00 0.520240E+00 0.488160E+00 0.466080E+00 0.460800E+00 0.422640E+00 0.405040E+00 0.386400E+00 0.367440E+00 0.355200E+00 0.339200E+00 0.321360E+00 0.303600E+00 0.293760E+00 0.280720E+00 0.267440E+00 0.263680E+00 0.242640E+00 0.238640E+00 0.231360E+00 0.219760E+00 0.210640E+00 0.198640E+00 0.192800E+00 0.191280E+00 0.186000E+00 0.175120E+00 0.172320E+00 0.161120E+00 0.157280E+00 0.154080E+00 0.149680E+00 0.142160E+00 0.138480E+00 0.133040E+00 0.130480E+00 0.121840E+00 0.118560E+00 0.109360E+00 0.109840E+00 0.102880E+00 0.105120E+00 0.105120E+00 0.986400E-01 0.906400E-01 0.891200E-01 0.844000E-01 0.822400E-01 0.780800E-01 0.752800E-01 0.752000E-01 0.716000E-01 0.683200E-01 0.652000E-01 0.645600E-01 0.632000E-01 0.594400E-01 0.563200E-01 0.580800E-01 0.541600E-01 0.521600E-01 0.527200E-01 0.481600E-01 0.453600E-01 0.462400E-01 0.460000E-01 0.400000E-01 0.404800E-01 0.393600E-01 0.344000E-01 0.356000E-01 0.350400E-01 0.323200E-01 0.321600E-01 0.292800E-01 0.282400E-01 0.234400E-01 0.284800E-01 0.236800E-01 0.273600E-01 0.229600E-01 0.258400E-01 0.221600E-01 0.227200E-01 0.207200E-01 0.196000E-01 0.196000E-01 0.173600E-01 0.180800E-01 0.153600E-01 0.185600E-01 0.148800E-01 0.152000E-01 0.143200E-01 0.147200E-01 0.132000E-01 0.105600E-01 0.125600E-01 0.123200E-01 0.100800E-01 0.100000E-01 0.104800E-01 0.108800E-01 0.904000E-02 0.920000E-02 0.896000E-02 0.688000E-02 0.760000E-02 0.800000E-02 0.760000E-02 0.736000E-02 0.664000E-02 0.576000E-02 0.616000E-02 0.568000E-02 0.504000E-02 0.656000E-02 0.456000E-02 0.392000E-02 0.384000E-02 0.400000E-02 0.400000E-02 0.464000E-02 0.360000E-02 0.312000E-02 0.272000E-02 0.344000E-02 0.352000E-02 0.264000E-02 0.264000E-02 0.312000E-02 0.288000E-02 0.168000E-02 0.216000E-02 0.128000E-02 0.168000E-02 0.168000E-02 0.120000E-02 0.144000E-02 0.128000E-02 0.128000E-02 0.128000E-02 0.880000E-03 0.960000E-03 0.128000E-02 0.800000E-03 0.640000E-03 0.880000E-03 0.560000E-03 0.320000E-03 0.720000E-03 0.720000E-03 0.400000E-03 0.240000E-03 0.400000E-03 0.400000E-03 0.800000E-04 0.400000E-03 0.400000E-03 0.400000E-03 0.160000E-03 0.240000E-03 0.320000E-03 0.160000E-03 0.320000E-03 0.000000E+00 0.400000E-03 0.000000E+00 0.160000E-03 0.160000E-03 0.160000E-03 0.800000E-04 0.800000E-04 0.000000E+00 0.000000E+00 0.000000E+00 0.000000E+00 0.000000E+00 0.000000E+00 0.000000E+00 0.000000E+00 0.000000E+00
 0.820936E+01 0.366816E+01 0.261312E+01 0.211384E+01 0.179096E+01 0.153960E+01 0.135544E+01 0.119040E+01 0.110256E+01 0.985040E+00 0.909680E+00 0.829360E+00 0.758800E+00 0.723840E+00 0.665120E+00 0.610320E+00 0.575520E+00 0.543120E+00 0.516560E+00 0.471680E+00 0.446080E+00 0.419600E+00 0.396720E+00 0.371760E+00 0.352320E+00 0.329280E+00 0.309040E+00 0.292240E+00 0.277680E+00 0.257840E+00 0.246640E+00 0.230640E+00 0.218960E+00 0.206880E+00 0.198400E+00 0.189680E+00 0.172080E+00 0.170160E+00 0.163200E+00 0.157040E+00 0.145760E+00 0.142720E+00 0.138240E+00 0.126640E+00 0.118880E+00 0.110640E+00 0.103760E+00 0.103920E+00 0.978400E-01 0.913600E-01 0.879200E-01 0.842400E-01 0.788000E-01 0.780000E-01 0.728800E-01 0.679200E-01 0.642400E-01 0.630400E-01 0.608000E-01 0.572000E-01 0.536000E-01 0.506400E-01 0.496800E-01 0.468000E-01 0.436800E-01 0.420800E-01 0.407200E-01 0.376800E-01 0.360000E-01 0.340000E-01 0.340800E-01 0.310400E-01 0.301600E-01 0.276800E-01 0.246400E-01 0.228800E-01 0.240800E-01 0.242400E-01 0.220000E-01 0.208000E-01 0.178400E-01 0.196000E-01 0.186400E-01 0.189600E-01 0.160800E-01 0.134400E-01 0.153600E-01 0.146400E-01 0.131200E-01 0.133600E-01 0.136000E-01 0.104000E-01 0.105600E-01 0.896000E-02 0.100800E-01 0.792000E-02 0.944000E-02 0.736000E-02 0.792000E-02 0.872000E-02 0.728000E-02 0.696000E-02 0.728000E-02 0.736000E-02 0.544000E-02 0.488000E-02 0.488000E-02 0.536000E-02 0.424000E-02 0.432000E-02 0.512000E-02 0.416000E-02 0.368000E-02 0.288000E-02 0.288000E-02 0.320000E-02 0.280000E-02 0.224000E-02 0.248000E-02 0.216000E-02 0.216000E-02 0.208000E-02 0.248000E-02 0.232000E-02 0.152000E-02 0.160000E-02 0.184000E-02 0.112000E-02 0.160000E-02 0.112000E-02 0.168000E-02 0.880000E-03 0.104000E-02 0.112000E-02 0.120000E-02 0.136000E-02 0.800000E-03 0.800000E-03 0.144000E-02 0.640000E-03 0.400000E-03 0.112000E-02 0.320000E-03 0.640000E-03 0.560000E-03 0.880000E-03 0.240000E-03 0.720000E-03 0.000000E+00 0.400000E-03 0.240000E-03 0.240000E-03 0.400000E-03 0.400000E-03 0.320000E-03 0.000000E+00 0.800000E-04 0.400000E-03 0.800000E-04 0.000000E+00 0.240000E-03 0.800000E-04 0.240000E-03 0.320000E-03 0.000000E+00 0.160000E-03 0.160000E-03 0.160000E-03 0.800000E-04 0.000000E+00 0.240000E-03 0.000000E+00 0.800000E-04 0.160000E-03 0.000000E+00 0.800000E-04 0.000000E+00 0.000000E+00 0.000000E+00 0.000000E+00 0.800000E-04 0.000000E+00 0.800000E-04 0.800000E-04 0.800000E-04 0.800000E-04 0.000000E+00 0.000000E+00 0.000000E+00 0.000000E+00 0.800000E-04 0.000000E+00 0.000000E+00 0.000000E+00 0.000000E+00 0.000000E+00 0.000000E+00 0.000000E+00 0.000000E+00 0.000000E+00
 0.131762E+02 0.476640E+01 0.318496E+01 0.240232E+01 0.196216E+01 0.167648E+01 0.145120E+01 0.127408E+01 0.113720E+01 0.102480E+01 0.947760E+00 0.856400E+00 0.795520E+00 0.745600E+00 0.690720E+00 0.647200E+00 0.611360E+00 0.570560E+00 0.539040E+00 0.498160E+00 0.476320E+00 0.466080E+00 0.431600E+00 0.407520E+00 0.395360E+00 0.367120E+00 0.366080E+00 0.342800E+00 0.324560E+00 0.314080E+00 0.297360E+00 0.291200E+00 0.277120E+00 0.259040E+00 0.248720E+00 0.238720E+00 0.228720E+00 0.228320E+00 0.218160E+00 0.207280E+00 0.202080E+00 0.200000E+00 0.185440E+00 0.182080E+00 0.177280E+00 0.164480E+00 0.156800E+00 0.160240E+00 0.149840E+00 0.145200E+00 0.128480E+00 0.132080E+00 0.128640E+00 0.123760E+00 0.126480E+00 0.115840E+00 0.112640E+00 0.102000E+00 0.106000E+00 0.100960E+00 0.945600E-01 0.995200E-01 0.931200E-01 0.881600E-01 0.843200E-01 0.809600E-01 0.765600E-01 0.716000E-01 0.716000E-01 0.734400E-01 0.677600E-01 0.645600E-01 0.623200E-01 0.617600E-01 0.540000E-01 0.547200E-01 0.534400E-01 0.526400E-01 0.473600E-01 0.497600E-01 0.495200E-01 0.472800E-01 0.440000E-01 0.421600E-01 0.425600E-01 0.376000E-01 0.343200E-01 0.355200E-01 0.327200E-01 0.331200E-01 0.323200E-01 0.302400E-01 0.293600E-01 0.308800E-01 0.269600E-01 0.271200E-01 0.275200E-01 0.230400E-01 0.262400E-01 0.210400E-01 0.217600E-01 0.227200E-01 0.205600E-01 0.205600E-01 0.174400E-01 0.195200E-01 0.148800E-01 0.155200E-01 0.171200E-01 0.159200E-01 0.143200E-01 0.147200E-01 0.108000E-01 0.120000E-01 0.120800E-01 0.115200E-01 0.112000E-01 0.106400E-01 0.114400E-01 0.928000E-02 0.920000E-02 0.880000E-02 0.808000E-02 0.792000E-02 0.952000E-02 0.680000E-02 0.784000E-02 0.688000E-02 0.648000E-02 0.608000E-02 0.608000E-02 0.560000E-02 0.528000E-02 0.408000E-02 0.576000E-02 0.480000E-02 0.392000E-02 0.448000E-02 0.320000E-02 0.336000E-02 0.376000E-02 0.392000E-02 0.328000E-02 0.312000E-02 0.288000E-02 0.200000E-02 0.192000E-02 0.280000E-02 0.280000E-02 0.176000E-02 0.184000E-02 0.216000E-02 0.200000E-02 0.232000E-02 0.144000E-02 0.128000E-02 0.176000E-02 0.104000E-02 0.104000E-02 0.120000E-02 0.960000E-03 0.120000E-02 0.640000E-03 0.480000E-03 0.640000E-03 0.240000E-03 0.480000E-03 0.640000E-03 0.320000E-03 0.560000E-03 0.480000E-03 0.320000E-03 0.480000E-03 0.400000E-03 0.240000E-03 0.800000E-03 0.320000E-03 0.160000E-03 0.800000E-04 0.800000E-04 0.800000E-04 0.000000E+00 0.000000E+00 0.000000E+00 0.800000E-04 0.800000E-04 0.320000E-03 0.160000E-03 0.000000E+00 0.800000E-04 0.000000E+00 0.000000E+00 0.800000E-04 0.000000E+00 0.800000E-04 0.000000E+00 0.000000E+00 0.000000E+00 0.000000E+00 0.000000E+00
 0.815415E+02 0.135671E+02 0.917216E+01 0.717864E+01 0.594816E+01 0.516840E+01 0.459944E+01 0.407296E+01 0.368576E+01 0.339072E+01 0.314680E+01 0.293048E+01 0.271728E+01 0.255304E+01 0.236504E+01 0.224664E+01 0.211632E+01 0.198976E+01 0.189392E+01 0.179240E+01 0.170144E+01 0.161800E+01 0.153048E+01 0.146104E+01 0.138440E+01 0.131120E+01 0.128080E+01 0.120616E+01 0.113512E+01 0.110504E+01 0.104200E+01 0.995600E+00 0.938640E+00 0.912720E+00 0.859200E+00 0.827120E+00 0.798960E+00 0.752160E+00 0.734720E+00 0.717680E+00 0.676160E+00 0.649200E+00 0.625600E+00 0.596080E+00 0.569360E+00 0.527920E+00 0.524240E+00 0.495920E+00 0.478880E+00 0.458080E+00 0.435440E+00 0.420880E+00 0.398400E+00 0.388000E+00 0.373440E+00 0.361840E+00 0.338160E+00 0.322320E+00 0.302880E+00 0.300480E+00 0.284480E+00 0.272400E+00 0.269760E+00 0.259920E+00 0.242160E+00 0.248720E+00 0.225040E+00 0.213840E+00 0.207840E+00 0.198080E+00 0.183360E+00 0.176640E+00 0.172320E+00 0.171600E+00 0.160800E+00 0.153360E+00 0.145840E+00 0.140160E+00 0.134480E+00 0.129680E+00 0.124000E+00 0.117440E+00 0.112720E+00 0.111200E+00 0.105200E+00 0.100480E+00 0.968000E-01 0.908000E-01 0.910400E-01 0.845600E-01 0.792000E-01 0.788000E-01 0.768800E-01 0.678400E-01 0.683200E-01 0.642400E-01 0.604800E-01 0.601600E-01 0.576000E-01 0.575200E-01 0.532000E-01 0.533600E-01 0.496800E-01 0.485600E-01 0.449600E-01 0.409600E-01 0.440000E-01 0.380800E-01 0.356800E-01 0.384000E-01 0.326400E-01 0.349600E-01 0.328800E-01 0.315200E-01 0.280000E-01 0.271200E-01 0.287200E-01 0.272000E-01 0.248000E-01 0.215200E-01 0.217600E-01 0.198400E-01 0.185600E-01 0.211200E-01 0.183200E-01 0.174400E-01 0.165600E-01 0.157600E-01 0.160800E-01 0.144800E-01 0.127200E-01 0.151200E-01 0.124000E-01 0.113600E-01 0.968000E-02 0.121600E-01 0.960000E-02 0.121600E-01 0.904000E-02 0.784000E-02 0.832000E-02 0.880000E-02 0.616000E-02 0.752000E-02 0.728000E-02 0.696000E-02 0.632000E-02 0.712000E-02 0.664000E-02 0.560000E-02 0.432000E-02 0.616000E-02 0.320000E-02 0.456000E-02 0.536000E-02 0.456000E-02 0.360000E-02 0.320000E-02 0.352000E-02 0.360000E-02 0.312000E-02 0.328000E-02 0.280000E-02 0.256000E-02 0.192000E-02 0.160000E-02 0.184000E-02 0.264000E-02 0.168000E-02 0.560000E-03 0.112000E-02 0.136000E-02 0.152000E-02 0.112000E-02 0.104000E-02 0.112000E-02 0.112000E-02 0.640000E-03 0.640000E-03 0.160000E-03 0.560000E-03 0.800000E-03 0.720000E-03 0.560000E-03 0.480000E-03 0.480000E-03 0.720000E-03 0.560000E-03 0.320000E-03 0.400000E-03 0.560000E-03 0.320000E-03 0.480000E-03 0.240000E-03 0.240000E-03 0.240000E-03 0.320000E-03 0.240000E-03 0.160000E-03 0.000000E+00
 0.421384E+02 0.125491E+02 0.917504E+01 0.750400E+01 0.646224E+01 0.574512E+01 0.511144E+01 0.471760E+01 0.437704E+01 0.406784E+01 0.381760E+01 0.359192E+01 0.337776E+01 0.321728E+01 0.302416E+01 0.288608E+01 0.278088E+01 0.260688E+01 0.252104E+01 0.241520E+01 0.231728E+01 0.222280E+01 0.212976E+01 0.207472E+01 0.197704E+01 0.189592E+01 0.183736E+01 0.178168E+01 0.171312E+01 0.164864E+01 0.158736E+01 0.154504E+01 0.148544E+01 0.142024E+01 0.137960E+01 0.134656E+01 0.128872E+01 0.123304E+01 0.120312E+01 0.115624E+01 0.114352E+01 0.109488E+01 0.105104E+01 0.101632E+01 0.984560E+00 0.967920E+00 0.919360E+00 0.902000E+00 0.846560E+00 0.842880E+00 0.814160E+00 0.796880E+00 0.757280E+00 0.738640E+00 0.731520E+00 0.693840E+00 0.674080E+00 0.649440E+00 0.630000E+00 0.606720E+00 0.591680E+00 0.579680E+00 0.554880E+00 0.540880E+00 0.515280E+00 0.498320E+00 0.487920E+00 0.476880E+00 0.459040E+00 0.445280E+00 0.438640E+00 0.416320E+00 0.413040E+00 0.400480E+00 0.381920E+00 0.371760E+00 0.359120E+00 0.342320E+00 0.335760E+00 0.333920E+00 0.314240E+00 0.298080E+00 0.295120E+00 0.293520E+00 0.281920E+00 0.276240E+00 0.246880E+00 0.251120E+00 0.239040E+00 0.231440E+00 0.231920E+00 0.220000E+00 0.212560E+00 0.208320E+00 0.207680E+00 0.201120E+00 0.183120E+00 0.183680E+00 0.173280E+00 0.168080E+00 0.166640E+00 0.159440E+00 0.152480E+00 0.149840E+00 0.143360E+00 0.139200E+00 0.133840E+00 0.133280E+00 0.129040E+00 0.120400E+00 0.114320E+00 0.116320E+00 0.119520E+00 0.106400E+00 0.104560E+00 0.939200E-01 0.972800E-01 0.928000E-01 0.932000E-01 0.920800E-01 0.797600E-01 0.817600E-01 0.827200E-01 0.747200E-01 0.704000E-01 0.667200E-01 0.690400E-01 0.693600E-01 0.616800E-01 0.657600E-01 0.645600E-01 0.552000E-01 0.549600E-01 0.539200E-01 0.516000E-01 0.498400E-01 0.467200E-01 0.450400E-01 0.444800E-01 0.431200E-01 0.452800E-01 0.400800E-01 0.368000E-01 0.348800E-01 0.350400E-01 0.337600E-01 0.341600E-01 0.291200E-01 0.304800E-01 0.313600E-01 0.262400E-01 0.261600E-01 0.252800E-01 0.228000E-01 0.232800E-01 0.216000E-01 0.221600E-01 0.211200E-01 0.188000E-01 0.181600E-01 0.164000E-01 0.144000E-01 0.164000E-01 0.145600E-01 0.148800E-01 0.120000E-01 0.984000E-02 0.106400E-01 0.100800E-01 0.102400E-01 0.848000E-02 0.776000E-02 0.920000E-02 0.616000E-02 0.736000E-02 0.712000E-02 0.616000E-02 0.512000E-02 0.456000E-02 0.568000E-02 0.440000E-02 0.408000E-02 0.440000E-02 0.344000E-02 0.320000E-02 0.320000E-02 0.368000E-02 0.256000E-02 0.280000E-02 0.272000E-02 0.152000E-02 0.280000E-02 0.224000E-02 0.272000E-02 0.128000E-02 0.152000E-02 0.200000E-02 0.136000E-02 0.128000E-02 0.800000E-04
 0.839552E+01 0.374752E+01 0.267296E+01 0.212912E+01 0.181144E+01 0.155096E+01 0.136896E+01 0.123456E+01 0.112296E+01 0.101888E+01 0.939120E+00 0.857440E+00 0.792400E+00 0.736960E+00 0.681040E+00 0.629600E+00 0.601200E+00 0.548080E+00 0.517440E+00 0.499120E+00 0.456640E+00 0.427360E+00 0.410800E+00 0.380960E+00 0.359680E+00 0.335120E+00 0.322880E+00 0.299920E+00 0.289840E+00 0.271200E+00 0.259280E+00 0.230720E+00 0.230720E+00 0.211760E+00 0.206320E+00 0.197520E+00 0.186000E+00 0.183600E+00 0.167040E+00 0.157120E+00 0.150720E+00 0.134160E+00 0.132000E+00 0.130160E+00 0.124480E+00 0.118960E+00 0.110400E+00 0.105840E+00 0.101920E+00 0.958400E-01 0.929600E-01 0.825600E-01 0.789600E-01 0.756000E-01 0.775200E-01 0.738400E-01 0.645600E-01 0.672800E-01 0.624000E-01 0.536000E-01 0.548800E-01 0.528000E-01 0.514400E-01 0.454400E-01 0.399200E-01 0.424800E-01 0.403200E-01 0.398400E-01 0.363200E-01 0.353600E-01 0.328000E-01 0.316800E-01 0.285600E-01 0.286400E-01 0.263200E-01 0.260800E-01 0.251200E-01 0.213600E-01 0.209600E-01 0.227200E-01 0.205600E-01 0.200800E-01 0.202400E-01 0.184800E-01 0.184800E-01 0.171200E-01 0.162400E-01 0.158400E-01 0.144000E-01 0.133600E-01 0.116000E-01 0.150400E-01 0.119200E-01 0.109600E-01 0.112800E-01 0.100000E-01 0.992000E-02 0.920000E-02 0.792000E-02 0.880000E-02 0.816000E-02 0.784000E-02 0.696000E-02 0.664000E-02 0.568000E-02 0.664000E-02 0.552000E-02 0.504000E-02 0.456000E-02 0.504000E-02 0.448000E-02 0.424000E-02 0.392000E-02 0.464000E-02 0.288000E-02 0.296000E-02 0.312000E-02 0.312000E-02 0.400000E-02 0.296000E-02 0.240000E-02 0.312000E-02 0.240000E-02 0.208000E-02 0.144000E-02 0.216000E-02 0.200000E-02 0.144000E-02 0.176000E-02 0.152000E-02 0.176000E-02 0.960000E-03 0.720000E-03 0.168000E-02 0.120000E-02 0.104000E-02 0.800000E-03 0.104000E-02 0.640000E-03 0.640000E-03 0.720000E-03 0.400000E-03 0.960000E-03 0.320000E-03 0.112000E-02 0.800000E-03 0.560000E-03 0.400000E-03 0.560000E-03 0.160000E-03 0.800000E-04 0.160000E-03 0.480000E-03 0.240000E-03 0.000000E+00 0.240000E-03 0.240000E-03 0.800000E-04 0.320000E-03 0.160000E-03 0.800000E-04 0.160000E-03 0.000000E+00 0.800000E-04 0.800000E-04 0.800000E-04 0.240000E-03 0.160000E-03 0.800000E-04 0.000000E+00 0.800000E-04 0.000000E+00 0.000000E+00 0.000000E+00 0.000000E+00 0.800000E-04 0.160000E-03 0.000000E+00 0.000000E+00 0.800000E-04 0.000000E+00 0.000000E+00 0.000000E+00 0.000000E+00 0.000000E+00 0.000000E+00 0.800000E-04 0.000000E+00 0.000000E+00 0.000000E+00 0.000000E+00 0.000000E+00 0.000000E+00 0.000000E+00 0.000000E+00 0.000000E+00 0.000000E+00 0.000000E+00 0.000000E+00 0.000000E+00
 0.134966E+02 0.487624E+01 0.323240E+01 0.247936E+01 0.203848E+01 0.171896E+01 0.148256E+01 0.128104E+01 0.117104E+01 0.106032E+01 0.971440E+00 0.888800E+00 0.823840E+00 0.761280E+00 0.709600E+00 0.668960E+00 0.623200E+00 0.581120E+00 0.571760E+00 0.520240E+00 0.488160E+00 0.466080E+00 0.460800E+00 0.422640E+00 0.405040E+00 0.386400E+00 0.367440E+00 0.355200E+00 0.339200E+00 0.321360E+00 0.303600E+00 0.293760E+00 0.280720E+00 0.267440E+00 0.263680E+00 0.242640E+00 0.238640E+00 0.231360E+00 0.219760E+00 0.210640E+00 0.198640E+00 0.192800E+00 0.191280E+00 0.186000E+00 0.175120E+00 0.172320E+00 0.161120E+00 0.157280E+00 0.154080E+00 0.149680E+00 0.142160E+00 0.138480E+00 0.133040E+00 0.130480E+00 0.121840E+00 0.118560E+00 0.109360E+00 0.109840E+00 0.102880E+00 0.105120E+00 0.105120E+00 0.986400E-01 0.906400E-01 0.891200E-01 0.844000E-01 0.822400E-01 0.780800E-01 0.752800E-01 0.752000E-01 0.716000E-01 0.683200E-01 0.652000E-01 0.645600E-01 0.632000E-01 0.594400E-01 0.563200E-01 0.580800E-01 0.541600E-01 0.521600E-01 0.527200E-01 0.481600E-01 0.453600E-01 0.462400E-01 0.460000E-01 0.400000E-01 0.404800E-01 0.393600E-01 0.344000E-01 0.356000E-01 0.350400E-01 0.323200E-01 0.321600E-01 0.292800E-01 0.282400E-01 0.234400E-01 0.284800E-01 0.236800E-01 0.273600E-01 0.229600E-01 0.258400E-01 0.221600E-01 0.227200E-01 0.207200E-01 0.196000E-01 0.196000E-01 0.173600E-01 0.180800E-01 0.153600E-01 0.185600E-01 0.148800E-01 0.152000E-01 0.143200E-01 0.147200E-01 0.132000E-01 0.105600E-01 0.125600E-01 0.123200E-01 0.100800E-01 0.100000E-01 0.104800E-01 0.108800E-01 0.904000E-02 0.920000E-02 0.896000E-02 0.688000E-02 0.760000E-02 0.800000E-02 0.760000E-02 0.736000E-02 0.664000E-02 0.576000E-02 0.616000E-02 0.568000E-02 0.504000E-02 0.656000E-02 0.456000E-02 0.392000E-02 0.384000E-02 0.400000E-02 0.400000E-02 0.464000E-02 0.360000E-02 0.312000E-02 0.272000E-02 0.344000E-02 0.352000E-02 0.264000E-02 0.264000E-02 0.312000E-02 0.288000E-02 0.168000E-02 0.216000E-02 0.128000E-02 0.168000E-02 0.168000E-02 0.120000E-02 0.144000E-02 0.128000E-02 0.128000E-02 0.128000E-02 0.880000E-03 0.960000E-03 0.128000E-02 0.800000E-03 0.640000E-03 0.880000E-03 0.560000E-03 0.320000E-03 0.720000E-03 0.720000E-03 0.400000E-03 0.240000E-03 0.400000E-03 0.400000E-03 0.800000E-04 0.400000E-03 0.400000E-03 0.400000E-03 0.160000E-03 0.240000E-03 0.320000E-03 0.160000E-03 0.320000E-03 0.000000E+00 0.400000E-03 0.000000E+00 0.160000E-03 0.160000E-03 0.160000E-03 0.800000E-04 0.800000E-04 0.000000E+00 0.000000E+00 0.000000E+00 0.000000E+00 0.000000E+00 0.000000E+00 0.000000E+00 0.000000E+00 0.000000E+00
 0.820936E+01 0.366816E+01 0.261312E+01 0.211384E+01 0.179096E+01 0.153960E+01 0.135544E+01 0.119040E+01 0.110256E+01 0.985040E+00 0.909680E+00 0.829360E+00 0.758800E+00 0.723840E+00 0.665120E+00 0.610320E+00 0.575520E+00 0.543120E+00 0.516560E+00 0.471680E+00 0.446080E+00 0.419600E+00 0.396720E+00 0.371760E+00 0.352320E+00 0.329280E+00 0.309040E+00 0.292240E+00 0.277680E+00 0.257840E+00 0.246640E+00 0.230640E+00 0.218960E+00 0.206880E+00 0.198400E+00 0.189680E+00 0.172080E+00 0.170160E+00 0.163200E+00 0.157040E+00 0.145760E+00 0.142720E+00 0.138240E+00 0.126640E+00 0.118880E+00 0.110640E+00 0.103760E+00 0.103920E+00 0.978400E-01 0.913600E-01 0.879200E-01 0.842400E-01 0.788000E-01 0.780000E-01 0.728800E-01 0.679200E-01 0.642400E-01 0.630400E-01 0.608000E-01 0.572000E-01 0.536000E-01 0.506400E-01 0.496800E-01 0.468000E-01 0.436800E-01 0.420800E-01 0.407200E-01 0.376800E-01 0.360000E-01 0.340000E-01 0.340800E-01 0.310400E-01 0.301600E-01 0.276800E-01 0.246400E-01 0.228800E-01 0.240800E-01 0.242400E-01 0.220000E-01 0.208000E-01 0.178400E-01 0.196000E-01 0.186400E-01 0.189600E-01 0.160800E-01 0.134400E-01 0.153600E-01 0.146400E-01 0.131200E-01 0.133600E-01 0.136000E-01 0.104000E-01 0.105600E-01 0.896000E-02 0.100800E-01 0.792000E-02 0.944000E-02 0.736000E-02 0.792000E-02 0.872000E-02 0.728000E-02 0.696000E-02 0.728000E-02 0.736000E-02 0.544000E-02 0.488000E-02 0.488000E-02 0.536000E-02 0.424000E-02 0.432000E-02 0.512000E-02 0.416000E-02 0.368000E-02 0.288000E-02 0.288000E-02 0.320000E-02 0.280000E-02 0.224000E-02 0.248000E-02 0.216000E-02 0.216000E-02 0.208000E-02 0.248000E-02 0.232000E-02 0.152000E-02 0.160000E-02 0.184000E-02 0.112000E-02 0.160000E-02 0.112000E-02 0.168000E-02 0.880000E-03 0.104000E-02 0.112000E-02 0.120000E-02 0.136000E-02 0.800000E-03 0.800000E-03 0.144000E-02 0.640000E-03 0.400000E-03 0.112000E-02 0.320000E-03 0.640000E-03 0.560000E-03 0.880000E-03 0.240000E-03 0.720000E-03 0.000000E+00 0.400000E-03 0.240000E-03 0.240000E-03 0.400000E-03 0.400000E-03 0.320000E-03 0.000000E+00 0.800000E-04 0.400000E-03 0.800000E-04 0.000000E+00 0.240000E-03 0.800000E-04 0.240000E-03 0.320000E-03 0.000000E+00 0.160000E-03 0.160000E-03 0.160000E-03 0.800000E-04 0.000000E+00 0.240000E-03 0.000000E+00 0.800000E-04 0.160000E-03 0.000000E+00 0.800000E-04 0.000000E+00 0.000000E+00 0.000000E+00 0.000000E+00 0.800000E-04 0.000000E+00 0.800000E-04 0.800000E-04 0.800000E-04 0.800000E-04 0.000000E+00 0.000000E+00 0.000000E+00 0.000000E+00 0.800000E-04 0.000000E+00 0.000000E+00 0.000000E+00 0.000000E+00 0.000000E+00 0.000000E+00 0.000000E+00 0.000000E+00 0.000000E+00
 0.131762E+02 0.476640E+01 0.318496E+01 0.240232E+01 0.196216E+01 0.167648E+01 0.145120E+01 0.127408E+01 0.113720E+01 0.102480E+01 0.947760E+00 0.856400E+00 0.795520E+00 0.745600E+00 0.690720E+00 0.647200E+00 0.611360E+00 0.570560E+00 0.539040E+00 0.498160E+00 0.476320E+00 0.466080E+00 0.431600E+00 0.407520E+00 0.395360E+00 0.367120E+00 0.366080E+00 0.342800E+00 0.324560E+00 0.314080E+00 0.297360E+00 0.291200E+00 0.277120E+00 0.259040E+00 0.248720E+00 0.238720E+00 0.228720E+00 0.228320E+00 0.218160E+00 0.207280E+00 0.202080E+00 0.200000E+00 0.185440E+00 0.182080E+00 0.177280E+00 0.164480E+00 0.156800E+00 0.160240E+00 0.149840E+00 0.145200E+00 0.128480E+00 0.132080E+00 0.128640E+00 0.123760E+00 0.126480E+00 0.115840E+00 0.112640E+00 0.102000E+00 0.106000E+00 0.100960E+00 0.945600E-01 0.995200E-01 0.931200E-01 0.881600E-01 0.843200E-01 0.809600E-01 0.765600E-01 0.716000E-01 0.716000E-01 0.734400E-01 0.677600E-01 0.645600E-01 0.623200E-01 0.617600E-01 0.540000E-01 0.547200E-01 0.534400E-01 0.526400E-01 0.473600E-01 0.497600E-01 0.495200E-01 0.472800E-01 0.440000E-01 0.421600E-01 0.425600E-01 0.376000E-01 0.343200E-01 0.355200E-01 0.327200E-01 0.331200E-01 0.323200E-01 0.302400E-01 0.293600E-01 0.308800E-01 0.269600E-01 0.271200E-01 0.275200E-01 0.230400E-01 0.262400E-01 0.210400E-01 0.217600E-01 0.227200E-01 0.205600E-01 0.205600E-01 0.174400E-01 0.195200E-01 0.148800E-01 0.155200E-01 0.171200E-01 0.159200E-01 0.143200E-01 0.147200E-01 0.108000E-01 0.120000E-01 0.120800E-01 0.115200E-01 0.112000E-01 0.106400E-01 0.114400E-01 0.928000E-02 0.920000E-02 0.880000E-02 0.808000E-02 0.792000E-02 0.952000E-02 0.680000E-02 0.784000E-02 0.688000E-02 0.648000E-02 0.608000E-02 0.608000E-02 0.560000E-02 0.528000E-02 0.408000E-02 0.576000E-02 0.480000E-02 0.392000E-02 0.448000E-02 0.320000E-02 0.336000E-02 0.376000E-02 0.392000E-02 0.328000E-02 0.312000E-02 0.288000E-02 0.200000E-02 0.192000E-02 0.280000E-02 0.280000E-02 0.176000E-02 0.184000E-02 0.216000E-02 0.200000E-02 0.232000E-02 0.144000E-02 0.128000E-02 0.176000E-02 0.104000E-02 0.104000E-02 0.120000E-02 0.960000E-03 0.120000E-02 0.640000E-03 0.480000E-03 0.640000E-03 0.240000E-03 0.480000E-03 0.640000E-03 0.320000E-03 0.560000E-03 0.480000E-03 0.320000E-03 0.480000E-03 0.400000E-03 0.240000E-03 0.800000E-03 0.320000E-03 0.160000E-03 0.800000E-04 0.800000E-04 0.800000E-04 0.000000E+00 0.000000E+00 0.000000E+00 0.800000E-04 0.800000E-04 0.320000E-03 0.160000E-03 0.000000E+00 0.800000E-04 0.000000E+00 0.000000E+00 0.800000E-04 0.000000E+00 0.800000E-04 0.000000E+00 0.000000E+00 0.000000E+00 0.000000E+00 0.000000E+00
 0.815415E+02 0.135671E+02 0.917216E+01 0.717864E+01 0.594816E+01 0.516840E+01 0.459944E+01 0.407296E+01 0.368576E+01 0.339072E+01 0.314680E+01 0.293048E+01 0.271728E+01 0.255304E+01 0.236504E+01 0.224664E+01 0.211632E+01 0.198976E+01 0.189392E+01 0.179240E+01 0.170144E+01 0.161800E+01 0.153048E+01 0.146104E+01 0.138440E+01 0.131120E+01 0.128080E+01 0.120616E+01 0.113512E+01 0.110504E+01 0.104200E+01 0.995600E+00 0.938640E+00 0.912720E+00 0.859200E+00 0.827120E+00 0.798960E+00 0.752160E+00 0.734720E+00 0.717680E+00 0.676160E+00 0.649200E+00 0.625600E+00 0.596080E+00 0.569360E+00 0.527920E+00 0.524240E+00 0.495920E+00 0.478880E+00 0.458080E+00 0.435440E+00 0.420880E+00 0.398400E+00 0.388000E+00 0.373440E+00 0.361840E+00 0.338160E+00 0.322320E+00 0.302880E+00 0.300480E+00 0.284480E+00 0.272400E+00 0.269760E+00 0.259920E+00 0.242160E+00 0.248720E+00 0.225040E+00 0.213840E+00 0.207840E+00 0.198080E+00 0.183360E+00 0.176640E+00 0.172320E+00 0.171600E+00 0.160800E+00 0.153360E+00 0.145840E+00 0.140160E+00 0.134480E+00 0.129680E+00 0.124000E+00 0.117440E+00 0.112720E+00 0.111200E+00 0.105200E+00 0.100480E+00 0.968000E-01 0.908000E-01 0.910400E-01 0.845600E-01 0.792000E-01 0.788000E-01 0.768800E-01 0.678400E-01 0.683200E-01 0.642400E-01 0.604800E-01 0.601600E-01 0.576000E-01 0.575200E-01 0.532000E-01 0.533600E-01 0.496800E-01 0.485600E-01 0.449600E-01 0.409600E-01 0.440000E-01 0.380800E-01 0.356800E-01 0.384000E-01 0.326400E-01 0.349600E-01 0.328800E-01 0.315200E-01 0.280000E-01 0.271200E-01 0.287200E-01 0.272000E-01 0.248000E-01 0.215200E-01 0.217600E-01 0.198400E-01 0.185600E-01 0.211200E-01 0.183200E-01 0.174400E-01 0.165600E-01 0.157600E-01 0.160800E-01 0.144800E-01 0.127200E-01 0.151200E-01 0.124000E-01 0.113600E-01 0.968000E-02 0.121600E-01 0.960000E-02 0.121600E-01 0.904000E-02 0.784000E-02 0.832000E-02 0.880000E-02 0.616000E-02 0.752000E-02 0.728000E-02 0.696000E-02 0.632000E-02 0.712000E-02 0.664000E-02 0.560000E-02 0.432000E-02 0.616000E-02 0.320000E-02 0.456000E-02 0.536000E-02 0.456000E-02 0.360000E-02 0.320000E-02 0.352000E-02 0.360000E-02 0.312000E-02 0.328000E-02 0.280000E-02 0.256000E-02 0.192000E-02 0.160000E-02 0.184000E-02 0.264000E-02 0.168000E-02 0.560000E-03 0.112000E-02 0.136000E-02 0.152000E-02 0.112000E-02 0.104000E-02 0.112000E-02 0.112000E-02 0.640000E-03 0.640000E-03 0.160000E-03 0.560000E-03 0.800000E-03 0.720000E-03 0.560000E-03 0.480000E-03 0.480000E-03 0.720000E-03 0.560000E-03 0.320000E-03 0.400000E-03 0.560000E-03 0.320000E-03 0.480000E-03 0.240000E-03 0.240000E-03 0.240000E-03 0.320000E-03 0.240000E-03 0.160000E-03 0.000000E+00
 0.421384E+02 0.125491E+02 0.917504E+01 0.750400E+01 0.646224E+01 0.574512E+01 0.511144E+01 0.471760E+01 0.437704E+01 0.406784E+01 0.381760E+01 0.359192E+01 0.337776E+01 0.321728E+01 0.302416E+01 0.288608E+01 0.278088E+01 0.260688E+01 0.252104E+01 0.241520E+01 0.231728E+01 0.222280E+01 0.212976E+01 0.207472E+01 0.197704E+01 0.189592E+01 0.183736E+01 0.178168E+01 0.171312E+01 0.164864E+01 0.158736E+01 0.154504E+01 0.148544E+01 0.142024E+01 0.137960E+01 0.134656E+01 0.128872E+01 0.123304E+01 0.120312E+01 0.115624E+01 0.114352E+01 0.109488E+01 0.105104E+01 0.101632E+01 0.984560E+00 0.967920E+00 0.919360E+00 0.902000E+00 0.846560E+00 0.842880E+00 0.814160E+00 0.796880E+00 0.757280E+00 0.738640E+00 0.731520E+00 0.693840E+00 0.674080E+00 0.649440E+00 0.630000E+00 0.606720E+00 0.591680E+00 0.579680E+00 0.554880E+00 0.540880E+00 0.515280E+00 0.498320E+00 0.487920E+00 0.476880E+00 0.459040E+00 0.445280E+00 0.438640E+00 0.416320E+00 0.413040E+00 0.400480E+00 0.381920E+00 0.371760E+00 0.359120E+00 0.342320E+00 0.335760E+00 0.333920E+00 0.314240E+00 0.298080E+00 0.295120E+00 0.293520E+00 0.281920E+00 0.276240E+00 0.246880E+00 0.251120E+00 0.239040E+00 0.231440E+00 0.231920E+00 0.220000E+00 0.212560E+00 0.208320E+00 0.207680E+00 0.201120E+00 0.183120E+00 0.183680E+00 0.173280E+00 0.168080E+00 0.166640E+00 0.159440E+00 0.152480E+00 0.149840E+00 0.143360E+00 0.139200E+00 0.133840E+00 0.133280E+00 0.129040E+00 0.120400E+00 0.114320E+00 0.116320E+00 0.119520E+00 0.106400E+00 0.104560E+00 0.939200E-01 0.972800E-01 0.928000E-01 0.932000E-01 0.920800E-01 0.797600E-01 0.817600E-01 0.827200E-01 0.747200E-01 0.704000E-01 0.667200E-01 0.690400E-01 0.693600E-01 0.616800E-01 0.657600E-01 0.645600E-01 0.552000E-01 0.549600E-01 0.539200E-01 0.516000E-01 0.498400E-01 0.467200E-01 0.450400E-01 0.444800E-01 0.431200E-01 0.452800E-01 0.400800E-01 0.368000E-01 0.348800E-01 0.350400E-01 0.337600E-01 0.341600E-01 0.291200E-01 0.304800E-01 0.313600E-01 0.262400E-01 0.261600E-01 0.252800E-01 0.228000E-01 0.232800E-01 0.216000E-01 0.221600E-01 0.211200E-01 0.188000E-01 0.181600E-01 0.164000E-01 0.144000E-01 0.164000E-01 0.145600E-01 0.148800E-01 0.120000E-01 0.984000E-02 0.106400E-01 0.100800E-01 0.102400E-01 0.848000E-02 0.776000E-02 0.920000E-02 0.616000E-02 0.736000E-02 0.712000E-02 0.616000E-02 0.512000E-02 0.456000E-02 0.568000E-02 0.440000E-02 0.408000E-02 0.440000E-02 0.344000E-02 0.320000E-02 0.320000E-02 0.368000E-02 0.256000E-02 0.280000E-02 0.272000E-02 0.152000E-02 0.280000E-02 0.224000E-02 0.272000E-02 0.128000E-02 0.152000E-02 0.200000E-02 0.136000E-02 0.128000E-02 0.800000E-04
 0.787912E+01 0.327288E+01 0.223408E+01 0.171392E+01 0.139528E+01 0.116992E+01 0.992560E+00 0.871840E+00 0.776560E+00 0.673280E+00 0.614560E+00 0.544320E+00 0.493120E+00 0.450160E+00 0.403360E+00 0.360480E+00 0.337920E+00 0.310000E+00 0.277680E+00 0.266720E+00 0.238640E+00 0.220640E+00 0.203120E+00 0.188080E+00 0.172480E+00 0.155760E+00 0.146320E+00 0.134640E+00 0.125680E+00 0.118960E+00 0.110160E+00 0.976000E-01 0.932800E-01 0.819200E-01 0.776800E-01 0.744000E-01 0.668800E-01 0.650400E-01 0.614400E-01 0.577600E-01 0.538400E-01 0.436000E-01 0.424000E-01 0.448800E-01 0.389600E-01 0.392800E-01 0.316000E-01 0.296000E-01 0.288800E-01 0.299200E-01 0.280800E-01 0.232000E-01 0.188000E-01 0.193600E-01 0.192000E-01 0.169600E-01 0.160000E-01 0.148000E-01 0.138400E-01 0.130400E-01 0.126400E-01 0.106400E-01 0.115200E-01 0.920000E-02 0.840000E-02 0.808000E-02 0.744000E-02 0.856000E-02 0.784000E-02 0.624000E-02 0.536000E-02 0.608000E-02 0.520000E-02 0.440000E-02 0.424000E-02 0.416000E-02 0.384000E-02 0.320000E-02 0.288000E-02 0.304000E-02 0.256000E-02 0.232000E-02 0.296000E-02 0.304000E-02 0.320000E-02 0.152000E-02 0.208000E-02 0.168000E-02 0.136000E-02 0.176000E-02 0.112000E-02 0.136000E-02 0.104000E-02 0.720000E-03 0.800000E-03 0.880000E-03 0.880000E-03 0.800000E-03 0.640000E-03 0.640000E-03 0.880000E-03 0.800000E-03 0.560000E-03 0.320000E-03 0.880000E-03 0.640000E-03 0.320000E-03 0.800000E-04 0.480000E-03 0.160000E-03 0.320000E-03 0.320000E-03 0.320000E-03 0.240000E-03 0.800000E-04 0.800000E-04 0.240000E-03 0.240000E-03 0.160000E-03 0.240000E-03 0.320000E-03 0.160000E-03 0.000000E+00 0.240000E-03 0.800000E-04 0.160000E-03 0.800000E-04 0.160000E-03 0.000000E+00 0.800000E-04 0.800000E-04 0.000000E+00 0.000000E+00 0.000000E+00 0.000000E+00 0.000000E+00 0.000000E+00 0.000000E+00 0.800000E-04 0.000000E+00 0.000000E+00 0.800000E-04 0.000000E+00 0.000000E+00 0.000000E+00 0.000000E+00 0.000000E+00 0.000000E+00 0.000000E+00 0.000000E+00 0.000000E+00 0.000000E+00 0.000000E+00 0.000000E+00 0.000000E+00 0.000000E+00 0.000000E+00 0.000000E+00 0.000000E+00 0.000000E+00 0.000000E+00 0.000000E+00 0.000000E+00 0.000000E+00 0.000000E+00 0.000000E+00 0.000000E+00 0.000000E+00 0.000000E+00 0.000000E+00 0.000000E+00 0.000000E+00 0.000000E+00 0.000000E+00 0.000000E+00 0.000000E+00 0.000000E+00 0.000000E+00 0.000000E+00 0.000000E+00 0.000000E+00 0.000000E+00 0.000000E+00 0.000000E+00 0.000000E+00 0.000000E+00 0.000000E+00 0.000000E+00 0.000000E+00 0.000000E+00 0.000000E+00 0.000000E+00 0.000000E+00 0.000000E+00 0.000000E+00 0.000000E+00 0.000000E+00 0.000000E+00 0.000000E+00 0.000000E+00
 0.130690E+02 0.447120E+01 0.283192E+01 0.208824E+01 0.165184E+01 0.133832E+01 0.111288E+01 0.935120E+00 0.811840E+00 0.717520E+00 0.629920E+00 0.560720E+00 0.495360E+00 0.444720E+00 0.402160E+00 0.360880E+00 0.326240E+00 0.295680E+00 0.282240E+00 0.243440E+00 0.225600E+00 0.209360E+00 0.196480E+00 0.176880E+00 0.159600E+00 0.151120E+00 0.131120E+00 0.127200E+00 0.116080E+00 0.104720E+00 0.909600E-01 0.888800E-01 0.821600E-01 0.788800E-01 0.708800E-01 0.621600E-01 0.627200E-01 0.550400E-01 0.536800E-01 0.489600E-01 0.434400E-01 0.391200E-01 0.406400E-01 0.357600E-01 0.316000E-01 0.342400E-01 0.276000E-01 0.273600E-01 0.246400E-01 0.243200E-01 0.200000E-01 0.207200E-01 0.170400E-01 0.183200E-01 0.165600E-01 0.148000E-01 0.120800E-01 0.133600E-01 0.131200E-01 0.109600E-01 0.121600E-01 0.952000E-02 0.864000E-02 0.840000E-02 0.824000E-02 0.776000E-02 0.584000E-02 0.632000E-02 0.584000E-02 0.536000E-02 0.400000E-02 0.416000E-02 0.392000E-02 0.480000E-02 0.456000E-02 0.336000E-02 0.336000E-02 0.296000E-02 0.360000E-02 0.328000E-02 0.184000E-02 0.176000E-02 0.248000E-02 0.200000E-02 0.152000E-02 0.232000E-02 0.192000E-02 0.136000E-02 0.120000E-02 0.136000E-02 0.152000E-02 0.152000E-02 0.136000E-02 0.880000E-03 0.320000E-03 0.560000E-03 0.240000E-03 0.880000E-03 0.720000E-03 0.400000E-03 0.320000E-03 0.720000E-03 0.560000E-03 0.640000E-03 0.240000E-03 0.160000E-03 0.640000E-03 0.240000E-03 0.400000E-03 0.400000E-03 0.800000E-04 0.160000E-03 0.320000E-03 0.800000E-04 0.800000E-04 0.800000E-04 0.160000E-03 0.800000E-04 0.000000E+00 0.000000E+00 0.800000E-04 0.160000E-03 0.800000E-04 0.160000E-03 0.000000E+00 0.800000E-04 0.160000E-03 0.000000E+00 0.800000E-04 0.000000E+00 0.800000E-04 0.000000E+00 0.800000E-04 0.800000E-04 0.000000E+00 0.000000E+00 0.160000E-03 0.000000E+00 0.000000E+00 0.000000E+00 0.000000E+00 0.000000E+00 0.800000E-04 0.000000E+00 0.000000E+00 0.000000E+00 0.000000E+00 0.000000E+00 0.800000E-04 0.000000E+00 0.000000E+00 0.000000E+00 0.000000E+00 0.000000E+00 0.000000E+00 0.000000E+00 0.000000E+00 0.000000E+00 0.000000E+00 0.000000E+00 0.000000E+00 0.000000E+00 0.000000E+00 0.000000E+00 0.000000E+00 0.000000E+00 0.000000E+00 0.000000E+00 0.000000E+00 0.000000E+00 0.000000E+00 0.000000E+00 0.000000E+00 0.000000E+00 0.000000E+00 0.000000E+00 0.000000E+00 0.000000E+00 0.000000E+00 0.000000E+00 0.000000E+00 0.000000E+00 0.000000E+00 0.000000E+00 0.000000E+00 0.000000E+00 0.000000E+00 0.000000E+00 0.000000E+00 0.000000E+00 0.000000E+00 0.000000E+00 0.000000E+00 0.000000E+00 0.000000E+00 0.000000E+00 0.000000E+00 0.000000E+00 0.000000E+00 0.000000E+00
 0.771480E+01 0.321008E+01 0.217352E+01 0.168872E+01 0.138104E+01 0.115416E+01 0.981680E+00 0.840960E+00 0.763440E+00 0.656800E+00 0.593760E+00 0.523040E+00 0.469440E+00 0.442000E+00 0.395200E+00 0.352160E+00 0.318880E+00 0.303600E+00 0.278880E+00 0.250960E+00 0.229600E+00 0.218160E+00 0.194000E+00 0.178960E+00 0.164720E+00 0.149840E+00 0.144880E+00 0.130960E+00 0.118080E+00 0.110400E+00 0.102400E+00 0.938400E-01 0.872800E-01 0.821600E-01 0.748000E-01 0.743200E-01 0.626400E-01 0.604800E-01 0.596000E-01 0.535200E-01 0.499200E-01 0.482400E-01 0.446400E-01 0.376800E-01 0.356800E-01 0.339200E-01 0.304000E-01 0.304000E-01 0.288000E-01 0.264800E-01 0.224800E-01 0.223200E-01 0.217600E-01 0.199200E-01 0.176800E-01 0.158400E-01 0.142400E-01 0.151200E-01 0.136800E-01 0.129600E-01 0.105600E-01 0.112800E-01 0.104000E-01 0.103200E-01 0.968000E-02 0.872000E-02 0.792000E-02 0.640000E-02 0.680000E-02 0.520000E-02 0.648000E-02 0.416000E-02 0.376000E-02 0.456000E-02 0.392000E-02 0.400000E-02 0.320000E-02 0.464000E-02 0.352000E-02 0.328000E-02 0.256000E-02 0.248000E-02 0.312000E-02 0.192000E-02 0.160000E-02 0.168000E-02 0.128000E-02 0.136000E-02 0.160000E-02 0.152000E-02 0.184000E-02 0.880000E-03 0.120000E-02 0.144000E-02 0.144000E-02 0.320000E-03 0.112000E-02 0.480000E-03 0.128000E-02 0.480000E-03 0.560000E-03 0.104000E-02 0.160000E-03 0.560000E-03 0.560000E-03 0.240000E-03 0.240000E-03 0.240000E-03 0.160000E-03 0.160000E-03 0.560000E-03 0.320000E-03 0.400000E-03 0.240000E-03 0.160000E-03 0.160000E-03 0.800000E-04 0.160000E-03 0.800000E-04 0.000000E+00 0.240000E-03 0.800000E-04 0.240000E-03 0.800000E-04 0.800000E-04 0.160000E-03 0.000000E+00 0.000000E+00 0.800000E-04 0.000000E+00 0.800000E-04 0.000000E+00 0.800000E-04 0.000000E+00 0.000000E+00 0.800000E-04 0.000000E+00 0.800000E-04 0.000000E+00 0.000000E+00 0.000000E+00 0.000000E+00 0.000000E+00 0.000000E+00 0.000000E+00 0.000000E+00 0.000000E+00 0.000000E+00 0.000000E+00 0.000000E+00 0.000000E+00 0.000000E+00 0.000000E+00 0.000000E+00 0.800000E-04 0.000000E+00 0.000000E+00 0.000000E+00 0.000000E+00 0.000000E+00 0.000000E+00 0.000000E+00 0.000000E+00 0.000000E+00 0.000000E+00 0.000000E+00 0.000000E+00 0.000000E+00 0.000000E+00 0.000000E+00 0.000000E+00 0.000000E+00 0.000000E+00 0.000000E+00 0.000000E+00 0.000000E+00 0.000000E+00 0.000000E+00 0.000000E+00 0.000000E+00 0.000000E+00 0.000000E+00 0.000000E+00 0.000000E+00 0.000000E+00 0.000000E+00 0.000000E+00 0.000000E+00 0.000000E+00 0.000000E+00 0.000000E+00 0.000000E+00 0.000000E+00 0.000000E+00 0.000000E+00 0.000000E+00 0.000000E+00 0.000000E+00 0.000000E+00 0.000000E+00
 0.127580E+02 0.436024E+01 0.278352E+01 0.200992E+01 0.157872E+01 0.130152E+01 0.108848E+01 0.926640E+00 0.786560E+00 0.694880E+00 0.620160E+00 0.539920E+00 0.476400E+00 0.431760E+00 0.386720E+00 0.346960E+00 0.321840E+00 0.290800E+00 0.264880E+00 0.231280E+00 0.215840E+00 0.204640E+00 0.181520E+00 0.165040E+00 0.147760E+00 0.139360E+00 0.130000E+00 0.119440E+00 0.106640E+00 0.102800E+00 0.977600E-01 0.848000E-01 0.814400E-01 0.737600E-01 0.700000E-01 0.614400E-01 0.548800E-01 0.540000E-01 0.464000E-01 0.446400E-01 0.478400E-01 0.399200E-01 0.400000E-01 0.353600E-01 0.344800E-01 0.296000E-01 0.256000E-01 0.251200E-01 0.254400E-01 0.249600E-01 0.199200E-01 0.180800E-01 0.194400E-01 0.168800E-01 0.162400E-01 0.145600E-01 0.155200E-01 0.127200E-01 0.120000E-01 0.112000E-01 0.110400E-01 0.101600E-01 0.920000E-02 0.824000E-02 0.728000E-02 0.744000E-02 0.632000E-02 0.648000E-02 0.464000E-02 0.560000E-02 0.456000E-02 0.528000E-02 0.368000E-02 0.384000E-02 0.336000E-02 0.320000E-02 0.296000E-02 0.248000E-02 0.296000E-02 0.248000E-02 0.272000E-02 0.240000E-02 0.272000E-02 0.176000E-02 0.176000E-02 0.112000E-02 0.120000E-02 0.168000E-02 0.720000E-03 0.960000E-03 0.152000E-02 0.112000E-02 0.640000E-03 0.960000E-03 0.640000E-03 0.640000E-03 0.880000E-03 0.104000E-02 0.640000E-03 0.560000E-03 0.640000E-03 0.480000E-03 0.320000E-03 0.560000E-03 0.240000E-03 0.240000E-03 0.240000E-03 0.160000E-03 0.320000E-03 0.160000E-03 0.800000E-04 0.160000E-03 0.800000E-04 0.400000E-03 0.800000E-04 0.400000E-03 0.800000E-04 0.800000E-04 0.800000E-04 0.160000E-03 0.000000E+00 0.000000E+00 0.000000E+00 0.000000E+00 0.800000E-04 0.800000E-04 0.000000E+00 0.000000E+00 0.800000E-04 0.800000E-04 0.000000E+00 0.160000E-03 0.800000E-04 0.000000E+00 0.000000E+00 0.000000E+00 0.000000E+00 0.000000E+00 0.000000E+00 0.000000E+00 0.000000E+00 0.000000E+00 0.000000E+00 0.000000E+00 0.000000E+00 0.000000E+00 0.000000E+00 0.000000E+00 0.000000E+00 0.000000E+00 0.000000E+00 0.000000E+00 0.000000E+00 0.000000E+00 0.000000E+00 0.000000E+00 0.000000E+00 0.000000E+00 0.000000E+00 0.000000E+00 0.000000E+00 0.000000E+00 0.000000E+00 0.000000E+00 0.000000E+00 0.000000E+00 0.000000E+00 0.000000E+00 0.000000E+00 0.000000E+00 0.000000E+00 0.800000E-04 0.000000E+00 0.000000E+00 0.000000E+00 0.000000E+00 0.000000E+00 0.000000E+00 0.000000E+00 0.000000E+00 0.000000E+00 0.000000E+00 0.000000E+00 0.000000E+00 0.000000E+00 0.000000E+00 0.000000E+00 0.000000E+00 0.000000E+00 0.000000E+00 0.000000E+00 0.000000E+00 0.000000E+00 0.000000E+00 0.000000E+00 0.000000E+00 0.000000E+00 0.000000E+00 0.000000E+00 0.000000E+00
 0.787042E+02 0.109435E+02 0.670136E+01 0.479392E+01 0.367448E+01 0.296528E+01 0.246192E+01 0.204304E+01 0.172328E+01 0.150056E+01 0.131888E+01 0.114480E+01 0.102544E+01 0.910080E+00 0.801600E+00 0.732160E+00 0.654880E+00 0.585280E+00 0.539760E+00 0.479600E+00 0.442160E+00 0.417920E+00 0.368000E+00 0.332480E+00 0.311520E+00 0.286320E+00 0.261600E+00 0.240160E+00 0.210880E+00 0.197520E+00 0.189280E+00 0.170800E+00 0.162000E+00 0.146240E+00 0.128720E+00 0.125520E+00 0.119200E+00 0.104320E+00 0.100480E+00 0.984800E-01 0.861600E-01 0.830400E-01 0.778400E-01 0.716000E-01 0.688000E-01 0.607200E-01 0.548800E-01 0.542400E-01 0.464000E-01 0.484800E-01 0.421600E-01 0.415200E-01 0.338400E-01 0.340800E-01 0.332800E-01 0.291200E-01 0.278400E-01 0.254400E-01 0.254400E-01 0.234400E-01 0.210400E-01 0.182400E-01 0.180800E-01 0.199200E-01 0.164000E-01 0.144800E-01 0.144800E-01 0.128000E-01 0.112000E-01 0.120800E-01 0.108800E-01 0.960000E-02 0.960000E-02 0.904000E-02 0.744000E-02 0.896000E-02 0.752000E-02 0.704000E-02 0.552000E-02 0.616000E-02 0.640000E-02 0.624000E-02 0.472000E-02 0.352000E-02 0.560000E-02 0.464000E-02 0.400000E-02 0.352000E-02 0.360000E-02 0.360000E-02 0.256000E-02 0.312000E-02 0.280000E-02 0.208000E-02 0.272000E-02 0.168000E-02 0.200000E-02 0.192000E-02 0.200000E-02 0.160000E-02 0.192000E-02 0.176000E-02 0.128000E-02 0.192000E-02 0.136000E-02 0.960000E-03 0.128000E-02 0.720000E-03 0.240000E-03 0.640000E-03 0.480000E-03 0.640000E-03 0.720000E-03 0.560000E-03 0.240000E-03 0.480000E-03 0.480000E-03 0.240000E-03 0.400000E-03 0.400000E-03 0.320000E-03 0.160000E-03 0.480000E-03 0.000000E+00 0.240000E-03 0.320000E-03 0.240000E-03 0.160000E-03 0.320000E-03 0.240000E-03 0.000000E+00 0.800000E-04 0.000000E+00 0.800000E-04 0.800000E-04 0.240000E-03 0.000000E+00 0.000000E+00 0.800000E-04 0.800000E-04 0.160000E-03 0.000000E+00 0.000000E+00 0.800000E-04 0.240000E-03 0.000000E+00 0.000000E+00 0.000000E+00 0.800000E-04 0.800000E-04 0.000000E+00 0.000000E+00 0.800000E-04 0.800000E-04 0.000000E+00 0.800000E-04 0.000000E+00 0.000000E+00 0.000000E+00 0.000000E+00 0.000000E+00 0.000000E+00 0.000000E+00 0.000000E+00 0.000000E+00 0.000000E+00 0.000000E+00 0.000000E+00 0.000000E+00 0.000000E+00 0.000000E+00 0.000000E+00 0.000000E+00 0.000000E+00 0.000000E+00 0.000000E+00 0.000000E+00 0.000000E+00 0.000000E+00 0.000000E+00 0.000000E+00 0.000000E+00 0.000000E+00 0.000000E+00 0.000000E+00 0.000000E+00 0.000000E+00 0.000000E+00 0.000000E+00 0.000000E+00 0.000000E+00 0.000000E+00 0.000000E+00 0.000000E+00 0.000000E+00 0.000000E+00 0.000000E+00 0.000000E+00 0.000000E+00 0.000000E+00
 0.398187E+02 0.103522E+02 0.701216E+01 0.538376E+01 0.437488E+01 0.372088E+01 0.314280E+01 0.276576E+01 0.245312E+01 0.219408E+01 0.195552E+01 0.179744E+01 0.163240E+01 0.147416E+01 0.134280E+01 0.123208E+01 0.114544E+01 0.104544E+01 0.986160E+00 0.902720E+00 0.844880E+00 0.790560E+00 0.727440E+00 0.690800E+00 0.638960E+00 0.600000E+00 0.560320E+00 0.528960E+00 0.490560E+00 0.452880E+00 0.439200E+00 0.414560E+00 0.385520E+00 0.351520E+00 0.329520E+00 0.318080E+00 0.302640E+00 0.279840E+00 0.261360E+00 0.246560E+00 0.242160E+00 0.219680E+00 0.206960E+00 0.196000E+00 0.188480E+00 0.178000E+00 0.160720E+00 0.160080E+00 0.141920E+00 0.144240E+00 0.129280E+00 0.126720E+00 0.118320E+00 0.113360E+00 0.105040E+00 0.978400E-01 0.980000E-01 0.883200E-01 0.886400E-01 0.751200E-01 0.749600E-01 0.695200E-01 0.671200E-01 0.700800E-01 0.593600E-01 0.578400E-01 0.564000E-01 0.540000E-01 0.494400E-01 0.473600E-01 0.446400E-01 0.402400E-01 0.416800E-01 0.372000E-01 0.357600E-01 0.324000E-01 0.304800E-01 0.317600E-01 0.309600E-01 0.270400E-01 0.241600E-01 0.240800E-01 0.228800E-01 0.210400E-01 0.235200E-01 0.183200E-01 0.172800E-01 0.171200E-01 0.162400E-01 0.134400E-01 0.153600E-01 0.144800E-01 0.133600E-01 0.128800E-01 0.124800E-01 0.120800E-01 0.960000E-02 0.976000E-02 0.848000E-02 0.744000E-02 0.664000E-02 0.704000E-02 0.760000E-02 0.688000E-02 0.632000E-02 0.640000E-02 0.552000E-02 0.512000E-02 0.544000E-02 0.432000E-02 0.416000E-02 0.448000E-02 0.368000E-02 0.400000E-02 0.384000E-02 0.312000E-02 0.344000E-02 0.296000E-02 0.272000E-02 0.288000E-02 0.240000E-02 0.240000E-02 0.232000E-02 0.192000E-02 0.224000E-02 0.160000E-02 0.880000E-03 0.112000E-02 0.160000E-02 0.104000E-02 0.128000E-02 0.104000E-02 0.720000E-03 0.128000E-02 0.104000E-02 0.104000E-02 0.720000E-03 0.800000E-03 0.560000E-03 0.400000E-03 0.960000E-03 0.480000E-03 0.640000E-03 0.320000E-03 0.320000E-03 0.160000E-03 0.160000E-03 0.400000E-03 0.800000E-04 0.800000E-04 0.160000E-03 0.160000E-03 0.800000E-04 0.240000E-03 0.800000E-04 0.000000E+00 0.160000E-03 0.000000E+00 0.160000E-03 0.000000E+00 0.800000E-04 0.800000E-04 0.160000E-03 0.000000E+00 0.240000E-03 0.000000E+00 0.000000E+00 0.160000E-03 0.000000E+00 0.800000E-04 0.000000E+00 0.800000E-04 0.000000E+00 0.000000E+00 0.800000E-04 0.000000E+00 0.000000E+00 0.000000E+00 0.000000E+00 0.800000E-04 0.000000E+00 0.000000E+00 0.000000E+00 0.000000E+00 0.000000E+00 0.000000E+00 0.000000E+00 0.000000E+00 0.000000E+00 0.800000E-04 0.000000E+00 0.000000E+00 0.000000E+00 0.000000E+00 0.000000E+00 0.000000E+00 0.000000E+00 0.000000E+00 0.000000E+00 0.000000E+00
 0.787912E+01 0.327288E+01 0.223408E+01 0.171392E+01 0.139528E+01 0.116992E+01 0.992560E+00 0.871840E+00 0.776560E+00 0.673280E+00 0.614560E+00 0.544320E+00 0.493120E+00 0.450160E+00 0.403360E+00 0.360480E+00 0.337920E+00 0.310000E+00 0.277680E+00 0.266720E+00 0.238640E+00 0.220640E+00 0.203120E+00 0.188080E+00 0.172480E+00 0.155760E+00 0.146320E+00 0.134640E+00 0.125680E+00 0.118960E+00 0.110160E+00 0.976000E-01 0.932800E-01 0.819200E-01 0.776800E-01 0.744000E-01 0.668800E-01 0.650400E-01 0.614400E-01 0.577600E-01 0.538400E-01 0.436000E-01 0.424000E-01 0.448800E-01 0.389600E-01 0.392800E-01 0.316000E-01 0.296000E-01 0.288800E-01 0.299200E-01 0.280800E-01 0.232000E-01 0.188000E-01 0.193600E-01 0.192000E-01 0.169600E-01 0.160000E-01 0.148000E-01 0.138400E-01 0.130400E-01 0.126400E-01 0.106400E-01 0.115200E-01 0.920000E-02 0.840000E-02 0.808000E-02 0.744000E-02 0.856000E-02 0.784000E-02 0.624000E-02 0.536000E-02 0.608000E-02 0.520000E-02 0.440000E-02 0.424000E-02 0.416000E-02 0.384000E-02 0.320000E-02 0.288000E-02 0.304000E-02 0.256000E-02 0.232000E-02 0.296000E-02 0.304000E-02 0.320000E-02 0.152000E-02 0.208000E-02 0.168000E-02 0.136000E-02 0.176000E-02 0.112000E-02 0.136000E-02 0.104000E-02 0.720000E-03 0.800000E-03 0.880000E-03 0.880000E-03 0.800000E-03 0.640000E-03 0.640000E-03 0.880000E-03 0.800000E-03 0.560000E-03 0.320000E-03 0.880000E-03 0.640000E-03 0.320000E-03 0.800000E-04 0.480000E-03 0.160000E-03 0.320000E-03 0.320000E-03 0.320000E-03 0.240000E-03 0.800000E-04 0.800000E-04 0.240000E-03 0.240000E-03 0.160000E-03 0.240000E-03 0.320000E-03 0.160000E-03 0.000000E+00 0.240000E-03 0.800000E-04 0.160000E-03 0.800000E-04 0.160000E-03 0.000000E+00 0.800000E-04 0.800000E-04 0.000000E+00 0.000000E+00 0.000000E+00 0.000000E+00 0.000000E+00 0.000000E+00 0.000000E+00 0.800000E-04 0.000000E+00 0.000000E+00 0.800000E-04 0.000000E+00 0.000000E+00 0.000000E+00 0.000000E+00 0.000000E+00 0.000000E+00 0.000000E+00 0.000000E+00 0.000000E+00 0.000000E+00 0.000000E+00 0.000000E+00 0.000000E+00 0.000000E+00 0.000000E+00 0.000000E+00 0.000000E+00 0.000000E+00 0.000000E+00 0.000000E+00 0.000000E+00 0.000000E+00 0.000000E+00 0.000000E+00 0.000000E+00 0.000000E+00 0.000000E+00 0.000000E+00 0.000000E+00 0.000000E+00 0.000000E+00 0.000000E+00 0.000000E+00 0.000000E+00 0.000000E+00 0.000000E+00 0.000000E+00 0.000000E+00 0.000000E+00 0.000000E+00 0.000000E+00 0.000000E+00 0.000000E+00 0.000000E+00 0.000000E+00 0.000000E+00 0.000000E+00 0.000000E+00 0.000000E+00 0.000000E+00 0.000000E+00 0.000000E+00 0.000000E+00 0.000000E+00 0.000000E+00 0.000000E+00 0.000000E+00 0.000000E+00
 0.130690E+02 0.447120E+01 0.283192E+01 0.208824E+01 0.165184E+01 0.133832E+01 0.111288E+01 0.935120E+00 0.811840E+00 0.717520E+00 0.629920E+00 0.560720E+00 0.495360E+00 0.444720E+00 0.402160E+00 0.360880E+00 0.326240E+00 0.295680E+00 0.282240E+00 0.243440E+00 0.225600E+00 0.209360E+00 0.196480E+00 0.176880E+00 0.159600E+00 0.151120E+00 0.131120E+00 0.127200E+00 0.116080E+00 0.104720E+00 0.909600E-01 0.888800E-01 0.821600E-01 0.788800E-01 0.708800E-01 0.621600E-01 0.627200E-01 0.550400E-01 0.536800E-01 0.489600E-01 0.434400E-01 0.391200E-01 0.406400E-01 0.357600E-01 0.316000E-01 0.342400E-01 0.276000E-01 0.273600E-01 0.246400E-01 0.243200E-01 0.200000E-01 0.207200E-01 0.170400E-01 0.183200E-01 0.165600E-01 0.148000E-01 0.120800E-01 0.133600E-01 0.131200E-01 0.109600E-01 0.121600E-01 0.952000E-02 0.864000E-02 0.840000E-02 0.824000E-02 0.776000E-02 0.584000E-02 0.632000E-02 0.584000E-02 0.536000E-02 0.400000E-02 0.416000E-02 0.392000E-02 0.480000E-02 0.456000E-02 0.336000E-02 0.336000E-02 0.296000E-02 0.360000E-02 0.328000E-02 0.184000E-02 0.176000E-02 0.248000E-02 0.200000E-02 0.152000E-02 0.232000E-02 0.192000E-02 0.136000E-02 0.120000E-02 0.136000E-02 0.152000E-02 0.152000E-02 0.136000E-02 0.880000E-03 0.320000E-03 0.560000E-03 0.240000E-03 0.880000E-03 0.720000E-03 0.400000E-03 0.320000E-03 0.720000E-03 0.560000E-03 0.640000E-03 0.240000E-03 0.160000E-03 0.640000E-03 0.240000E-03 0.400000E-03 0.400000E-03 0.800000E-04 0.160000E-03 0.320000E-03 0.800000E-04 0.800000E-04 0.800000E-04 0.160000E-03 0.800000E-04 0.000000E+00 0.000000E+00 0.800000E-04 0.160000E-03 0.800000E-04 0.160000E-03 0.000000E+00 0.800000E-04 0.160000E-03 0.000000E+00 0.800000E-04 0.000000E+00 0.800000E-04 0.000000E+00 0.800000E-04 0.800000E-04 0.000000E+00 0.000000E+00 0.160000E-03 0.000000E+00 0.000000E+00 0.000000E+00 0.000000E+00 0.000000E+00 0.800000E-04 0.000000E+00 0.000000E+00 0.000000E+00 0.000000E+00 0.000000E+00 0.800000E-04 0.000000E+00 0.000000E+00 0.000000E+00 0.000000E+00 0.000000E+00 0.000000E+00 0.000000E+00 0.000000E+00 0.000000E+00 0.000000E+00 0.000000E+00 0.000000E+00 0.000000E+00 0.000000E+00 0.000000E+00 0.000000E+00 0.000000E+00 0.000000E+00 0.000000E+00 0.000000E+00 0.000000E+00 0.000000E+00 0.000000E+00 0.000000E+00 0.000000E+00 0.000000E+00 0.000000E+00 0.000000E+00 0.000000E+00 0.000000E+00 0.000000E+00 0.000000E+00 0.000000E+00 0.000000E+00 0.000000E+00 0.000000E+00 0.000000E+00 0.000000E+00 0.000000E+00 0.000000E+00 0.000000E+00 0.000000E+00 0.000000E+00 0.000000E+00 0.000000E+00 0.000000E+00 0.000000E+00 0.000000E+00 0.000000E+00 0.000000E+00 0.000000E+00
 0.771480E+01 0.321008E+01 0.217352E+01 0.168872E+01 0.138104E+01 0.115416E+01 0.981680E+00 0.840960E+00 0.763440E+00 0.656800E+00 0.593760E+00 0.523040E+00 0.469440E+00 0.442000E+00 0.395200E+00 0.352160E+00 0.318880E+00 0.303600E+00 0.278880E+00 0.250960E+00 0.229600E+00 0.218160E+00 0.194000E+00 0.178960E+00 0.164720E+00 0.149840E+00 0.144880E+00 0.130960E+00 0.118080E+00 0.110400E+00 0.102400E+00 0.938400E-01 0.872800E-01 0.821600E-01 0.748000E-01 0.743200E-01 0.626400E-01 0.604800E-01 0.596000E-01 0.535200E-01 0.499200E-01 0.482400E-01 0.446400E-01 0.376800E-01 0.356800E-01 0.339200E-01 0.304000E-01 0.304000E-01 0.288000E-01 0.264800E-01 0.224800E-01 0.223200E-01 0.217600E-01 0.199200E-01 0.176800E-01 0.158400E-01 0.142400E-01 0.151200E-01 0.136800E-01 0.129600E-01 0.105600E-01 0.112800E-01 0.104000E-01 0.103200E-01 0.968000E-02 0.872000E-02 0.792000E-02 0.640000E-02 0.680000E-02 0.520000E-02 0.648000E-02 0.416000E-02 0.376000E-02 0.456000E-02 0.392000E-02 0.400000E-02 0.320000E-02 0.464000E-02 0.352000E-02 0.328000E-02 0.256000E-02 0.248000E-02 0.312000E-02 0.192000E-02 0.160000E-02 0.168000E-02 0.128000E-02 0.136000E-02 0.160000E-02 0.152000E-02 0.184000E-02 0.880000E-03 0.120000E-02 0.144000E-02 0.144000E-02 0.320000E-03 0.112000E-02 0.480000E-03 0.128000E-02 0.480000E-03 0.560000E-03 0.104000E-02 0.160000E-03 0.560000E-03 0.560000E-03 0.240000E-03 0.240000E-03 0.240000E-03 0.160000E-03 0.160000E-03 0.560000E-03 0.320000E-03 0.400000E-03 0.240000E-03 0.160000E-03 0.160000E-03 0.800000E-04 0.160000E-03 0.800000E-04 0.000000E+00 0.240000E-03 0.800000E-04 0.240000E-03 0.800000E-04 0.800000E-04 0.160000E-03 0.000000E+00 0.000000E+00 0.800000E-04 0.000000E+00 0.800000E-04 0.000000E+00 0.800000E-04 0.000000E+00 0.000000E+00 0.800000E-04 0.000000E+00 0.800000E-04 0.000000E+00 0.000000E+00 0.000000E+00 0.000000E+00 0.000000E+00 0.000000E+00 0.000000E+00 0.000000E+00 0.000000E+00 0.000000E+00 0.000000E+00 0.000000E+00 0.000000E+00 0.000000E+00 0.000000E+00 0.000000E+00 0.800000E-04 0.000000E+00 0.000000E+00 0.000000E+00 0.000000E+00 0.000000E+00 0.000000E+00 0.000000E+00 0.000000E+00 0.000000E+00 0.000000E+00 0.000000E+00 0.000000E+00 0.000000E+00 0.000000E+00 0.000000E+00 0.000000E+00 0.000000E+00 0.000000E+00 0.000000E+00 0.000000E+00 0.000000E+00 0.000000E+00 0.000000E+00 0.000000E+00 0.000000E+00 0.000000E+00 0.000000E+00 0.000000E+00 0.000000E+00 0.000000E+00 0.000000E+00 0.000000E+00 0.000000E+00 0.000000E+00 0.000000E+00 0.000000E+00 0.000000E+00 0.000000E+00 0.000000E+00 0.000000E+00 0.000000E+00 0.000000E+00 0.000000E+00 0.000000E+00 0.000000E+00
 0.127580E+02 0.436024E+01 0.278352E+01 0.200992E+01 0.157872E+01 0.130152E+01 0.108848E+01 0.926640E+00 0.786560E+00 0.694880E+00 0.620160E+00 0.539920E+00 0.476400E+00 0.431760E+00 0.386720E+00 0.346960E+00 0.321840E+00 0.290800E+00 0.264880E+00 0.231280E+00 0.215840E+00 0.204640E+00 0.181520E+00 0.165040E+00 0.147760E+00 0.139360E+00 0.130000E+00 0.119440E+00 0.106640E+00 0.102800E+00 0.977600E-01 0.848000E-01 0.814400E-01 0.737600E-01 0.700000E-01 0.614400E-01 0.548800E-01 0.540000E-01 0.464000E-01 0.446400E-01 0.478400E-01 0.399200E-01 0.400000E-01 0.353600E-01 0.344800E-01 0.296000E-01 0.256000E-01 0.251200E-01 0.254400E-01 0.249600E-01 0.199200E-01 0.180800E-01 0.194400E-01 0.168800E-01 0.162400E-01 0.145600E-01 0.155200E-01 0.127200E-01 0.120000E-01 0.112000E-01 0.110400E-01 0.101600E-01 0.920000E-02 0.824000E-02 0.728000E-02 0.744000E-02 0.632000E-02 0.648000E-02 0.464000E-02 0.560000E-02 0.456000E-02 0.528000E-02 0.368000E-02 0.384000E-02 0.336000E-02 0.320000E-02 0.296000E-02 0.248000E-02 0.296000E-02 0.248000E-02 0.272000E-02 0.240000E-02 0.272000E-02 0.176000E-02 0.176000E-02 0.112000E-02 0.120000E-02 0.168000E-02 0.720000E-03 0.960000E-03 0.152000E-02 0.112000E-02 0.640000E-03 0.960000E-03 0.640000E-03 0.640000E-03 0.880000E-03 0.104000E-02 0.640000E-03 0.560000E-03 0.640000E-03 0.480000E-03 0.320000E-03 0.560000E-03 0.240000E-03 0.240000E-03 0.240000E-03 0.160000E-03 0.320000E-03 0.160000E-03 0.800000E-04 0.160000E-03 0.800000E-04 0.400000E-03 0.800000E-04 0.400000E-03 0.800000E-04 0.800000E-04 0.800000E-04 0.160000E-03 0.000000E+00 0.000000E+00 0.000000E+00 0.000000E+00 0.800000E-04 0.800000E-04 0.000000E+00 0.000000E+00 0.800000E-04 0.800000E-04 0.000000E+00 0.160000E-03 0.800000E-04 0.000000E+00 0.000000E+00 0.000000E+00 0.000000E+00 0.000000E+00 0.000000E+00 0.000000E+00 0.000000E+00 0.000000E+00 0.000000E+00 0.000000E+00 0.000000E+00 0.000000E+00 0.000000E+00 0.000000E+00 0.000000E+00 0.000000E+00 0.000000E+00 0.000000E+00 0.000000E+00 0.000000E+00 0.000000E+00 0.000000E+00 0.000000E+00 0.000000E+00 0.000000E+00 0.000000E+00 0.000000E+00 0.000000E+00 0.000000E+00 0.000000E+00 0.000000E+00 0.000000E+00 0.000000E+00 0.000000E+00 0.000000E+00 0.000000E+00 0.000000E+00 0.800000E-04 0.000000E+00 0.000000E+00 0.000000E+00 0.000000E+00 0.000000E+00 0.000000E+00 0.000000E+00 0.000000E+00 0.000000E+00 0.000000E+00 0.000000E+00 0.000000E+00 0.000000E+00 0.000000E+00 0.000000E+00 0.000000E+00 0.000000E+00 0.000000E+00 0.000000E+00 0.000000E+00 0.000000E+00 0.000000E+00 0.000000E+00 0.000000E+00 0.000000E+00 0.000000E+00 0.000000E+00 0.000000E+00
 0.787042E+02 0.109435E+02 0.670136E+01 0.479392E+01 0.367448E+01 0.296528E+01 0.246192E+01 0.204304E+01 0.172328E+01 0.150056E+01 0.131888E+01 0.114480E+01 0.102544E+01 0.910080E+00 0.801600E+00 0.732160E+00 0.654880E+00 0.585280E+00 0.539760E+00 0.479600E+00 0.442160E+00 0.417920E+00 0.368000E+00 0.332480E+00 0.311520E+00 0.286320E+00 0.261600E+00 0.240160E+00 0.210880E+00 0.197520E+00 0.189280E+00 0.170800E+00 0.162000E+00 0.146240E+00 0.128720E+00 0.125520E+00 0.119200E+00 0.104320E+00 0.100480E+00 0.984800E-01 0.861600E-01 0.830400E-01 0.778400E-01 0.716000E-01 0.688000E-01 0.607200E-01 0.548800E-01 0.542400E-01 0.464000E-01 0.484800E-01 0.421600E-01 0.415200E-01 0.338400E-01 0.340800E-01 0.332800E-01 0.291200E-01 0.278400E-01 0.254400E-01 0.254400E-01 0.234400E-01 0.210400E-01 0.182400E-01 0.180800E-01 0.199200E-01 0.164000E-01 0.144800E-01 0.144800E-01 0.128000E-01 0.112000E-01 0.120800E-01 0.108800E-01 0.960000E-02 0.960000E-02 0.904000E-02 0.744000E-02 0.896000E-02 0.752000E-02 0.704000E-02 0.552000E-02 0.616000E-02 0.640000E-02 0.624000E-02 0.472000E-02 0.352000E-02 0.560000E-02 0.464000E-02 0.400000E-02 0.352000E-02 0.360000E-02 0.360000E-02 0.256000E-02 0.312000E-02 0.280000E-02 0.208000E-02 0.272000E-02 0.168000E-02 0.200000E-02 0.192000E-02 0.200000E-02 0.160000E-02 0.192000E-02 0.176000E-02 0.128000E-02 0.192000E-02 0.136000E-02 0.960000E-03 0.128000E-02 0.720000E-03 0.240000E-03 0.640000E-03 0.480000E-03 0.640000E-03 0.720000E-03 0.560000E-03 0.240000E-03 0.480000E-03 0.480000E-03 0.240000E-03 0.400000E-03 0.400000E-03 0.320000E-03 0.160000E-03 0.480000E-03 0.000000E+00 0.240000E-03 0.320000E-03 0.240000E-03 0.160000E-03 0.320000E-03 0.240000E-03 0.000000E+00 0.800000E-04 0.000000E+00 0.800000E-04 0.800000E-04 0.240000E-03 0.000000E+00 0.000000E+00 0.800000E-04 0.800000E-04 0.160000E-03 0.000000E+00 0.000000E+00 0.800000E-04 0.240000E-03 0.000000E+00 0.000000E+00 0.000000E+00 0.800000E-04 0.800000E-04 0.000000E+00 0.000000E+00 0.800000E-04 0.800000E-04 0.000000E+00 0.800000E-04 0.000000E+00 0.000000E+00 0.000000E+00 0.000000E+00 0.000000E+00 0.000000E+00 0.000000E+00 0.000000E+00 0.000000E+00 0.000000E+00 0.000000E+00 0.000000E+00 0.000000E+00 0.000000E+00 0.000000E+00 0.000000E+00 0.000000E+00 0.000000E+00 0.000000E+00 0.000000E+00 0.000000E+00 0.000000E+00 0.000000E+00 0.000000E+00 0.000000E+00 0.000000E+00 0.000000E+00 0.000000E+00 0.000000E+00 0.000000E+00 0.000000E+00 0.000000E+00 0.000000E+00 0.000000E+00 0.000000E+00 0.000000E+00 0.000000E+00 0.000000E+00 0.000000E+00 0.000000E+00 0.000000E+00 0.000000E+00 0.000000E+00 0.000000E+00
 0.398187E+02 0.103522E+02 0.701216E+01 0.538376E+01 0.437488E+01 0.372088E+01 0.314280E+01 0.276576E+01 0.245312E+01 0.219408E+01 0.195552E+01 0.179744E+01 0.163240E+01 0.147416E+01 0.134280E+01 0.123208E+01 0.114544E+01 0.104544E+01 0.986160E+00 0.902720E+00 0.844880E+00 0.790560E+00 0.727440E+00 0.690800E+00 0.638960E+00 0.600000E+00 0.560320E+00 0.528960E+00 0.490560E+00 0.452880E+00 0.439200E+00 0.414560E+00 0.385520E+00 0.351520E+00 0.329520E+00 0.318080E+00 0.302640E+00 0.279840E+00 0.261360E+00 0.246560E+00 0.242160E+00 0.219680E+00 0.206960E+00 0.196000E+00 0.188480E+00 0.178000E+00 0.160720E+00 0.160080E+00 0.141920E+00 0.144240E+00 0.129280E+00 0.126720E+00 0.118320E+00 0.113360E+00 0.105040E+00 0.978400E-01 0.980000E-01 0.883200E-01 0.886400E-01 0.751200E-01 0.749600E-01 0.695200E-01 0.671200E-01 0.700800E-01 0.593600E-01 0.578400E-01 0.564000E-01 0.540000E-01 0.494400E-01 0.473600E-01 0.446400E-01 0.402400E-01 0.416800E-01 0.372000E-01 0.357600E-01 0.324000E-01 0.304800E-01 0.317600E-01 0.309600E-01 0.270400E-01 0.241600E-01 0.240800E-01 0.228800E-01 0.210400E-01 0.235200E-01 0.183200E-01 0.172800E-01 0.171200E-01 0.162400E-01 0.134400E-01 0.153600E-01 0.144800E-01 0.133600E-01 0.128800E-01 0.124800E-01 0.120800E-01 0.960000E-02 0.976000E-02 0.848000E-02 0.744000E-02 0.664000E-02 0.704000E-02 0.760000E-02 0.688000E-02 0.632000E-02 0.640000E-02 0.552000E-02 0.512000E-02 0.544000E-02 0.432000E-02 0.416000E-02 0.448000E-02 0.368000E-02 0.400000E-02 0.384000E-02 0.312000E-02 0.344000E-02 0.296000E-02 0.272000E-02 0.288000E-02 0.240000E-02 0.240000E-02 0.232000E-02 0.192000E-02 0.224000E-02 0.160000E-02 0.880000E-03 0.112000E-02 0.160000E-02 0.104000E-02 0.128000E-02 0.104000E-02 0.720000E-03 0.128000E-02 0.104000E-02 0.104000E-02 0.720000E-03 0.800000E-03 0.560000E-03 0.400000E-03 0.960000E-03 0.480000E-03 0.640000E-03 0.320000E-03 0.320000E-03 0.160000E-03 0.160000E-03 0.400000E-03 0.800000E-04 0.800000E-04 0.160000E-03 0.160000E-03 0.800000E-04 0.240000E-03 0.800000E-04 0.000000E+00 0.160000E-03 0.000000E+00 0.160000E-03 0.000000E+00 0.800000E-04 0.800000E-04 0.160000E-03 0.000000E+00 0.240000E-03 0.000000E+00 0.000000E+00 0.160000E-03 0.000000E+00 0.800000E-04 0.000000E+00 0.800000E-04 0.000000E+00 0.000000E+00 0.800000E-04 0.000000E+00 0.000000E+00 0.000000E+00 0.000000E+00 0.800000E-04 0.000000E+00 0.000000E+00 0.000000E+00 0.000000E+00 0.000000E+00 0.000000E+00 0.000000E+00 0.000000E+00 0.000000E+00 0.800000E-04 0.000000E+00 0.000000E+00 0.000000E+00 0.000000E+00 0.000000E+00 0.000000E+00 0.000000E+00 0.000000E+00 0.000000E+00 0.000000E+00
