### Run with WimpAnn version = wimpann-2.08                            
###   Using Pythia version   = Pythia 6.400    
###   Using nusigma version  = nusigma-1.15-pyr                        
###   Using DarkSUSY version = ds-4.1.6                                
###   WimpAnn run started at date 2007-09-12; time 08:36:33
### Neutrino oscillation parameters
#      theta_12 =  0.00000000E+00
#      theta_13 =  0.00000000E+00
#      theta_23 =  0.00000000E+00
#         delta =  0.00000000E+00
#  delta_m^2_21 =  0.81000000E-04
#  delta_m^2_31 =  0.22000000E-02
### WimpAnn run parameters
#  Annihilation channel =         2
#  Generated particles =  b                bbar            
#  WIMP mass =  0.91200000E+02
#  Number of annihilations =   2500000
#  Source = Sun
#...dPhi/dz in  200 bins from 0 to 1
#...Line  1- 6: flux at centre of Sun for neutrino 1-6
#...Line  7-12: flux at surface of Sun for neutrino 1-6
#...Line 13-18: flux at 1 AU from the Sun for neutrino 1-6
#...Line 19-24: flux at surface of Sun for secondary neutrino 1-6
#...Line 25-30: flux at 1 AU from the Sun for secondary neutrino 1-6
 0.238080E+01 0.249688E+01 0.233576E+01 0.218592E+01 0.200904E+01 0.186624E+01 0.171440E+01 0.159824E+01 0.147928E+01 0.137856E+01 0.130536E+01 0.120120E+01 0.114288E+01 0.104312E+01 0.987840E+00 0.922960E+00 0.868800E+00 0.816320E+00 0.777200E+00 0.727680E+00 0.695680E+00 0.643200E+00 0.610800E+00 0.561840E+00 0.559920E+00 0.518560E+00 0.503680E+00 0.465840E+00 0.451680E+00 0.423840E+00 0.409920E+00 0.374560E+00 0.374800E+00 0.348000E+00 0.334320E+00 0.312960E+00 0.299200E+00 0.288080E+00 0.277360E+00 0.257600E+00 0.250160E+00 0.241760E+00 0.218400E+00 0.226880E+00 0.203360E+00 0.195520E+00 0.188240E+00 0.177200E+00 0.174160E+00 0.158320E+00 0.156560E+00 0.150400E+00 0.135920E+00 0.134560E+00 0.136400E+00 0.121120E+00 0.118240E+00 0.110080E+00 0.107600E+00 0.996800E-01 0.987200E-01 0.988000E-01 0.865600E-01 0.836800E-01 0.824800E-01 0.744800E-01 0.731200E-01 0.676000E-01 0.692000E-01 0.621600E-01 0.596000E-01 0.592800E-01 0.528800E-01 0.560000E-01 0.459200E-01 0.416800E-01 0.412000E-01 0.384000E-01 0.404000E-01 0.389600E-01 0.336000E-01 0.329600E-01 0.322400E-01 0.303200E-01 0.327200E-01 0.272800E-01 0.255200E-01 0.228000E-01 0.210400E-01 0.213600E-01 0.204800E-01 0.188000E-01 0.168000E-01 0.145600E-01 0.143200E-01 0.141600E-01 0.113600E-01 0.116800E-01 0.107200E-01 0.121600E-01 0.104000E-01 0.928000E-02 0.968000E-02 0.760000E-02 0.776000E-02 0.712000E-02 0.600000E-02 0.640000E-02 0.560000E-02 0.464000E-02 0.392000E-02 0.456000E-02 0.352000E-02 0.360000E-02 0.272000E-02 0.328000E-02 0.208000E-02 0.240000E-02 0.216000E-02 0.216000E-02 0.168000E-02 0.232000E-02 0.120000E-02 0.128000E-02 0.112000E-02 0.120000E-02 0.120000E-02 0.560000E-03 0.720000E-03 0.960000E-03 0.320000E-03 0.480000E-03 0.800000E-03 0.480000E-03 0.400000E-03 0.800000E-04 0.240000E-03 0.240000E-03 0.160000E-03 0.240000E-03 0.000000E+00 0.800000E-04 0.000000E+00 0.800000E-04 0.160000E-03 0.000000E+00 0.800000E-04 0.000000E+00 0.000000E+00 0.000000E+00 0.000000E+00 0.000000E+00 0.000000E+00 0.000000E+00 0.000000E+00 0.000000E+00 0.000000E+00 0.800000E-04 0.000000E+00 0.000000E+00 0.000000E+00 0.000000E+00 0.000000E+00 0.000000E+00 0.000000E+00 0.000000E+00 0.000000E+00 0.000000E+00 0.000000E+00 0.000000E+00 0.000000E+00 0.000000E+00 0.000000E+00 0.000000E+00 0.000000E+00 0.000000E+00 0.000000E+00 0.000000E+00 0.000000E+00 0.000000E+00 0.000000E+00 0.000000E+00 0.000000E+00 0.000000E+00 0.000000E+00 0.000000E+00 0.000000E+00 0.000000E+00 0.000000E+00 0.000000E+00 0.000000E+00 0.000000E+00 0.000000E+00 0.000000E+00 0.000000E+00 0.000000E+00 0.000000E+00 0.000000E+00 0.000000E+00 0.000000E+00
 0.240808E+01 0.245896E+01 0.231504E+01 0.216608E+01 0.203256E+01 0.185688E+01 0.171448E+01 0.159824E+01 0.148536E+01 0.138528E+01 0.127448E+01 0.120472E+01 0.113112E+01 0.104456E+01 0.990000E+00 0.919520E+00 0.855520E+00 0.819440E+00 0.759200E+00 0.725360E+00 0.684320E+00 0.649120E+00 0.613200E+00 0.577120E+00 0.554080E+00 0.520320E+00 0.493360E+00 0.477840E+00 0.442240E+00 0.431760E+00 0.408240E+00 0.386960E+00 0.359760E+00 0.343680E+00 0.328320E+00 0.318400E+00 0.297120E+00 0.287200E+00 0.273040E+00 0.268800E+00 0.252400E+00 0.242000E+00 0.224880E+00 0.213200E+00 0.205520E+00 0.196320E+00 0.187200E+00 0.174240E+00 0.167280E+00 0.164880E+00 0.160000E+00 0.150320E+00 0.147200E+00 0.137200E+00 0.127520E+00 0.126800E+00 0.121280E+00 0.111440E+00 0.104000E+00 0.998400E-01 0.102640E+00 0.953600E-01 0.894400E-01 0.810400E-01 0.840800E-01 0.776000E-01 0.699200E-01 0.732000E-01 0.688000E-01 0.619200E-01 0.605600E-01 0.529600E-01 0.558400E-01 0.515200E-01 0.462400E-01 0.440000E-01 0.423200E-01 0.429600E-01 0.404000E-01 0.360800E-01 0.360800E-01 0.329600E-01 0.296000E-01 0.274400E-01 0.275200E-01 0.278400E-01 0.260800E-01 0.248000E-01 0.229600E-01 0.224000E-01 0.222400E-01 0.192000E-01 0.167200E-01 0.175200E-01 0.169600E-01 0.151200E-01 0.120800E-01 0.125600E-01 0.126400E-01 0.100000E-01 0.100800E-01 0.904000E-02 0.100800E-01 0.920000E-02 0.720000E-02 0.696000E-02 0.680000E-02 0.536000E-02 0.608000E-02 0.456000E-02 0.384000E-02 0.528000E-02 0.464000E-02 0.320000E-02 0.400000E-02 0.312000E-02 0.232000E-02 0.192000E-02 0.232000E-02 0.160000E-02 0.144000E-02 0.960000E-03 0.168000E-02 0.144000E-02 0.720000E-03 0.152000E-02 0.640000E-03 0.640000E-03 0.720000E-03 0.560000E-03 0.560000E-03 0.880000E-03 0.240000E-03 0.400000E-03 0.320000E-03 0.400000E-03 0.480000E-03 0.800000E-04 0.800000E-04 0.240000E-03 0.000000E+00 0.320000E-03 0.160000E-03 0.240000E-03 0.160000E-03 0.800000E-04 0.000000E+00 0.800000E-04 0.000000E+00 0.000000E+00 0.800000E-04 0.000000E+00 0.000000E+00 0.000000E+00 0.000000E+00 0.000000E+00 0.000000E+00 0.000000E+00 0.000000E+00 0.000000E+00 0.000000E+00 0.000000E+00 0.000000E+00 0.000000E+00 0.000000E+00 0.000000E+00 0.000000E+00 0.000000E+00 0.000000E+00 0.000000E+00 0.000000E+00 0.000000E+00 0.000000E+00 0.000000E+00 0.000000E+00 0.000000E+00 0.000000E+00 0.000000E+00 0.000000E+00 0.000000E+00 0.000000E+00 0.000000E+00 0.000000E+00 0.000000E+00 0.000000E+00 0.000000E+00 0.000000E+00 0.000000E+00 0.000000E+00 0.000000E+00 0.000000E+00 0.000000E+00 0.000000E+00 0.000000E+00 0.000000E+00 0.000000E+00 0.000000E+00 0.000000E+00 0.000000E+00 0.000000E+00
 0.242656E+01 0.254152E+01 0.235640E+01 0.217768E+01 0.199896E+01 0.186384E+01 0.173272E+01 0.160448E+01 0.150696E+01 0.138376E+01 0.129144E+01 0.120016E+01 0.111736E+01 0.105080E+01 0.986240E+00 0.908480E+00 0.848800E+00 0.810480E+00 0.761840E+00 0.717600E+00 0.671680E+00 0.633600E+00 0.610800E+00 0.575840E+00 0.544880E+00 0.514640E+00 0.489840E+00 0.471120E+00 0.440400E+00 0.423680E+00 0.401120E+00 0.380160E+00 0.360240E+00 0.342320E+00 0.311520E+00 0.316960E+00 0.295280E+00 0.289840E+00 0.273120E+00 0.255520E+00 0.249200E+00 0.238560E+00 0.227120E+00 0.209120E+00 0.215600E+00 0.201440E+00 0.177680E+00 0.181520E+00 0.172880E+00 0.159920E+00 0.157440E+00 0.145600E+00 0.145760E+00 0.137360E+00 0.124800E+00 0.126240E+00 0.118000E+00 0.110800E+00 0.108240E+00 0.105920E+00 0.975200E-01 0.902400E-01 0.911200E-01 0.856800E-01 0.812800E-01 0.736800E-01 0.705600E-01 0.688000E-01 0.632800E-01 0.575200E-01 0.585600E-01 0.539200E-01 0.559200E-01 0.471200E-01 0.482400E-01 0.475200E-01 0.416000E-01 0.441600E-01 0.426400E-01 0.384000E-01 0.358400E-01 0.338400E-01 0.309600E-01 0.288800E-01 0.257600E-01 0.243200E-01 0.252800E-01 0.240000E-01 0.205600E-01 0.204800E-01 0.193600E-01 0.188800E-01 0.168000E-01 0.143200E-01 0.138400E-01 0.133600E-01 0.148000E-01 0.108800E-01 0.117600E-01 0.111200E-01 0.928000E-02 0.944000E-02 0.784000E-02 0.848000E-02 0.688000E-02 0.664000E-02 0.736000E-02 0.560000E-02 0.368000E-02 0.536000E-02 0.432000E-02 0.368000E-02 0.264000E-02 0.424000E-02 0.256000E-02 0.392000E-02 0.208000E-02 0.176000E-02 0.248000E-02 0.256000E-02 0.200000E-02 0.112000E-02 0.136000E-02 0.104000E-02 0.104000E-02 0.128000E-02 0.152000E-02 0.800000E-03 0.112000E-02 0.240000E-03 0.720000E-03 0.240000E-03 0.320000E-03 0.400000E-03 0.000000E+00 0.240000E-03 0.240000E-03 0.800000E-04 0.160000E-03 0.320000E-03 0.800000E-04 0.160000E-03 0.000000E+00 0.160000E-03 0.000000E+00 0.000000E+00 0.000000E+00 0.000000E+00 0.000000E+00 0.160000E-03 0.000000E+00 0.800000E-04 0.000000E+00 0.000000E+00 0.000000E+00 0.000000E+00 0.000000E+00 0.000000E+00 0.000000E+00 0.000000E+00 0.000000E+00 0.000000E+00 0.000000E+00 0.000000E+00 0.000000E+00 0.000000E+00 0.000000E+00 0.000000E+00 0.000000E+00 0.000000E+00 0.000000E+00 0.000000E+00 0.000000E+00 0.000000E+00 0.000000E+00 0.000000E+00 0.000000E+00 0.000000E+00 0.000000E+00 0.000000E+00 0.000000E+00 0.000000E+00 0.000000E+00 0.000000E+00 0.000000E+00 0.000000E+00 0.000000E+00 0.000000E+00 0.000000E+00 0.000000E+00 0.000000E+00 0.000000E+00 0.000000E+00 0.000000E+00 0.000000E+00 0.000000E+00 0.000000E+00 0.000000E+00 0.000000E+00 0.000000E+00
 0.242568E+01 0.251744E+01 0.233768E+01 0.218208E+01 0.204120E+01 0.187104E+01 0.173928E+01 0.162192E+01 0.148360E+01 0.137680E+01 0.127096E+01 0.118720E+01 0.111176E+01 0.104472E+01 0.976160E+00 0.910800E+00 0.866480E+00 0.811360E+00 0.768800E+00 0.723200E+00 0.675440E+00 0.646080E+00 0.604480E+00 0.575200E+00 0.536400E+00 0.507840E+00 0.485840E+00 0.465920E+00 0.441920E+00 0.416720E+00 0.404400E+00 0.372000E+00 0.363360E+00 0.354640E+00 0.321680E+00 0.299440E+00 0.308960E+00 0.287360E+00 0.272080E+00 0.258160E+00 0.239440E+00 0.225760E+00 0.219280E+00 0.213200E+00 0.208240E+00 0.204160E+00 0.194800E+00 0.180640E+00 0.174720E+00 0.162320E+00 0.158720E+00 0.146720E+00 0.144640E+00 0.135760E+00 0.132400E+00 0.124560E+00 0.119040E+00 0.109120E+00 0.104560E+00 0.102560E+00 0.991200E-01 0.948000E-01 0.844800E-01 0.821600E-01 0.831200E-01 0.760000E-01 0.728000E-01 0.703200E-01 0.636800E-01 0.594400E-01 0.630400E-01 0.568800E-01 0.543200E-01 0.471200E-01 0.480800E-01 0.472000E-01 0.393600E-01 0.395200E-01 0.381600E-01 0.347200E-01 0.362400E-01 0.321600E-01 0.338400E-01 0.280800E-01 0.272800E-01 0.263200E-01 0.244000E-01 0.228000E-01 0.207200E-01 0.197600E-01 0.199200E-01 0.194400E-01 0.195200E-01 0.153600E-01 0.129600E-01 0.148000E-01 0.122400E-01 0.106400E-01 0.107200E-01 0.106400E-01 0.912000E-02 0.904000E-02 0.864000E-02 0.656000E-02 0.600000E-02 0.656000E-02 0.736000E-02 0.688000E-02 0.600000E-02 0.488000E-02 0.488000E-02 0.368000E-02 0.424000E-02 0.280000E-02 0.280000E-02 0.264000E-02 0.312000E-02 0.256000E-02 0.288000E-02 0.168000E-02 0.128000E-02 0.200000E-02 0.192000E-02 0.168000E-02 0.128000E-02 0.112000E-02 0.880000E-03 0.104000E-02 0.720000E-03 0.800000E-03 0.560000E-03 0.960000E-03 0.720000E-03 0.400000E-03 0.800000E-04 0.400000E-03 0.800000E-04 0.800000E-04 0.400000E-03 0.160000E-03 0.800000E-04 0.800000E-04 0.000000E+00 0.000000E+00 0.800000E-04 0.000000E+00 0.000000E+00 0.000000E+00 0.000000E+00 0.000000E+00 0.000000E+00 0.000000E+00 0.000000E+00 0.000000E+00 0.000000E+00 0.000000E+00 0.000000E+00 0.000000E+00 0.000000E+00 0.000000E+00 0.000000E+00 0.000000E+00 0.000000E+00 0.000000E+00 0.000000E+00 0.000000E+00 0.000000E+00 0.000000E+00 0.000000E+00 0.000000E+00 0.000000E+00 0.000000E+00 0.000000E+00 0.000000E+00 0.000000E+00 0.000000E+00 0.000000E+00 0.000000E+00 0.000000E+00 0.000000E+00 0.000000E+00 0.000000E+00 0.000000E+00 0.000000E+00 0.000000E+00 0.000000E+00 0.000000E+00 0.000000E+00 0.000000E+00 0.000000E+00 0.000000E+00 0.000000E+00 0.000000E+00 0.000000E+00 0.000000E+00 0.000000E+00 0.000000E+00 0.000000E+00 0.000000E+00 0.000000E+00
 0.857760E+00 0.905120E+00 0.837920E+00 0.814080E+00 0.763600E+00 0.733440E+00 0.700000E+00 0.653600E+00 0.625280E+00 0.574240E+00 0.557920E+00 0.520240E+00 0.486240E+00 0.474960E+00 0.442160E+00 0.416000E+00 0.401360E+00 0.377600E+00 0.354880E+00 0.337440E+00 0.315040E+00 0.301840E+00 0.279120E+00 0.260480E+00 0.251440E+00 0.235520E+00 0.220480E+00 0.213040E+00 0.202640E+00 0.183280E+00 0.172880E+00 0.162320E+00 0.152480E+00 0.152000E+00 0.137440E+00 0.129360E+00 0.116320E+00 0.111440E+00 0.109360E+00 0.100240E+00 0.916800E-01 0.856000E-01 0.797600E-01 0.745600E-01 0.665600E-01 0.598400E-01 0.593600E-01 0.556800E-01 0.508000E-01 0.471200E-01 0.452000E-01 0.415200E-01 0.399200E-01 0.345600E-01 0.303200E-01 0.312800E-01 0.287200E-01 0.224000E-01 0.222400E-01 0.210400E-01 0.209600E-01 0.165600E-01 0.166400E-01 0.172000E-01 0.139200E-01 0.135200E-01 0.121600E-01 0.984000E-02 0.920000E-02 0.704000E-02 0.944000E-02 0.592000E-02 0.808000E-02 0.528000E-02 0.592000E-02 0.472000E-02 0.368000E-02 0.232000E-02 0.432000E-02 0.352000E-02 0.288000E-02 0.288000E-02 0.208000E-02 0.168000E-02 0.232000E-02 0.960000E-03 0.128000E-02 0.128000E-02 0.560000E-03 0.112000E-02 0.120000E-02 0.880000E-03 0.800000E-03 0.880000E-03 0.640000E-03 0.640000E-03 0.720000E-03 0.320000E-03 0.400000E-03 0.320000E-03 0.400000E-03 0.320000E-03 0.320000E-03 0.640000E-03 0.000000E+00 0.240000E-03 0.000000E+00 0.800000E-04 0.000000E+00 0.800000E-04 0.160000E-03 0.240000E-03 0.240000E-03 0.160000E-03 0.000000E+00 0.800000E-04 0.000000E+00 0.800000E-04 0.000000E+00 0.160000E-03 0.000000E+00 0.000000E+00 0.800000E-04 0.800000E-04 0.000000E+00 0.000000E+00 0.000000E+00 0.000000E+00 0.000000E+00 0.000000E+00 0.800000E-04 0.000000E+00 0.000000E+00 0.000000E+00 0.800000E-04 0.000000E+00 0.800000E-04 0.000000E+00 0.000000E+00 0.000000E+00 0.000000E+00 0.000000E+00 0.000000E+00 0.000000E+00 0.000000E+00 0.000000E+00 0.000000E+00 0.000000E+00 0.000000E+00 0.000000E+00 0.000000E+00 0.000000E+00 0.000000E+00 0.000000E+00 0.000000E+00 0.000000E+00 0.000000E+00 0.000000E+00 0.000000E+00 0.000000E+00 0.000000E+00 0.000000E+00 0.000000E+00 0.000000E+00 0.000000E+00 0.000000E+00 0.000000E+00 0.000000E+00 0.000000E+00 0.000000E+00 0.000000E+00 0.000000E+00 0.000000E+00 0.000000E+00 0.000000E+00 0.000000E+00 0.000000E+00 0.000000E+00 0.000000E+00 0.000000E+00 0.000000E+00 0.000000E+00 0.000000E+00 0.000000E+00 0.000000E+00 0.000000E+00 0.000000E+00 0.000000E+00 0.000000E+00 0.000000E+00 0.000000E+00 0.000000E+00 0.000000E+00 0.000000E+00 0.000000E+00 0.000000E+00 0.000000E+00 0.000000E+00 0.000000E+00 0.000000E+00
 0.840160E+00 0.895040E+00 0.848880E+00 0.810640E+00 0.777600E+00 0.710080E+00 0.701360E+00 0.645440E+00 0.610880E+00 0.573200E+00 0.563440E+00 0.515520E+00 0.489680E+00 0.463600E+00 0.448560E+00 0.422480E+00 0.400800E+00 0.378560E+00 0.360800E+00 0.330000E+00 0.315120E+00 0.312160E+00 0.292960E+00 0.275920E+00 0.259680E+00 0.243440E+00 0.219200E+00 0.218320E+00 0.196400E+00 0.191360E+00 0.175040E+00 0.161200E+00 0.156880E+00 0.149520E+00 0.136800E+00 0.122000E+00 0.117120E+00 0.109360E+00 0.106240E+00 0.969600E-01 0.907200E-01 0.868000E-01 0.821600E-01 0.711200E-01 0.645600E-01 0.687200E-01 0.564800E-01 0.572000E-01 0.487200E-01 0.451200E-01 0.456800E-01 0.388000E-01 0.400000E-01 0.348800E-01 0.330400E-01 0.298400E-01 0.275200E-01 0.262400E-01 0.249600E-01 0.226400E-01 0.196800E-01 0.176800E-01 0.169600E-01 0.140000E-01 0.155200E-01 0.137600E-01 0.968000E-02 0.105600E-01 0.936000E-02 0.752000E-02 0.768000E-02 0.624000E-02 0.560000E-02 0.680000E-02 0.512000E-02 0.432000E-02 0.448000E-02 0.336000E-02 0.304000E-02 0.208000E-02 0.296000E-02 0.224000E-02 0.184000E-02 0.168000E-02 0.136000E-02 0.136000E-02 0.168000E-02 0.144000E-02 0.480000E-03 0.120000E-02 0.720000E-03 0.720000E-03 0.560000E-03 0.640000E-03 0.720000E-03 0.720000E-03 0.560000E-03 0.400000E-03 0.800000E-03 0.320000E-03 0.240000E-03 0.480000E-03 0.320000E-03 0.160000E-03 0.240000E-03 0.800000E-04 0.320000E-03 0.800000E-04 0.160000E-03 0.800000E-04 0.160000E-03 0.000000E+00 0.240000E-03 0.000000E+00 0.000000E+00 0.800000E-04 0.000000E+00 0.800000E-04 0.000000E+00 0.800000E-04 0.000000E+00 0.000000E+00 0.000000E+00 0.000000E+00 0.000000E+00 0.000000E+00 0.000000E+00 0.800000E-04 0.000000E+00 0.000000E+00 0.800000E-04 0.000000E+00 0.000000E+00 0.000000E+00 0.000000E+00 0.000000E+00 0.000000E+00 0.000000E+00 0.000000E+00 0.000000E+00 0.000000E+00 0.000000E+00 0.000000E+00 0.000000E+00 0.000000E+00 0.000000E+00 0.000000E+00 0.000000E+00 0.000000E+00 0.000000E+00 0.000000E+00 0.000000E+00 0.000000E+00 0.000000E+00 0.000000E+00 0.000000E+00 0.000000E+00 0.000000E+00 0.000000E+00 0.000000E+00 0.000000E+00 0.000000E+00 0.000000E+00 0.000000E+00 0.000000E+00 0.000000E+00 0.000000E+00 0.000000E+00 0.000000E+00 0.000000E+00 0.000000E+00 0.000000E+00 0.000000E+00 0.000000E+00 0.000000E+00 0.000000E+00 0.000000E+00 0.000000E+00 0.000000E+00 0.000000E+00 0.000000E+00 0.000000E+00 0.000000E+00 0.000000E+00 0.000000E+00 0.000000E+00 0.000000E+00 0.000000E+00 0.000000E+00 0.000000E+00 0.000000E+00 0.000000E+00 0.000000E+00 0.000000E+00 0.000000E+00 0.000000E+00 0.000000E+00 0.000000E+00 0.000000E+00 0.000000E+00
 0.240112E+01 0.251672E+01 0.234672E+01 0.218800E+01 0.200720E+01 0.185616E+01 0.170368E+01 0.157816E+01 0.145704E+01 0.135472E+01 0.127744E+01 0.117304E+01 0.110960E+01 0.101088E+01 0.956720E+00 0.888800E+00 0.838560E+00 0.779280E+00 0.739760E+00 0.692960E+00 0.656560E+00 0.606960E+00 0.570880E+00 0.527120E+00 0.524160E+00 0.483680E+00 0.469200E+00 0.432320E+00 0.420000E+00 0.389840E+00 0.379520E+00 0.343040E+00 0.346000E+00 0.316960E+00 0.302000E+00 0.282480E+00 0.266960E+00 0.258320E+00 0.247120E+00 0.228800E+00 0.219920E+00 0.211520E+00 0.195040E+00 0.199440E+00 0.177600E+00 0.172160E+00 0.163680E+00 0.152400E+00 0.150640E+00 0.138080E+00 0.135200E+00 0.129360E+00 0.113440E+00 0.115680E+00 0.115920E+00 0.101600E+00 0.999200E-01 0.909600E-01 0.913600E-01 0.841600E-01 0.824000E-01 0.808800E-01 0.732800E-01 0.697600E-01 0.688000E-01 0.593600E-01 0.591200E-01 0.534400E-01 0.579200E-01 0.483200E-01 0.472000E-01 0.472000E-01 0.414400E-01 0.456000E-01 0.359200E-01 0.328800E-01 0.328000E-01 0.299200E-01 0.320800E-01 0.290400E-01 0.255200E-01 0.250400E-01 0.243200E-01 0.232000E-01 0.249600E-01 0.211200E-01 0.194400E-01 0.176000E-01 0.152000E-01 0.146400E-01 0.150400E-01 0.144000E-01 0.132000E-01 0.102400E-01 0.116000E-01 0.111200E-01 0.840000E-02 0.856000E-02 0.800000E-02 0.824000E-02 0.816000E-02 0.664000E-02 0.632000E-02 0.568000E-02 0.528000E-02 0.504000E-02 0.464000E-02 0.456000E-02 0.392000E-02 0.344000E-02 0.288000E-02 0.336000E-02 0.264000E-02 0.280000E-02 0.176000E-02 0.224000E-02 0.136000E-02 0.160000E-02 0.152000E-02 0.168000E-02 0.120000E-02 0.176000E-02 0.800000E-03 0.720000E-03 0.720000E-03 0.800000E-03 0.880000E-03 0.240000E-03 0.480000E-03 0.560000E-03 0.160000E-03 0.240000E-03 0.560000E-03 0.320000E-03 0.800000E-04 0.800000E-04 0.800000E-04 0.160000E-03 0.800000E-04 0.160000E-03 0.000000E+00 0.000000E+00 0.000000E+00 0.800000E-04 0.800000E-04 0.000000E+00 0.800000E-04 0.000000E+00 0.000000E+00 0.000000E+00 0.000000E+00 0.000000E+00 0.000000E+00 0.000000E+00 0.000000E+00 0.000000E+00 0.000000E+00 0.000000E+00 0.000000E+00 0.000000E+00 0.000000E+00 0.000000E+00 0.000000E+00 0.000000E+00 0.000000E+00 0.000000E+00 0.000000E+00 0.000000E+00 0.000000E+00 0.000000E+00 0.000000E+00 0.000000E+00 0.000000E+00 0.000000E+00 0.000000E+00 0.000000E+00 0.000000E+00 0.000000E+00 0.000000E+00 0.000000E+00 0.000000E+00 0.000000E+00 0.000000E+00 0.000000E+00 0.000000E+00 0.000000E+00 0.000000E+00 0.000000E+00 0.000000E+00 0.000000E+00 0.000000E+00 0.000000E+00 0.000000E+00 0.000000E+00 0.000000E+00 0.000000E+00 0.000000E+00 0.000000E+00 0.000000E+00 0.000000E+00
 0.241240E+01 0.246128E+01 0.231736E+01 0.216584E+01 0.202496E+01 0.184960E+01 0.170208E+01 0.158744E+01 0.147080E+01 0.136840E+01 0.125968E+01 0.118880E+01 0.111568E+01 0.102560E+01 0.969840E+00 0.898080E+00 0.835120E+00 0.798320E+00 0.738160E+00 0.700240E+00 0.661840E+00 0.626000E+00 0.593760E+00 0.557360E+00 0.534160E+00 0.500000E+00 0.473120E+00 0.457680E+00 0.424560E+00 0.412240E+00 0.388480E+00 0.365120E+00 0.341040E+00 0.326720E+00 0.310560E+00 0.300000E+00 0.278400E+00 0.268400E+00 0.253840E+00 0.250960E+00 0.234000E+00 0.224640E+00 0.209360E+00 0.195120E+00 0.189760E+00 0.181680E+00 0.174240E+00 0.160000E+00 0.153680E+00 0.151360E+00 0.145040E+00 0.138480E+00 0.133200E+00 0.125440E+00 0.116160E+00 0.113440E+00 0.108880E+00 0.100560E+00 0.944800E-01 0.910400E-01 0.921600E-01 0.856000E-01 0.812800E-01 0.712000E-01 0.736000E-01 0.704800E-01 0.632800E-01 0.650400E-01 0.605600E-01 0.532800E-01 0.536000E-01 0.452000E-01 0.486400E-01 0.444800E-01 0.402400E-01 0.384000E-01 0.364000E-01 0.376800E-01 0.353600E-01 0.317600E-01 0.308800E-01 0.274400E-01 0.254400E-01 0.240000E-01 0.240800E-01 0.230400E-01 0.217600E-01 0.215200E-01 0.187200E-01 0.184000E-01 0.181600E-01 0.171200E-01 0.135200E-01 0.152000E-01 0.139200E-01 0.135200E-01 0.104000E-01 0.105600E-01 0.960000E-02 0.800000E-02 0.832000E-02 0.752000E-02 0.840000E-02 0.680000E-02 0.584000E-02 0.584000E-02 0.576000E-02 0.456000E-02 0.464000E-02 0.400000E-02 0.312000E-02 0.416000E-02 0.384000E-02 0.248000E-02 0.280000E-02 0.280000E-02 0.200000E-02 0.120000E-02 0.168000E-02 0.120000E-02 0.104000E-02 0.960000E-03 0.144000E-02 0.112000E-02 0.560000E-03 0.880000E-03 0.560000E-03 0.640000E-03 0.640000E-03 0.320000E-03 0.560000E-03 0.640000E-03 0.240000E-03 0.240000E-03 0.240000E-03 0.320000E-03 0.400000E-03 0.800000E-04 0.800000E-04 0.240000E-03 0.000000E+00 0.320000E-03 0.000000E+00 0.240000E-03 0.800000E-04 0.800000E-04 0.000000E+00 0.800000E-04 0.000000E+00 0.000000E+00 0.800000E-04 0.000000E+00 0.000000E+00 0.000000E+00 0.000000E+00 0.000000E+00 0.000000E+00 0.000000E+00 0.000000E+00 0.000000E+00 0.000000E+00 0.000000E+00 0.000000E+00 0.000000E+00 0.000000E+00 0.000000E+00 0.000000E+00 0.000000E+00 0.000000E+00 0.000000E+00 0.000000E+00 0.000000E+00 0.000000E+00 0.000000E+00 0.000000E+00 0.000000E+00 0.000000E+00 0.000000E+00 0.000000E+00 0.000000E+00 0.000000E+00 0.000000E+00 0.000000E+00 0.000000E+00 0.000000E+00 0.000000E+00 0.000000E+00 0.000000E+00 0.000000E+00 0.000000E+00 0.000000E+00 0.000000E+00 0.000000E+00 0.000000E+00 0.000000E+00 0.000000E+00 0.000000E+00 0.000000E+00 0.000000E+00 0.000000E+00
 0.245312E+01 0.255232E+01 0.236448E+01 0.218040E+01 0.199616E+01 0.185296E+01 0.172136E+01 0.158304E+01 0.148528E+01 0.135728E+01 0.126632E+01 0.116936E+01 0.108720E+01 0.101672E+01 0.954080E+00 0.876880E+00 0.816080E+00 0.775680E+00 0.728480E+00 0.679840E+00 0.634000E+00 0.600320E+00 0.578800E+00 0.541520E+00 0.510720E+00 0.479040E+00 0.454880E+00 0.436480E+00 0.408560E+00 0.390160E+00 0.370400E+00 0.347840E+00 0.327680E+00 0.311680E+00 0.284880E+00 0.282560E+00 0.268160E+00 0.261520E+00 0.242800E+00 0.225360E+00 0.223520E+00 0.209760E+00 0.201920E+00 0.183440E+00 0.187840E+00 0.174880E+00 0.154720E+00 0.156400E+00 0.149040E+00 0.136560E+00 0.136880E+00 0.122240E+00 0.122720E+00 0.116880E+00 0.107760E+00 0.107280E+00 0.100480E+00 0.924800E-01 0.909600E-01 0.896800E-01 0.800000E-01 0.752000E-01 0.730400E-01 0.724000E-01 0.660800E-01 0.612000E-01 0.572800E-01 0.556800E-01 0.523200E-01 0.453600E-01 0.468800E-01 0.428000E-01 0.440800E-01 0.363200E-01 0.388000E-01 0.372000E-01 0.324000E-01 0.328000E-01 0.324800E-01 0.300000E-01 0.279200E-01 0.265600E-01 0.232000E-01 0.219200E-01 0.195200E-01 0.196000E-01 0.179200E-01 0.188800E-01 0.164000E-01 0.158400E-01 0.146400E-01 0.141600E-01 0.119200E-01 0.108000E-01 0.108800E-01 0.102400E-01 0.100800E-01 0.784000E-02 0.864000E-02 0.808000E-02 0.688000E-02 0.656000E-02 0.568000E-02 0.584000E-02 0.448000E-02 0.536000E-02 0.592000E-02 0.392000E-02 0.296000E-02 0.360000E-02 0.304000E-02 0.304000E-02 0.168000E-02 0.312000E-02 0.184000E-02 0.280000E-02 0.120000E-02 0.120000E-02 0.184000E-02 0.168000E-02 0.144000E-02 0.640000E-03 0.960000E-03 0.640000E-03 0.640000E-03 0.104000E-02 0.800000E-03 0.560000E-03 0.640000E-03 0.800000E-04 0.560000E-03 0.160000E-03 0.160000E-03 0.240000E-03 0.000000E+00 0.160000E-03 0.240000E-03 0.800000E-04 0.160000E-03 0.240000E-03 0.000000E+00 0.000000E+00 0.000000E+00 0.800000E-04 0.000000E+00 0.000000E+00 0.000000E+00 0.000000E+00 0.000000E+00 0.800000E-04 0.000000E+00 0.800000E-04 0.000000E+00 0.000000E+00 0.000000E+00 0.000000E+00 0.000000E+00 0.000000E+00 0.000000E+00 0.000000E+00 0.000000E+00 0.000000E+00 0.000000E+00 0.000000E+00 0.000000E+00 0.000000E+00 0.000000E+00 0.000000E+00 0.000000E+00 0.000000E+00 0.000000E+00 0.000000E+00 0.000000E+00 0.000000E+00 0.000000E+00 0.000000E+00 0.000000E+00 0.000000E+00 0.000000E+00 0.000000E+00 0.000000E+00 0.000000E+00 0.000000E+00 0.000000E+00 0.000000E+00 0.000000E+00 0.000000E+00 0.000000E+00 0.000000E+00 0.000000E+00 0.000000E+00 0.000000E+00 0.000000E+00 0.000000E+00 0.000000E+00 0.000000E+00 0.000000E+00 0.000000E+00 0.000000E+00 0.000000E+00
 0.242936E+01 0.251736E+01 0.233952E+01 0.218136E+01 0.203304E+01 0.186624E+01 0.172760E+01 0.160840E+01 0.146888E+01 0.136248E+01 0.125384E+01 0.116968E+01 0.109592E+01 0.102584E+01 0.957680E+00 0.889680E+00 0.846000E+00 0.791280E+00 0.748320E+00 0.702560E+00 0.655920E+00 0.622240E+00 0.583120E+00 0.555760E+00 0.516400E+00 0.486800E+00 0.467120E+00 0.443920E+00 0.420960E+00 0.398240E+00 0.383600E+00 0.353360E+00 0.344560E+00 0.334320E+00 0.305120E+00 0.280400E+00 0.290320E+00 0.269360E+00 0.251520E+00 0.241120E+00 0.223760E+00 0.211680E+00 0.204640E+00 0.195360E+00 0.191040E+00 0.188000E+00 0.178400E+00 0.165600E+00 0.159440E+00 0.147760E+00 0.144560E+00 0.134320E+00 0.132320E+00 0.123760E+00 0.119440E+00 0.113040E+00 0.106960E+00 0.984000E-01 0.935200E-01 0.917600E-01 0.874400E-01 0.847200E-01 0.741600E-01 0.730400E-01 0.747200E-01 0.680000E-01 0.648000E-01 0.599200E-01 0.571200E-01 0.522400E-01 0.560800E-01 0.489600E-01 0.485600E-01 0.411200E-01 0.415200E-01 0.404800E-01 0.344800E-01 0.349600E-01 0.328800E-01 0.299200E-01 0.309600E-01 0.282400E-01 0.296800E-01 0.244800E-01 0.238400E-01 0.236000E-01 0.204800E-01 0.196800E-01 0.174400E-01 0.165600E-01 0.166400E-01 0.176800E-01 0.160800E-01 0.124800E-01 0.104000E-01 0.132000E-01 0.100800E-01 0.944000E-02 0.872000E-02 0.896000E-02 0.728000E-02 0.776000E-02 0.640000E-02 0.600000E-02 0.496000E-02 0.544000E-02 0.600000E-02 0.520000E-02 0.464000E-02 0.392000E-02 0.408000E-02 0.288000E-02 0.392000E-02 0.232000E-02 0.248000E-02 0.184000E-02 0.240000E-02 0.232000E-02 0.224000E-02 0.144000E-02 0.640000E-03 0.160000E-02 0.160000E-02 0.136000E-02 0.800000E-03 0.960000E-03 0.640000E-03 0.720000E-03 0.480000E-03 0.560000E-03 0.320000E-03 0.640000E-03 0.640000E-03 0.320000E-03 0.800000E-04 0.800000E-04 0.800000E-04 0.800000E-04 0.320000E-03 0.800000E-04 0.800000E-04 0.000000E+00 0.000000E+00 0.000000E+00 0.800000E-04 0.000000E+00 0.000000E+00 0.000000E+00 0.000000E+00 0.000000E+00 0.000000E+00 0.000000E+00 0.000000E+00 0.000000E+00 0.000000E+00 0.000000E+00 0.000000E+00 0.000000E+00 0.000000E+00 0.000000E+00 0.000000E+00 0.000000E+00 0.000000E+00 0.000000E+00 0.000000E+00 0.000000E+00 0.000000E+00 0.000000E+00 0.000000E+00 0.000000E+00 0.000000E+00 0.000000E+00 0.000000E+00 0.000000E+00 0.000000E+00 0.000000E+00 0.000000E+00 0.000000E+00 0.000000E+00 0.000000E+00 0.000000E+00 0.000000E+00 0.000000E+00 0.000000E+00 0.000000E+00 0.000000E+00 0.000000E+00 0.000000E+00 0.000000E+00 0.000000E+00 0.000000E+00 0.000000E+00 0.000000E+00 0.000000E+00 0.000000E+00 0.000000E+00 0.000000E+00 0.000000E+00 0.000000E+00 0.000000E+00
 0.898160E+00 0.932960E+00 0.863440E+00 0.840560E+00 0.782320E+00 0.748400E+00 0.713600E+00 0.662720E+00 0.632560E+00 0.581680E+00 0.565040E+00 0.524640E+00 0.489200E+00 0.478560E+00 0.442320E+00 0.416720E+00 0.401840E+00 0.377680E+00 0.352720E+00 0.333680E+00 0.313280E+00 0.298080E+00 0.275680E+00 0.255280E+00 0.245840E+00 0.231120E+00 0.214960E+00 0.209920E+00 0.198240E+00 0.176640E+00 0.166880E+00 0.155920E+00 0.146000E+00 0.145200E+00 0.132320E+00 0.123040E+00 0.110400E+00 0.104960E+00 0.104560E+00 0.942400E-01 0.864000E-01 0.818400E-01 0.745600E-01 0.696000E-01 0.623200E-01 0.563200E-01 0.548800E-01 0.517600E-01 0.467200E-01 0.432000E-01 0.409600E-01 0.381600E-01 0.364000E-01 0.308000E-01 0.273600E-01 0.289600E-01 0.256800E-01 0.196000E-01 0.197600E-01 0.188800E-01 0.192000E-01 0.140000E-01 0.158400E-01 0.154400E-01 0.126400E-01 0.124000E-01 0.102400E-01 0.896000E-02 0.800000E-02 0.600000E-02 0.792000E-02 0.504000E-02 0.664000E-02 0.464000E-02 0.520000E-02 0.416000E-02 0.336000E-02 0.200000E-02 0.360000E-02 0.320000E-02 0.248000E-02 0.208000E-02 0.176000E-02 0.144000E-02 0.200000E-02 0.960000E-03 0.960000E-03 0.880000E-03 0.480000E-03 0.960000E-03 0.104000E-02 0.560000E-03 0.480000E-03 0.720000E-03 0.560000E-03 0.640000E-03 0.320000E-03 0.320000E-03 0.400000E-03 0.400000E-03 0.400000E-03 0.320000E-03 0.240000E-03 0.560000E-03 0.000000E+00 0.240000E-03 0.000000E+00 0.800000E-04 0.000000E+00 0.800000E-04 0.800000E-04 0.160000E-03 0.240000E-03 0.160000E-03 0.000000E+00 0.800000E-04 0.000000E+00 0.800000E-04 0.000000E+00 0.800000E-04 0.000000E+00 0.000000E+00 0.800000E-04 0.000000E+00 0.000000E+00 0.000000E+00 0.000000E+00 0.000000E+00 0.000000E+00 0.000000E+00 0.800000E-04 0.000000E+00 0.000000E+00 0.000000E+00 0.160000E-03 0.000000E+00 0.000000E+00 0.000000E+00 0.000000E+00 0.000000E+00 0.000000E+00 0.000000E+00 0.000000E+00 0.000000E+00 0.000000E+00 0.000000E+00 0.000000E+00 0.000000E+00 0.000000E+00 0.000000E+00 0.000000E+00 0.000000E+00 0.000000E+00 0.000000E+00 0.000000E+00 0.000000E+00 0.000000E+00 0.000000E+00 0.000000E+00 0.000000E+00 0.000000E+00 0.000000E+00 0.000000E+00 0.000000E+00 0.000000E+00 0.000000E+00 0.000000E+00 0.000000E+00 0.000000E+00 0.000000E+00 0.000000E+00 0.000000E+00 0.000000E+00 0.000000E+00 0.000000E+00 0.000000E+00 0.000000E+00 0.000000E+00 0.000000E+00 0.000000E+00 0.000000E+00 0.000000E+00 0.000000E+00 0.000000E+00 0.000000E+00 0.000000E+00 0.000000E+00 0.000000E+00 0.000000E+00 0.000000E+00 0.000000E+00 0.000000E+00 0.000000E+00 0.000000E+00 0.000000E+00 0.000000E+00 0.000000E+00 0.000000E+00 0.000000E+00 0.000000E+00
 0.856480E+00 0.907280E+00 0.862400E+00 0.823520E+00 0.787760E+00 0.719120E+00 0.708880E+00 0.651840E+00 0.616720E+00 0.580000E+00 0.569120E+00 0.519920E+00 0.494240E+00 0.465200E+00 0.451360E+00 0.424640E+00 0.401280E+00 0.378320E+00 0.359120E+00 0.330400E+00 0.314080E+00 0.310320E+00 0.290640E+00 0.272800E+00 0.256560E+00 0.240480E+00 0.216160E+00 0.214480E+00 0.192880E+00 0.186560E+00 0.171280E+00 0.158480E+00 0.152960E+00 0.146800E+00 0.134480E+00 0.119040E+00 0.114400E+00 0.106240E+00 0.102560E+00 0.932000E-01 0.880000E-01 0.828800E-01 0.786400E-01 0.691200E-01 0.620800E-01 0.656000E-01 0.542400E-01 0.552000E-01 0.470400E-01 0.425600E-01 0.435200E-01 0.368000E-01 0.382400E-01 0.325600E-01 0.309600E-01 0.282400E-01 0.260000E-01 0.251200E-01 0.236800E-01 0.210400E-01 0.184800E-01 0.161600E-01 0.160000E-01 0.136000E-01 0.143200E-01 0.129600E-01 0.840000E-02 0.984000E-02 0.880000E-02 0.704000E-02 0.680000E-02 0.568000E-02 0.536000E-02 0.600000E-02 0.496000E-02 0.392000E-02 0.400000E-02 0.328000E-02 0.296000E-02 0.184000E-02 0.280000E-02 0.216000E-02 0.152000E-02 0.160000E-02 0.128000E-02 0.128000E-02 0.144000E-02 0.136000E-02 0.400000E-03 0.880000E-03 0.640000E-03 0.640000E-03 0.480000E-03 0.640000E-03 0.560000E-03 0.720000E-03 0.400000E-03 0.400000E-03 0.640000E-03 0.320000E-03 0.240000E-03 0.480000E-03 0.160000E-03 0.160000E-03 0.160000E-03 0.800000E-04 0.320000E-03 0.800000E-04 0.800000E-04 0.800000E-04 0.160000E-03 0.000000E+00 0.240000E-03 0.000000E+00 0.000000E+00 0.800000E-04 0.000000E+00 0.800000E-04 0.000000E+00 0.000000E+00 0.000000E+00 0.000000E+00 0.000000E+00 0.000000E+00 0.000000E+00 0.000000E+00 0.000000E+00 0.800000E-04 0.000000E+00 0.000000E+00 0.800000E-04 0.000000E+00 0.000000E+00 0.000000E+00 0.000000E+00 0.000000E+00 0.000000E+00 0.000000E+00 0.000000E+00 0.000000E+00 0.000000E+00 0.000000E+00 0.000000E+00 0.000000E+00 0.000000E+00 0.000000E+00 0.000000E+00 0.000000E+00 0.000000E+00 0.000000E+00 0.000000E+00 0.000000E+00 0.000000E+00 0.000000E+00 0.000000E+00 0.000000E+00 0.000000E+00 0.000000E+00 0.000000E+00 0.000000E+00 0.000000E+00 0.000000E+00 0.000000E+00 0.000000E+00 0.000000E+00 0.000000E+00 0.000000E+00 0.000000E+00 0.000000E+00 0.000000E+00 0.000000E+00 0.000000E+00 0.000000E+00 0.000000E+00 0.000000E+00 0.000000E+00 0.000000E+00 0.000000E+00 0.000000E+00 0.000000E+00 0.000000E+00 0.000000E+00 0.000000E+00 0.000000E+00 0.000000E+00 0.000000E+00 0.000000E+00 0.000000E+00 0.000000E+00 0.000000E+00 0.000000E+00 0.000000E+00 0.000000E+00 0.000000E+00 0.000000E+00 0.000000E+00 0.000000E+00 0.000000E+00 0.000000E+00 0.000000E+00
 0.240112E+01 0.251672E+01 0.234672E+01 0.218800E+01 0.200720E+01 0.185616E+01 0.170368E+01 0.157816E+01 0.145704E+01 0.135472E+01 0.127744E+01 0.117304E+01 0.110960E+01 0.101088E+01 0.956720E+00 0.888800E+00 0.838560E+00 0.779280E+00 0.739760E+00 0.692960E+00 0.656560E+00 0.606960E+00 0.570880E+00 0.527120E+00 0.524160E+00 0.483680E+00 0.469200E+00 0.432320E+00 0.420000E+00 0.389840E+00 0.379520E+00 0.343040E+00 0.346000E+00 0.316960E+00 0.302000E+00 0.282480E+00 0.266960E+00 0.258320E+00 0.247120E+00 0.228800E+00 0.219920E+00 0.211520E+00 0.195040E+00 0.199440E+00 0.177600E+00 0.172160E+00 0.163680E+00 0.152400E+00 0.150640E+00 0.138080E+00 0.135200E+00 0.129360E+00 0.113440E+00 0.115680E+00 0.115920E+00 0.101600E+00 0.999200E-01 0.909600E-01 0.913600E-01 0.841600E-01 0.824000E-01 0.808800E-01 0.732800E-01 0.697600E-01 0.688000E-01 0.593600E-01 0.591200E-01 0.534400E-01 0.579200E-01 0.483200E-01 0.472000E-01 0.472000E-01 0.414400E-01 0.456000E-01 0.359200E-01 0.328800E-01 0.328000E-01 0.299200E-01 0.320800E-01 0.290400E-01 0.255200E-01 0.250400E-01 0.243200E-01 0.232000E-01 0.249600E-01 0.211200E-01 0.194400E-01 0.176000E-01 0.152000E-01 0.146400E-01 0.150400E-01 0.144000E-01 0.132000E-01 0.102400E-01 0.116000E-01 0.111200E-01 0.840000E-02 0.856000E-02 0.800000E-02 0.824000E-02 0.816000E-02 0.664000E-02 0.632000E-02 0.568000E-02 0.528000E-02 0.504000E-02 0.464000E-02 0.456000E-02 0.392000E-02 0.344000E-02 0.288000E-02 0.336000E-02 0.264000E-02 0.280000E-02 0.176000E-02 0.224000E-02 0.136000E-02 0.160000E-02 0.152000E-02 0.168000E-02 0.120000E-02 0.176000E-02 0.800000E-03 0.720000E-03 0.720000E-03 0.800000E-03 0.880000E-03 0.240000E-03 0.480000E-03 0.560000E-03 0.160000E-03 0.240000E-03 0.560000E-03 0.320000E-03 0.800000E-04 0.800000E-04 0.800000E-04 0.160000E-03 0.800000E-04 0.160000E-03 0.000000E+00 0.000000E+00 0.000000E+00 0.800000E-04 0.800000E-04 0.000000E+00 0.800000E-04 0.000000E+00 0.000000E+00 0.000000E+00 0.000000E+00 0.000000E+00 0.000000E+00 0.000000E+00 0.000000E+00 0.000000E+00 0.000000E+00 0.000000E+00 0.000000E+00 0.000000E+00 0.000000E+00 0.000000E+00 0.000000E+00 0.000000E+00 0.000000E+00 0.000000E+00 0.000000E+00 0.000000E+00 0.000000E+00 0.000000E+00 0.000000E+00 0.000000E+00 0.000000E+00 0.000000E+00 0.000000E+00 0.000000E+00 0.000000E+00 0.000000E+00 0.000000E+00 0.000000E+00 0.000000E+00 0.000000E+00 0.000000E+00 0.000000E+00 0.000000E+00 0.000000E+00 0.000000E+00 0.000000E+00 0.000000E+00 0.000000E+00 0.000000E+00 0.000000E+00 0.000000E+00 0.000000E+00 0.000000E+00 0.000000E+00 0.000000E+00 0.000000E+00 0.000000E+00 0.000000E+00
 0.241240E+01 0.246128E+01 0.231736E+01 0.216584E+01 0.202496E+01 0.184960E+01 0.170208E+01 0.158744E+01 0.147080E+01 0.136840E+01 0.125968E+01 0.118880E+01 0.111568E+01 0.102560E+01 0.969840E+00 0.898080E+00 0.835120E+00 0.798320E+00 0.738160E+00 0.700240E+00 0.661840E+00 0.626000E+00 0.593760E+00 0.557360E+00 0.534160E+00 0.500000E+00 0.473120E+00 0.457680E+00 0.424560E+00 0.412240E+00 0.388480E+00 0.365120E+00 0.341040E+00 0.326720E+00 0.310560E+00 0.300000E+00 0.278400E+00 0.268400E+00 0.253840E+00 0.250960E+00 0.234000E+00 0.224640E+00 0.209360E+00 0.195120E+00 0.189760E+00 0.181680E+00 0.174240E+00 0.160000E+00 0.153680E+00 0.151360E+00 0.145040E+00 0.138480E+00 0.133200E+00 0.125440E+00 0.116160E+00 0.113440E+00 0.108880E+00 0.100560E+00 0.944800E-01 0.910400E-01 0.921600E-01 0.856000E-01 0.812800E-01 0.712000E-01 0.736000E-01 0.704800E-01 0.632800E-01 0.650400E-01 0.605600E-01 0.532800E-01 0.536000E-01 0.452000E-01 0.486400E-01 0.444800E-01 0.402400E-01 0.384000E-01 0.364000E-01 0.376800E-01 0.353600E-01 0.317600E-01 0.308800E-01 0.274400E-01 0.254400E-01 0.240000E-01 0.240800E-01 0.230400E-01 0.217600E-01 0.215200E-01 0.187200E-01 0.184000E-01 0.181600E-01 0.171200E-01 0.135200E-01 0.152000E-01 0.139200E-01 0.135200E-01 0.104000E-01 0.105600E-01 0.960000E-02 0.800000E-02 0.832000E-02 0.752000E-02 0.840000E-02 0.680000E-02 0.584000E-02 0.584000E-02 0.576000E-02 0.456000E-02 0.464000E-02 0.400000E-02 0.312000E-02 0.416000E-02 0.384000E-02 0.248000E-02 0.280000E-02 0.280000E-02 0.200000E-02 0.120000E-02 0.168000E-02 0.120000E-02 0.104000E-02 0.960000E-03 0.144000E-02 0.112000E-02 0.560000E-03 0.880000E-03 0.560000E-03 0.640000E-03 0.640000E-03 0.320000E-03 0.560000E-03 0.640000E-03 0.240000E-03 0.240000E-03 0.240000E-03 0.320000E-03 0.400000E-03 0.800000E-04 0.800000E-04 0.240000E-03 0.000000E+00 0.320000E-03 0.000000E+00 0.240000E-03 0.800000E-04 0.800000E-04 0.000000E+00 0.800000E-04 0.000000E+00 0.000000E+00 0.800000E-04 0.000000E+00 0.000000E+00 0.000000E+00 0.000000E+00 0.000000E+00 0.000000E+00 0.000000E+00 0.000000E+00 0.000000E+00 0.000000E+00 0.000000E+00 0.000000E+00 0.000000E+00 0.000000E+00 0.000000E+00 0.000000E+00 0.000000E+00 0.000000E+00 0.000000E+00 0.000000E+00 0.000000E+00 0.000000E+00 0.000000E+00 0.000000E+00 0.000000E+00 0.000000E+00 0.000000E+00 0.000000E+00 0.000000E+00 0.000000E+00 0.000000E+00 0.000000E+00 0.000000E+00 0.000000E+00 0.000000E+00 0.000000E+00 0.000000E+00 0.000000E+00 0.000000E+00 0.000000E+00 0.000000E+00 0.000000E+00 0.000000E+00 0.000000E+00 0.000000E+00 0.000000E+00 0.000000E+00 0.000000E+00 0.000000E+00
 0.245312E+01 0.255232E+01 0.236448E+01 0.218040E+01 0.199616E+01 0.185296E+01 0.172136E+01 0.158304E+01 0.148528E+01 0.135728E+01 0.126632E+01 0.116936E+01 0.108720E+01 0.101672E+01 0.954080E+00 0.876880E+00 0.816080E+00 0.775680E+00 0.728480E+00 0.679840E+00 0.634000E+00 0.600320E+00 0.578800E+00 0.541520E+00 0.510720E+00 0.479040E+00 0.454880E+00 0.436480E+00 0.408560E+00 0.390160E+00 0.370400E+00 0.347840E+00 0.327680E+00 0.311680E+00 0.284880E+00 0.282560E+00 0.268160E+00 0.261520E+00 0.242800E+00 0.225360E+00 0.223520E+00 0.209760E+00 0.201920E+00 0.183440E+00 0.187840E+00 0.174880E+00 0.154720E+00 0.156400E+00 0.149040E+00 0.136560E+00 0.136880E+00 0.122240E+00 0.122720E+00 0.116880E+00 0.107760E+00 0.107280E+00 0.100480E+00 0.924800E-01 0.909600E-01 0.896800E-01 0.800000E-01 0.752000E-01 0.730400E-01 0.724000E-01 0.660800E-01 0.612000E-01 0.572800E-01 0.556800E-01 0.523200E-01 0.453600E-01 0.468800E-01 0.428000E-01 0.440800E-01 0.363200E-01 0.388000E-01 0.372000E-01 0.324000E-01 0.328000E-01 0.324800E-01 0.300000E-01 0.279200E-01 0.265600E-01 0.232000E-01 0.219200E-01 0.195200E-01 0.196000E-01 0.179200E-01 0.188800E-01 0.164000E-01 0.158400E-01 0.146400E-01 0.141600E-01 0.119200E-01 0.108000E-01 0.108800E-01 0.102400E-01 0.100800E-01 0.784000E-02 0.864000E-02 0.808000E-02 0.688000E-02 0.656000E-02 0.568000E-02 0.584000E-02 0.448000E-02 0.536000E-02 0.592000E-02 0.392000E-02 0.296000E-02 0.360000E-02 0.304000E-02 0.304000E-02 0.168000E-02 0.312000E-02 0.184000E-02 0.280000E-02 0.120000E-02 0.120000E-02 0.184000E-02 0.168000E-02 0.144000E-02 0.640000E-03 0.960000E-03 0.640000E-03 0.640000E-03 0.104000E-02 0.800000E-03 0.560000E-03 0.640000E-03 0.800000E-04 0.560000E-03 0.160000E-03 0.160000E-03 0.240000E-03 0.000000E+00 0.160000E-03 0.240000E-03 0.800000E-04 0.160000E-03 0.240000E-03 0.000000E+00 0.000000E+00 0.000000E+00 0.800000E-04 0.000000E+00 0.000000E+00 0.000000E+00 0.000000E+00 0.000000E+00 0.800000E-04 0.000000E+00 0.800000E-04 0.000000E+00 0.000000E+00 0.000000E+00 0.000000E+00 0.000000E+00 0.000000E+00 0.000000E+00 0.000000E+00 0.000000E+00 0.000000E+00 0.000000E+00 0.000000E+00 0.000000E+00 0.000000E+00 0.000000E+00 0.000000E+00 0.000000E+00 0.000000E+00 0.000000E+00 0.000000E+00 0.000000E+00 0.000000E+00 0.000000E+00 0.000000E+00 0.000000E+00 0.000000E+00 0.000000E+00 0.000000E+00 0.000000E+00 0.000000E+00 0.000000E+00 0.000000E+00 0.000000E+00 0.000000E+00 0.000000E+00 0.000000E+00 0.000000E+00 0.000000E+00 0.000000E+00 0.000000E+00 0.000000E+00 0.000000E+00 0.000000E+00 0.000000E+00 0.000000E+00 0.000000E+00 0.000000E+00 0.000000E+00
 0.242936E+01 0.251736E+01 0.233952E+01 0.218136E+01 0.203304E+01 0.186624E+01 0.172760E+01 0.160840E+01 0.146888E+01 0.136248E+01 0.125384E+01 0.116968E+01 0.109592E+01 0.102584E+01 0.957680E+00 0.889680E+00 0.846000E+00 0.791280E+00 0.748320E+00 0.702560E+00 0.655920E+00 0.622240E+00 0.583120E+00 0.555760E+00 0.516400E+00 0.486800E+00 0.467120E+00 0.443920E+00 0.420960E+00 0.398240E+00 0.383600E+00 0.353360E+00 0.344560E+00 0.334320E+00 0.305120E+00 0.280400E+00 0.290320E+00 0.269360E+00 0.251520E+00 0.241120E+00 0.223760E+00 0.211680E+00 0.204640E+00 0.195360E+00 0.191040E+00 0.188000E+00 0.178400E+00 0.165600E+00 0.159440E+00 0.147760E+00 0.144560E+00 0.134320E+00 0.132320E+00 0.123760E+00 0.119440E+00 0.113040E+00 0.106960E+00 0.984000E-01 0.935200E-01 0.917600E-01 0.874400E-01 0.847200E-01 0.741600E-01 0.730400E-01 0.747200E-01 0.680000E-01 0.648000E-01 0.599200E-01 0.571200E-01 0.522400E-01 0.560800E-01 0.489600E-01 0.485600E-01 0.411200E-01 0.415200E-01 0.404800E-01 0.344800E-01 0.349600E-01 0.328800E-01 0.299200E-01 0.309600E-01 0.282400E-01 0.296800E-01 0.244800E-01 0.238400E-01 0.236000E-01 0.204800E-01 0.196800E-01 0.174400E-01 0.165600E-01 0.166400E-01 0.176800E-01 0.160800E-01 0.124800E-01 0.104000E-01 0.132000E-01 0.100800E-01 0.944000E-02 0.872000E-02 0.896000E-02 0.728000E-02 0.776000E-02 0.640000E-02 0.600000E-02 0.496000E-02 0.544000E-02 0.600000E-02 0.520000E-02 0.464000E-02 0.392000E-02 0.408000E-02 0.288000E-02 0.392000E-02 0.232000E-02 0.248000E-02 0.184000E-02 0.240000E-02 0.232000E-02 0.224000E-02 0.144000E-02 0.640000E-03 0.160000E-02 0.160000E-02 0.136000E-02 0.800000E-03 0.960000E-03 0.640000E-03 0.720000E-03 0.480000E-03 0.560000E-03 0.320000E-03 0.640000E-03 0.640000E-03 0.320000E-03 0.800000E-04 0.800000E-04 0.800000E-04 0.800000E-04 0.320000E-03 0.800000E-04 0.800000E-04 0.000000E+00 0.000000E+00 0.000000E+00 0.800000E-04 0.000000E+00 0.000000E+00 0.000000E+00 0.000000E+00 0.000000E+00 0.000000E+00 0.000000E+00 0.000000E+00 0.000000E+00 0.000000E+00 0.000000E+00 0.000000E+00 0.000000E+00 0.000000E+00 0.000000E+00 0.000000E+00 0.000000E+00 0.000000E+00 0.000000E+00 0.000000E+00 0.000000E+00 0.000000E+00 0.000000E+00 0.000000E+00 0.000000E+00 0.000000E+00 0.000000E+00 0.000000E+00 0.000000E+00 0.000000E+00 0.000000E+00 0.000000E+00 0.000000E+00 0.000000E+00 0.000000E+00 0.000000E+00 0.000000E+00 0.000000E+00 0.000000E+00 0.000000E+00 0.000000E+00 0.000000E+00 0.000000E+00 0.000000E+00 0.000000E+00 0.000000E+00 0.000000E+00 0.000000E+00 0.000000E+00 0.000000E+00 0.000000E+00 0.000000E+00 0.000000E+00 0.000000E+00 0.000000E+00
 0.898160E+00 0.932960E+00 0.863440E+00 0.840560E+00 0.782320E+00 0.748400E+00 0.713600E+00 0.662720E+00 0.632560E+00 0.581680E+00 0.565040E+00 0.524640E+00 0.489200E+00 0.478560E+00 0.442320E+00 0.416720E+00 0.401840E+00 0.377680E+00 0.352720E+00 0.333680E+00 0.313280E+00 0.298080E+00 0.275680E+00 0.255280E+00 0.245840E+00 0.231120E+00 0.214960E+00 0.209920E+00 0.198240E+00 0.176640E+00 0.166880E+00 0.155920E+00 0.146000E+00 0.145200E+00 0.132320E+00 0.123040E+00 0.110400E+00 0.104960E+00 0.104560E+00 0.942400E-01 0.864000E-01 0.818400E-01 0.745600E-01 0.696000E-01 0.623200E-01 0.563200E-01 0.548800E-01 0.517600E-01 0.467200E-01 0.432000E-01 0.409600E-01 0.381600E-01 0.364000E-01 0.308000E-01 0.273600E-01 0.289600E-01 0.256800E-01 0.196000E-01 0.197600E-01 0.188800E-01 0.192000E-01 0.140000E-01 0.158400E-01 0.154400E-01 0.126400E-01 0.124000E-01 0.102400E-01 0.896000E-02 0.800000E-02 0.600000E-02 0.792000E-02 0.504000E-02 0.664000E-02 0.464000E-02 0.520000E-02 0.416000E-02 0.336000E-02 0.200000E-02 0.360000E-02 0.320000E-02 0.248000E-02 0.208000E-02 0.176000E-02 0.144000E-02 0.200000E-02 0.960000E-03 0.960000E-03 0.880000E-03 0.480000E-03 0.960000E-03 0.104000E-02 0.560000E-03 0.480000E-03 0.720000E-03 0.560000E-03 0.640000E-03 0.320000E-03 0.320000E-03 0.400000E-03 0.400000E-03 0.400000E-03 0.320000E-03 0.240000E-03 0.560000E-03 0.000000E+00 0.240000E-03 0.000000E+00 0.800000E-04 0.000000E+00 0.800000E-04 0.800000E-04 0.160000E-03 0.240000E-03 0.160000E-03 0.000000E+00 0.800000E-04 0.000000E+00 0.800000E-04 0.000000E+00 0.800000E-04 0.000000E+00 0.000000E+00 0.800000E-04 0.000000E+00 0.000000E+00 0.000000E+00 0.000000E+00 0.000000E+00 0.000000E+00 0.000000E+00 0.800000E-04 0.000000E+00 0.000000E+00 0.000000E+00 0.160000E-03 0.000000E+00 0.000000E+00 0.000000E+00 0.000000E+00 0.000000E+00 0.000000E+00 0.000000E+00 0.000000E+00 0.000000E+00 0.000000E+00 0.000000E+00 0.000000E+00 0.000000E+00 0.000000E+00 0.000000E+00 0.000000E+00 0.000000E+00 0.000000E+00 0.000000E+00 0.000000E+00 0.000000E+00 0.000000E+00 0.000000E+00 0.000000E+00 0.000000E+00 0.000000E+00 0.000000E+00 0.000000E+00 0.000000E+00 0.000000E+00 0.000000E+00 0.000000E+00 0.000000E+00 0.000000E+00 0.000000E+00 0.000000E+00 0.000000E+00 0.000000E+00 0.000000E+00 0.000000E+00 0.000000E+00 0.000000E+00 0.000000E+00 0.000000E+00 0.000000E+00 0.000000E+00 0.000000E+00 0.000000E+00 0.000000E+00 0.000000E+00 0.000000E+00 0.000000E+00 0.000000E+00 0.000000E+00 0.000000E+00 0.000000E+00 0.000000E+00 0.000000E+00 0.000000E+00 0.000000E+00 0.000000E+00 0.000000E+00 0.000000E+00 0.000000E+00 0.000000E+00
 0.856480E+00 0.907280E+00 0.862400E+00 0.823520E+00 0.787760E+00 0.719120E+00 0.708880E+00 0.651840E+00 0.616720E+00 0.580000E+00 0.569120E+00 0.519920E+00 0.494240E+00 0.465200E+00 0.451360E+00 0.424640E+00 0.401280E+00 0.378320E+00 0.359120E+00 0.330400E+00 0.314080E+00 0.310320E+00 0.290640E+00 0.272800E+00 0.256560E+00 0.240480E+00 0.216160E+00 0.214480E+00 0.192880E+00 0.186560E+00 0.171280E+00 0.158480E+00 0.152960E+00 0.146800E+00 0.134480E+00 0.119040E+00 0.114400E+00 0.106240E+00 0.102560E+00 0.932000E-01 0.880000E-01 0.828800E-01 0.786400E-01 0.691200E-01 0.620800E-01 0.656000E-01 0.542400E-01 0.552000E-01 0.470400E-01 0.425600E-01 0.435200E-01 0.368000E-01 0.382400E-01 0.325600E-01 0.309600E-01 0.282400E-01 0.260000E-01 0.251200E-01 0.236800E-01 0.210400E-01 0.184800E-01 0.161600E-01 0.160000E-01 0.136000E-01 0.143200E-01 0.129600E-01 0.840000E-02 0.984000E-02 0.880000E-02 0.704000E-02 0.680000E-02 0.568000E-02 0.536000E-02 0.600000E-02 0.496000E-02 0.392000E-02 0.400000E-02 0.328000E-02 0.296000E-02 0.184000E-02 0.280000E-02 0.216000E-02 0.152000E-02 0.160000E-02 0.128000E-02 0.128000E-02 0.144000E-02 0.136000E-02 0.400000E-03 0.880000E-03 0.640000E-03 0.640000E-03 0.480000E-03 0.640000E-03 0.560000E-03 0.720000E-03 0.400000E-03 0.400000E-03 0.640000E-03 0.320000E-03 0.240000E-03 0.480000E-03 0.160000E-03 0.160000E-03 0.160000E-03 0.800000E-04 0.320000E-03 0.800000E-04 0.800000E-04 0.800000E-04 0.160000E-03 0.000000E+00 0.240000E-03 0.000000E+00 0.000000E+00 0.800000E-04 0.000000E+00 0.800000E-04 0.000000E+00 0.000000E+00 0.000000E+00 0.000000E+00 0.000000E+00 0.000000E+00 0.000000E+00 0.000000E+00 0.000000E+00 0.800000E-04 0.000000E+00 0.000000E+00 0.800000E-04 0.000000E+00 0.000000E+00 0.000000E+00 0.000000E+00 0.000000E+00 0.000000E+00 0.000000E+00 0.000000E+00 0.000000E+00 0.000000E+00 0.000000E+00 0.000000E+00 0.000000E+00 0.000000E+00 0.000000E+00 0.000000E+00 0.000000E+00 0.000000E+00 0.000000E+00 0.000000E+00 0.000000E+00 0.000000E+00 0.000000E+00 0.000000E+00 0.000000E+00 0.000000E+00 0.000000E+00 0.000000E+00 0.000000E+00 0.000000E+00 0.000000E+00 0.000000E+00 0.000000E+00 0.000000E+00 0.000000E+00 0.000000E+00 0.000000E+00 0.000000E+00 0.000000E+00 0.000000E+00 0.000000E+00 0.000000E+00 0.000000E+00 0.000000E+00 0.000000E+00 0.000000E+00 0.000000E+00 0.000000E+00 0.000000E+00 0.000000E+00 0.000000E+00 0.000000E+00 0.000000E+00 0.000000E+00 0.000000E+00 0.000000E+00 0.000000E+00 0.000000E+00 0.000000E+00 0.000000E+00 0.000000E+00 0.000000E+00 0.000000E+00 0.000000E+00 0.000000E+00 0.000000E+00 0.000000E+00 0.000000E+00 0.000000E+00
 0.128000E-02 0.248000E-02 0.176000E-02 0.128000E-02 0.192000E-02 0.720000E-03 0.184000E-02 0.120000E-02 0.320000E-03 0.128000E-02 0.720000E-03 0.480000E-03 0.480000E-03 0.560000E-03 0.160000E-03 0.400000E-03 0.160000E-03 0.800000E-04 0.320000E-03 0.320000E-03 0.240000E-03 0.800000E-04 0.000000E+00 0.000000E+00 0.000000E+00 0.800000E-04 0.800000E-04 0.800000E-04 0.000000E+00 0.800000E-04 0.000000E+00 0.000000E+00 0.800000E-04 0.000000E+00 0.000000E+00 0.000000E+00 0.000000E+00 0.000000E+00 0.000000E+00 0.000000E+00 0.000000E+00 0.000000E+00 0.000000E+00 0.000000E+00 0.000000E+00 0.000000E+00 0.000000E+00 0.000000E+00 0.000000E+00 0.000000E+00 0.000000E+00 0.800000E-04 0.000000E+00 0.000000E+00 0.000000E+00 0.000000E+00 0.000000E+00 0.000000E+00 0.000000E+00 0.000000E+00 0.000000E+00 0.000000E+00 0.000000E+00 0.000000E+00 0.000000E+00 0.000000E+00 0.000000E+00 0.000000E+00 0.000000E+00 0.000000E+00 0.000000E+00 0.000000E+00 0.000000E+00 0.000000E+00 0.000000E+00 0.000000E+00 0.000000E+00 0.000000E+00 0.000000E+00 0.000000E+00 0.000000E+00 0.000000E+00 0.000000E+00 0.000000E+00 0.000000E+00 0.000000E+00 0.000000E+00 0.000000E+00 0.000000E+00 0.000000E+00 0.000000E+00 0.000000E+00 0.000000E+00 0.000000E+00 0.000000E+00 0.000000E+00 0.000000E+00 0.000000E+00 0.000000E+00 0.000000E+00 0.000000E+00 0.000000E+00 0.000000E+00 0.000000E+00 0.000000E+00 0.000000E+00 0.000000E+00 0.000000E+00 0.000000E+00 0.000000E+00 0.000000E+00 0.000000E+00 0.000000E+00 0.000000E+00 0.000000E+00 0.000000E+00 0.000000E+00 0.000000E+00 0.000000E+00 0.000000E+00 0.000000E+00 0.000000E+00 0.000000E+00 0.000000E+00 0.000000E+00 0.000000E+00 0.000000E+00 0.000000E+00 0.000000E+00 0.000000E+00 0.000000E+00 0.000000E+00 0.000000E+00 0.000000E+00 0.000000E+00 0.000000E+00 0.000000E+00 0.000000E+00 0.000000E+00 0.000000E+00 0.000000E+00 0.000000E+00 0.000000E+00 0.000000E+00 0.000000E+00 0.000000E+00 0.000000E+00 0.000000E+00 0.000000E+00 0.000000E+00 0.000000E+00 0.000000E+00 0.000000E+00 0.000000E+00 0.000000E+00 0.000000E+00 0.000000E+00 0.000000E+00 0.000000E+00 0.000000E+00 0.000000E+00 0.000000E+00 0.000000E+00 0.000000E+00 0.000000E+00 0.000000E+00 0.000000E+00 0.000000E+00 0.000000E+00 0.000000E+00 0.000000E+00 0.000000E+00 0.000000E+00 0.000000E+00 0.000000E+00 0.000000E+00 0.000000E+00 0.000000E+00 0.000000E+00 0.000000E+00 0.000000E+00 0.000000E+00 0.000000E+00 0.000000E+00 0.000000E+00 0.000000E+00 0.000000E+00 0.000000E+00 0.000000E+00 0.000000E+00 0.000000E+00 0.000000E+00 0.000000E+00 0.000000E+00 0.000000E+00 0.000000E+00 0.000000E+00 0.000000E+00 0.000000E+00 0.000000E+00
 0.384000E-02 0.408000E-02 0.192000E-02 0.208000E-02 0.120000E-02 0.144000E-02 0.640000E-03 0.160000E-02 0.112000E-02 0.400000E-03 0.320000E-03 0.560000E-03 0.640000E-03 0.480000E-03 0.800000E-04 0.240000E-03 0.480000E-03 0.320000E-03 0.480000E-03 0.800000E-04 0.800000E-04 0.000000E+00 0.800000E-04 0.800000E-04 0.160000E-03 0.160000E-03 0.800000E-04 0.800000E-04 0.000000E+00 0.000000E+00 0.800000E-04 0.000000E+00 0.000000E+00 0.800000E-04 0.000000E+00 0.160000E-03 0.800000E-04 0.800000E-04 0.000000E+00 0.000000E+00 0.000000E+00 0.000000E+00 0.000000E+00 0.000000E+00 0.000000E+00 0.000000E+00 0.000000E+00 0.000000E+00 0.000000E+00 0.000000E+00 0.000000E+00 0.000000E+00 0.000000E+00 0.000000E+00 0.000000E+00 0.000000E+00 0.800000E-04 0.000000E+00 0.000000E+00 0.000000E+00 0.000000E+00 0.000000E+00 0.000000E+00 0.000000E+00 0.000000E+00 0.000000E+00 0.000000E+00 0.000000E+00 0.000000E+00 0.000000E+00 0.000000E+00 0.000000E+00 0.000000E+00 0.000000E+00 0.000000E+00 0.000000E+00 0.000000E+00 0.000000E+00 0.000000E+00 0.000000E+00 0.000000E+00 0.000000E+00 0.000000E+00 0.000000E+00 0.000000E+00 0.000000E+00 0.000000E+00 0.000000E+00 0.000000E+00 0.000000E+00 0.000000E+00 0.000000E+00 0.000000E+00 0.000000E+00 0.000000E+00 0.000000E+00 0.000000E+00 0.000000E+00 0.000000E+00 0.000000E+00 0.000000E+00 0.000000E+00 0.000000E+00 0.000000E+00 0.000000E+00 0.000000E+00 0.000000E+00 0.000000E+00 0.000000E+00 0.000000E+00 0.000000E+00 0.000000E+00 0.000000E+00 0.000000E+00 0.000000E+00 0.000000E+00 0.000000E+00 0.000000E+00 0.000000E+00 0.000000E+00 0.000000E+00 0.000000E+00 0.000000E+00 0.000000E+00 0.000000E+00 0.000000E+00 0.000000E+00 0.000000E+00 0.000000E+00 0.000000E+00 0.000000E+00 0.000000E+00 0.000000E+00 0.000000E+00 0.000000E+00 0.000000E+00 0.000000E+00 0.000000E+00 0.000000E+00 0.000000E+00 0.000000E+00 0.000000E+00 0.000000E+00 0.000000E+00 0.000000E+00 0.000000E+00 0.000000E+00 0.000000E+00 0.000000E+00 0.000000E+00 0.000000E+00 0.000000E+00 0.000000E+00 0.000000E+00 0.000000E+00 0.000000E+00 0.000000E+00 0.000000E+00 0.000000E+00 0.000000E+00 0.000000E+00 0.000000E+00 0.000000E+00 0.000000E+00 0.000000E+00 0.000000E+00 0.000000E+00 0.000000E+00 0.000000E+00 0.000000E+00 0.000000E+00 0.000000E+00 0.000000E+00 0.000000E+00 0.000000E+00 0.000000E+00 0.000000E+00 0.000000E+00 0.000000E+00 0.000000E+00 0.000000E+00 0.000000E+00 0.000000E+00 0.000000E+00 0.000000E+00 0.000000E+00 0.000000E+00 0.000000E+00 0.000000E+00 0.000000E+00 0.000000E+00 0.000000E+00 0.000000E+00 0.000000E+00 0.000000E+00 0.000000E+00 0.000000E+00 0.000000E+00 0.000000E+00 0.000000E+00
 0.176000E-02 0.280000E-02 0.168000E-02 0.136000E-02 0.176000E-02 0.136000E-02 0.112000E-02 0.960000E-03 0.880000E-03 0.720000E-03 0.640000E-03 0.400000E-03 0.400000E-03 0.320000E-03 0.320000E-03 0.240000E-03 0.400000E-03 0.160000E-03 0.400000E-03 0.800000E-04 0.800000E-04 0.480000E-03 0.160000E-03 0.800000E-04 0.160000E-03 0.000000E+00 0.800000E-04 0.160000E-03 0.160000E-03 0.000000E+00 0.000000E+00 0.000000E+00 0.800000E-04 0.160000E-03 0.000000E+00 0.800000E-04 0.000000E+00 0.000000E+00 0.000000E+00 0.000000E+00 0.000000E+00 0.000000E+00 0.000000E+00 0.000000E+00 0.000000E+00 0.000000E+00 0.000000E+00 0.000000E+00 0.000000E+00 0.000000E+00 0.000000E+00 0.000000E+00 0.000000E+00 0.000000E+00 0.000000E+00 0.000000E+00 0.000000E+00 0.000000E+00 0.000000E+00 0.000000E+00 0.000000E+00 0.000000E+00 0.000000E+00 0.000000E+00 0.000000E+00 0.000000E+00 0.000000E+00 0.000000E+00 0.000000E+00 0.000000E+00 0.000000E+00 0.000000E+00 0.000000E+00 0.000000E+00 0.000000E+00 0.000000E+00 0.000000E+00 0.000000E+00 0.000000E+00 0.000000E+00 0.000000E+00 0.000000E+00 0.000000E+00 0.000000E+00 0.000000E+00 0.000000E+00 0.000000E+00 0.000000E+00 0.000000E+00 0.000000E+00 0.000000E+00 0.000000E+00 0.000000E+00 0.000000E+00 0.000000E+00 0.000000E+00 0.000000E+00 0.000000E+00 0.000000E+00 0.000000E+00 0.000000E+00 0.000000E+00 0.000000E+00 0.000000E+00 0.000000E+00 0.000000E+00 0.000000E+00 0.000000E+00 0.000000E+00 0.000000E+00 0.000000E+00 0.000000E+00 0.000000E+00 0.000000E+00 0.000000E+00 0.000000E+00 0.000000E+00 0.000000E+00 0.000000E+00 0.000000E+00 0.000000E+00 0.000000E+00 0.000000E+00 0.000000E+00 0.000000E+00 0.000000E+00 0.000000E+00 0.000000E+00 0.000000E+00 0.000000E+00 0.000000E+00 0.000000E+00 0.000000E+00 0.000000E+00 0.000000E+00 0.000000E+00 0.000000E+00 0.000000E+00 0.000000E+00 0.000000E+00 0.000000E+00 0.000000E+00 0.000000E+00 0.000000E+00 0.000000E+00 0.000000E+00 0.000000E+00 0.000000E+00 0.000000E+00 0.000000E+00 0.000000E+00 0.000000E+00 0.000000E+00 0.000000E+00 0.000000E+00 0.000000E+00 0.000000E+00 0.000000E+00 0.000000E+00 0.000000E+00 0.000000E+00 0.000000E+00 0.000000E+00 0.000000E+00 0.000000E+00 0.000000E+00 0.000000E+00 0.000000E+00 0.000000E+00 0.000000E+00 0.000000E+00 0.000000E+00 0.000000E+00 0.000000E+00 0.000000E+00 0.000000E+00 0.000000E+00 0.000000E+00 0.000000E+00 0.000000E+00 0.000000E+00 0.000000E+00 0.000000E+00 0.000000E+00 0.000000E+00 0.000000E+00 0.000000E+00 0.000000E+00 0.000000E+00 0.000000E+00 0.000000E+00 0.000000E+00 0.000000E+00 0.000000E+00 0.000000E+00 0.000000E+00 0.000000E+00 0.000000E+00 0.000000E+00 0.000000E+00
 0.272000E-02 0.296000E-02 0.280000E-02 0.248000E-02 0.104000E-02 0.184000E-02 0.128000E-02 0.960000E-03 0.560000E-03 0.560000E-03 0.800000E-03 0.480000E-03 0.800000E-03 0.240000E-03 0.320000E-03 0.480000E-03 0.800000E-04 0.000000E+00 0.320000E-03 0.160000E-03 0.320000E-03 0.000000E+00 0.800000E-04 0.800000E-04 0.800000E-04 0.800000E-04 0.800000E-04 0.800000E-04 0.000000E+00 0.160000E-03 0.000000E+00 0.800000E-04 0.800000E-04 0.000000E+00 0.000000E+00 0.000000E+00 0.000000E+00 0.000000E+00 0.000000E+00 0.000000E+00 0.800000E-04 0.000000E+00 0.000000E+00 0.000000E+00 0.000000E+00 0.800000E-04 0.000000E+00 0.000000E+00 0.000000E+00 0.000000E+00 0.000000E+00 0.000000E+00 0.000000E+00 0.000000E+00 0.000000E+00 0.000000E+00 0.000000E+00 0.000000E+00 0.000000E+00 0.000000E+00 0.000000E+00 0.000000E+00 0.000000E+00 0.000000E+00 0.000000E+00 0.000000E+00 0.000000E+00 0.000000E+00 0.000000E+00 0.000000E+00 0.000000E+00 0.000000E+00 0.000000E+00 0.000000E+00 0.000000E+00 0.000000E+00 0.000000E+00 0.000000E+00 0.000000E+00 0.000000E+00 0.000000E+00 0.000000E+00 0.000000E+00 0.000000E+00 0.000000E+00 0.000000E+00 0.000000E+00 0.000000E+00 0.000000E+00 0.000000E+00 0.000000E+00 0.000000E+00 0.000000E+00 0.000000E+00 0.000000E+00 0.000000E+00 0.000000E+00 0.000000E+00 0.000000E+00 0.000000E+00 0.000000E+00 0.000000E+00 0.000000E+00 0.000000E+00 0.000000E+00 0.000000E+00 0.000000E+00 0.000000E+00 0.000000E+00 0.000000E+00 0.000000E+00 0.000000E+00 0.000000E+00 0.000000E+00 0.000000E+00 0.000000E+00 0.000000E+00 0.000000E+00 0.000000E+00 0.000000E+00 0.000000E+00 0.000000E+00 0.000000E+00 0.000000E+00 0.000000E+00 0.000000E+00 0.000000E+00 0.000000E+00 0.000000E+00 0.000000E+00 0.000000E+00 0.000000E+00 0.000000E+00 0.000000E+00 0.000000E+00 0.000000E+00 0.000000E+00 0.000000E+00 0.000000E+00 0.000000E+00 0.000000E+00 0.000000E+00 0.000000E+00 0.000000E+00 0.000000E+00 0.000000E+00 0.000000E+00 0.000000E+00 0.000000E+00 0.000000E+00 0.000000E+00 0.000000E+00 0.000000E+00 0.000000E+00 0.000000E+00 0.000000E+00 0.000000E+00 0.000000E+00 0.000000E+00 0.000000E+00 0.000000E+00 0.000000E+00 0.000000E+00 0.000000E+00 0.000000E+00 0.000000E+00 0.000000E+00 0.000000E+00 0.000000E+00 0.000000E+00 0.000000E+00 0.000000E+00 0.000000E+00 0.000000E+00 0.000000E+00 0.000000E+00 0.000000E+00 0.000000E+00 0.000000E+00 0.000000E+00 0.000000E+00 0.000000E+00 0.000000E+00 0.000000E+00 0.000000E+00 0.000000E+00 0.000000E+00 0.000000E+00 0.000000E+00 0.000000E+00 0.000000E+00 0.000000E+00 0.000000E+00 0.000000E+00 0.000000E+00 0.000000E+00 0.000000E+00 0.000000E+00 0.000000E+00 0.000000E+00
 0.298400E-01 0.208000E-01 0.164800E-01 0.167200E-01 0.920000E-02 0.680000E-02 0.704000E-02 0.448000E-02 0.416000E-02 0.400000E-02 0.440000E-02 0.344000E-02 0.328000E-02 0.344000E-02 0.264000E-02 0.176000E-02 0.200000E-02 0.184000E-02 0.168000E-02 0.640000E-03 0.192000E-02 0.144000E-02 0.880000E-03 0.720000E-03 0.720000E-03 0.240000E-03 0.800000E-03 0.400000E-03 0.560000E-03 0.320000E-03 0.400000E-03 0.320000E-03 0.800000E-04 0.240000E-03 0.160000E-03 0.160000E-03 0.160000E-03 0.800000E-04 0.160000E-03 0.160000E-03 0.800000E-04 0.800000E-04 0.320000E-03 0.800000E-04 0.000000E+00 0.000000E+00 0.000000E+00 0.160000E-03 0.000000E+00 0.160000E-03 0.800000E-04 0.000000E+00 0.000000E+00 0.000000E+00 0.000000E+00 0.800000E-04 0.000000E+00 0.000000E+00 0.000000E+00 0.000000E+00 0.000000E+00 0.000000E+00 0.000000E+00 0.000000E+00 0.000000E+00 0.000000E+00 0.000000E+00 0.000000E+00 0.000000E+00 0.000000E+00 0.000000E+00 0.000000E+00 0.000000E+00 0.000000E+00 0.000000E+00 0.000000E+00 0.000000E+00 0.000000E+00 0.000000E+00 0.000000E+00 0.000000E+00 0.000000E+00 0.000000E+00 0.000000E+00 0.000000E+00 0.000000E+00 0.000000E+00 0.000000E+00 0.000000E+00 0.000000E+00 0.000000E+00 0.000000E+00 0.000000E+00 0.000000E+00 0.000000E+00 0.000000E+00 0.000000E+00 0.000000E+00 0.000000E+00 0.000000E+00 0.000000E+00 0.000000E+00 0.000000E+00 0.000000E+00 0.000000E+00 0.000000E+00 0.000000E+00 0.000000E+00 0.000000E+00 0.000000E+00 0.000000E+00 0.000000E+00 0.000000E+00 0.000000E+00 0.000000E+00 0.000000E+00 0.000000E+00 0.000000E+00 0.000000E+00 0.000000E+00 0.000000E+00 0.000000E+00 0.000000E+00 0.000000E+00 0.000000E+00 0.000000E+00 0.000000E+00 0.000000E+00 0.000000E+00 0.000000E+00 0.000000E+00 0.000000E+00 0.000000E+00 0.000000E+00 0.000000E+00 0.000000E+00 0.000000E+00 0.000000E+00 0.000000E+00 0.000000E+00 0.000000E+00 0.000000E+00 0.000000E+00 0.000000E+00 0.000000E+00 0.000000E+00 0.000000E+00 0.000000E+00 0.000000E+00 0.000000E+00 0.000000E+00 0.000000E+00 0.000000E+00 0.000000E+00 0.000000E+00 0.000000E+00 0.000000E+00 0.000000E+00 0.000000E+00 0.000000E+00 0.000000E+00 0.000000E+00 0.000000E+00 0.000000E+00 0.000000E+00 0.000000E+00 0.000000E+00 0.000000E+00 0.000000E+00 0.000000E+00 0.000000E+00 0.000000E+00 0.000000E+00 0.000000E+00 0.000000E+00 0.000000E+00 0.000000E+00 0.000000E+00 0.000000E+00 0.000000E+00 0.000000E+00 0.000000E+00 0.000000E+00 0.000000E+00 0.000000E+00 0.000000E+00 0.000000E+00 0.000000E+00 0.000000E+00 0.000000E+00 0.000000E+00 0.000000E+00 0.000000E+00 0.000000E+00 0.000000E+00 0.000000E+00 0.000000E+00 0.000000E+00 0.000000E+00 0.000000E+00
 0.157600E-01 0.127200E-01 0.107200E-01 0.936000E-02 0.824000E-02 0.632000E-02 0.528000E-02 0.456000E-02 0.408000E-02 0.376000E-02 0.448000E-02 0.304000E-02 0.376000E-02 0.248000E-02 0.296000E-02 0.248000E-02 0.168000E-02 0.168000E-02 0.960000E-03 0.168000E-02 0.104000E-02 0.128000E-02 0.120000E-02 0.104000E-02 0.144000E-02 0.560000E-03 0.320000E-03 0.480000E-03 0.400000E-03 0.240000E-03 0.480000E-03 0.400000E-03 0.400000E-03 0.160000E-03 0.560000E-03 0.320000E-03 0.240000E-03 0.240000E-03 0.000000E+00 0.000000E+00 0.240000E-03 0.160000E-03 0.000000E+00 0.800000E-04 0.800000E-04 0.800000E-04 0.000000E+00 0.000000E+00 0.000000E+00 0.800000E-04 0.000000E+00 0.800000E-04 0.000000E+00 0.000000E+00 0.000000E+00 0.000000E+00 0.000000E+00 0.000000E+00 0.000000E+00 0.000000E+00 0.000000E+00 0.000000E+00 0.000000E+00 0.000000E+00 0.000000E+00 0.000000E+00 0.000000E+00 0.000000E+00 0.000000E+00 0.000000E+00 0.000000E+00 0.000000E+00 0.000000E+00 0.000000E+00 0.000000E+00 0.000000E+00 0.000000E+00 0.000000E+00 0.000000E+00 0.000000E+00 0.000000E+00 0.000000E+00 0.800000E-04 0.000000E+00 0.000000E+00 0.000000E+00 0.000000E+00 0.000000E+00 0.000000E+00 0.000000E+00 0.000000E+00 0.000000E+00 0.000000E+00 0.000000E+00 0.000000E+00 0.000000E+00 0.000000E+00 0.000000E+00 0.000000E+00 0.000000E+00 0.000000E+00 0.000000E+00 0.000000E+00 0.000000E+00 0.000000E+00 0.000000E+00 0.000000E+00 0.000000E+00 0.000000E+00 0.000000E+00 0.000000E+00 0.000000E+00 0.000000E+00 0.000000E+00 0.000000E+00 0.000000E+00 0.000000E+00 0.000000E+00 0.000000E+00 0.000000E+00 0.000000E+00 0.000000E+00 0.000000E+00 0.000000E+00 0.000000E+00 0.000000E+00 0.000000E+00 0.000000E+00 0.000000E+00 0.000000E+00 0.000000E+00 0.000000E+00 0.000000E+00 0.000000E+00 0.000000E+00 0.000000E+00 0.000000E+00 0.000000E+00 0.000000E+00 0.000000E+00 0.000000E+00 0.000000E+00 0.000000E+00 0.000000E+00 0.000000E+00 0.000000E+00 0.000000E+00 0.000000E+00 0.000000E+00 0.000000E+00 0.000000E+00 0.000000E+00 0.000000E+00 0.000000E+00 0.000000E+00 0.000000E+00 0.000000E+00 0.000000E+00 0.000000E+00 0.000000E+00 0.000000E+00 0.000000E+00 0.000000E+00 0.000000E+00 0.000000E+00 0.000000E+00 0.000000E+00 0.000000E+00 0.000000E+00 0.000000E+00 0.000000E+00 0.000000E+00 0.000000E+00 0.000000E+00 0.000000E+00 0.000000E+00 0.000000E+00 0.000000E+00 0.000000E+00 0.000000E+00 0.000000E+00 0.000000E+00 0.000000E+00 0.000000E+00 0.000000E+00 0.000000E+00 0.000000E+00 0.000000E+00 0.000000E+00 0.000000E+00 0.000000E+00 0.000000E+00 0.000000E+00 0.000000E+00 0.000000E+00 0.000000E+00 0.000000E+00 0.000000E+00 0.000000E+00 0.000000E+00
 0.128000E-02 0.248000E-02 0.176000E-02 0.128000E-02 0.192000E-02 0.720000E-03 0.184000E-02 0.120000E-02 0.320000E-03 0.128000E-02 0.720000E-03 0.480000E-03 0.480000E-03 0.560000E-03 0.160000E-03 0.400000E-03 0.160000E-03 0.800000E-04 0.320000E-03 0.320000E-03 0.240000E-03 0.800000E-04 0.000000E+00 0.000000E+00 0.000000E+00 0.800000E-04 0.800000E-04 0.800000E-04 0.000000E+00 0.800000E-04 0.000000E+00 0.000000E+00 0.800000E-04 0.000000E+00 0.000000E+00 0.000000E+00 0.000000E+00 0.000000E+00 0.000000E+00 0.000000E+00 0.000000E+00 0.000000E+00 0.000000E+00 0.000000E+00 0.000000E+00 0.000000E+00 0.000000E+00 0.000000E+00 0.000000E+00 0.000000E+00 0.000000E+00 0.800000E-04 0.000000E+00 0.000000E+00 0.000000E+00 0.000000E+00 0.000000E+00 0.000000E+00 0.000000E+00 0.000000E+00 0.000000E+00 0.000000E+00 0.000000E+00 0.000000E+00 0.000000E+00 0.000000E+00 0.000000E+00 0.000000E+00 0.000000E+00 0.000000E+00 0.000000E+00 0.000000E+00 0.000000E+00 0.000000E+00 0.000000E+00 0.000000E+00 0.000000E+00 0.000000E+00 0.000000E+00 0.000000E+00 0.000000E+00 0.000000E+00 0.000000E+00 0.000000E+00 0.000000E+00 0.000000E+00 0.000000E+00 0.000000E+00 0.000000E+00 0.000000E+00 0.000000E+00 0.000000E+00 0.000000E+00 0.000000E+00 0.000000E+00 0.000000E+00 0.000000E+00 0.000000E+00 0.000000E+00 0.000000E+00 0.000000E+00 0.000000E+00 0.000000E+00 0.000000E+00 0.000000E+00 0.000000E+00 0.000000E+00 0.000000E+00 0.000000E+00 0.000000E+00 0.000000E+00 0.000000E+00 0.000000E+00 0.000000E+00 0.000000E+00 0.000000E+00 0.000000E+00 0.000000E+00 0.000000E+00 0.000000E+00 0.000000E+00 0.000000E+00 0.000000E+00 0.000000E+00 0.000000E+00 0.000000E+00 0.000000E+00 0.000000E+00 0.000000E+00 0.000000E+00 0.000000E+00 0.000000E+00 0.000000E+00 0.000000E+00 0.000000E+00 0.000000E+00 0.000000E+00 0.000000E+00 0.000000E+00 0.000000E+00 0.000000E+00 0.000000E+00 0.000000E+00 0.000000E+00 0.000000E+00 0.000000E+00 0.000000E+00 0.000000E+00 0.000000E+00 0.000000E+00 0.000000E+00 0.000000E+00 0.000000E+00 0.000000E+00 0.000000E+00 0.000000E+00 0.000000E+00 0.000000E+00 0.000000E+00 0.000000E+00 0.000000E+00 0.000000E+00 0.000000E+00 0.000000E+00 0.000000E+00 0.000000E+00 0.000000E+00 0.000000E+00 0.000000E+00 0.000000E+00 0.000000E+00 0.000000E+00 0.000000E+00 0.000000E+00 0.000000E+00 0.000000E+00 0.000000E+00 0.000000E+00 0.000000E+00 0.000000E+00 0.000000E+00 0.000000E+00 0.000000E+00 0.000000E+00 0.000000E+00 0.000000E+00 0.000000E+00 0.000000E+00 0.000000E+00 0.000000E+00 0.000000E+00 0.000000E+00 0.000000E+00 0.000000E+00 0.000000E+00 0.000000E+00 0.000000E+00 0.000000E+00 0.000000E+00 0.000000E+00
 0.384000E-02 0.408000E-02 0.192000E-02 0.208000E-02 0.120000E-02 0.144000E-02 0.640000E-03 0.160000E-02 0.112000E-02 0.400000E-03 0.320000E-03 0.560000E-03 0.640000E-03 0.480000E-03 0.800000E-04 0.240000E-03 0.480000E-03 0.320000E-03 0.480000E-03 0.800000E-04 0.800000E-04 0.000000E+00 0.800000E-04 0.800000E-04 0.160000E-03 0.160000E-03 0.800000E-04 0.800000E-04 0.000000E+00 0.000000E+00 0.800000E-04 0.000000E+00 0.000000E+00 0.800000E-04 0.000000E+00 0.160000E-03 0.800000E-04 0.800000E-04 0.000000E+00 0.000000E+00 0.000000E+00 0.000000E+00 0.000000E+00 0.000000E+00 0.000000E+00 0.000000E+00 0.000000E+00 0.000000E+00 0.000000E+00 0.000000E+00 0.000000E+00 0.000000E+00 0.000000E+00 0.000000E+00 0.000000E+00 0.000000E+00 0.800000E-04 0.000000E+00 0.000000E+00 0.000000E+00 0.000000E+00 0.000000E+00 0.000000E+00 0.000000E+00 0.000000E+00 0.000000E+00 0.000000E+00 0.000000E+00 0.000000E+00 0.000000E+00 0.000000E+00 0.000000E+00 0.000000E+00 0.000000E+00 0.000000E+00 0.000000E+00 0.000000E+00 0.000000E+00 0.000000E+00 0.000000E+00 0.000000E+00 0.000000E+00 0.000000E+00 0.000000E+00 0.000000E+00 0.000000E+00 0.000000E+00 0.000000E+00 0.000000E+00 0.000000E+00 0.000000E+00 0.000000E+00 0.000000E+00 0.000000E+00 0.000000E+00 0.000000E+00 0.000000E+00 0.000000E+00 0.000000E+00 0.000000E+00 0.000000E+00 0.000000E+00 0.000000E+00 0.000000E+00 0.000000E+00 0.000000E+00 0.000000E+00 0.000000E+00 0.000000E+00 0.000000E+00 0.000000E+00 0.000000E+00 0.000000E+00 0.000000E+00 0.000000E+00 0.000000E+00 0.000000E+00 0.000000E+00 0.000000E+00 0.000000E+00 0.000000E+00 0.000000E+00 0.000000E+00 0.000000E+00 0.000000E+00 0.000000E+00 0.000000E+00 0.000000E+00 0.000000E+00 0.000000E+00 0.000000E+00 0.000000E+00 0.000000E+00 0.000000E+00 0.000000E+00 0.000000E+00 0.000000E+00 0.000000E+00 0.000000E+00 0.000000E+00 0.000000E+00 0.000000E+00 0.000000E+00 0.000000E+00 0.000000E+00 0.000000E+00 0.000000E+00 0.000000E+00 0.000000E+00 0.000000E+00 0.000000E+00 0.000000E+00 0.000000E+00 0.000000E+00 0.000000E+00 0.000000E+00 0.000000E+00 0.000000E+00 0.000000E+00 0.000000E+00 0.000000E+00 0.000000E+00 0.000000E+00 0.000000E+00 0.000000E+00 0.000000E+00 0.000000E+00 0.000000E+00 0.000000E+00 0.000000E+00 0.000000E+00 0.000000E+00 0.000000E+00 0.000000E+00 0.000000E+00 0.000000E+00 0.000000E+00 0.000000E+00 0.000000E+00 0.000000E+00 0.000000E+00 0.000000E+00 0.000000E+00 0.000000E+00 0.000000E+00 0.000000E+00 0.000000E+00 0.000000E+00 0.000000E+00 0.000000E+00 0.000000E+00 0.000000E+00 0.000000E+00 0.000000E+00 0.000000E+00 0.000000E+00 0.000000E+00 0.000000E+00 0.000000E+00 0.000000E+00
 0.176000E-02 0.280000E-02 0.168000E-02 0.136000E-02 0.176000E-02 0.136000E-02 0.112000E-02 0.960000E-03 0.880000E-03 0.720000E-03 0.640000E-03 0.400000E-03 0.400000E-03 0.320000E-03 0.320000E-03 0.240000E-03 0.400000E-03 0.160000E-03 0.400000E-03 0.800000E-04 0.800000E-04 0.480000E-03 0.160000E-03 0.800000E-04 0.160000E-03 0.000000E+00 0.800000E-04 0.160000E-03 0.160000E-03 0.000000E+00 0.000000E+00 0.000000E+00 0.800000E-04 0.160000E-03 0.000000E+00 0.800000E-04 0.000000E+00 0.000000E+00 0.000000E+00 0.000000E+00 0.000000E+00 0.000000E+00 0.000000E+00 0.000000E+00 0.000000E+00 0.000000E+00 0.000000E+00 0.000000E+00 0.000000E+00 0.000000E+00 0.000000E+00 0.000000E+00 0.000000E+00 0.000000E+00 0.000000E+00 0.000000E+00 0.000000E+00 0.000000E+00 0.000000E+00 0.000000E+00 0.000000E+00 0.000000E+00 0.000000E+00 0.000000E+00 0.000000E+00 0.000000E+00 0.000000E+00 0.000000E+00 0.000000E+00 0.000000E+00 0.000000E+00 0.000000E+00 0.000000E+00 0.000000E+00 0.000000E+00 0.000000E+00 0.000000E+00 0.000000E+00 0.000000E+00 0.000000E+00 0.000000E+00 0.000000E+00 0.000000E+00 0.000000E+00 0.000000E+00 0.000000E+00 0.000000E+00 0.000000E+00 0.000000E+00 0.000000E+00 0.000000E+00 0.000000E+00 0.000000E+00 0.000000E+00 0.000000E+00 0.000000E+00 0.000000E+00 0.000000E+00 0.000000E+00 0.000000E+00 0.000000E+00 0.000000E+00 0.000000E+00 0.000000E+00 0.000000E+00 0.000000E+00 0.000000E+00 0.000000E+00 0.000000E+00 0.000000E+00 0.000000E+00 0.000000E+00 0.000000E+00 0.000000E+00 0.000000E+00 0.000000E+00 0.000000E+00 0.000000E+00 0.000000E+00 0.000000E+00 0.000000E+00 0.000000E+00 0.000000E+00 0.000000E+00 0.000000E+00 0.000000E+00 0.000000E+00 0.000000E+00 0.000000E+00 0.000000E+00 0.000000E+00 0.000000E+00 0.000000E+00 0.000000E+00 0.000000E+00 0.000000E+00 0.000000E+00 0.000000E+00 0.000000E+00 0.000000E+00 0.000000E+00 0.000000E+00 0.000000E+00 0.000000E+00 0.000000E+00 0.000000E+00 0.000000E+00 0.000000E+00 0.000000E+00 0.000000E+00 0.000000E+00 0.000000E+00 0.000000E+00 0.000000E+00 0.000000E+00 0.000000E+00 0.000000E+00 0.000000E+00 0.000000E+00 0.000000E+00 0.000000E+00 0.000000E+00 0.000000E+00 0.000000E+00 0.000000E+00 0.000000E+00 0.000000E+00 0.000000E+00 0.000000E+00 0.000000E+00 0.000000E+00 0.000000E+00 0.000000E+00 0.000000E+00 0.000000E+00 0.000000E+00 0.000000E+00 0.000000E+00 0.000000E+00 0.000000E+00 0.000000E+00 0.000000E+00 0.000000E+00 0.000000E+00 0.000000E+00 0.000000E+00 0.000000E+00 0.000000E+00 0.000000E+00 0.000000E+00 0.000000E+00 0.000000E+00 0.000000E+00 0.000000E+00 0.000000E+00 0.000000E+00 0.000000E+00 0.000000E+00 0.000000E+00 0.000000E+00
 0.272000E-02 0.296000E-02 0.280000E-02 0.248000E-02 0.104000E-02 0.184000E-02 0.128000E-02 0.960000E-03 0.560000E-03 0.560000E-03 0.800000E-03 0.480000E-03 0.800000E-03 0.240000E-03 0.320000E-03 0.480000E-03 0.800000E-04 0.000000E+00 0.320000E-03 0.160000E-03 0.320000E-03 0.000000E+00 0.800000E-04 0.800000E-04 0.800000E-04 0.800000E-04 0.800000E-04 0.800000E-04 0.000000E+00 0.160000E-03 0.000000E+00 0.800000E-04 0.800000E-04 0.000000E+00 0.000000E+00 0.000000E+00 0.000000E+00 0.000000E+00 0.000000E+00 0.000000E+00 0.800000E-04 0.000000E+00 0.000000E+00 0.000000E+00 0.000000E+00 0.800000E-04 0.000000E+00 0.000000E+00 0.000000E+00 0.000000E+00 0.000000E+00 0.000000E+00 0.000000E+00 0.000000E+00 0.000000E+00 0.000000E+00 0.000000E+00 0.000000E+00 0.000000E+00 0.000000E+00 0.000000E+00 0.000000E+00 0.000000E+00 0.000000E+00 0.000000E+00 0.000000E+00 0.000000E+00 0.000000E+00 0.000000E+00 0.000000E+00 0.000000E+00 0.000000E+00 0.000000E+00 0.000000E+00 0.000000E+00 0.000000E+00 0.000000E+00 0.000000E+00 0.000000E+00 0.000000E+00 0.000000E+00 0.000000E+00 0.000000E+00 0.000000E+00 0.000000E+00 0.000000E+00 0.000000E+00 0.000000E+00 0.000000E+00 0.000000E+00 0.000000E+00 0.000000E+00 0.000000E+00 0.000000E+00 0.000000E+00 0.000000E+00 0.000000E+00 0.000000E+00 0.000000E+00 0.000000E+00 0.000000E+00 0.000000E+00 0.000000E+00 0.000000E+00 0.000000E+00 0.000000E+00 0.000000E+00 0.000000E+00 0.000000E+00 0.000000E+00 0.000000E+00 0.000000E+00 0.000000E+00 0.000000E+00 0.000000E+00 0.000000E+00 0.000000E+00 0.000000E+00 0.000000E+00 0.000000E+00 0.000000E+00 0.000000E+00 0.000000E+00 0.000000E+00 0.000000E+00 0.000000E+00 0.000000E+00 0.000000E+00 0.000000E+00 0.000000E+00 0.000000E+00 0.000000E+00 0.000000E+00 0.000000E+00 0.000000E+00 0.000000E+00 0.000000E+00 0.000000E+00 0.000000E+00 0.000000E+00 0.000000E+00 0.000000E+00 0.000000E+00 0.000000E+00 0.000000E+00 0.000000E+00 0.000000E+00 0.000000E+00 0.000000E+00 0.000000E+00 0.000000E+00 0.000000E+00 0.000000E+00 0.000000E+00 0.000000E+00 0.000000E+00 0.000000E+00 0.000000E+00 0.000000E+00 0.000000E+00 0.000000E+00 0.000000E+00 0.000000E+00 0.000000E+00 0.000000E+00 0.000000E+00 0.000000E+00 0.000000E+00 0.000000E+00 0.000000E+00 0.000000E+00 0.000000E+00 0.000000E+00 0.000000E+00 0.000000E+00 0.000000E+00 0.000000E+00 0.000000E+00 0.000000E+00 0.000000E+00 0.000000E+00 0.000000E+00 0.000000E+00 0.000000E+00 0.000000E+00 0.000000E+00 0.000000E+00 0.000000E+00 0.000000E+00 0.000000E+00 0.000000E+00 0.000000E+00 0.000000E+00 0.000000E+00 0.000000E+00 0.000000E+00 0.000000E+00 0.000000E+00 0.000000E+00 0.000000E+00
 0.298400E-01 0.208000E-01 0.164800E-01 0.167200E-01 0.920000E-02 0.680000E-02 0.704000E-02 0.448000E-02 0.416000E-02 0.400000E-02 0.440000E-02 0.344000E-02 0.328000E-02 0.344000E-02 0.264000E-02 0.176000E-02 0.200000E-02 0.184000E-02 0.168000E-02 0.640000E-03 0.192000E-02 0.144000E-02 0.880000E-03 0.720000E-03 0.720000E-03 0.240000E-03 0.800000E-03 0.400000E-03 0.560000E-03 0.320000E-03 0.400000E-03 0.320000E-03 0.800000E-04 0.240000E-03 0.160000E-03 0.160000E-03 0.160000E-03 0.800000E-04 0.160000E-03 0.160000E-03 0.800000E-04 0.800000E-04 0.320000E-03 0.800000E-04 0.000000E+00 0.000000E+00 0.000000E+00 0.160000E-03 0.000000E+00 0.160000E-03 0.800000E-04 0.000000E+00 0.000000E+00 0.000000E+00 0.000000E+00 0.800000E-04 0.000000E+00 0.000000E+00 0.000000E+00 0.000000E+00 0.000000E+00 0.000000E+00 0.000000E+00 0.000000E+00 0.000000E+00 0.000000E+00 0.000000E+00 0.000000E+00 0.000000E+00 0.000000E+00 0.000000E+00 0.000000E+00 0.000000E+00 0.000000E+00 0.000000E+00 0.000000E+00 0.000000E+00 0.000000E+00 0.000000E+00 0.000000E+00 0.000000E+00 0.000000E+00 0.000000E+00 0.000000E+00 0.000000E+00 0.000000E+00 0.000000E+00 0.000000E+00 0.000000E+00 0.000000E+00 0.000000E+00 0.000000E+00 0.000000E+00 0.000000E+00 0.000000E+00 0.000000E+00 0.000000E+00 0.000000E+00 0.000000E+00 0.000000E+00 0.000000E+00 0.000000E+00 0.000000E+00 0.000000E+00 0.000000E+00 0.000000E+00 0.000000E+00 0.000000E+00 0.000000E+00 0.000000E+00 0.000000E+00 0.000000E+00 0.000000E+00 0.000000E+00 0.000000E+00 0.000000E+00 0.000000E+00 0.000000E+00 0.000000E+00 0.000000E+00 0.000000E+00 0.000000E+00 0.000000E+00 0.000000E+00 0.000000E+00 0.000000E+00 0.000000E+00 0.000000E+00 0.000000E+00 0.000000E+00 0.000000E+00 0.000000E+00 0.000000E+00 0.000000E+00 0.000000E+00 0.000000E+00 0.000000E+00 0.000000E+00 0.000000E+00 0.000000E+00 0.000000E+00 0.000000E+00 0.000000E+00 0.000000E+00 0.000000E+00 0.000000E+00 0.000000E+00 0.000000E+00 0.000000E+00 0.000000E+00 0.000000E+00 0.000000E+00 0.000000E+00 0.000000E+00 0.000000E+00 0.000000E+00 0.000000E+00 0.000000E+00 0.000000E+00 0.000000E+00 0.000000E+00 0.000000E+00 0.000000E+00 0.000000E+00 0.000000E+00 0.000000E+00 0.000000E+00 0.000000E+00 0.000000E+00 0.000000E+00 0.000000E+00 0.000000E+00 0.000000E+00 0.000000E+00 0.000000E+00 0.000000E+00 0.000000E+00 0.000000E+00 0.000000E+00 0.000000E+00 0.000000E+00 0.000000E+00 0.000000E+00 0.000000E+00 0.000000E+00 0.000000E+00 0.000000E+00 0.000000E+00 0.000000E+00 0.000000E+00 0.000000E+00 0.000000E+00 0.000000E+00 0.000000E+00 0.000000E+00 0.000000E+00 0.000000E+00 0.000000E+00 0.000000E+00 0.000000E+00
 0.157600E-01 0.127200E-01 0.107200E-01 0.936000E-02 0.824000E-02 0.632000E-02 0.528000E-02 0.456000E-02 0.408000E-02 0.376000E-02 0.448000E-02 0.304000E-02 0.376000E-02 0.248000E-02 0.296000E-02 0.248000E-02 0.168000E-02 0.168000E-02 0.960000E-03 0.168000E-02 0.104000E-02 0.128000E-02 0.120000E-02 0.104000E-02 0.144000E-02 0.560000E-03 0.320000E-03 0.480000E-03 0.400000E-03 0.240000E-03 0.480000E-03 0.400000E-03 0.400000E-03 0.160000E-03 0.560000E-03 0.320000E-03 0.240000E-03 0.240000E-03 0.000000E+00 0.000000E+00 0.240000E-03 0.160000E-03 0.000000E+00 0.800000E-04 0.800000E-04 0.800000E-04 0.000000E+00 0.000000E+00 0.000000E+00 0.800000E-04 0.000000E+00 0.800000E-04 0.000000E+00 0.000000E+00 0.000000E+00 0.000000E+00 0.000000E+00 0.000000E+00 0.000000E+00 0.000000E+00 0.000000E+00 0.000000E+00 0.000000E+00 0.000000E+00 0.000000E+00 0.000000E+00 0.000000E+00 0.000000E+00 0.000000E+00 0.000000E+00 0.000000E+00 0.000000E+00 0.000000E+00 0.000000E+00 0.000000E+00 0.000000E+00 0.000000E+00 0.000000E+00 0.000000E+00 0.000000E+00 0.000000E+00 0.000000E+00 0.800000E-04 0.000000E+00 0.000000E+00 0.000000E+00 0.000000E+00 0.000000E+00 0.000000E+00 0.000000E+00 0.000000E+00 0.000000E+00 0.000000E+00 0.000000E+00 0.000000E+00 0.000000E+00 0.000000E+00 0.000000E+00 0.000000E+00 0.000000E+00 0.000000E+00 0.000000E+00 0.000000E+00 0.000000E+00 0.000000E+00 0.000000E+00 0.000000E+00 0.000000E+00 0.000000E+00 0.000000E+00 0.000000E+00 0.000000E+00 0.000000E+00 0.000000E+00 0.000000E+00 0.000000E+00 0.000000E+00 0.000000E+00 0.000000E+00 0.000000E+00 0.000000E+00 0.000000E+00 0.000000E+00 0.000000E+00 0.000000E+00 0.000000E+00 0.000000E+00 0.000000E+00 0.000000E+00 0.000000E+00 0.000000E+00 0.000000E+00 0.000000E+00 0.000000E+00 0.000000E+00 0.000000E+00 0.000000E+00 0.000000E+00 0.000000E+00 0.000000E+00 0.000000E+00 0.000000E+00 0.000000E+00 0.000000E+00 0.000000E+00 0.000000E+00 0.000000E+00 0.000000E+00 0.000000E+00 0.000000E+00 0.000000E+00 0.000000E+00 0.000000E+00 0.000000E+00 0.000000E+00 0.000000E+00 0.000000E+00 0.000000E+00 0.000000E+00 0.000000E+00 0.000000E+00 0.000000E+00 0.000000E+00 0.000000E+00 0.000000E+00 0.000000E+00 0.000000E+00 0.000000E+00 0.000000E+00 0.000000E+00 0.000000E+00 0.000000E+00 0.000000E+00 0.000000E+00 0.000000E+00 0.000000E+00 0.000000E+00 0.000000E+00 0.000000E+00 0.000000E+00 0.000000E+00 0.000000E+00 0.000000E+00 0.000000E+00 0.000000E+00 0.000000E+00 0.000000E+00 0.000000E+00 0.000000E+00 0.000000E+00 0.000000E+00 0.000000E+00 0.000000E+00 0.000000E+00 0.000000E+00 0.000000E+00 0.000000E+00 0.000000E+00 0.000000E+00 0.000000E+00
