### Run with WimpAnn version = wimpann-2.08                            
###   Using Pythia version   = Pythia 6.400    
###   Using nusigma version  = nusigma-1.15-pyr                        
###   Using DarkSUSY version = ds-4.1.6                                
###   WimpAnn run started at date 2007-09-11; time 14:31:28
### Neutrino oscillation parameters
#      theta_12 =  0.00000000E+00
#      theta_13 =  0.00000000E+00
#      theta_23 =  0.00000000E+00
#         delta =  0.00000000E+00
#  delta_m^2_21 =  0.81000000E-04
#  delta_m^2_31 =  0.22000000E-02
### WimpAnn run parameters
#  Annihilation channel =         6
#  Generated particles =  Z0               Z0              
#  WIMP mass =  0.50000000E+04
#  Number of annihilations =   2500000
#  Source = Sun
#...dPhi/dz in  200 bins from 0 to 1
#...Line  1- 6: flux at centre of Sun for neutrino 1-6
#...Line  7-12: flux at surface of Sun for neutrino 1-6
#...Line 13-18: flux at 1 AU from the Sun for neutrino 1-6
#...Line 19-24: flux at surface of Sun for secondary neutrino 1-6
#...Line 25-30: flux at 1 AU from the Sun for secondary neutrino 1-6
 0.990352E+01 0.324224E+01 0.173672E+01 0.111456E+01 0.793600E+00 0.612640E+00 0.492640E+00 0.429360E+00 0.368960E+00 0.329840E+00 0.303520E+00 0.284000E+00 0.260320E+00 0.253280E+00 0.235360E+00 0.225440E+00 0.216400E+00 0.205280E+00 0.201120E+00 0.203760E+00 0.199040E+00 0.193200E+00 0.181520E+00 0.184960E+00 0.181840E+00 0.181840E+00 0.170400E+00 0.170240E+00 0.169760E+00 0.174800E+00 0.167840E+00 0.163440E+00 0.162000E+00 0.154720E+00 0.162000E+00 0.160640E+00 0.155120E+00 0.162640E+00 0.160480E+00 0.149760E+00 0.155680E+00 0.150640E+00 0.150800E+00 0.162960E+00 0.149360E+00 0.149600E+00 0.148720E+00 0.150800E+00 0.148240E+00 0.151440E+00 0.140080E+00 0.163520E+00 0.144640E+00 0.147120E+00 0.149200E+00 0.142960E+00 0.148960E+00 0.145280E+00 0.147120E+00 0.150160E+00 0.144240E+00 0.142240E+00 0.139920E+00 0.144960E+00 0.147200E+00 0.141120E+00 0.141680E+00 0.145760E+00 0.146640E+00 0.142000E+00 0.137200E+00 0.133200E+00 0.142080E+00 0.141040E+00 0.142000E+00 0.144000E+00 0.140480E+00 0.138240E+00 0.142000E+00 0.145520E+00 0.139120E+00 0.140000E+00 0.134320E+00 0.132720E+00 0.138880E+00 0.146240E+00 0.143360E+00 0.135200E+00 0.141120E+00 0.135200E+00 0.141920E+00 0.136960E+00 0.142320E+00 0.139520E+00 0.132480E+00 0.136400E+00 0.140080E+00 0.136960E+00 0.138720E+00 0.141360E+00 0.141840E+00 0.139440E+00 0.138320E+00 0.140800E+00 0.136560E+00 0.137120E+00 0.137840E+00 0.138880E+00 0.133200E+00 0.138560E+00 0.137040E+00 0.137360E+00 0.135600E+00 0.133680E+00 0.139040E+00 0.130960E+00 0.134960E+00 0.136960E+00 0.133040E+00 0.134560E+00 0.143680E+00 0.137680E+00 0.129280E+00 0.134560E+00 0.132320E+00 0.140400E+00 0.132880E+00 0.129120E+00 0.135200E+00 0.141840E+00 0.138880E+00 0.128320E+00 0.135440E+00 0.134320E+00 0.138000E+00 0.131680E+00 0.134240E+00 0.133040E+00 0.131920E+00 0.131760E+00 0.138000E+00 0.133840E+00 0.131760E+00 0.135120E+00 0.127200E+00 0.138560E+00 0.129520E+00 0.132320E+00 0.135440E+00 0.134720E+00 0.132320E+00 0.132560E+00 0.138880E+00 0.132800E+00 0.134320E+00 0.133440E+00 0.133200E+00 0.136080E+00 0.133680E+00 0.130080E+00 0.134800E+00 0.133120E+00 0.138400E+00 0.129840E+00 0.129440E+00 0.130080E+00 0.132560E+00 0.130320E+00 0.132080E+00 0.132400E+00 0.133360E+00 0.134880E+00 0.131360E+00 0.132240E+00 0.136320E+00 0.137520E+00 0.133600E+00 0.130880E+00 0.131760E+00 0.136320E+00 0.127120E+00 0.130000E+00 0.131440E+00 0.136240E+00 0.138480E+00 0.130320E+00 0.136080E+00 0.132400E+00 0.138160E+00 0.136160E+00 0.135040E+00 0.128800E+00 0.139280E+00 0.132640E+00 0.129440E+00 0.135200E+00 0.131200E+00 0.133440E+00 0.138080E+00 0.133120E+00
 0.992616E+01 0.321544E+01 0.172768E+01 0.109880E+01 0.802320E+00 0.620000E+00 0.487120E+00 0.438000E+00 0.362800E+00 0.336720E+00 0.305360E+00 0.278320E+00 0.250080E+00 0.250320E+00 0.232000E+00 0.227840E+00 0.219200E+00 0.201520E+00 0.199840E+00 0.193040E+00 0.198720E+00 0.186640E+00 0.183360E+00 0.181280E+00 0.182080E+00 0.177360E+00 0.173920E+00 0.169680E+00 0.171040E+00 0.171840E+00 0.166160E+00 0.166640E+00 0.162080E+00 0.160880E+00 0.157520E+00 0.156400E+00 0.155920E+00 0.164640E+00 0.159040E+00 0.157920E+00 0.152560E+00 0.155840E+00 0.156640E+00 0.152800E+00 0.153840E+00 0.153440E+00 0.151760E+00 0.157280E+00 0.147600E+00 0.148640E+00 0.150720E+00 0.148800E+00 0.148880E+00 0.145120E+00 0.151760E+00 0.140240E+00 0.149840E+00 0.144480E+00 0.145600E+00 0.148560E+00 0.141680E+00 0.143680E+00 0.142320E+00 0.144240E+00 0.144240E+00 0.147200E+00 0.142880E+00 0.144640E+00 0.135520E+00 0.147120E+00 0.151280E+00 0.142960E+00 0.135360E+00 0.139920E+00 0.146560E+00 0.138240E+00 0.141040E+00 0.134160E+00 0.143600E+00 0.149200E+00 0.139280E+00 0.137520E+00 0.142080E+00 0.140560E+00 0.133760E+00 0.141920E+00 0.137280E+00 0.138640E+00 0.139360E+00 0.139360E+00 0.140160E+00 0.134880E+00 0.141440E+00 0.139120E+00 0.139520E+00 0.138400E+00 0.143120E+00 0.138880E+00 0.138720E+00 0.143520E+00 0.140000E+00 0.138640E+00 0.135360E+00 0.139440E+00 0.135760E+00 0.131440E+00 0.138240E+00 0.141440E+00 0.135680E+00 0.139040E+00 0.132080E+00 0.138640E+00 0.132400E+00 0.140160E+00 0.142000E+00 0.134880E+00 0.129520E+00 0.130080E+00 0.134400E+00 0.134000E+00 0.140240E+00 0.137120E+00 0.132080E+00 0.133760E+00 0.136400E+00 0.134640E+00 0.135360E+00 0.133920E+00 0.125520E+00 0.130800E+00 0.133360E+00 0.138320E+00 0.137600E+00 0.131680E+00 0.132320E+00 0.137360E+00 0.134960E+00 0.128640E+00 0.132880E+00 0.133120E+00 0.139440E+00 0.134000E+00 0.131680E+00 0.135920E+00 0.129280E+00 0.135040E+00 0.133280E+00 0.131280E+00 0.145520E+00 0.124480E+00 0.134320E+00 0.131280E+00 0.131120E+00 0.130720E+00 0.129600E+00 0.131440E+00 0.141040E+00 0.129760E+00 0.130880E+00 0.134480E+00 0.127760E+00 0.134320E+00 0.137200E+00 0.128480E+00 0.131280E+00 0.132880E+00 0.128320E+00 0.130720E+00 0.131600E+00 0.135360E+00 0.134800E+00 0.134640E+00 0.132240E+00 0.128240E+00 0.137600E+00 0.137280E+00 0.136480E+00 0.134480E+00 0.136800E+00 0.140320E+00 0.137840E+00 0.134240E+00 0.132160E+00 0.134720E+00 0.131440E+00 0.131600E+00 0.134480E+00 0.134000E+00 0.139920E+00 0.135200E+00 0.133840E+00 0.134240E+00 0.130160E+00 0.130480E+00 0.136880E+00 0.137440E+00 0.136400E+00 0.137280E+00 0.135680E+00 0.130720E+00
 0.999632E+01 0.323496E+01 0.169464E+01 0.110064E+01 0.792400E+00 0.596400E+00 0.500160E+00 0.429440E+00 0.355200E+00 0.330080E+00 0.299600E+00 0.277520E+00 0.258800E+00 0.243520E+00 0.238720E+00 0.232640E+00 0.214880E+00 0.205280E+00 0.207200E+00 0.197200E+00 0.191600E+00 0.191120E+00 0.184560E+00 0.180400E+00 0.173840E+00 0.171200E+00 0.169440E+00 0.174000E+00 0.172880E+00 0.166080E+00 0.168400E+00 0.157760E+00 0.168080E+00 0.162720E+00 0.166560E+00 0.155200E+00 0.159120E+00 0.157360E+00 0.155680E+00 0.154000E+00 0.149200E+00 0.155280E+00 0.149280E+00 0.152960E+00 0.155680E+00 0.148160E+00 0.155200E+00 0.147840E+00 0.150640E+00 0.148400E+00 0.146000E+00 0.147760E+00 0.148400E+00 0.146160E+00 0.146560E+00 0.152400E+00 0.146000E+00 0.142800E+00 0.148800E+00 0.147920E+00 0.147840E+00 0.143600E+00 0.148080E+00 0.146880E+00 0.140240E+00 0.146560E+00 0.142080E+00 0.141840E+00 0.146480E+00 0.144080E+00 0.142160E+00 0.140880E+00 0.137760E+00 0.139200E+00 0.130000E+00 0.138560E+00 0.144160E+00 0.141600E+00 0.138640E+00 0.143680E+00 0.137680E+00 0.143040E+00 0.137680E+00 0.137600E+00 0.139360E+00 0.141680E+00 0.133360E+00 0.137760E+00 0.135120E+00 0.138000E+00 0.138560E+00 0.136560E+00 0.138080E+00 0.136640E+00 0.135680E+00 0.136080E+00 0.134000E+00 0.136880E+00 0.142720E+00 0.136880E+00 0.137280E+00 0.138960E+00 0.139280E+00 0.139440E+00 0.142560E+00 0.135280E+00 0.131360E+00 0.138160E+00 0.137040E+00 0.136800E+00 0.133280E+00 0.134720E+00 0.136080E+00 0.139120E+00 0.136480E+00 0.130480E+00 0.133280E+00 0.136400E+00 0.135680E+00 0.133760E+00 0.134800E+00 0.135680E+00 0.137520E+00 0.138560E+00 0.132960E+00 0.131840E+00 0.131360E+00 0.124400E+00 0.135520E+00 0.131280E+00 0.134720E+00 0.131840E+00 0.131520E+00 0.129360E+00 0.137200E+00 0.136960E+00 0.134400E+00 0.132320E+00 0.136800E+00 0.134960E+00 0.132400E+00 0.133680E+00 0.127440E+00 0.134560E+00 0.131520E+00 0.133280E+00 0.127760E+00 0.134080E+00 0.133600E+00 0.135200E+00 0.135600E+00 0.133920E+00 0.131840E+00 0.138480E+00 0.130800E+00 0.130480E+00 0.133360E+00 0.132960E+00 0.137600E+00 0.130560E+00 0.133600E+00 0.130960E+00 0.138000E+00 0.131440E+00 0.134320E+00 0.136880E+00 0.129360E+00 0.137440E+00 0.132960E+00 0.134560E+00 0.134400E+00 0.132880E+00 0.136160E+00 0.131440E+00 0.132080E+00 0.129920E+00 0.133360E+00 0.128320E+00 0.136960E+00 0.131600E+00 0.134800E+00 0.126240E+00 0.135920E+00 0.133440E+00 0.131680E+00 0.132880E+00 0.135280E+00 0.132160E+00 0.135200E+00 0.133280E+00 0.139280E+00 0.132960E+00 0.133440E+00 0.142800E+00 0.132480E+00 0.131840E+00 0.133360E+00 0.135600E+00 0.135840E+00 0.131440E+00
 0.996736E+01 0.322792E+01 0.172328E+01 0.108816E+01 0.787520E+00 0.604800E+00 0.507280E+00 0.420160E+00 0.375920E+00 0.335120E+00 0.302400E+00 0.277280E+00 0.257680E+00 0.240560E+00 0.231680E+00 0.219200E+00 0.215840E+00 0.208240E+00 0.194240E+00 0.195440E+00 0.191920E+00 0.190240E+00 0.177760E+00 0.181360E+00 0.173440E+00 0.169520E+00 0.169920E+00 0.175040E+00 0.169120E+00 0.167520E+00 0.167440E+00 0.164880E+00 0.166960E+00 0.159360E+00 0.166400E+00 0.162560E+00 0.155200E+00 0.164640E+00 0.151360E+00 0.155760E+00 0.151040E+00 0.159760E+00 0.154160E+00 0.153760E+00 0.149600E+00 0.149840E+00 0.158000E+00 0.148960E+00 0.148560E+00 0.154000E+00 0.151840E+00 0.147200E+00 0.147840E+00 0.139040E+00 0.145920E+00 0.143760E+00 0.147600E+00 0.139440E+00 0.145360E+00 0.143920E+00 0.145760E+00 0.147280E+00 0.142880E+00 0.145200E+00 0.146720E+00 0.148080E+00 0.138800E+00 0.140880E+00 0.139680E+00 0.142320E+00 0.137600E+00 0.143200E+00 0.131520E+00 0.138000E+00 0.137280E+00 0.140080E+00 0.144080E+00 0.143280E+00 0.141760E+00 0.140720E+00 0.139600E+00 0.140000E+00 0.140640E+00 0.136640E+00 0.133760E+00 0.139040E+00 0.142160E+00 0.138880E+00 0.136240E+00 0.135440E+00 0.140560E+00 0.138960E+00 0.141040E+00 0.132720E+00 0.136560E+00 0.143280E+00 0.140000E+00 0.139680E+00 0.139040E+00 0.138080E+00 0.135760E+00 0.142640E+00 0.136240E+00 0.134640E+00 0.137360E+00 0.134240E+00 0.132960E+00 0.135840E+00 0.134720E+00 0.136560E+00 0.135840E+00 0.133200E+00 0.133360E+00 0.131520E+00 0.136400E+00 0.135600E+00 0.134640E+00 0.133600E+00 0.138320E+00 0.133360E+00 0.138080E+00 0.135040E+00 0.136240E+00 0.139040E+00 0.132800E+00 0.126720E+00 0.130800E+00 0.132080E+00 0.133920E+00 0.135440E+00 0.134800E+00 0.138800E+00 0.134400E+00 0.132960E+00 0.137440E+00 0.131920E+00 0.139040E+00 0.137520E+00 0.132880E+00 0.138800E+00 0.136960E+00 0.138160E+00 0.129440E+00 0.132080E+00 0.139040E+00 0.133200E+00 0.133920E+00 0.135200E+00 0.134160E+00 0.131280E+00 0.133440E+00 0.131920E+00 0.131280E+00 0.137520E+00 0.130960E+00 0.137760E+00 0.133440E+00 0.128800E+00 0.135120E+00 0.128560E+00 0.130320E+00 0.133840E+00 0.131520E+00 0.133920E+00 0.128240E+00 0.137280E+00 0.131600E+00 0.138320E+00 0.129680E+00 0.133760E+00 0.132880E+00 0.137040E+00 0.132400E+00 0.128880E+00 0.130240E+00 0.129760E+00 0.132480E+00 0.134480E+00 0.134000E+00 0.130000E+00 0.135040E+00 0.136960E+00 0.128640E+00 0.132560E+00 0.141920E+00 0.138720E+00 0.133840E+00 0.133120E+00 0.132880E+00 0.136160E+00 0.135200E+00 0.130160E+00 0.136080E+00 0.131200E+00 0.128240E+00 0.132720E+00 0.130560E+00 0.133040E+00 0.133760E+00 0.133040E+00
 0.334992E+01 0.166320E+01 0.110488E+01 0.847920E+00 0.704240E+00 0.619280E+00 0.555920E+00 0.512320E+00 0.468640E+00 0.444960E+00 0.426720E+00 0.414880E+00 0.406480E+00 0.389760E+00 0.385600E+00 0.365120E+00 0.349760E+00 0.351200E+00 0.338400E+00 0.321920E+00 0.323280E+00 0.307360E+00 0.314320E+00 0.305760E+00 0.291040E+00 0.300480E+00 0.286880E+00 0.287600E+00 0.282800E+00 0.283440E+00 0.268880E+00 0.269280E+00 0.269040E+00 0.262000E+00 0.254880E+00 0.254480E+00 0.249040E+00 0.248080E+00 0.249280E+00 0.237600E+00 0.236480E+00 0.233040E+00 0.232160E+00 0.231200E+00 0.224640E+00 0.218400E+00 0.223600E+00 0.219520E+00 0.220560E+00 0.227520E+00 0.223360E+00 0.218400E+00 0.221680E+00 0.214880E+00 0.207600E+00 0.205360E+00 0.210640E+00 0.208080E+00 0.199200E+00 0.201200E+00 0.200960E+00 0.192560E+00 0.202480E+00 0.195760E+00 0.194480E+00 0.199360E+00 0.199040E+00 0.190800E+00 0.188000E+00 0.187840E+00 0.188720E+00 0.192800E+00 0.182080E+00 0.183840E+00 0.179600E+00 0.179680E+00 0.179040E+00 0.173360E+00 0.178640E+00 0.178960E+00 0.180480E+00 0.179040E+00 0.172480E+00 0.170240E+00 0.171280E+00 0.165680E+00 0.174560E+00 0.177600E+00 0.169600E+00 0.172320E+00 0.166160E+00 0.163280E+00 0.170800E+00 0.171360E+00 0.170640E+00 0.159600E+00 0.163120E+00 0.162720E+00 0.160640E+00 0.160400E+00 0.165040E+00 0.166000E+00 0.157600E+00 0.163280E+00 0.161360E+00 0.162720E+00 0.149600E+00 0.155120E+00 0.155520E+00 0.156720E+00 0.156720E+00 0.154320E+00 0.155600E+00 0.152320E+00 0.150560E+00 0.154480E+00 0.154400E+00 0.152720E+00 0.143280E+00 0.155440E+00 0.152160E+00 0.150800E+00 0.146000E+00 0.149520E+00 0.149600E+00 0.144640E+00 0.147360E+00 0.146000E+00 0.150480E+00 0.148160E+00 0.148320E+00 0.142240E+00 0.143920E+00 0.143840E+00 0.147040E+00 0.141520E+00 0.139040E+00 0.145520E+00 0.147120E+00 0.141920E+00 0.144800E+00 0.144560E+00 0.142560E+00 0.136240E+00 0.138240E+00 0.139680E+00 0.139920E+00 0.141680E+00 0.135360E+00 0.135040E+00 0.138240E+00 0.140160E+00 0.140880E+00 0.139680E+00 0.133760E+00 0.140320E+00 0.137680E+00 0.142880E+00 0.136320E+00 0.139600E+00 0.138720E+00 0.137440E+00 0.133840E+00 0.136640E+00 0.130960E+00 0.138240E+00 0.132720E+00 0.138640E+00 0.129040E+00 0.137200E+00 0.137200E+00 0.134720E+00 0.135280E+00 0.133840E+00 0.136560E+00 0.135760E+00 0.140560E+00 0.132880E+00 0.140000E+00 0.130960E+00 0.137360E+00 0.131280E+00 0.140080E+00 0.130240E+00 0.136960E+00 0.129520E+00 0.130480E+00 0.133600E+00 0.137440E+00 0.136880E+00 0.134240E+00 0.134240E+00 0.137040E+00 0.132160E+00 0.138320E+00 0.131520E+00 0.130720E+00 0.132240E+00 0.133600E+00 0.129200E+00
 0.335296E+01 0.166848E+01 0.110552E+01 0.835280E+00 0.713360E+00 0.621040E+00 0.546240E+00 0.515440E+00 0.483520E+00 0.461040E+00 0.432000E+00 0.415840E+00 0.400080E+00 0.383360E+00 0.368560E+00 0.375360E+00 0.351600E+00 0.350720E+00 0.330480E+00 0.330400E+00 0.318320E+00 0.322800E+00 0.306240E+00 0.310880E+00 0.300480E+00 0.296080E+00 0.284000E+00 0.280560E+00 0.280000E+00 0.280400E+00 0.270240E+00 0.267040E+00 0.274560E+00 0.260640E+00 0.263200E+00 0.252160E+00 0.253600E+00 0.251280E+00 0.245040E+00 0.243600E+00 0.244880E+00 0.239040E+00 0.243920E+00 0.228160E+00 0.235040E+00 0.224560E+00 0.227600E+00 0.228960E+00 0.218000E+00 0.217920E+00 0.220080E+00 0.212960E+00 0.215600E+00 0.208640E+00 0.207600E+00 0.205600E+00 0.198080E+00 0.207440E+00 0.211520E+00 0.207920E+00 0.201680E+00 0.202960E+00 0.199520E+00 0.195440E+00 0.194400E+00 0.201520E+00 0.189680E+00 0.187520E+00 0.187120E+00 0.191280E+00 0.188880E+00 0.193360E+00 0.184480E+00 0.185680E+00 0.181920E+00 0.182320E+00 0.176880E+00 0.178880E+00 0.177760E+00 0.178000E+00 0.182320E+00 0.171840E+00 0.174640E+00 0.172640E+00 0.172960E+00 0.170960E+00 0.169440E+00 0.171040E+00 0.167920E+00 0.171600E+00 0.167200E+00 0.164800E+00 0.166400E+00 0.157040E+00 0.170160E+00 0.165440E+00 0.168400E+00 0.162720E+00 0.164080E+00 0.165280E+00 0.155040E+00 0.160720E+00 0.159920E+00 0.157920E+00 0.151280E+00 0.164480E+00 0.162720E+00 0.159120E+00 0.156880E+00 0.154480E+00 0.152960E+00 0.152320E+00 0.161440E+00 0.156960E+00 0.149280E+00 0.150400E+00 0.150640E+00 0.148960E+00 0.153600E+00 0.153840E+00 0.150160E+00 0.149200E+00 0.142160E+00 0.150160E+00 0.147200E+00 0.146160E+00 0.145360E+00 0.144480E+00 0.149120E+00 0.148800E+00 0.144240E+00 0.141680E+00 0.137680E+00 0.150000E+00 0.145760E+00 0.145440E+00 0.143760E+00 0.145920E+00 0.137920E+00 0.142960E+00 0.138960E+00 0.139600E+00 0.141920E+00 0.142160E+00 0.135280E+00 0.136000E+00 0.143360E+00 0.148720E+00 0.138960E+00 0.142960E+00 0.145760E+00 0.137280E+00 0.136400E+00 0.137840E+00 0.135040E+00 0.136960E+00 0.133760E+00 0.130640E+00 0.133280E+00 0.134720E+00 0.133440E+00 0.142880E+00 0.136640E+00 0.130880E+00 0.136480E+00 0.129680E+00 0.134080E+00 0.140880E+00 0.136000E+00 0.132080E+00 0.141520E+00 0.136960E+00 0.132080E+00 0.136480E+00 0.138640E+00 0.131680E+00 0.137040E+00 0.136160E+00 0.130720E+00 0.136240E+00 0.130400E+00 0.136960E+00 0.136160E+00 0.131840E+00 0.136000E+00 0.138560E+00 0.134000E+00 0.135120E+00 0.132160E+00 0.133440E+00 0.126960E+00 0.129360E+00 0.129280E+00 0.135360E+00 0.136480E+00 0.132480E+00 0.134080E+00 0.130000E+00 0.128960E+00 0.127120E+00
 0.195263E+02 0.437112E+01 0.210552E+01 0.122744E+01 0.786960E+00 0.536720E+00 0.381680E+00 0.278800E+00 0.213600E+00 0.166880E+00 0.124480E+00 0.104080E+00 0.808000E-01 0.600000E-01 0.480000E-01 0.434400E-01 0.312000E-01 0.292000E-01 0.209600E-01 0.170400E-01 0.137600E-01 0.115200E-01 0.110400E-01 0.904000E-02 0.768000E-02 0.496000E-02 0.496000E-02 0.472000E-02 0.336000E-02 0.320000E-02 0.240000E-02 0.152000E-02 0.176000E-02 0.104000E-02 0.480000E-03 0.960000E-03 0.720000E-03 0.480000E-03 0.640000E-03 0.800000E-03 0.320000E-03 0.160000E-03 0.560000E-03 0.240000E-03 0.160000E-03 0.640000E-03 0.160000E-03 0.160000E-03 0.160000E-03 0.160000E-03 0.240000E-03 0.000000E+00 0.800000E-04 0.000000E+00 0.000000E+00 0.800000E-04 0.800000E-04 0.800000E-04 0.000000E+00 0.000000E+00 0.000000E+00 0.000000E+00 0.800000E-04 0.000000E+00 0.000000E+00 0.000000E+00 0.000000E+00 0.000000E+00 0.000000E+00 0.000000E+00 0.000000E+00 0.000000E+00 0.000000E+00 0.000000E+00 0.000000E+00 0.000000E+00 0.000000E+00 0.000000E+00 0.000000E+00 0.000000E+00 0.000000E+00 0.000000E+00 0.000000E+00 0.000000E+00 0.000000E+00 0.000000E+00 0.000000E+00 0.000000E+00 0.000000E+00 0.000000E+00 0.000000E+00 0.000000E+00 0.000000E+00 0.000000E+00 0.000000E+00 0.000000E+00 0.000000E+00 0.000000E+00 0.000000E+00 0.000000E+00 0.000000E+00 0.000000E+00 0.000000E+00 0.000000E+00 0.000000E+00 0.000000E+00 0.000000E+00 0.000000E+00 0.000000E+00 0.000000E+00 0.000000E+00 0.000000E+00 0.000000E+00 0.000000E+00 0.000000E+00 0.000000E+00 0.000000E+00 0.000000E+00 0.000000E+00 0.000000E+00 0.000000E+00 0.000000E+00 0.000000E+00 0.000000E+00 0.000000E+00 0.000000E+00 0.000000E+00 0.000000E+00 0.000000E+00 0.000000E+00 0.000000E+00 0.000000E+00 0.000000E+00 0.000000E+00 0.000000E+00 0.000000E+00 0.000000E+00 0.000000E+00 0.000000E+00 0.000000E+00 0.000000E+00 0.000000E+00 0.000000E+00 0.000000E+00 0.000000E+00 0.000000E+00 0.000000E+00 0.000000E+00 0.000000E+00 0.000000E+00 0.000000E+00 0.000000E+00 0.000000E+00 0.000000E+00 0.000000E+00 0.000000E+00 0.000000E+00 0.000000E+00 0.000000E+00 0.000000E+00 0.000000E+00 0.000000E+00 0.000000E+00 0.000000E+00 0.000000E+00 0.000000E+00 0.000000E+00 0.000000E+00 0.000000E+00 0.000000E+00 0.000000E+00 0.000000E+00 0.000000E+00 0.000000E+00 0.000000E+00 0.000000E+00 0.000000E+00 0.000000E+00 0.000000E+00 0.000000E+00 0.000000E+00 0.000000E+00 0.000000E+00 0.000000E+00 0.000000E+00 0.000000E+00 0.000000E+00 0.000000E+00 0.000000E+00 0.000000E+00 0.000000E+00 0.000000E+00 0.000000E+00 0.000000E+00 0.000000E+00 0.000000E+00 0.000000E+00 0.000000E+00 0.000000E+00 0.000000E+00
 0.188114E+02 0.437608E+01 0.221144E+01 0.136152E+01 0.907360E+00 0.638720E+00 0.481680E+00 0.370240E+00 0.287840E+00 0.232560E+00 0.192320E+00 0.162160E+00 0.130720E+00 0.108800E+00 0.946400E-01 0.824800E-01 0.725600E-01 0.592800E-01 0.473600E-01 0.421600E-01 0.368800E-01 0.344000E-01 0.275200E-01 0.282400E-01 0.220800E-01 0.207200E-01 0.158400E-01 0.137600E-01 0.150400E-01 0.126400E-01 0.103200E-01 0.109600E-01 0.712000E-02 0.624000E-02 0.632000E-02 0.592000E-02 0.416000E-02 0.528000E-02 0.440000E-02 0.392000E-02 0.304000E-02 0.280000E-02 0.168000E-02 0.208000E-02 0.192000E-02 0.176000E-02 0.184000E-02 0.200000E-02 0.640000E-03 0.880000E-03 0.880000E-03 0.480000E-03 0.560000E-03 0.640000E-03 0.320000E-03 0.400000E-03 0.320000E-03 0.560000E-03 0.560000E-03 0.400000E-03 0.320000E-03 0.240000E-03 0.320000E-03 0.320000E-03 0.160000E-03 0.000000E+00 0.240000E-03 0.240000E-03 0.800000E-04 0.800000E-04 0.240000E-03 0.000000E+00 0.160000E-03 0.000000E+00 0.800000E-04 0.160000E-03 0.000000E+00 0.240000E-03 0.000000E+00 0.000000E+00 0.000000E+00 0.800000E-04 0.800000E-04 0.000000E+00 0.000000E+00 0.000000E+00 0.000000E+00 0.800000E-04 0.000000E+00 0.000000E+00 0.000000E+00 0.000000E+00 0.000000E+00 0.000000E+00 0.000000E+00 0.000000E+00 0.000000E+00 0.000000E+00 0.000000E+00 0.000000E+00 0.000000E+00 0.000000E+00 0.000000E+00 0.000000E+00 0.000000E+00 0.000000E+00 0.000000E+00 0.000000E+00 0.000000E+00 0.000000E+00 0.000000E+00 0.000000E+00 0.000000E+00 0.000000E+00 0.000000E+00 0.000000E+00 0.000000E+00 0.000000E+00 0.000000E+00 0.000000E+00 0.000000E+00 0.000000E+00 0.000000E+00 0.000000E+00 0.000000E+00 0.000000E+00 0.000000E+00 0.000000E+00 0.000000E+00 0.000000E+00 0.000000E+00 0.000000E+00 0.000000E+00 0.000000E+00 0.000000E+00 0.000000E+00 0.000000E+00 0.000000E+00 0.000000E+00 0.000000E+00 0.000000E+00 0.000000E+00 0.000000E+00 0.000000E+00 0.000000E+00 0.000000E+00 0.000000E+00 0.000000E+00 0.000000E+00 0.000000E+00 0.000000E+00 0.000000E+00 0.000000E+00 0.000000E+00 0.000000E+00 0.000000E+00 0.000000E+00 0.000000E+00 0.000000E+00 0.000000E+00 0.000000E+00 0.000000E+00 0.000000E+00 0.000000E+00 0.000000E+00 0.000000E+00 0.000000E+00 0.000000E+00 0.000000E+00 0.000000E+00 0.000000E+00 0.000000E+00 0.000000E+00 0.000000E+00 0.000000E+00 0.000000E+00 0.000000E+00 0.000000E+00 0.000000E+00 0.000000E+00 0.000000E+00 0.000000E+00 0.000000E+00 0.000000E+00 0.000000E+00 0.000000E+00 0.000000E+00 0.000000E+00 0.000000E+00 0.000000E+00 0.000000E+00 0.000000E+00 0.000000E+00 0.000000E+00 0.000000E+00 0.000000E+00 0.000000E+00 0.000000E+00 0.000000E+00 0.000000E+00
 0.193425E+02 0.431560E+01 0.207376E+01 0.120952E+01 0.786560E+00 0.517600E+00 0.377200E+00 0.288880E+00 0.204400E+00 0.158160E+00 0.123280E+00 0.977600E-01 0.751200E-01 0.630400E-01 0.489600E-01 0.389600E-01 0.329600E-01 0.266400E-01 0.216800E-01 0.189600E-01 0.138400E-01 0.110400E-01 0.952000E-02 0.912000E-02 0.712000E-02 0.608000E-02 0.520000E-02 0.312000E-02 0.296000E-02 0.304000E-02 0.192000E-02 0.184000E-02 0.176000E-02 0.136000E-02 0.144000E-02 0.480000E-03 0.960000E-03 0.240000E-03 0.400000E-03 0.320000E-03 0.400000E-03 0.160000E-03 0.240000E-03 0.240000E-03 0.320000E-03 0.800000E-04 0.800000E-04 0.000000E+00 0.000000E+00 0.800000E-04 0.000000E+00 0.000000E+00 0.000000E+00 0.000000E+00 0.000000E+00 0.000000E+00 0.000000E+00 0.000000E+00 0.000000E+00 0.000000E+00 0.000000E+00 0.800000E-04 0.000000E+00 0.000000E+00 0.000000E+00 0.000000E+00 0.000000E+00 0.000000E+00 0.000000E+00 0.000000E+00 0.800000E-04 0.000000E+00 0.000000E+00 0.000000E+00 0.000000E+00 0.000000E+00 0.000000E+00 0.000000E+00 0.000000E+00 0.000000E+00 0.000000E+00 0.000000E+00 0.000000E+00 0.000000E+00 0.000000E+00 0.000000E+00 0.000000E+00 0.000000E+00 0.000000E+00 0.000000E+00 0.000000E+00 0.000000E+00 0.000000E+00 0.000000E+00 0.000000E+00 0.000000E+00 0.000000E+00 0.000000E+00 0.000000E+00 0.000000E+00 0.000000E+00 0.000000E+00 0.000000E+00 0.000000E+00 0.000000E+00 0.000000E+00 0.000000E+00 0.000000E+00 0.000000E+00 0.000000E+00 0.000000E+00 0.000000E+00 0.000000E+00 0.000000E+00 0.000000E+00 0.000000E+00 0.000000E+00 0.000000E+00 0.000000E+00 0.000000E+00 0.000000E+00 0.000000E+00 0.000000E+00 0.000000E+00 0.000000E+00 0.000000E+00 0.000000E+00 0.000000E+00 0.000000E+00 0.000000E+00 0.000000E+00 0.000000E+00 0.000000E+00 0.000000E+00 0.000000E+00 0.000000E+00 0.000000E+00 0.000000E+00 0.000000E+00 0.000000E+00 0.000000E+00 0.000000E+00 0.000000E+00 0.000000E+00 0.000000E+00 0.000000E+00 0.000000E+00 0.000000E+00 0.000000E+00 0.000000E+00 0.000000E+00 0.000000E+00 0.000000E+00 0.000000E+00 0.000000E+00 0.000000E+00 0.000000E+00 0.000000E+00 0.000000E+00 0.000000E+00 0.000000E+00 0.000000E+00 0.000000E+00 0.000000E+00 0.000000E+00 0.000000E+00 0.000000E+00 0.000000E+00 0.000000E+00 0.000000E+00 0.000000E+00 0.000000E+00 0.000000E+00 0.000000E+00 0.000000E+00 0.000000E+00 0.000000E+00 0.000000E+00 0.000000E+00 0.000000E+00 0.000000E+00 0.000000E+00 0.000000E+00 0.000000E+00 0.000000E+00 0.000000E+00 0.000000E+00 0.000000E+00 0.000000E+00 0.000000E+00 0.000000E+00 0.000000E+00 0.000000E+00 0.000000E+00 0.000000E+00 0.000000E+00 0.000000E+00 0.000000E+00 0.000000E+00 0.000000E+00
 0.186190E+02 0.435880E+01 0.219568E+01 0.130400E+01 0.889840E+00 0.627120E+00 0.480560E+00 0.366480E+00 0.289200E+00 0.238480E+00 0.199600E+00 0.160320E+00 0.134720E+00 0.107440E+00 0.915200E-01 0.770400E-01 0.679200E-01 0.588000E-01 0.468000E-01 0.430400E-01 0.395200E-01 0.356800E-01 0.304000E-01 0.250400E-01 0.228000E-01 0.192000E-01 0.165600E-01 0.148000E-01 0.137600E-01 0.112800E-01 0.102400E-01 0.968000E-02 0.832000E-02 0.624000E-02 0.576000E-02 0.608000E-02 0.472000E-02 0.488000E-02 0.352000E-02 0.304000E-02 0.336000E-02 0.304000E-02 0.176000E-02 0.128000E-02 0.152000E-02 0.224000E-02 0.120000E-02 0.136000E-02 0.720000E-03 0.800000E-03 0.128000E-02 0.640000E-03 0.800000E-03 0.720000E-03 0.320000E-03 0.480000E-03 0.480000E-03 0.480000E-03 0.320000E-03 0.480000E-03 0.560000E-03 0.160000E-03 0.000000E+00 0.160000E-03 0.240000E-03 0.320000E-03 0.320000E-03 0.800000E-04 0.800000E-04 0.160000E-03 0.800000E-04 0.800000E-04 0.800000E-04 0.000000E+00 0.800000E-04 0.000000E+00 0.160000E-03 0.000000E+00 0.160000E-03 0.800000E-04 0.800000E-04 0.000000E+00 0.000000E+00 0.000000E+00 0.000000E+00 0.000000E+00 0.000000E+00 0.000000E+00 0.000000E+00 0.000000E+00 0.000000E+00 0.000000E+00 0.000000E+00 0.000000E+00 0.000000E+00 0.000000E+00 0.000000E+00 0.000000E+00 0.000000E+00 0.000000E+00 0.000000E+00 0.000000E+00 0.000000E+00 0.000000E+00 0.000000E+00 0.000000E+00 0.000000E+00 0.800000E-04 0.000000E+00 0.000000E+00 0.000000E+00 0.000000E+00 0.000000E+00 0.000000E+00 0.000000E+00 0.000000E+00 0.000000E+00 0.000000E+00 0.000000E+00 0.000000E+00 0.000000E+00 0.000000E+00 0.000000E+00 0.000000E+00 0.000000E+00 0.000000E+00 0.000000E+00 0.000000E+00 0.000000E+00 0.000000E+00 0.000000E+00 0.000000E+00 0.000000E+00 0.000000E+00 0.000000E+00 0.000000E+00 0.000000E+00 0.000000E+00 0.000000E+00 0.000000E+00 0.000000E+00 0.000000E+00 0.000000E+00 0.000000E+00 0.000000E+00 0.000000E+00 0.000000E+00 0.000000E+00 0.000000E+00 0.000000E+00 0.000000E+00 0.000000E+00 0.000000E+00 0.000000E+00 0.000000E+00 0.000000E+00 0.000000E+00 0.000000E+00 0.000000E+00 0.000000E+00 0.000000E+00 0.000000E+00 0.000000E+00 0.000000E+00 0.000000E+00 0.000000E+00 0.000000E+00 0.000000E+00 0.000000E+00 0.000000E+00 0.000000E+00 0.000000E+00 0.000000E+00 0.000000E+00 0.000000E+00 0.000000E+00 0.000000E+00 0.000000E+00 0.000000E+00 0.000000E+00 0.000000E+00 0.000000E+00 0.000000E+00 0.000000E+00 0.000000E+00 0.000000E+00 0.000000E+00 0.000000E+00 0.000000E+00 0.000000E+00 0.000000E+00 0.000000E+00 0.000000E+00 0.000000E+00 0.000000E+00 0.000000E+00 0.000000E+00 0.000000E+00 0.000000E+00 0.000000E+00
 0.385061E+02 0.247000E+01 0.135752E+01 0.860480E+00 0.595040E+00 0.456800E+00 0.329920E+00 0.262000E+00 0.202640E+00 0.156400E+00 0.133200E+00 0.104160E+00 0.820000E-01 0.702400E-01 0.596800E-01 0.489600E-01 0.414400E-01 0.336000E-01 0.256000E-01 0.222400E-01 0.182400E-01 0.160800E-01 0.119200E-01 0.108000E-01 0.688000E-02 0.736000E-02 0.688000E-02 0.704000E-02 0.384000E-02 0.312000E-02 0.360000E-02 0.208000E-02 0.240000E-02 0.168000E-02 0.144000E-02 0.136000E-02 0.120000E-02 0.720000E-03 0.880000E-03 0.720000E-03 0.480000E-03 0.640000E-03 0.560000E-03 0.240000E-03 0.480000E-03 0.160000E-03 0.160000E-03 0.800000E-04 0.000000E+00 0.800000E-04 0.160000E-03 0.800000E-04 0.800000E-04 0.160000E-03 0.800000E-04 0.800000E-04 0.800000E-04 0.800000E-04 0.000000E+00 0.000000E+00 0.000000E+00 0.000000E+00 0.000000E+00 0.000000E+00 0.000000E+00 0.000000E+00 0.000000E+00 0.000000E+00 0.800000E-04 0.000000E+00 0.000000E+00 0.000000E+00 0.000000E+00 0.000000E+00 0.000000E+00 0.000000E+00 0.000000E+00 0.000000E+00 0.000000E+00 0.000000E+00 0.000000E+00 0.000000E+00 0.000000E+00 0.000000E+00 0.000000E+00 0.000000E+00 0.000000E+00 0.000000E+00 0.000000E+00 0.000000E+00 0.000000E+00 0.000000E+00 0.000000E+00 0.000000E+00 0.000000E+00 0.000000E+00 0.000000E+00 0.000000E+00 0.000000E+00 0.000000E+00 0.000000E+00 0.000000E+00 0.000000E+00 0.000000E+00 0.000000E+00 0.000000E+00 0.000000E+00 0.000000E+00 0.000000E+00 0.000000E+00 0.000000E+00 0.000000E+00 0.000000E+00 0.000000E+00 0.000000E+00 0.000000E+00 0.000000E+00 0.000000E+00 0.000000E+00 0.000000E+00 0.000000E+00 0.000000E+00 0.000000E+00 0.000000E+00 0.000000E+00 0.000000E+00 0.000000E+00 0.000000E+00 0.000000E+00 0.000000E+00 0.000000E+00 0.000000E+00 0.000000E+00 0.000000E+00 0.000000E+00 0.000000E+00 0.000000E+00 0.000000E+00 0.000000E+00 0.000000E+00 0.000000E+00 0.000000E+00 0.000000E+00 0.000000E+00 0.000000E+00 0.000000E+00 0.000000E+00 0.000000E+00 0.000000E+00 0.000000E+00 0.000000E+00 0.000000E+00 0.000000E+00 0.000000E+00 0.000000E+00 0.000000E+00 0.000000E+00 0.000000E+00 0.000000E+00 0.000000E+00 0.000000E+00 0.000000E+00 0.000000E+00 0.000000E+00 0.000000E+00 0.000000E+00 0.000000E+00 0.000000E+00 0.000000E+00 0.000000E+00 0.000000E+00 0.000000E+00 0.000000E+00 0.000000E+00 0.000000E+00 0.000000E+00 0.000000E+00 0.000000E+00 0.000000E+00 0.000000E+00 0.000000E+00 0.000000E+00 0.000000E+00 0.000000E+00 0.000000E+00 0.000000E+00 0.000000E+00 0.000000E+00 0.000000E+00 0.000000E+00 0.000000E+00 0.000000E+00 0.000000E+00 0.000000E+00 0.000000E+00 0.000000E+00 0.000000E+00 0.000000E+00 0.000000E+00 0.000000E+00
 0.342743E+02 0.308576E+01 0.181744E+01 0.121336E+01 0.921600E+00 0.695920E+00 0.551040E+00 0.456000E+00 0.386960E+00 0.312560E+00 0.263440E+00 0.225760E+00 0.200160E+00 0.169600E+00 0.142400E+00 0.129360E+00 0.109600E+00 0.980800E-01 0.840800E-01 0.732000E-01 0.645600E-01 0.552000E-01 0.461600E-01 0.432000E-01 0.376800E-01 0.316800E-01 0.305600E-01 0.237600E-01 0.244000E-01 0.199200E-01 0.178400E-01 0.157600E-01 0.134400E-01 0.124000E-01 0.113600E-01 0.100800E-01 0.832000E-02 0.840000E-02 0.688000E-02 0.656000E-02 0.480000E-02 0.376000E-02 0.512000E-02 0.320000E-02 0.368000E-02 0.264000E-02 0.296000E-02 0.208000E-02 0.200000E-02 0.288000E-02 0.128000E-02 0.176000E-02 0.104000E-02 0.184000E-02 0.720000E-03 0.800000E-03 0.120000E-02 0.720000E-03 0.120000E-02 0.560000E-03 0.320000E-03 0.480000E-03 0.400000E-03 0.400000E-03 0.240000E-03 0.320000E-03 0.400000E-03 0.160000E-03 0.400000E-03 0.800000E-04 0.160000E-03 0.240000E-03 0.240000E-03 0.160000E-03 0.800000E-04 0.160000E-03 0.800000E-04 0.000000E+00 0.000000E+00 0.800000E-04 0.000000E+00 0.800000E-04 0.160000E-03 0.000000E+00 0.800000E-04 0.000000E+00 0.000000E+00 0.000000E+00 0.000000E+00 0.000000E+00 0.800000E-04 0.000000E+00 0.000000E+00 0.000000E+00 0.000000E+00 0.000000E+00 0.000000E+00 0.000000E+00 0.000000E+00 0.000000E+00 0.000000E+00 0.800000E-04 0.000000E+00 0.000000E+00 0.000000E+00 0.000000E+00 0.000000E+00 0.000000E+00 0.000000E+00 0.000000E+00 0.000000E+00 0.000000E+00 0.000000E+00 0.000000E+00 0.000000E+00 0.000000E+00 0.000000E+00 0.000000E+00 0.000000E+00 0.000000E+00 0.000000E+00 0.000000E+00 0.000000E+00 0.000000E+00 0.000000E+00 0.000000E+00 0.000000E+00 0.000000E+00 0.000000E+00 0.000000E+00 0.000000E+00 0.000000E+00 0.000000E+00 0.000000E+00 0.000000E+00 0.000000E+00 0.000000E+00 0.000000E+00 0.000000E+00 0.000000E+00 0.000000E+00 0.000000E+00 0.000000E+00 0.000000E+00 0.000000E+00 0.000000E+00 0.000000E+00 0.000000E+00 0.000000E+00 0.000000E+00 0.000000E+00 0.000000E+00 0.000000E+00 0.000000E+00 0.000000E+00 0.000000E+00 0.000000E+00 0.000000E+00 0.000000E+00 0.000000E+00 0.000000E+00 0.000000E+00 0.000000E+00 0.000000E+00 0.000000E+00 0.000000E+00 0.000000E+00 0.000000E+00 0.000000E+00 0.000000E+00 0.000000E+00 0.000000E+00 0.000000E+00 0.000000E+00 0.000000E+00 0.000000E+00 0.000000E+00 0.000000E+00 0.000000E+00 0.000000E+00 0.000000E+00 0.000000E+00 0.000000E+00 0.000000E+00 0.000000E+00 0.000000E+00 0.000000E+00 0.000000E+00 0.000000E+00 0.000000E+00 0.000000E+00 0.000000E+00 0.000000E+00 0.000000E+00 0.000000E+00 0.000000E+00 0.000000E+00 0.000000E+00 0.000000E+00 0.000000E+00
 0.195263E+02 0.437112E+01 0.210552E+01 0.122744E+01 0.786960E+00 0.536720E+00 0.381680E+00 0.278800E+00 0.213600E+00 0.166880E+00 0.124480E+00 0.104080E+00 0.808000E-01 0.600000E-01 0.480000E-01 0.434400E-01 0.312000E-01 0.292000E-01 0.209600E-01 0.170400E-01 0.137600E-01 0.115200E-01 0.110400E-01 0.904000E-02 0.768000E-02 0.496000E-02 0.496000E-02 0.472000E-02 0.336000E-02 0.320000E-02 0.240000E-02 0.152000E-02 0.176000E-02 0.104000E-02 0.480000E-03 0.960000E-03 0.720000E-03 0.480000E-03 0.640000E-03 0.800000E-03 0.320000E-03 0.160000E-03 0.560000E-03 0.240000E-03 0.160000E-03 0.640000E-03 0.160000E-03 0.160000E-03 0.160000E-03 0.160000E-03 0.240000E-03 0.000000E+00 0.800000E-04 0.000000E+00 0.000000E+00 0.800000E-04 0.800000E-04 0.800000E-04 0.000000E+00 0.000000E+00 0.000000E+00 0.000000E+00 0.800000E-04 0.000000E+00 0.000000E+00 0.000000E+00 0.000000E+00 0.000000E+00 0.000000E+00 0.000000E+00 0.000000E+00 0.000000E+00 0.000000E+00 0.000000E+00 0.000000E+00 0.000000E+00 0.000000E+00 0.000000E+00 0.000000E+00 0.000000E+00 0.000000E+00 0.000000E+00 0.000000E+00 0.000000E+00 0.000000E+00 0.000000E+00 0.000000E+00 0.000000E+00 0.000000E+00 0.000000E+00 0.000000E+00 0.000000E+00 0.000000E+00 0.000000E+00 0.000000E+00 0.000000E+00 0.000000E+00 0.000000E+00 0.000000E+00 0.000000E+00 0.000000E+00 0.000000E+00 0.000000E+00 0.000000E+00 0.000000E+00 0.000000E+00 0.000000E+00 0.000000E+00 0.000000E+00 0.000000E+00 0.000000E+00 0.000000E+00 0.000000E+00 0.000000E+00 0.000000E+00 0.000000E+00 0.000000E+00 0.000000E+00 0.000000E+00 0.000000E+00 0.000000E+00 0.000000E+00 0.000000E+00 0.000000E+00 0.000000E+00 0.000000E+00 0.000000E+00 0.000000E+00 0.000000E+00 0.000000E+00 0.000000E+00 0.000000E+00 0.000000E+00 0.000000E+00 0.000000E+00 0.000000E+00 0.000000E+00 0.000000E+00 0.000000E+00 0.000000E+00 0.000000E+00 0.000000E+00 0.000000E+00 0.000000E+00 0.000000E+00 0.000000E+00 0.000000E+00 0.000000E+00 0.000000E+00 0.000000E+00 0.000000E+00 0.000000E+00 0.000000E+00 0.000000E+00 0.000000E+00 0.000000E+00 0.000000E+00 0.000000E+00 0.000000E+00 0.000000E+00 0.000000E+00 0.000000E+00 0.000000E+00 0.000000E+00 0.000000E+00 0.000000E+00 0.000000E+00 0.000000E+00 0.000000E+00 0.000000E+00 0.000000E+00 0.000000E+00 0.000000E+00 0.000000E+00 0.000000E+00 0.000000E+00 0.000000E+00 0.000000E+00 0.000000E+00 0.000000E+00 0.000000E+00 0.000000E+00 0.000000E+00 0.000000E+00 0.000000E+00 0.000000E+00 0.000000E+00 0.000000E+00 0.000000E+00 0.000000E+00 0.000000E+00 0.000000E+00 0.000000E+00 0.000000E+00 0.000000E+00 0.000000E+00 0.000000E+00 0.000000E+00 0.000000E+00 0.000000E+00
 0.188114E+02 0.437608E+01 0.221144E+01 0.136152E+01 0.907360E+00 0.638720E+00 0.481680E+00 0.370240E+00 0.287840E+00 0.232560E+00 0.192320E+00 0.162160E+00 0.130720E+00 0.108800E+00 0.946400E-01 0.824800E-01 0.725600E-01 0.592800E-01 0.473600E-01 0.421600E-01 0.368800E-01 0.344000E-01 0.275200E-01 0.282400E-01 0.220800E-01 0.207200E-01 0.158400E-01 0.137600E-01 0.150400E-01 0.126400E-01 0.103200E-01 0.109600E-01 0.712000E-02 0.624000E-02 0.632000E-02 0.592000E-02 0.416000E-02 0.528000E-02 0.440000E-02 0.392000E-02 0.304000E-02 0.280000E-02 0.168000E-02 0.208000E-02 0.192000E-02 0.176000E-02 0.184000E-02 0.200000E-02 0.640000E-03 0.880000E-03 0.880000E-03 0.480000E-03 0.560000E-03 0.640000E-03 0.320000E-03 0.400000E-03 0.320000E-03 0.560000E-03 0.560000E-03 0.400000E-03 0.320000E-03 0.240000E-03 0.320000E-03 0.320000E-03 0.160000E-03 0.000000E+00 0.240000E-03 0.240000E-03 0.800000E-04 0.800000E-04 0.240000E-03 0.000000E+00 0.160000E-03 0.000000E+00 0.800000E-04 0.160000E-03 0.000000E+00 0.240000E-03 0.000000E+00 0.000000E+00 0.000000E+00 0.800000E-04 0.800000E-04 0.000000E+00 0.000000E+00 0.000000E+00 0.000000E+00 0.800000E-04 0.000000E+00 0.000000E+00 0.000000E+00 0.000000E+00 0.000000E+00 0.000000E+00 0.000000E+00 0.000000E+00 0.000000E+00 0.000000E+00 0.000000E+00 0.000000E+00 0.000000E+00 0.000000E+00 0.000000E+00 0.000000E+00 0.000000E+00 0.000000E+00 0.000000E+00 0.000000E+00 0.000000E+00 0.000000E+00 0.000000E+00 0.000000E+00 0.000000E+00 0.000000E+00 0.000000E+00 0.000000E+00 0.000000E+00 0.000000E+00 0.000000E+00 0.000000E+00 0.000000E+00 0.000000E+00 0.000000E+00 0.000000E+00 0.000000E+00 0.000000E+00 0.000000E+00 0.000000E+00 0.000000E+00 0.000000E+00 0.000000E+00 0.000000E+00 0.000000E+00 0.000000E+00 0.000000E+00 0.000000E+00 0.000000E+00 0.000000E+00 0.000000E+00 0.000000E+00 0.000000E+00 0.000000E+00 0.000000E+00 0.000000E+00 0.000000E+00 0.000000E+00 0.000000E+00 0.000000E+00 0.000000E+00 0.000000E+00 0.000000E+00 0.000000E+00 0.000000E+00 0.000000E+00 0.000000E+00 0.000000E+00 0.000000E+00 0.000000E+00 0.000000E+00 0.000000E+00 0.000000E+00 0.000000E+00 0.000000E+00 0.000000E+00 0.000000E+00 0.000000E+00 0.000000E+00 0.000000E+00 0.000000E+00 0.000000E+00 0.000000E+00 0.000000E+00 0.000000E+00 0.000000E+00 0.000000E+00 0.000000E+00 0.000000E+00 0.000000E+00 0.000000E+00 0.000000E+00 0.000000E+00 0.000000E+00 0.000000E+00 0.000000E+00 0.000000E+00 0.000000E+00 0.000000E+00 0.000000E+00 0.000000E+00 0.000000E+00 0.000000E+00 0.000000E+00 0.000000E+00 0.000000E+00 0.000000E+00 0.000000E+00 0.000000E+00 0.000000E+00 0.000000E+00 0.000000E+00
 0.193425E+02 0.431560E+01 0.207376E+01 0.120952E+01 0.786560E+00 0.517600E+00 0.377200E+00 0.288880E+00 0.204400E+00 0.158160E+00 0.123280E+00 0.977600E-01 0.751200E-01 0.630400E-01 0.489600E-01 0.389600E-01 0.329600E-01 0.266400E-01 0.216800E-01 0.189600E-01 0.138400E-01 0.110400E-01 0.952000E-02 0.912000E-02 0.712000E-02 0.608000E-02 0.520000E-02 0.312000E-02 0.296000E-02 0.304000E-02 0.192000E-02 0.184000E-02 0.176000E-02 0.136000E-02 0.144000E-02 0.480000E-03 0.960000E-03 0.240000E-03 0.400000E-03 0.320000E-03 0.400000E-03 0.160000E-03 0.240000E-03 0.240000E-03 0.320000E-03 0.800000E-04 0.800000E-04 0.000000E+00 0.000000E+00 0.800000E-04 0.000000E+00 0.000000E+00 0.000000E+00 0.000000E+00 0.000000E+00 0.000000E+00 0.000000E+00 0.000000E+00 0.000000E+00 0.000000E+00 0.000000E+00 0.800000E-04 0.000000E+00 0.000000E+00 0.000000E+00 0.000000E+00 0.000000E+00 0.000000E+00 0.000000E+00 0.000000E+00 0.800000E-04 0.000000E+00 0.000000E+00 0.000000E+00 0.000000E+00 0.000000E+00 0.000000E+00 0.000000E+00 0.000000E+00 0.000000E+00 0.000000E+00 0.000000E+00 0.000000E+00 0.000000E+00 0.000000E+00 0.000000E+00 0.000000E+00 0.000000E+00 0.000000E+00 0.000000E+00 0.000000E+00 0.000000E+00 0.000000E+00 0.000000E+00 0.000000E+00 0.000000E+00 0.000000E+00 0.000000E+00 0.000000E+00 0.000000E+00 0.000000E+00 0.000000E+00 0.000000E+00 0.000000E+00 0.000000E+00 0.000000E+00 0.000000E+00 0.000000E+00 0.000000E+00 0.000000E+00 0.000000E+00 0.000000E+00 0.000000E+00 0.000000E+00 0.000000E+00 0.000000E+00 0.000000E+00 0.000000E+00 0.000000E+00 0.000000E+00 0.000000E+00 0.000000E+00 0.000000E+00 0.000000E+00 0.000000E+00 0.000000E+00 0.000000E+00 0.000000E+00 0.000000E+00 0.000000E+00 0.000000E+00 0.000000E+00 0.000000E+00 0.000000E+00 0.000000E+00 0.000000E+00 0.000000E+00 0.000000E+00 0.000000E+00 0.000000E+00 0.000000E+00 0.000000E+00 0.000000E+00 0.000000E+00 0.000000E+00 0.000000E+00 0.000000E+00 0.000000E+00 0.000000E+00 0.000000E+00 0.000000E+00 0.000000E+00 0.000000E+00 0.000000E+00 0.000000E+00 0.000000E+00 0.000000E+00 0.000000E+00 0.000000E+00 0.000000E+00 0.000000E+00 0.000000E+00 0.000000E+00 0.000000E+00 0.000000E+00 0.000000E+00 0.000000E+00 0.000000E+00 0.000000E+00 0.000000E+00 0.000000E+00 0.000000E+00 0.000000E+00 0.000000E+00 0.000000E+00 0.000000E+00 0.000000E+00 0.000000E+00 0.000000E+00 0.000000E+00 0.000000E+00 0.000000E+00 0.000000E+00 0.000000E+00 0.000000E+00 0.000000E+00 0.000000E+00 0.000000E+00 0.000000E+00 0.000000E+00 0.000000E+00 0.000000E+00 0.000000E+00 0.000000E+00 0.000000E+00 0.000000E+00 0.000000E+00 0.000000E+00 0.000000E+00 0.000000E+00
 0.186190E+02 0.435880E+01 0.219568E+01 0.130400E+01 0.889840E+00 0.627120E+00 0.480560E+00 0.366480E+00 0.289200E+00 0.238480E+00 0.199600E+00 0.160320E+00 0.134720E+00 0.107440E+00 0.915200E-01 0.770400E-01 0.679200E-01 0.588000E-01 0.468000E-01 0.430400E-01 0.395200E-01 0.356800E-01 0.304000E-01 0.250400E-01 0.228000E-01 0.192000E-01 0.165600E-01 0.148000E-01 0.137600E-01 0.112800E-01 0.102400E-01 0.968000E-02 0.832000E-02 0.624000E-02 0.576000E-02 0.608000E-02 0.472000E-02 0.488000E-02 0.352000E-02 0.304000E-02 0.336000E-02 0.304000E-02 0.176000E-02 0.128000E-02 0.152000E-02 0.224000E-02 0.120000E-02 0.136000E-02 0.720000E-03 0.800000E-03 0.128000E-02 0.640000E-03 0.800000E-03 0.720000E-03 0.320000E-03 0.480000E-03 0.480000E-03 0.480000E-03 0.320000E-03 0.480000E-03 0.560000E-03 0.160000E-03 0.000000E+00 0.160000E-03 0.240000E-03 0.320000E-03 0.320000E-03 0.800000E-04 0.800000E-04 0.160000E-03 0.800000E-04 0.800000E-04 0.800000E-04 0.000000E+00 0.800000E-04 0.000000E+00 0.160000E-03 0.000000E+00 0.160000E-03 0.800000E-04 0.800000E-04 0.000000E+00 0.000000E+00 0.000000E+00 0.000000E+00 0.000000E+00 0.000000E+00 0.000000E+00 0.000000E+00 0.000000E+00 0.000000E+00 0.000000E+00 0.000000E+00 0.000000E+00 0.000000E+00 0.000000E+00 0.000000E+00 0.000000E+00 0.000000E+00 0.000000E+00 0.000000E+00 0.000000E+00 0.000000E+00 0.000000E+00 0.000000E+00 0.000000E+00 0.000000E+00 0.800000E-04 0.000000E+00 0.000000E+00 0.000000E+00 0.000000E+00 0.000000E+00 0.000000E+00 0.000000E+00 0.000000E+00 0.000000E+00 0.000000E+00 0.000000E+00 0.000000E+00 0.000000E+00 0.000000E+00 0.000000E+00 0.000000E+00 0.000000E+00 0.000000E+00 0.000000E+00 0.000000E+00 0.000000E+00 0.000000E+00 0.000000E+00 0.000000E+00 0.000000E+00 0.000000E+00 0.000000E+00 0.000000E+00 0.000000E+00 0.000000E+00 0.000000E+00 0.000000E+00 0.000000E+00 0.000000E+00 0.000000E+00 0.000000E+00 0.000000E+00 0.000000E+00 0.000000E+00 0.000000E+00 0.000000E+00 0.000000E+00 0.000000E+00 0.000000E+00 0.000000E+00 0.000000E+00 0.000000E+00 0.000000E+00 0.000000E+00 0.000000E+00 0.000000E+00 0.000000E+00 0.000000E+00 0.000000E+00 0.000000E+00 0.000000E+00 0.000000E+00 0.000000E+00 0.000000E+00 0.000000E+00 0.000000E+00 0.000000E+00 0.000000E+00 0.000000E+00 0.000000E+00 0.000000E+00 0.000000E+00 0.000000E+00 0.000000E+00 0.000000E+00 0.000000E+00 0.000000E+00 0.000000E+00 0.000000E+00 0.000000E+00 0.000000E+00 0.000000E+00 0.000000E+00 0.000000E+00 0.000000E+00 0.000000E+00 0.000000E+00 0.000000E+00 0.000000E+00 0.000000E+00 0.000000E+00 0.000000E+00 0.000000E+00 0.000000E+00 0.000000E+00 0.000000E+00 0.000000E+00
 0.385061E+02 0.247000E+01 0.135752E+01 0.860480E+00 0.595040E+00 0.456800E+00 0.329920E+00 0.262000E+00 0.202640E+00 0.156400E+00 0.133200E+00 0.104160E+00 0.820000E-01 0.702400E-01 0.596800E-01 0.489600E-01 0.414400E-01 0.336000E-01 0.256000E-01 0.222400E-01 0.182400E-01 0.160800E-01 0.119200E-01 0.108000E-01 0.688000E-02 0.736000E-02 0.688000E-02 0.704000E-02 0.384000E-02 0.312000E-02 0.360000E-02 0.208000E-02 0.240000E-02 0.168000E-02 0.144000E-02 0.136000E-02 0.120000E-02 0.720000E-03 0.880000E-03 0.720000E-03 0.480000E-03 0.640000E-03 0.560000E-03 0.240000E-03 0.480000E-03 0.160000E-03 0.160000E-03 0.800000E-04 0.000000E+00 0.800000E-04 0.160000E-03 0.800000E-04 0.800000E-04 0.160000E-03 0.800000E-04 0.800000E-04 0.800000E-04 0.800000E-04 0.000000E+00 0.000000E+00 0.000000E+00 0.000000E+00 0.000000E+00 0.000000E+00 0.000000E+00 0.000000E+00 0.000000E+00 0.000000E+00 0.800000E-04 0.000000E+00 0.000000E+00 0.000000E+00 0.000000E+00 0.000000E+00 0.000000E+00 0.000000E+00 0.000000E+00 0.000000E+00 0.000000E+00 0.000000E+00 0.000000E+00 0.000000E+00 0.000000E+00 0.000000E+00 0.000000E+00 0.000000E+00 0.000000E+00 0.000000E+00 0.000000E+00 0.000000E+00 0.000000E+00 0.000000E+00 0.000000E+00 0.000000E+00 0.000000E+00 0.000000E+00 0.000000E+00 0.000000E+00 0.000000E+00 0.000000E+00 0.000000E+00 0.000000E+00 0.000000E+00 0.000000E+00 0.000000E+00 0.000000E+00 0.000000E+00 0.000000E+00 0.000000E+00 0.000000E+00 0.000000E+00 0.000000E+00 0.000000E+00 0.000000E+00 0.000000E+00 0.000000E+00 0.000000E+00 0.000000E+00 0.000000E+00 0.000000E+00 0.000000E+00 0.000000E+00 0.000000E+00 0.000000E+00 0.000000E+00 0.000000E+00 0.000000E+00 0.000000E+00 0.000000E+00 0.000000E+00 0.000000E+00 0.000000E+00 0.000000E+00 0.000000E+00 0.000000E+00 0.000000E+00 0.000000E+00 0.000000E+00 0.000000E+00 0.000000E+00 0.000000E+00 0.000000E+00 0.000000E+00 0.000000E+00 0.000000E+00 0.000000E+00 0.000000E+00 0.000000E+00 0.000000E+00 0.000000E+00 0.000000E+00 0.000000E+00 0.000000E+00 0.000000E+00 0.000000E+00 0.000000E+00 0.000000E+00 0.000000E+00 0.000000E+00 0.000000E+00 0.000000E+00 0.000000E+00 0.000000E+00 0.000000E+00 0.000000E+00 0.000000E+00 0.000000E+00 0.000000E+00 0.000000E+00 0.000000E+00 0.000000E+00 0.000000E+00 0.000000E+00 0.000000E+00 0.000000E+00 0.000000E+00 0.000000E+00 0.000000E+00 0.000000E+00 0.000000E+00 0.000000E+00 0.000000E+00 0.000000E+00 0.000000E+00 0.000000E+00 0.000000E+00 0.000000E+00 0.000000E+00 0.000000E+00 0.000000E+00 0.000000E+00 0.000000E+00 0.000000E+00 0.000000E+00 0.000000E+00 0.000000E+00 0.000000E+00 0.000000E+00 0.000000E+00 0.000000E+00
 0.342743E+02 0.308576E+01 0.181744E+01 0.121336E+01 0.921600E+00 0.695920E+00 0.551040E+00 0.456000E+00 0.386960E+00 0.312560E+00 0.263440E+00 0.225760E+00 0.200160E+00 0.169600E+00 0.142400E+00 0.129360E+00 0.109600E+00 0.980800E-01 0.840800E-01 0.732000E-01 0.645600E-01 0.552000E-01 0.461600E-01 0.432000E-01 0.376800E-01 0.316800E-01 0.305600E-01 0.237600E-01 0.244000E-01 0.199200E-01 0.178400E-01 0.157600E-01 0.134400E-01 0.124000E-01 0.113600E-01 0.100800E-01 0.832000E-02 0.840000E-02 0.688000E-02 0.656000E-02 0.480000E-02 0.376000E-02 0.512000E-02 0.320000E-02 0.368000E-02 0.264000E-02 0.296000E-02 0.208000E-02 0.200000E-02 0.288000E-02 0.128000E-02 0.176000E-02 0.104000E-02 0.184000E-02 0.720000E-03 0.800000E-03 0.120000E-02 0.720000E-03 0.120000E-02 0.560000E-03 0.320000E-03 0.480000E-03 0.400000E-03 0.400000E-03 0.240000E-03 0.320000E-03 0.400000E-03 0.160000E-03 0.400000E-03 0.800000E-04 0.160000E-03 0.240000E-03 0.240000E-03 0.160000E-03 0.800000E-04 0.160000E-03 0.800000E-04 0.000000E+00 0.000000E+00 0.800000E-04 0.000000E+00 0.800000E-04 0.160000E-03 0.000000E+00 0.800000E-04 0.000000E+00 0.000000E+00 0.000000E+00 0.000000E+00 0.000000E+00 0.800000E-04 0.000000E+00 0.000000E+00 0.000000E+00 0.000000E+00 0.000000E+00 0.000000E+00 0.000000E+00 0.000000E+00 0.000000E+00 0.000000E+00 0.800000E-04 0.000000E+00 0.000000E+00 0.000000E+00 0.000000E+00 0.000000E+00 0.000000E+00 0.000000E+00 0.000000E+00 0.000000E+00 0.000000E+00 0.000000E+00 0.000000E+00 0.000000E+00 0.000000E+00 0.000000E+00 0.000000E+00 0.000000E+00 0.000000E+00 0.000000E+00 0.000000E+00 0.000000E+00 0.000000E+00 0.000000E+00 0.000000E+00 0.000000E+00 0.000000E+00 0.000000E+00 0.000000E+00 0.000000E+00 0.000000E+00 0.000000E+00 0.000000E+00 0.000000E+00 0.000000E+00 0.000000E+00 0.000000E+00 0.000000E+00 0.000000E+00 0.000000E+00 0.000000E+00 0.000000E+00 0.000000E+00 0.000000E+00 0.000000E+00 0.000000E+00 0.000000E+00 0.000000E+00 0.000000E+00 0.000000E+00 0.000000E+00 0.000000E+00 0.000000E+00 0.000000E+00 0.000000E+00 0.000000E+00 0.000000E+00 0.000000E+00 0.000000E+00 0.000000E+00 0.000000E+00 0.000000E+00 0.000000E+00 0.000000E+00 0.000000E+00 0.000000E+00 0.000000E+00 0.000000E+00 0.000000E+00 0.000000E+00 0.000000E+00 0.000000E+00 0.000000E+00 0.000000E+00 0.000000E+00 0.000000E+00 0.000000E+00 0.000000E+00 0.000000E+00 0.000000E+00 0.000000E+00 0.000000E+00 0.000000E+00 0.000000E+00 0.000000E+00 0.000000E+00 0.000000E+00 0.000000E+00 0.000000E+00 0.000000E+00 0.000000E+00 0.000000E+00 0.000000E+00 0.000000E+00 0.000000E+00 0.000000E+00 0.000000E+00 0.000000E+00 0.000000E+00
 0.982344E+01 0.163832E+01 0.860160E+00 0.545760E+00 0.367520E+00 0.254000E+00 0.188960E+00 0.134080E+00 0.104800E+00 0.836800E-01 0.664000E-01 0.513600E-01 0.423200E-01 0.270400E-01 0.248000E-01 0.208000E-01 0.151200E-01 0.142400E-01 0.111200E-01 0.848000E-02 0.600000E-02 0.432000E-02 0.544000E-02 0.408000E-02 0.344000E-02 0.240000E-02 0.240000E-02 0.184000E-02 0.152000E-02 0.112000E-02 0.640000E-03 0.560000E-03 0.720000E-03 0.320000E-03 0.800000E-04 0.320000E-03 0.160000E-03 0.160000E-03 0.400000E-03 0.240000E-03 0.160000E-03 0.160000E-03 0.160000E-03 0.240000E-03 0.000000E+00 0.320000E-03 0.000000E+00 0.800000E-04 0.000000E+00 0.800000E-04 0.160000E-03 0.000000E+00 0.000000E+00 0.000000E+00 0.000000E+00 0.800000E-04 0.000000E+00 0.000000E+00 0.000000E+00 0.000000E+00 0.000000E+00 0.000000E+00 0.000000E+00 0.000000E+00 0.000000E+00 0.000000E+00 0.000000E+00 0.000000E+00 0.000000E+00 0.000000E+00 0.000000E+00 0.000000E+00 0.000000E+00 0.000000E+00 0.000000E+00 0.000000E+00 0.000000E+00 0.000000E+00 0.000000E+00 0.000000E+00 0.000000E+00 0.000000E+00 0.000000E+00 0.000000E+00 0.000000E+00 0.000000E+00 0.000000E+00 0.000000E+00 0.000000E+00 0.000000E+00 0.000000E+00 0.000000E+00 0.000000E+00 0.000000E+00 0.000000E+00 0.000000E+00 0.000000E+00 0.000000E+00 0.000000E+00 0.000000E+00 0.000000E+00 0.000000E+00 0.000000E+00 0.000000E+00 0.000000E+00 0.000000E+00 0.000000E+00 0.000000E+00 0.000000E+00 0.000000E+00 0.000000E+00 0.000000E+00 0.000000E+00 0.000000E+00 0.000000E+00 0.000000E+00 0.000000E+00 0.000000E+00 0.000000E+00 0.000000E+00 0.000000E+00 0.000000E+00 0.000000E+00 0.000000E+00 0.000000E+00 0.000000E+00 0.000000E+00 0.000000E+00 0.000000E+00 0.000000E+00 0.000000E+00 0.000000E+00 0.000000E+00 0.000000E+00 0.000000E+00 0.000000E+00 0.000000E+00 0.000000E+00 0.000000E+00 0.000000E+00 0.000000E+00 0.000000E+00 0.000000E+00 0.000000E+00 0.000000E+00 0.000000E+00 0.000000E+00 0.000000E+00 0.000000E+00 0.000000E+00 0.000000E+00 0.000000E+00 0.000000E+00 0.000000E+00 0.000000E+00 0.000000E+00 0.000000E+00 0.000000E+00 0.000000E+00 0.000000E+00 0.000000E+00 0.000000E+00 0.000000E+00 0.000000E+00 0.000000E+00 0.000000E+00 0.000000E+00 0.000000E+00 0.000000E+00 0.000000E+00 0.000000E+00 0.000000E+00 0.000000E+00 0.000000E+00 0.000000E+00 0.000000E+00 0.000000E+00 0.000000E+00 0.000000E+00 0.000000E+00 0.000000E+00 0.000000E+00 0.000000E+00 0.000000E+00 0.000000E+00 0.000000E+00 0.000000E+00 0.000000E+00 0.000000E+00 0.000000E+00 0.000000E+00 0.000000E+00 0.000000E+00 0.000000E+00 0.000000E+00 0.000000E+00 0.000000E+00 0.000000E+00 0.000000E+00 0.000000E+00
 0.907176E+01 0.149256E+01 0.792080E+00 0.522480E+00 0.353040E+00 0.253920E+00 0.195920E+00 0.145760E+00 0.114000E+00 0.894400E-01 0.745600E-01 0.602400E-01 0.517600E-01 0.380800E-01 0.335200E-01 0.258400E-01 0.243200E-01 0.188800E-01 0.144800E-01 0.136800E-01 0.115200E-01 0.984000E-02 0.832000E-02 0.784000E-02 0.568000E-02 0.504000E-02 0.400000E-02 0.344000E-02 0.304000E-02 0.336000E-02 0.224000E-02 0.272000E-02 0.152000E-02 0.144000E-02 0.800000E-03 0.136000E-02 0.640000E-03 0.720000E-03 0.720000E-03 0.400000E-03 0.800000E-03 0.240000E-03 0.000000E+00 0.560000E-03 0.400000E-03 0.240000E-03 0.480000E-03 0.160000E-03 0.000000E+00 0.160000E-03 0.800000E-04 0.800000E-04 0.240000E-03 0.000000E+00 0.000000E+00 0.000000E+00 0.000000E+00 0.000000E+00 0.000000E+00 0.160000E-03 0.800000E-04 0.000000E+00 0.800000E-04 0.000000E+00 0.000000E+00 0.000000E+00 0.000000E+00 0.000000E+00 0.000000E+00 0.000000E+00 0.000000E+00 0.000000E+00 0.000000E+00 0.000000E+00 0.000000E+00 0.000000E+00 0.000000E+00 0.000000E+00 0.000000E+00 0.000000E+00 0.000000E+00 0.000000E+00 0.000000E+00 0.000000E+00 0.000000E+00 0.000000E+00 0.000000E+00 0.000000E+00 0.000000E+00 0.000000E+00 0.000000E+00 0.000000E+00 0.000000E+00 0.000000E+00 0.000000E+00 0.000000E+00 0.000000E+00 0.000000E+00 0.000000E+00 0.000000E+00 0.000000E+00 0.000000E+00 0.000000E+00 0.000000E+00 0.000000E+00 0.000000E+00 0.000000E+00 0.000000E+00 0.000000E+00 0.000000E+00 0.000000E+00 0.000000E+00 0.000000E+00 0.000000E+00 0.000000E+00 0.000000E+00 0.000000E+00 0.000000E+00 0.000000E+00 0.000000E+00 0.000000E+00 0.000000E+00 0.000000E+00 0.000000E+00 0.000000E+00 0.000000E+00 0.000000E+00 0.000000E+00 0.000000E+00 0.000000E+00 0.000000E+00 0.000000E+00 0.000000E+00 0.000000E+00 0.000000E+00 0.000000E+00 0.000000E+00 0.000000E+00 0.000000E+00 0.000000E+00 0.000000E+00 0.000000E+00 0.000000E+00 0.000000E+00 0.000000E+00 0.000000E+00 0.000000E+00 0.000000E+00 0.000000E+00 0.000000E+00 0.000000E+00 0.000000E+00 0.000000E+00 0.000000E+00 0.000000E+00 0.000000E+00 0.000000E+00 0.000000E+00 0.000000E+00 0.000000E+00 0.000000E+00 0.000000E+00 0.000000E+00 0.000000E+00 0.000000E+00 0.000000E+00 0.000000E+00 0.000000E+00 0.000000E+00 0.000000E+00 0.000000E+00 0.000000E+00 0.000000E+00 0.000000E+00 0.000000E+00 0.000000E+00 0.000000E+00 0.000000E+00 0.000000E+00 0.000000E+00 0.000000E+00 0.000000E+00 0.000000E+00 0.000000E+00 0.000000E+00 0.000000E+00 0.000000E+00 0.000000E+00 0.000000E+00 0.000000E+00 0.000000E+00 0.000000E+00 0.000000E+00 0.000000E+00 0.000000E+00 0.000000E+00 0.000000E+00 0.000000E+00 0.000000E+00 0.000000E+00
 0.954584E+01 0.159728E+01 0.849040E+00 0.527760E+00 0.359440E+00 0.247440E+00 0.178640E+00 0.147440E+00 0.104960E+00 0.803200E-01 0.588800E-01 0.486400E-01 0.370400E-01 0.314400E-01 0.240000E-01 0.182400E-01 0.156800E-01 0.120800E-01 0.102400E-01 0.896000E-02 0.648000E-02 0.544000E-02 0.376000E-02 0.336000E-02 0.288000E-02 0.264000E-02 0.152000E-02 0.120000E-02 0.120000E-02 0.120000E-02 0.480000E-03 0.960000E-03 0.800000E-03 0.720000E-03 0.400000E-03 0.240000E-03 0.240000E-03 0.160000E-03 0.320000E-03 0.800000E-04 0.160000E-03 0.000000E+00 0.000000E+00 0.000000E+00 0.800000E-04 0.000000E+00 0.000000E+00 0.000000E+00 0.000000E+00 0.800000E-04 0.000000E+00 0.000000E+00 0.000000E+00 0.000000E+00 0.000000E+00 0.000000E+00 0.000000E+00 0.000000E+00 0.000000E+00 0.000000E+00 0.000000E+00 0.800000E-04 0.000000E+00 0.000000E+00 0.000000E+00 0.000000E+00 0.000000E+00 0.000000E+00 0.000000E+00 0.000000E+00 0.000000E+00 0.000000E+00 0.000000E+00 0.000000E+00 0.000000E+00 0.000000E+00 0.000000E+00 0.000000E+00 0.000000E+00 0.000000E+00 0.000000E+00 0.000000E+00 0.000000E+00 0.000000E+00 0.000000E+00 0.000000E+00 0.000000E+00 0.000000E+00 0.000000E+00 0.000000E+00 0.000000E+00 0.000000E+00 0.000000E+00 0.000000E+00 0.000000E+00 0.000000E+00 0.000000E+00 0.000000E+00 0.000000E+00 0.000000E+00 0.000000E+00 0.000000E+00 0.000000E+00 0.000000E+00 0.000000E+00 0.000000E+00 0.000000E+00 0.000000E+00 0.000000E+00 0.000000E+00 0.000000E+00 0.000000E+00 0.000000E+00 0.000000E+00 0.000000E+00 0.000000E+00 0.000000E+00 0.000000E+00 0.000000E+00 0.000000E+00 0.000000E+00 0.000000E+00 0.000000E+00 0.000000E+00 0.000000E+00 0.000000E+00 0.000000E+00 0.000000E+00 0.000000E+00 0.000000E+00 0.000000E+00 0.000000E+00 0.000000E+00 0.000000E+00 0.000000E+00 0.000000E+00 0.000000E+00 0.000000E+00 0.000000E+00 0.000000E+00 0.000000E+00 0.000000E+00 0.000000E+00 0.000000E+00 0.000000E+00 0.000000E+00 0.000000E+00 0.000000E+00 0.000000E+00 0.000000E+00 0.000000E+00 0.000000E+00 0.000000E+00 0.000000E+00 0.000000E+00 0.000000E+00 0.000000E+00 0.000000E+00 0.000000E+00 0.000000E+00 0.000000E+00 0.000000E+00 0.000000E+00 0.000000E+00 0.000000E+00 0.000000E+00 0.000000E+00 0.000000E+00 0.000000E+00 0.000000E+00 0.000000E+00 0.000000E+00 0.000000E+00 0.000000E+00 0.000000E+00 0.000000E+00 0.000000E+00 0.000000E+00 0.000000E+00 0.000000E+00 0.000000E+00 0.000000E+00 0.000000E+00 0.000000E+00 0.000000E+00 0.000000E+00 0.000000E+00 0.000000E+00 0.000000E+00 0.000000E+00 0.000000E+00 0.000000E+00 0.000000E+00 0.000000E+00 0.000000E+00 0.000000E+00 0.000000E+00 0.000000E+00 0.000000E+00 0.000000E+00
 0.884560E+01 0.145912E+01 0.771440E+00 0.486240E+00 0.344720E+00 0.252240E+00 0.193520E+00 0.142640E+00 0.112240E+00 0.940800E-01 0.769600E-01 0.596000E-01 0.484000E-01 0.408800E-01 0.325600E-01 0.268800E-01 0.218400E-01 0.180800E-01 0.148800E-01 0.120800E-01 0.132000E-01 0.936000E-02 0.872000E-02 0.552000E-02 0.504000E-02 0.496000E-02 0.432000E-02 0.344000E-02 0.248000E-02 0.304000E-02 0.240000E-02 0.128000E-02 0.216000E-02 0.880000E-03 0.128000E-02 0.880000E-03 0.320000E-03 0.720000E-03 0.240000E-03 0.640000E-03 0.320000E-03 0.400000E-03 0.160000E-03 0.800000E-04 0.240000E-03 0.320000E-03 0.160000E-03 0.800000E-04 0.000000E+00 0.800000E-04 0.000000E+00 0.800000E-04 0.800000E-04 0.000000E+00 0.000000E+00 0.000000E+00 0.160000E-03 0.800000E-04 0.000000E+00 0.800000E-04 0.000000E+00 0.000000E+00 0.000000E+00 0.000000E+00 0.000000E+00 0.800000E-04 0.000000E+00 0.000000E+00 0.000000E+00 0.000000E+00 0.000000E+00 0.000000E+00 0.000000E+00 0.000000E+00 0.000000E+00 0.000000E+00 0.000000E+00 0.000000E+00 0.000000E+00 0.000000E+00 0.000000E+00 0.000000E+00 0.000000E+00 0.000000E+00 0.000000E+00 0.000000E+00 0.000000E+00 0.000000E+00 0.000000E+00 0.000000E+00 0.000000E+00 0.000000E+00 0.000000E+00 0.000000E+00 0.000000E+00 0.000000E+00 0.000000E+00 0.000000E+00 0.000000E+00 0.000000E+00 0.000000E+00 0.000000E+00 0.000000E+00 0.000000E+00 0.000000E+00 0.000000E+00 0.000000E+00 0.000000E+00 0.000000E+00 0.000000E+00 0.000000E+00 0.000000E+00 0.000000E+00 0.000000E+00 0.000000E+00 0.000000E+00 0.000000E+00 0.000000E+00 0.000000E+00 0.000000E+00 0.000000E+00 0.000000E+00 0.000000E+00 0.000000E+00 0.000000E+00 0.000000E+00 0.000000E+00 0.000000E+00 0.000000E+00 0.000000E+00 0.000000E+00 0.000000E+00 0.000000E+00 0.000000E+00 0.000000E+00 0.000000E+00 0.000000E+00 0.000000E+00 0.000000E+00 0.000000E+00 0.000000E+00 0.000000E+00 0.000000E+00 0.000000E+00 0.000000E+00 0.000000E+00 0.000000E+00 0.000000E+00 0.000000E+00 0.000000E+00 0.000000E+00 0.000000E+00 0.000000E+00 0.000000E+00 0.000000E+00 0.000000E+00 0.000000E+00 0.000000E+00 0.000000E+00 0.000000E+00 0.000000E+00 0.000000E+00 0.000000E+00 0.000000E+00 0.000000E+00 0.000000E+00 0.000000E+00 0.000000E+00 0.000000E+00 0.000000E+00 0.000000E+00 0.000000E+00 0.000000E+00 0.000000E+00 0.000000E+00 0.000000E+00 0.000000E+00 0.000000E+00 0.000000E+00 0.000000E+00 0.000000E+00 0.000000E+00 0.000000E+00 0.000000E+00 0.000000E+00 0.000000E+00 0.000000E+00 0.000000E+00 0.000000E+00 0.000000E+00 0.000000E+00 0.000000E+00 0.000000E+00 0.000000E+00 0.000000E+00 0.000000E+00 0.000000E+00 0.000000E+00 0.000000E+00 0.000000E+00
 0.349310E+02 0.860800E+00 0.417120E+00 0.232320E+00 0.143280E+00 0.105040E+00 0.685600E-01 0.492800E-01 0.356800E-01 0.229600E-01 0.192800E-01 0.140000E-01 0.984000E-02 0.816000E-02 0.632000E-02 0.504000E-02 0.432000E-02 0.304000E-02 0.208000E-02 0.256000E-02 0.120000E-02 0.136000E-02 0.800000E-03 0.720000E-03 0.720000E-03 0.400000E-03 0.400000E-03 0.880000E-03 0.480000E-03 0.800000E-04 0.000000E+00 0.320000E-03 0.800000E-04 0.800000E-04 0.000000E+00 0.800000E-04 0.000000E+00 0.000000E+00 0.000000E+00 0.000000E+00 0.000000E+00 0.000000E+00 0.000000E+00 0.000000E+00 0.000000E+00 0.000000E+00 0.000000E+00 0.000000E+00 0.000000E+00 0.800000E-04 0.000000E+00 0.000000E+00 0.000000E+00 0.000000E+00 0.000000E+00 0.000000E+00 0.000000E+00 0.000000E+00 0.000000E+00 0.000000E+00 0.000000E+00 0.000000E+00 0.000000E+00 0.000000E+00 0.000000E+00 0.000000E+00 0.000000E+00 0.000000E+00 0.000000E+00 0.000000E+00 0.000000E+00 0.000000E+00 0.000000E+00 0.000000E+00 0.000000E+00 0.000000E+00 0.000000E+00 0.000000E+00 0.000000E+00 0.000000E+00 0.000000E+00 0.000000E+00 0.000000E+00 0.000000E+00 0.000000E+00 0.000000E+00 0.000000E+00 0.000000E+00 0.000000E+00 0.000000E+00 0.000000E+00 0.000000E+00 0.000000E+00 0.000000E+00 0.000000E+00 0.000000E+00 0.000000E+00 0.000000E+00 0.000000E+00 0.000000E+00 0.000000E+00 0.000000E+00 0.000000E+00 0.000000E+00 0.000000E+00 0.000000E+00 0.000000E+00 0.000000E+00 0.000000E+00 0.000000E+00 0.000000E+00 0.000000E+00 0.000000E+00 0.000000E+00 0.000000E+00 0.000000E+00 0.000000E+00 0.000000E+00 0.000000E+00 0.000000E+00 0.000000E+00 0.000000E+00 0.000000E+00 0.000000E+00 0.000000E+00 0.000000E+00 0.000000E+00 0.000000E+00 0.000000E+00 0.000000E+00 0.000000E+00 0.000000E+00 0.000000E+00 0.000000E+00 0.000000E+00 0.000000E+00 0.000000E+00 0.000000E+00 0.000000E+00 0.000000E+00 0.000000E+00 0.000000E+00 0.000000E+00 0.000000E+00 0.000000E+00 0.000000E+00 0.000000E+00 0.000000E+00 0.000000E+00 0.000000E+00 0.000000E+00 0.000000E+00 0.000000E+00 0.000000E+00 0.000000E+00 0.000000E+00 0.000000E+00 0.000000E+00 0.000000E+00 0.000000E+00 0.000000E+00 0.000000E+00 0.000000E+00 0.000000E+00 0.000000E+00 0.000000E+00 0.000000E+00 0.000000E+00 0.000000E+00 0.000000E+00 0.000000E+00 0.000000E+00 0.000000E+00 0.000000E+00 0.000000E+00 0.000000E+00 0.000000E+00 0.000000E+00 0.000000E+00 0.000000E+00 0.000000E+00 0.000000E+00 0.000000E+00 0.000000E+00 0.000000E+00 0.000000E+00 0.000000E+00 0.000000E+00 0.000000E+00 0.000000E+00 0.000000E+00 0.000000E+00 0.000000E+00 0.000000E+00 0.000000E+00 0.000000E+00 0.000000E+00 0.000000E+00 0.000000E+00 0.000000E+00
 0.308404E+02 0.146096E+01 0.804800E+00 0.509600E+00 0.351920E+00 0.254160E+00 0.190400E+00 0.146320E+00 0.116080E+00 0.856000E-01 0.712800E-01 0.555200E-01 0.496000E-01 0.406400E-01 0.307200E-01 0.276800E-01 0.201600E-01 0.183200E-01 0.149600E-01 0.138400E-01 0.936000E-02 0.904000E-02 0.720000E-02 0.520000E-02 0.440000E-02 0.360000E-02 0.360000E-02 0.288000E-02 0.192000E-02 0.224000E-02 0.128000E-02 0.176000E-02 0.128000E-02 0.160000E-02 0.136000E-02 0.960000E-03 0.560000E-03 0.128000E-02 0.720000E-03 0.320000E-03 0.240000E-03 0.320000E-03 0.320000E-03 0.400000E-03 0.240000E-03 0.160000E-03 0.000000E+00 0.160000E-03 0.400000E-03 0.320000E-03 0.000000E+00 0.000000E+00 0.000000E+00 0.000000E+00 0.000000E+00 0.000000E+00 0.000000E+00 0.000000E+00 0.240000E-03 0.000000E+00 0.000000E+00 0.000000E+00 0.000000E+00 0.000000E+00 0.000000E+00 0.800000E-04 0.800000E-04 0.000000E+00 0.000000E+00 0.000000E+00 0.000000E+00 0.000000E+00 0.000000E+00 0.000000E+00 0.000000E+00 0.000000E+00 0.000000E+00 0.000000E+00 0.000000E+00 0.000000E+00 0.000000E+00 0.000000E+00 0.000000E+00 0.000000E+00 0.000000E+00 0.000000E+00 0.000000E+00 0.000000E+00 0.000000E+00 0.000000E+00 0.000000E+00 0.000000E+00 0.000000E+00 0.000000E+00 0.000000E+00 0.000000E+00 0.000000E+00 0.000000E+00 0.000000E+00 0.000000E+00 0.000000E+00 0.000000E+00 0.000000E+00 0.000000E+00 0.000000E+00 0.000000E+00 0.000000E+00 0.000000E+00 0.000000E+00 0.000000E+00 0.000000E+00 0.000000E+00 0.000000E+00 0.000000E+00 0.000000E+00 0.000000E+00 0.000000E+00 0.000000E+00 0.000000E+00 0.000000E+00 0.000000E+00 0.000000E+00 0.000000E+00 0.000000E+00 0.000000E+00 0.000000E+00 0.000000E+00 0.000000E+00 0.000000E+00 0.000000E+00 0.000000E+00 0.000000E+00 0.000000E+00 0.000000E+00 0.000000E+00 0.000000E+00 0.000000E+00 0.000000E+00 0.000000E+00 0.000000E+00 0.000000E+00 0.000000E+00 0.000000E+00 0.000000E+00 0.000000E+00 0.000000E+00 0.000000E+00 0.000000E+00 0.000000E+00 0.000000E+00 0.000000E+00 0.000000E+00 0.000000E+00 0.000000E+00 0.000000E+00 0.000000E+00 0.000000E+00 0.000000E+00 0.000000E+00 0.000000E+00 0.000000E+00 0.000000E+00 0.000000E+00 0.000000E+00 0.000000E+00 0.000000E+00 0.000000E+00 0.000000E+00 0.000000E+00 0.000000E+00 0.000000E+00 0.000000E+00 0.000000E+00 0.000000E+00 0.000000E+00 0.000000E+00 0.000000E+00 0.000000E+00 0.000000E+00 0.000000E+00 0.000000E+00 0.000000E+00 0.000000E+00 0.000000E+00 0.000000E+00 0.000000E+00 0.000000E+00 0.000000E+00 0.000000E+00 0.000000E+00 0.000000E+00 0.000000E+00 0.000000E+00 0.000000E+00 0.000000E+00 0.000000E+00 0.000000E+00 0.000000E+00 0.000000E+00 0.000000E+00
 0.982344E+01 0.163832E+01 0.860160E+00 0.545760E+00 0.367520E+00 0.254000E+00 0.188960E+00 0.134080E+00 0.104800E+00 0.836800E-01 0.664000E-01 0.513600E-01 0.423200E-01 0.270400E-01 0.248000E-01 0.208000E-01 0.151200E-01 0.142400E-01 0.111200E-01 0.848000E-02 0.600000E-02 0.432000E-02 0.544000E-02 0.408000E-02 0.344000E-02 0.240000E-02 0.240000E-02 0.184000E-02 0.152000E-02 0.112000E-02 0.640000E-03 0.560000E-03 0.720000E-03 0.320000E-03 0.800000E-04 0.320000E-03 0.160000E-03 0.160000E-03 0.400000E-03 0.240000E-03 0.160000E-03 0.160000E-03 0.160000E-03 0.240000E-03 0.000000E+00 0.320000E-03 0.000000E+00 0.800000E-04 0.000000E+00 0.800000E-04 0.160000E-03 0.000000E+00 0.000000E+00 0.000000E+00 0.000000E+00 0.800000E-04 0.000000E+00 0.000000E+00 0.000000E+00 0.000000E+00 0.000000E+00 0.000000E+00 0.000000E+00 0.000000E+00 0.000000E+00 0.000000E+00 0.000000E+00 0.000000E+00 0.000000E+00 0.000000E+00 0.000000E+00 0.000000E+00 0.000000E+00 0.000000E+00 0.000000E+00 0.000000E+00 0.000000E+00 0.000000E+00 0.000000E+00 0.000000E+00 0.000000E+00 0.000000E+00 0.000000E+00 0.000000E+00 0.000000E+00 0.000000E+00 0.000000E+00 0.000000E+00 0.000000E+00 0.000000E+00 0.000000E+00 0.000000E+00 0.000000E+00 0.000000E+00 0.000000E+00 0.000000E+00 0.000000E+00 0.000000E+00 0.000000E+00 0.000000E+00 0.000000E+00 0.000000E+00 0.000000E+00 0.000000E+00 0.000000E+00 0.000000E+00 0.000000E+00 0.000000E+00 0.000000E+00 0.000000E+00 0.000000E+00 0.000000E+00 0.000000E+00 0.000000E+00 0.000000E+00 0.000000E+00 0.000000E+00 0.000000E+00 0.000000E+00 0.000000E+00 0.000000E+00 0.000000E+00 0.000000E+00 0.000000E+00 0.000000E+00 0.000000E+00 0.000000E+00 0.000000E+00 0.000000E+00 0.000000E+00 0.000000E+00 0.000000E+00 0.000000E+00 0.000000E+00 0.000000E+00 0.000000E+00 0.000000E+00 0.000000E+00 0.000000E+00 0.000000E+00 0.000000E+00 0.000000E+00 0.000000E+00 0.000000E+00 0.000000E+00 0.000000E+00 0.000000E+00 0.000000E+00 0.000000E+00 0.000000E+00 0.000000E+00 0.000000E+00 0.000000E+00 0.000000E+00 0.000000E+00 0.000000E+00 0.000000E+00 0.000000E+00 0.000000E+00 0.000000E+00 0.000000E+00 0.000000E+00 0.000000E+00 0.000000E+00 0.000000E+00 0.000000E+00 0.000000E+00 0.000000E+00 0.000000E+00 0.000000E+00 0.000000E+00 0.000000E+00 0.000000E+00 0.000000E+00 0.000000E+00 0.000000E+00 0.000000E+00 0.000000E+00 0.000000E+00 0.000000E+00 0.000000E+00 0.000000E+00 0.000000E+00 0.000000E+00 0.000000E+00 0.000000E+00 0.000000E+00 0.000000E+00 0.000000E+00 0.000000E+00 0.000000E+00 0.000000E+00 0.000000E+00 0.000000E+00 0.000000E+00 0.000000E+00 0.000000E+00 0.000000E+00 0.000000E+00 0.000000E+00
 0.907176E+01 0.149256E+01 0.792080E+00 0.522480E+00 0.353040E+00 0.253920E+00 0.195920E+00 0.145760E+00 0.114000E+00 0.894400E-01 0.745600E-01 0.602400E-01 0.517600E-01 0.380800E-01 0.335200E-01 0.258400E-01 0.243200E-01 0.188800E-01 0.144800E-01 0.136800E-01 0.115200E-01 0.984000E-02 0.832000E-02 0.784000E-02 0.568000E-02 0.504000E-02 0.400000E-02 0.344000E-02 0.304000E-02 0.336000E-02 0.224000E-02 0.272000E-02 0.152000E-02 0.144000E-02 0.800000E-03 0.136000E-02 0.640000E-03 0.720000E-03 0.720000E-03 0.400000E-03 0.800000E-03 0.240000E-03 0.000000E+00 0.560000E-03 0.400000E-03 0.240000E-03 0.480000E-03 0.160000E-03 0.000000E+00 0.160000E-03 0.800000E-04 0.800000E-04 0.240000E-03 0.000000E+00 0.000000E+00 0.000000E+00 0.000000E+00 0.000000E+00 0.000000E+00 0.160000E-03 0.800000E-04 0.000000E+00 0.800000E-04 0.000000E+00 0.000000E+00 0.000000E+00 0.000000E+00 0.000000E+00 0.000000E+00 0.000000E+00 0.000000E+00 0.000000E+00 0.000000E+00 0.000000E+00 0.000000E+00 0.000000E+00 0.000000E+00 0.000000E+00 0.000000E+00 0.000000E+00 0.000000E+00 0.000000E+00 0.000000E+00 0.000000E+00 0.000000E+00 0.000000E+00 0.000000E+00 0.000000E+00 0.000000E+00 0.000000E+00 0.000000E+00 0.000000E+00 0.000000E+00 0.000000E+00 0.000000E+00 0.000000E+00 0.000000E+00 0.000000E+00 0.000000E+00 0.000000E+00 0.000000E+00 0.000000E+00 0.000000E+00 0.000000E+00 0.000000E+00 0.000000E+00 0.000000E+00 0.000000E+00 0.000000E+00 0.000000E+00 0.000000E+00 0.000000E+00 0.000000E+00 0.000000E+00 0.000000E+00 0.000000E+00 0.000000E+00 0.000000E+00 0.000000E+00 0.000000E+00 0.000000E+00 0.000000E+00 0.000000E+00 0.000000E+00 0.000000E+00 0.000000E+00 0.000000E+00 0.000000E+00 0.000000E+00 0.000000E+00 0.000000E+00 0.000000E+00 0.000000E+00 0.000000E+00 0.000000E+00 0.000000E+00 0.000000E+00 0.000000E+00 0.000000E+00 0.000000E+00 0.000000E+00 0.000000E+00 0.000000E+00 0.000000E+00 0.000000E+00 0.000000E+00 0.000000E+00 0.000000E+00 0.000000E+00 0.000000E+00 0.000000E+00 0.000000E+00 0.000000E+00 0.000000E+00 0.000000E+00 0.000000E+00 0.000000E+00 0.000000E+00 0.000000E+00 0.000000E+00 0.000000E+00 0.000000E+00 0.000000E+00 0.000000E+00 0.000000E+00 0.000000E+00 0.000000E+00 0.000000E+00 0.000000E+00 0.000000E+00 0.000000E+00 0.000000E+00 0.000000E+00 0.000000E+00 0.000000E+00 0.000000E+00 0.000000E+00 0.000000E+00 0.000000E+00 0.000000E+00 0.000000E+00 0.000000E+00 0.000000E+00 0.000000E+00 0.000000E+00 0.000000E+00 0.000000E+00 0.000000E+00 0.000000E+00 0.000000E+00 0.000000E+00 0.000000E+00 0.000000E+00 0.000000E+00 0.000000E+00 0.000000E+00 0.000000E+00 0.000000E+00 0.000000E+00 0.000000E+00
 0.954584E+01 0.159728E+01 0.849040E+00 0.527760E+00 0.359440E+00 0.247440E+00 0.178640E+00 0.147440E+00 0.104960E+00 0.803200E-01 0.588800E-01 0.486400E-01 0.370400E-01 0.314400E-01 0.240000E-01 0.182400E-01 0.156800E-01 0.120800E-01 0.102400E-01 0.896000E-02 0.648000E-02 0.544000E-02 0.376000E-02 0.336000E-02 0.288000E-02 0.264000E-02 0.152000E-02 0.120000E-02 0.120000E-02 0.120000E-02 0.480000E-03 0.960000E-03 0.800000E-03 0.720000E-03 0.400000E-03 0.240000E-03 0.240000E-03 0.160000E-03 0.320000E-03 0.800000E-04 0.160000E-03 0.000000E+00 0.000000E+00 0.000000E+00 0.800000E-04 0.000000E+00 0.000000E+00 0.000000E+00 0.000000E+00 0.800000E-04 0.000000E+00 0.000000E+00 0.000000E+00 0.000000E+00 0.000000E+00 0.000000E+00 0.000000E+00 0.000000E+00 0.000000E+00 0.000000E+00 0.000000E+00 0.800000E-04 0.000000E+00 0.000000E+00 0.000000E+00 0.000000E+00 0.000000E+00 0.000000E+00 0.000000E+00 0.000000E+00 0.000000E+00 0.000000E+00 0.000000E+00 0.000000E+00 0.000000E+00 0.000000E+00 0.000000E+00 0.000000E+00 0.000000E+00 0.000000E+00 0.000000E+00 0.000000E+00 0.000000E+00 0.000000E+00 0.000000E+00 0.000000E+00 0.000000E+00 0.000000E+00 0.000000E+00 0.000000E+00 0.000000E+00 0.000000E+00 0.000000E+00 0.000000E+00 0.000000E+00 0.000000E+00 0.000000E+00 0.000000E+00 0.000000E+00 0.000000E+00 0.000000E+00 0.000000E+00 0.000000E+00 0.000000E+00 0.000000E+00 0.000000E+00 0.000000E+00 0.000000E+00 0.000000E+00 0.000000E+00 0.000000E+00 0.000000E+00 0.000000E+00 0.000000E+00 0.000000E+00 0.000000E+00 0.000000E+00 0.000000E+00 0.000000E+00 0.000000E+00 0.000000E+00 0.000000E+00 0.000000E+00 0.000000E+00 0.000000E+00 0.000000E+00 0.000000E+00 0.000000E+00 0.000000E+00 0.000000E+00 0.000000E+00 0.000000E+00 0.000000E+00 0.000000E+00 0.000000E+00 0.000000E+00 0.000000E+00 0.000000E+00 0.000000E+00 0.000000E+00 0.000000E+00 0.000000E+00 0.000000E+00 0.000000E+00 0.000000E+00 0.000000E+00 0.000000E+00 0.000000E+00 0.000000E+00 0.000000E+00 0.000000E+00 0.000000E+00 0.000000E+00 0.000000E+00 0.000000E+00 0.000000E+00 0.000000E+00 0.000000E+00 0.000000E+00 0.000000E+00 0.000000E+00 0.000000E+00 0.000000E+00 0.000000E+00 0.000000E+00 0.000000E+00 0.000000E+00 0.000000E+00 0.000000E+00 0.000000E+00 0.000000E+00 0.000000E+00 0.000000E+00 0.000000E+00 0.000000E+00 0.000000E+00 0.000000E+00 0.000000E+00 0.000000E+00 0.000000E+00 0.000000E+00 0.000000E+00 0.000000E+00 0.000000E+00 0.000000E+00 0.000000E+00 0.000000E+00 0.000000E+00 0.000000E+00 0.000000E+00 0.000000E+00 0.000000E+00 0.000000E+00 0.000000E+00 0.000000E+00 0.000000E+00 0.000000E+00 0.000000E+00 0.000000E+00 0.000000E+00
 0.884560E+01 0.145912E+01 0.771440E+00 0.486240E+00 0.344720E+00 0.252240E+00 0.193520E+00 0.142640E+00 0.112240E+00 0.940800E-01 0.769600E-01 0.596000E-01 0.484000E-01 0.408800E-01 0.325600E-01 0.268800E-01 0.218400E-01 0.180800E-01 0.148800E-01 0.120800E-01 0.132000E-01 0.936000E-02 0.872000E-02 0.552000E-02 0.504000E-02 0.496000E-02 0.432000E-02 0.344000E-02 0.248000E-02 0.304000E-02 0.240000E-02 0.128000E-02 0.216000E-02 0.880000E-03 0.128000E-02 0.880000E-03 0.320000E-03 0.720000E-03 0.240000E-03 0.640000E-03 0.320000E-03 0.400000E-03 0.160000E-03 0.800000E-04 0.240000E-03 0.320000E-03 0.160000E-03 0.800000E-04 0.000000E+00 0.800000E-04 0.000000E+00 0.800000E-04 0.800000E-04 0.000000E+00 0.000000E+00 0.000000E+00 0.160000E-03 0.800000E-04 0.000000E+00 0.800000E-04 0.000000E+00 0.000000E+00 0.000000E+00 0.000000E+00 0.000000E+00 0.800000E-04 0.000000E+00 0.000000E+00 0.000000E+00 0.000000E+00 0.000000E+00 0.000000E+00 0.000000E+00 0.000000E+00 0.000000E+00 0.000000E+00 0.000000E+00 0.000000E+00 0.000000E+00 0.000000E+00 0.000000E+00 0.000000E+00 0.000000E+00 0.000000E+00 0.000000E+00 0.000000E+00 0.000000E+00 0.000000E+00 0.000000E+00 0.000000E+00 0.000000E+00 0.000000E+00 0.000000E+00 0.000000E+00 0.000000E+00 0.000000E+00 0.000000E+00 0.000000E+00 0.000000E+00 0.000000E+00 0.000000E+00 0.000000E+00 0.000000E+00 0.000000E+00 0.000000E+00 0.000000E+00 0.000000E+00 0.000000E+00 0.000000E+00 0.000000E+00 0.000000E+00 0.000000E+00 0.000000E+00 0.000000E+00 0.000000E+00 0.000000E+00 0.000000E+00 0.000000E+00 0.000000E+00 0.000000E+00 0.000000E+00 0.000000E+00 0.000000E+00 0.000000E+00 0.000000E+00 0.000000E+00 0.000000E+00 0.000000E+00 0.000000E+00 0.000000E+00 0.000000E+00 0.000000E+00 0.000000E+00 0.000000E+00 0.000000E+00 0.000000E+00 0.000000E+00 0.000000E+00 0.000000E+00 0.000000E+00 0.000000E+00 0.000000E+00 0.000000E+00 0.000000E+00 0.000000E+00 0.000000E+00 0.000000E+00 0.000000E+00 0.000000E+00 0.000000E+00 0.000000E+00 0.000000E+00 0.000000E+00 0.000000E+00 0.000000E+00 0.000000E+00 0.000000E+00 0.000000E+00 0.000000E+00 0.000000E+00 0.000000E+00 0.000000E+00 0.000000E+00 0.000000E+00 0.000000E+00 0.000000E+00 0.000000E+00 0.000000E+00 0.000000E+00 0.000000E+00 0.000000E+00 0.000000E+00 0.000000E+00 0.000000E+00 0.000000E+00 0.000000E+00 0.000000E+00 0.000000E+00 0.000000E+00 0.000000E+00 0.000000E+00 0.000000E+00 0.000000E+00 0.000000E+00 0.000000E+00 0.000000E+00 0.000000E+00 0.000000E+00 0.000000E+00 0.000000E+00 0.000000E+00 0.000000E+00 0.000000E+00 0.000000E+00 0.000000E+00 0.000000E+00 0.000000E+00 0.000000E+00 0.000000E+00 0.000000E+00
 0.349310E+02 0.860800E+00 0.417120E+00 0.232320E+00 0.143280E+00 0.105040E+00 0.685600E-01 0.492800E-01 0.356800E-01 0.229600E-01 0.192800E-01 0.140000E-01 0.984000E-02 0.816000E-02 0.632000E-02 0.504000E-02 0.432000E-02 0.304000E-02 0.208000E-02 0.256000E-02 0.120000E-02 0.136000E-02 0.800000E-03 0.720000E-03 0.720000E-03 0.400000E-03 0.400000E-03 0.880000E-03 0.480000E-03 0.800000E-04 0.000000E+00 0.320000E-03 0.800000E-04 0.800000E-04 0.000000E+00 0.800000E-04 0.000000E+00 0.000000E+00 0.000000E+00 0.000000E+00 0.000000E+00 0.000000E+00 0.000000E+00 0.000000E+00 0.000000E+00 0.000000E+00 0.000000E+00 0.000000E+00 0.000000E+00 0.800000E-04 0.000000E+00 0.000000E+00 0.000000E+00 0.000000E+00 0.000000E+00 0.000000E+00 0.000000E+00 0.000000E+00 0.000000E+00 0.000000E+00 0.000000E+00 0.000000E+00 0.000000E+00 0.000000E+00 0.000000E+00 0.000000E+00 0.000000E+00 0.000000E+00 0.000000E+00 0.000000E+00 0.000000E+00 0.000000E+00 0.000000E+00 0.000000E+00 0.000000E+00 0.000000E+00 0.000000E+00 0.000000E+00 0.000000E+00 0.000000E+00 0.000000E+00 0.000000E+00 0.000000E+00 0.000000E+00 0.000000E+00 0.000000E+00 0.000000E+00 0.000000E+00 0.000000E+00 0.000000E+00 0.000000E+00 0.000000E+00 0.000000E+00 0.000000E+00 0.000000E+00 0.000000E+00 0.000000E+00 0.000000E+00 0.000000E+00 0.000000E+00 0.000000E+00 0.000000E+00 0.000000E+00 0.000000E+00 0.000000E+00 0.000000E+00 0.000000E+00 0.000000E+00 0.000000E+00 0.000000E+00 0.000000E+00 0.000000E+00 0.000000E+00 0.000000E+00 0.000000E+00 0.000000E+00 0.000000E+00 0.000000E+00 0.000000E+00 0.000000E+00 0.000000E+00 0.000000E+00 0.000000E+00 0.000000E+00 0.000000E+00 0.000000E+00 0.000000E+00 0.000000E+00 0.000000E+00 0.000000E+00 0.000000E+00 0.000000E+00 0.000000E+00 0.000000E+00 0.000000E+00 0.000000E+00 0.000000E+00 0.000000E+00 0.000000E+00 0.000000E+00 0.000000E+00 0.000000E+00 0.000000E+00 0.000000E+00 0.000000E+00 0.000000E+00 0.000000E+00 0.000000E+00 0.000000E+00 0.000000E+00 0.000000E+00 0.000000E+00 0.000000E+00 0.000000E+00 0.000000E+00 0.000000E+00 0.000000E+00 0.000000E+00 0.000000E+00 0.000000E+00 0.000000E+00 0.000000E+00 0.000000E+00 0.000000E+00 0.000000E+00 0.000000E+00 0.000000E+00 0.000000E+00 0.000000E+00 0.000000E+00 0.000000E+00 0.000000E+00 0.000000E+00 0.000000E+00 0.000000E+00 0.000000E+00 0.000000E+00 0.000000E+00 0.000000E+00 0.000000E+00 0.000000E+00 0.000000E+00 0.000000E+00 0.000000E+00 0.000000E+00 0.000000E+00 0.000000E+00 0.000000E+00 0.000000E+00 0.000000E+00 0.000000E+00 0.000000E+00 0.000000E+00 0.000000E+00 0.000000E+00 0.000000E+00 0.000000E+00 0.000000E+00 0.000000E+00 0.000000E+00
 0.308404E+02 0.146096E+01 0.804800E+00 0.509600E+00 0.351920E+00 0.254160E+00 0.190400E+00 0.146320E+00 0.116080E+00 0.856000E-01 0.712800E-01 0.555200E-01 0.496000E-01 0.406400E-01 0.307200E-01 0.276800E-01 0.201600E-01 0.183200E-01 0.149600E-01 0.138400E-01 0.936000E-02 0.904000E-02 0.720000E-02 0.520000E-02 0.440000E-02 0.360000E-02 0.360000E-02 0.288000E-02 0.192000E-02 0.224000E-02 0.128000E-02 0.176000E-02 0.128000E-02 0.160000E-02 0.136000E-02 0.960000E-03 0.560000E-03 0.128000E-02 0.720000E-03 0.320000E-03 0.240000E-03 0.320000E-03 0.320000E-03 0.400000E-03 0.240000E-03 0.160000E-03 0.000000E+00 0.160000E-03 0.400000E-03 0.320000E-03 0.000000E+00 0.000000E+00 0.000000E+00 0.000000E+00 0.000000E+00 0.000000E+00 0.000000E+00 0.000000E+00 0.240000E-03 0.000000E+00 0.000000E+00 0.000000E+00 0.000000E+00 0.000000E+00 0.000000E+00 0.800000E-04 0.800000E-04 0.000000E+00 0.000000E+00 0.000000E+00 0.000000E+00 0.000000E+00 0.000000E+00 0.000000E+00 0.000000E+00 0.000000E+00 0.000000E+00 0.000000E+00 0.000000E+00 0.000000E+00 0.000000E+00 0.000000E+00 0.000000E+00 0.000000E+00 0.000000E+00 0.000000E+00 0.000000E+00 0.000000E+00 0.000000E+00 0.000000E+00 0.000000E+00 0.000000E+00 0.000000E+00 0.000000E+00 0.000000E+00 0.000000E+00 0.000000E+00 0.000000E+00 0.000000E+00 0.000000E+00 0.000000E+00 0.000000E+00 0.000000E+00 0.000000E+00 0.000000E+00 0.000000E+00 0.000000E+00 0.000000E+00 0.000000E+00 0.000000E+00 0.000000E+00 0.000000E+00 0.000000E+00 0.000000E+00 0.000000E+00 0.000000E+00 0.000000E+00 0.000000E+00 0.000000E+00 0.000000E+00 0.000000E+00 0.000000E+00 0.000000E+00 0.000000E+00 0.000000E+00 0.000000E+00 0.000000E+00 0.000000E+00 0.000000E+00 0.000000E+00 0.000000E+00 0.000000E+00 0.000000E+00 0.000000E+00 0.000000E+00 0.000000E+00 0.000000E+00 0.000000E+00 0.000000E+00 0.000000E+00 0.000000E+00 0.000000E+00 0.000000E+00 0.000000E+00 0.000000E+00 0.000000E+00 0.000000E+00 0.000000E+00 0.000000E+00 0.000000E+00 0.000000E+00 0.000000E+00 0.000000E+00 0.000000E+00 0.000000E+00 0.000000E+00 0.000000E+00 0.000000E+00 0.000000E+00 0.000000E+00 0.000000E+00 0.000000E+00 0.000000E+00 0.000000E+00 0.000000E+00 0.000000E+00 0.000000E+00 0.000000E+00 0.000000E+00 0.000000E+00 0.000000E+00 0.000000E+00 0.000000E+00 0.000000E+00 0.000000E+00 0.000000E+00 0.000000E+00 0.000000E+00 0.000000E+00 0.000000E+00 0.000000E+00 0.000000E+00 0.000000E+00 0.000000E+00 0.000000E+00 0.000000E+00 0.000000E+00 0.000000E+00 0.000000E+00 0.000000E+00 0.000000E+00 0.000000E+00 0.000000E+00 0.000000E+00 0.000000E+00 0.000000E+00 0.000000E+00 0.000000E+00 0.000000E+00 0.000000E+00
