### Run with WimpAnn version = wimpann-2.08                            
###   Using Pythia version   = Pythia 6.400    
###   Using nusigma version  = nusigma-1.15-pyr                        
###   Using DarkSUSY version = ds-4.1.6                                
###   WimpAnn run started at date 2007-09-08; time 14:30:30
### Neutrino oscillation parameters
#      theta_12 =  0.00000000E+00
#      theta_13 =  0.00000000E+00
#      theta_23 =  0.00000000E+00
#         delta =  0.00000000E+00
#  delta_m^2_21 =  0.81000000E-04
#  delta_m^2_31 =  0.22000000E-02
### WimpAnn run parameters
#  Annihilation channel =         6
#  Generated particles =  Z0               Z0              
#  WIMP mass =  0.20000000E+03
#  Number of annihilations =   2500000
#  Source = Earth
#...dPhi/dz in  200 bins from 0 to 1
#...Line  1- 6: flux at centre of Earth for neutrino 1-6
 0.197840E+01 0.181256E+01 0.152632E+01 0.132272E+01 0.115720E+01 0.981200E+00 0.859200E+00 0.785040E+00 0.702240E+00 0.644240E+00 0.600800E+00 0.655920E+00 0.623280E+00 0.587520E+00 0.562800E+00 0.519200E+00 0.496880E+00 0.467360E+00 0.444240E+00 0.417120E+00 0.412560E+00 0.385360E+00 0.370000E+00 0.355440E+00 0.349760E+00 0.345120E+00 0.326560E+00 0.300320E+00 0.299840E+00 0.291920E+00 0.287760E+00 0.272720E+00 0.271440E+00 0.259520E+00 0.259280E+00 0.244320E+00 0.238640E+00 0.242160E+00 0.239680E+00 0.226640E+00 0.226400E+00 0.215280E+00 0.210400E+00 0.217840E+00 0.208240E+00 0.203760E+00 0.204080E+00 0.200480E+00 0.201760E+00 0.191840E+00 0.198880E+00 0.188400E+00 0.185360E+00 0.190240E+00 0.180320E+00 0.174160E+00 0.181440E+00 0.180320E+00 0.174640E+00 0.174960E+00 0.178880E+00 0.168720E+00 0.174720E+00 0.174320E+00 0.173120E+00 0.169600E+00 0.165920E+00 0.174400E+00 0.160320E+00 0.170160E+00 0.165200E+00 0.165600E+00 0.168880E+00 0.164160E+00 0.160400E+00 0.161440E+00 0.159760E+00 0.159520E+00 0.162160E+00 0.159120E+00 0.160880E+00 0.157440E+00 0.163920E+00 0.158720E+00 0.156080E+00 0.153200E+00 0.153520E+00 0.158720E+00 0.149280E+00 0.155760E+00 0.156400E+00 0.155920E+00 0.160240E+00 0.152000E+00 0.153520E+00 0.148720E+00 0.152880E+00 0.148320E+00 0.154960E+00 0.150320E+00 0.149520E+00 0.157680E+00 0.151520E+00 0.149200E+00 0.156320E+00 0.158480E+00 0.157200E+00 0.156720E+00 0.148080E+00 0.151520E+00 0.149280E+00 0.158320E+00 0.149200E+00 0.149360E+00 0.150640E+00 0.158240E+00 0.147520E+00 0.153360E+00 0.150800E+00 0.153120E+00 0.146000E+00 0.151920E+00 0.149680E+00 0.151280E+00 0.152320E+00 0.150640E+00 0.148000E+00 0.153040E+00 0.150400E+00 0.155680E+00 0.152080E+00 0.148800E+00 0.150640E+00 0.156880E+00 0.148960E+00 0.148320E+00 0.147120E+00 0.150480E+00 0.149120E+00 0.151680E+00 0.148800E+00 0.148000E+00 0.154800E+00 0.147040E+00 0.147920E+00 0.146240E+00 0.146480E+00 0.156560E+00 0.152240E+00 0.145440E+00 0.159680E+00 0.154960E+00 0.157920E+00 0.156000E+00 0.145760E+00 0.150640E+00 0.147600E+00 0.149280E+00 0.153920E+00 0.151520E+00 0.147440E+00 0.149120E+00 0.149440E+00 0.149680E+00 0.150560E+00 0.148960E+00 0.144560E+00 0.148560E+00 0.151840E+00 0.147840E+00 0.155360E+00 0.146800E+00 0.153040E+00 0.141760E+00 0.148880E+00 0.146720E+00 0.146320E+00 0.148560E+00 0.149040E+00 0.140800E+00 0.146960E+00 0.146560E+00 0.147680E+00 0.149120E+00 0.149680E+00 0.152640E+00 0.149440E+00 0.142800E+00 0.120320E+00 0.296800E-01 0.632000E-02 0.272000E-02 0.104000E-02 0.800000E-03 0.000000E+00 0.000000E+00 0.000000E+00 0.000000E+00 0.000000E+00 0.000000E+00
 0.196888E+01 0.182176E+01 0.152224E+01 0.131336E+01 0.112600E+01 0.987440E+00 0.892240E+00 0.791520E+00 0.711840E+00 0.638000E+00 0.616160E+00 0.644320E+00 0.624800E+00 0.592880E+00 0.553680E+00 0.537760E+00 0.491360E+00 0.457920E+00 0.447120E+00 0.418800E+00 0.406400E+00 0.385360E+00 0.372000E+00 0.357440E+00 0.338160E+00 0.332560E+00 0.317360E+00 0.308000E+00 0.290800E+00 0.289600E+00 0.279200E+00 0.277200E+00 0.268640E+00 0.254000E+00 0.251680E+00 0.247920E+00 0.246240E+00 0.231920E+00 0.237840E+00 0.233680E+00 0.220800E+00 0.215280E+00 0.215440E+00 0.212080E+00 0.212640E+00 0.201840E+00 0.210320E+00 0.202240E+00 0.205840E+00 0.203680E+00 0.193680E+00 0.195600E+00 0.190080E+00 0.184000E+00 0.182080E+00 0.183520E+00 0.178880E+00 0.180400E+00 0.177840E+00 0.179920E+00 0.174160E+00 0.176880E+00 0.174480E+00 0.169680E+00 0.169520E+00 0.172560E+00 0.170400E+00 0.169200E+00 0.172240E+00 0.163360E+00 0.166160E+00 0.167840E+00 0.163680E+00 0.162880E+00 0.166880E+00 0.157680E+00 0.163920E+00 0.160880E+00 0.156800E+00 0.156000E+00 0.158160E+00 0.162880E+00 0.160240E+00 0.156800E+00 0.159840E+00 0.159200E+00 0.153440E+00 0.154800E+00 0.158160E+00 0.156240E+00 0.155280E+00 0.154480E+00 0.162240E+00 0.151760E+00 0.159920E+00 0.159040E+00 0.152080E+00 0.154320E+00 0.154080E+00 0.149200E+00 0.155360E+00 0.153440E+00 0.146160E+00 0.143760E+00 0.150800E+00 0.152720E+00 0.153440E+00 0.150320E+00 0.151680E+00 0.157280E+00 0.149040E+00 0.153360E+00 0.153840E+00 0.146560E+00 0.149520E+00 0.146080E+00 0.149200E+00 0.152560E+00 0.153600E+00 0.154240E+00 0.149920E+00 0.147760E+00 0.150160E+00 0.155280E+00 0.154800E+00 0.146320E+00 0.152720E+00 0.154160E+00 0.149920E+00 0.145440E+00 0.153920E+00 0.149280E+00 0.151680E+00 0.149040E+00 0.142160E+00 0.155680E+00 0.155120E+00 0.151360E+00 0.150320E+00 0.147680E+00 0.147120E+00 0.140800E+00 0.155040E+00 0.149920E+00 0.145920E+00 0.149840E+00 0.152240E+00 0.144640E+00 0.146880E+00 0.146560E+00 0.149920E+00 0.147040E+00 0.155280E+00 0.150160E+00 0.147920E+00 0.151440E+00 0.152320E+00 0.144480E+00 0.142320E+00 0.148480E+00 0.153840E+00 0.148400E+00 0.152240E+00 0.150000E+00 0.149120E+00 0.144400E+00 0.152880E+00 0.148960E+00 0.148080E+00 0.152720E+00 0.150720E+00 0.146160E+00 0.151200E+00 0.155920E+00 0.151040E+00 0.147680E+00 0.152960E+00 0.148160E+00 0.154320E+00 0.153200E+00 0.145520E+00 0.152960E+00 0.143200E+00 0.148320E+00 0.153280E+00 0.151760E+00 0.153360E+00 0.140240E+00 0.115680E+00 0.284000E-01 0.808000E-02 0.320000E-02 0.112000E-02 0.560000E-03 0.000000E+00 0.000000E+00 0.000000E+00 0.000000E+00 0.000000E+00 0.000000E+00
 0.203016E+01 0.183096E+01 0.154224E+01 0.129208E+01 0.112624E+01 0.100968E+01 0.884400E+00 0.775840E+00 0.699920E+00 0.633040E+00 0.595280E+00 0.627040E+00 0.626320E+00 0.576160E+00 0.539200E+00 0.518240E+00 0.492960E+00 0.472640E+00 0.442880E+00 0.429520E+00 0.394960E+00 0.383680E+00 0.360640E+00 0.353920E+00 0.346640E+00 0.329360E+00 0.319200E+00 0.310640E+00 0.301760E+00 0.283680E+00 0.277600E+00 0.269200E+00 0.266080E+00 0.252240E+00 0.247040E+00 0.241520E+00 0.245120E+00 0.236240E+00 0.235760E+00 0.228960E+00 0.222400E+00 0.220160E+00 0.218480E+00 0.203360E+00 0.210320E+00 0.205360E+00 0.205360E+00 0.203120E+00 0.199760E+00 0.194240E+00 0.192640E+00 0.180880E+00 0.185840E+00 0.192240E+00 0.193520E+00 0.174240E+00 0.179440E+00 0.177440E+00 0.175040E+00 0.174800E+00 0.176080E+00 0.171760E+00 0.168080E+00 0.175040E+00 0.164880E+00 0.167200E+00 0.168800E+00 0.164800E+00 0.176560E+00 0.161760E+00 0.161440E+00 0.169040E+00 0.158480E+00 0.154160E+00 0.164880E+00 0.160480E+00 0.155680E+00 0.161760E+00 0.160640E+00 0.157040E+00 0.164240E+00 0.156320E+00 0.156960E+00 0.160240E+00 0.157600E+00 0.156480E+00 0.154000E+00 0.157760E+00 0.150320E+00 0.155600E+00 0.151920E+00 0.153440E+00 0.156160E+00 0.149840E+00 0.157280E+00 0.154960E+00 0.151760E+00 0.153600E+00 0.149520E+00 0.152560E+00 0.147840E+00 0.152480E+00 0.160560E+00 0.153120E+00 0.150320E+00 0.157040E+00 0.151680E+00 0.154320E+00 0.156240E+00 0.149680E+00 0.150480E+00 0.152400E+00 0.152640E+00 0.151200E+00 0.147360E+00 0.148560E+00 0.149360E+00 0.150720E+00 0.152080E+00 0.146960E+00 0.154320E+00 0.147920E+00 0.154160E+00 0.154480E+00 0.143760E+00 0.148160E+00 0.150640E+00 0.148160E+00 0.147040E+00 0.147680E+00 0.150640E+00 0.153680E+00 0.149280E+00 0.148080E+00 0.154000E+00 0.149040E+00 0.162000E+00 0.151440E+00 0.154480E+00 0.150480E+00 0.150720E+00 0.152880E+00 0.150400E+00 0.152320E+00 0.153680E+00 0.147040E+00 0.151760E+00 0.151360E+00 0.145200E+00 0.147040E+00 0.150320E+00 0.147200E+00 0.146480E+00 0.154240E+00 0.151040E+00 0.148640E+00 0.157040E+00 0.139120E+00 0.149680E+00 0.145120E+00 0.148080E+00 0.155680E+00 0.147840E+00 0.151360E+00 0.151680E+00 0.149920E+00 0.148320E+00 0.145440E+00 0.144880E+00 0.152640E+00 0.153520E+00 0.149840E+00 0.151200E+00 0.150480E+00 0.152160E+00 0.147120E+00 0.151680E+00 0.146960E+00 0.154240E+00 0.157280E+00 0.149120E+00 0.150320E+00 0.151600E+00 0.151760E+00 0.153600E+00 0.152720E+00 0.149760E+00 0.145120E+00 0.118400E+00 0.314400E-01 0.632000E-02 0.248000E-02 0.152000E-02 0.160000E-03 0.000000E+00 0.000000E+00 0.000000E+00 0.000000E+00 0.000000E+00 0.000000E+00
 0.202064E+01 0.183376E+01 0.153648E+01 0.130696E+01 0.114304E+01 0.100568E+01 0.877360E+00 0.794880E+00 0.691920E+00 0.648640E+00 0.606080E+00 0.637600E+00 0.625120E+00 0.585280E+00 0.547280E+00 0.525920E+00 0.494640E+00 0.467600E+00 0.450400E+00 0.418560E+00 0.409680E+00 0.391840E+00 0.361600E+00 0.351360E+00 0.336560E+00 0.334400E+00 0.321440E+00 0.300880E+00 0.298960E+00 0.288720E+00 0.280880E+00 0.271200E+00 0.258480E+00 0.253280E+00 0.255440E+00 0.247040E+00 0.240720E+00 0.240240E+00 0.240720E+00 0.227200E+00 0.216560E+00 0.219920E+00 0.208640E+00 0.214240E+00 0.215760E+00 0.207920E+00 0.204160E+00 0.196080E+00 0.190880E+00 0.194160E+00 0.184240E+00 0.185840E+00 0.192720E+00 0.181680E+00 0.187440E+00 0.185600E+00 0.184160E+00 0.172000E+00 0.179120E+00 0.176160E+00 0.178080E+00 0.174000E+00 0.176720E+00 0.176240E+00 0.174960E+00 0.173280E+00 0.161200E+00 0.166160E+00 0.169840E+00 0.164960E+00 0.161600E+00 0.161360E+00 0.160720E+00 0.163200E+00 0.164560E+00 0.160640E+00 0.163600E+00 0.156480E+00 0.157040E+00 0.164400E+00 0.152640E+00 0.162720E+00 0.154480E+00 0.155840E+00 0.153280E+00 0.153280E+00 0.158800E+00 0.159040E+00 0.155120E+00 0.150240E+00 0.158720E+00 0.154000E+00 0.156240E+00 0.152320E+00 0.155280E+00 0.159440E+00 0.154000E+00 0.154960E+00 0.153520E+00 0.153680E+00 0.151040E+00 0.147920E+00 0.151920E+00 0.156960E+00 0.152640E+00 0.152960E+00 0.148160E+00 0.151840E+00 0.152000E+00 0.149440E+00 0.150320E+00 0.153680E+00 0.150720E+00 0.149440E+00 0.146560E+00 0.150960E+00 0.152880E+00 0.150720E+00 0.152080E+00 0.158800E+00 0.150080E+00 0.142880E+00 0.152960E+00 0.146880E+00 0.146400E+00 0.153120E+00 0.149840E+00 0.152640E+00 0.146640E+00 0.148240E+00 0.149520E+00 0.154400E+00 0.147840E+00 0.160320E+00 0.151600E+00 0.153120E+00 0.146400E+00 0.150240E+00 0.149200E+00 0.144720E+00 0.148880E+00 0.150560E+00 0.144720E+00 0.153040E+00 0.149920E+00 0.150560E+00 0.151360E+00 0.142800E+00 0.147600E+00 0.150400E+00 0.152560E+00 0.148560E+00 0.156800E+00 0.150000E+00 0.150640E+00 0.149440E+00 0.148000E+00 0.152800E+00 0.151040E+00 0.146000E+00 0.154960E+00 0.150720E+00 0.151280E+00 0.153600E+00 0.145200E+00 0.144560E+00 0.144640E+00 0.154400E+00 0.148880E+00 0.142000E+00 0.151440E+00 0.154640E+00 0.158080E+00 0.153600E+00 0.150000E+00 0.147280E+00 0.153200E+00 0.150960E+00 0.151440E+00 0.149840E+00 0.150640E+00 0.149360E+00 0.152160E+00 0.154800E+00 0.145600E+00 0.150400E+00 0.143920E+00 0.140080E+00 0.112160E+00 0.288000E-01 0.592000E-02 0.272000E-02 0.104000E-02 0.320000E-03 0.000000E+00 0.000000E+00 0.000000E+00 0.000000E+00 0.000000E+00 0.000000E+00
 0.997040E+00 0.938880E+00 0.828800E+00 0.754240E+00 0.703680E+00 0.637840E+00 0.584400E+00 0.557280E+00 0.512160E+00 0.488240E+00 0.478400E+00 0.543920E+00 0.530960E+00 0.525360E+00 0.501840E+00 0.480080E+00 0.466480E+00 0.448320E+00 0.431840E+00 0.429280E+00 0.415440E+00 0.399680E+00 0.399680E+00 0.392560E+00 0.362400E+00 0.367120E+00 0.352960E+00 0.347600E+00 0.342880E+00 0.332400E+00 0.318880E+00 0.320720E+00 0.315360E+00 0.303760E+00 0.286480E+00 0.293920E+00 0.292000E+00 0.286400E+00 0.277120E+00 0.281760E+00 0.284480E+00 0.271040E+00 0.266480E+00 0.266160E+00 0.251600E+00 0.253520E+00 0.246960E+00 0.254400E+00 0.249600E+00 0.251920E+00 0.241120E+00 0.233760E+00 0.233520E+00 0.238480E+00 0.238880E+00 0.231920E+00 0.231040E+00 0.226480E+00 0.223440E+00 0.221040E+00 0.224800E+00 0.222080E+00 0.215840E+00 0.214240E+00 0.221440E+00 0.216320E+00 0.216800E+00 0.211760E+00 0.204480E+00 0.208000E+00 0.205840E+00 0.201920E+00 0.192640E+00 0.202000E+00 0.197120E+00 0.199760E+00 0.200480E+00 0.193840E+00 0.194960E+00 0.197760E+00 0.201520E+00 0.194160E+00 0.193040E+00 0.186800E+00 0.192400E+00 0.189120E+00 0.183520E+00 0.183680E+00 0.185040E+00 0.189200E+00 0.181520E+00 0.183120E+00 0.177840E+00 0.183520E+00 0.177040E+00 0.180960E+00 0.177280E+00 0.170880E+00 0.176720E+00 0.179680E+00 0.176880E+00 0.177840E+00 0.167920E+00 0.180240E+00 0.164160E+00 0.169600E+00 0.172880E+00 0.169760E+00 0.171840E+00 0.171120E+00 0.172080E+00 0.168480E+00 0.168000E+00 0.165680E+00 0.169280E+00 0.170720E+00 0.162160E+00 0.167440E+00 0.162000E+00 0.164400E+00 0.159600E+00 0.168320E+00 0.162160E+00 0.159520E+00 0.159680E+00 0.166640E+00 0.160080E+00 0.162160E+00 0.162080E+00 0.154640E+00 0.158640E+00 0.159760E+00 0.157600E+00 0.154240E+00 0.161120E+00 0.165200E+00 0.150160E+00 0.153680E+00 0.161920E+00 0.162720E+00 0.160160E+00 0.154480E+00 0.159520E+00 0.155840E+00 0.156160E+00 0.153360E+00 0.155120E+00 0.153920E+00 0.150480E+00 0.154240E+00 0.154160E+00 0.156560E+00 0.157120E+00 0.156400E+00 0.155840E+00 0.155360E+00 0.151760E+00 0.153760E+00 0.147120E+00 0.149600E+00 0.156800E+00 0.155120E+00 0.149440E+00 0.147600E+00 0.155760E+00 0.152160E+00 0.147040E+00 0.156560E+00 0.150080E+00 0.150320E+00 0.144480E+00 0.156000E+00 0.144640E+00 0.151040E+00 0.154480E+00 0.144880E+00 0.154960E+00 0.148320E+00 0.148560E+00 0.148000E+00 0.151040E+00 0.148640E+00 0.144960E+00 0.150000E+00 0.152480E+00 0.147280E+00 0.142800E+00 0.138720E+00 0.114480E+00 0.293600E-01 0.824000E-02 0.288000E-02 0.136000E-02 0.560000E-03 0.000000E+00 0.000000E+00 0.000000E+00 0.000000E+00 0.000000E+00 0.000000E+00
 0.982960E+00 0.936800E+00 0.830800E+00 0.759920E+00 0.696240E+00 0.635040E+00 0.589120E+00 0.546320E+00 0.518320E+00 0.479840E+00 0.484480E+00 0.544880E+00 0.536960E+00 0.522960E+00 0.506080E+00 0.484880E+00 0.467120E+00 0.447520E+00 0.438400E+00 0.420960E+00 0.406640E+00 0.403520E+00 0.387600E+00 0.385040E+00 0.368640E+00 0.371440E+00 0.357840E+00 0.342320E+00 0.333360E+00 0.330320E+00 0.322160E+00 0.317040E+00 0.315600E+00 0.311760E+00 0.300960E+00 0.298800E+00 0.283200E+00 0.290960E+00 0.288960E+00 0.279600E+00 0.279920E+00 0.276080E+00 0.265280E+00 0.266160E+00 0.255520E+00 0.265600E+00 0.253120E+00 0.252240E+00 0.251920E+00 0.247840E+00 0.237680E+00 0.245920E+00 0.232160E+00 0.249600E+00 0.234480E+00 0.228880E+00 0.222320E+00 0.224720E+00 0.229600E+00 0.218720E+00 0.224720E+00 0.221360E+00 0.218240E+00 0.204400E+00 0.215520E+00 0.217840E+00 0.214160E+00 0.201760E+00 0.211360E+00 0.212000E+00 0.199520E+00 0.199840E+00 0.202800E+00 0.206800E+00 0.200160E+00 0.193440E+00 0.196560E+00 0.191760E+00 0.198880E+00 0.198240E+00 0.187760E+00 0.192640E+00 0.189040E+00 0.186160E+00 0.186240E+00 0.192480E+00 0.180880E+00 0.194560E+00 0.193360E+00 0.186400E+00 0.183920E+00 0.186320E+00 0.176480E+00 0.183920E+00 0.186320E+00 0.176480E+00 0.174640E+00 0.178000E+00 0.172240E+00 0.180240E+00 0.178080E+00 0.168640E+00 0.168960E+00 0.172640E+00 0.169360E+00 0.166480E+00 0.168160E+00 0.169920E+00 0.171680E+00 0.170800E+00 0.175040E+00 0.168880E+00 0.164000E+00 0.167520E+00 0.170480E+00 0.163760E+00 0.166400E+00 0.167040E+00 0.169760E+00 0.170400E+00 0.165840E+00 0.162640E+00 0.161840E+00 0.163120E+00 0.157440E+00 0.162480E+00 0.157040E+00 0.160960E+00 0.155680E+00 0.160400E+00 0.155280E+00 0.162320E+00 0.164240E+00 0.160240E+00 0.158880E+00 0.165920E+00 0.155200E+00 0.156320E+00 0.158160E+00 0.154720E+00 0.158800E+00 0.160720E+00 0.152640E+00 0.153520E+00 0.161920E+00 0.162960E+00 0.159760E+00 0.150000E+00 0.155760E+00 0.152880E+00 0.155600E+00 0.152320E+00 0.150320E+00 0.154560E+00 0.152240E+00 0.149680E+00 0.140320E+00 0.152080E+00 0.156880E+00 0.158640E+00 0.150080E+00 0.151280E+00 0.147440E+00 0.150800E+00 0.150880E+00 0.148240E+00 0.153040E+00 0.148240E+00 0.153840E+00 0.152560E+00 0.155760E+00 0.147520E+00 0.148000E+00 0.152560E+00 0.149520E+00 0.147440E+00 0.142640E+00 0.152080E+00 0.145280E+00 0.152240E+00 0.148960E+00 0.150880E+00 0.143680E+00 0.150160E+00 0.152960E+00 0.146560E+00 0.148400E+00 0.142400E+00 0.119280E+00 0.313600E-01 0.664000E-02 0.392000E-02 0.960000E-03 0.104000E-02 0.000000E+00 0.000000E+00 0.000000E+00 0.000000E+00 0.000000E+00 0.000000E+00
