### Run with WimpAnn version = wimpann-2.08                            
###   Using Pythia version   = Pythia 6.400    
###   Using nusigma version  = nusigma-1.15-pyr                        
###   Using DarkSUSY version = ds-4.1.6                                
###   WimpAnn run started at date 2007-09-11; time 14:31:28
### Neutrino oscillation parameters
#      theta_12 =  0.00000000E+00
#      theta_13 =  0.00000000E+00
#      theta_23 =  0.00000000E+00
#         delta =  0.00000000E+00
#  delta_m^2_21 =  0.81000000E-04
#  delta_m^2_31 =  0.22000000E-02
### WimpAnn run parameters
#  Annihilation channel =         6
#  Generated particles =  Z0               Z0              
#  WIMP mass =  0.50000000E+04
#  Number of annihilations =   2500000
#  Source = Earth
#...dPhi/dz in  200 bins from 0 to 1
#...Line  1- 6: flux at centre of Earth for neutrino 1-6
 0.387880E+01 0.268984E+01 0.204400E+01 0.160928E+01 0.132832E+01 0.111536E+01 0.959760E+00 0.832880E+00 0.728800E+00 0.657920E+00 0.604960E+00 0.539040E+00 0.491440E+00 0.461680E+00 0.419280E+00 0.394560E+00 0.365760E+00 0.345520E+00 0.326880E+00 0.317520E+00 0.303680E+00 0.289600E+00 0.265920E+00 0.264560E+00 0.256560E+00 0.247840E+00 0.226560E+00 0.221840E+00 0.222080E+00 0.222480E+00 0.211920E+00 0.203040E+00 0.201120E+00 0.189760E+00 0.193520E+00 0.192080E+00 0.179840E+00 0.184960E+00 0.184560E+00 0.171440E+00 0.177600E+00 0.170480E+00 0.169040E+00 0.178960E+00 0.163120E+00 0.161600E+00 0.159680E+00 0.163360E+00 0.160160E+00 0.160640E+00 0.148960E+00 0.172000E+00 0.151360E+00 0.154720E+00 0.155120E+00 0.148720E+00 0.154640E+00 0.151120E+00 0.152800E+00 0.155760E+00 0.150240E+00 0.146800E+00 0.143520E+00 0.147680E+00 0.150000E+00 0.144320E+00 0.144240E+00 0.149600E+00 0.148800E+00 0.144560E+00 0.139600E+00 0.135280E+00 0.143440E+00 0.142400E+00 0.144080E+00 0.145200E+00 0.141520E+00 0.140160E+00 0.143040E+00 0.146080E+00 0.140160E+00 0.141040E+00 0.135440E+00 0.133600E+00 0.139600E+00 0.146400E+00 0.143600E+00 0.135760E+00 0.141840E+00 0.135680E+00 0.142240E+00 0.137840E+00 0.142560E+00 0.140000E+00 0.132800E+00 0.136640E+00 0.140080E+00 0.137120E+00 0.138800E+00 0.141600E+00 0.142080E+00 0.139600E+00 0.138320E+00 0.140880E+00 0.136800E+00 0.137360E+00 0.138000E+00 0.139120E+00 0.133200E+00 0.138640E+00 0.137200E+00 0.137440E+00 0.135760E+00 0.133760E+00 0.139040E+00 0.130960E+00 0.134960E+00 0.136960E+00 0.133040E+00 0.134640E+00 0.143680E+00 0.137760E+00 0.129280E+00 0.134560E+00 0.132320E+00 0.140400E+00 0.132880E+00 0.129120E+00 0.135200E+00 0.141920E+00 0.138960E+00 0.128320E+00 0.135440E+00 0.134320E+00 0.138000E+00 0.131680E+00 0.134240E+00 0.133040E+00 0.131920E+00 0.131760E+00 0.138000E+00 0.133840E+00 0.131760E+00 0.135120E+00 0.127200E+00 0.138560E+00 0.129520E+00 0.132400E+00 0.135440E+00 0.134720E+00 0.132320E+00 0.132560E+00 0.138880E+00 0.132800E+00 0.134320E+00 0.133440E+00 0.133200E+00 0.136080E+00 0.133680E+00 0.130080E+00 0.134800E+00 0.133120E+00 0.138400E+00 0.129840E+00 0.129440E+00 0.130080E+00 0.132560E+00 0.130320E+00 0.132080E+00 0.132400E+00 0.133360E+00 0.134880E+00 0.131360E+00 0.132240E+00 0.136320E+00 0.137520E+00 0.133600E+00 0.130880E+00 0.131760E+00 0.136320E+00 0.127120E+00 0.130000E+00 0.131440E+00 0.136240E+00 0.138480E+00 0.130320E+00 0.136080E+00 0.132400E+00 0.138160E+00 0.136160E+00 0.135040E+00 0.128800E+00 0.139280E+00 0.132640E+00 0.129440E+00 0.135200E+00 0.131200E+00 0.133440E+00 0.138080E+00 0.133120E+00
 0.390864E+01 0.268560E+01 0.202448E+01 0.160536E+01 0.133312E+01 0.109336E+01 0.949600E+00 0.829920E+00 0.724800E+00 0.654800E+00 0.597520E+00 0.538160E+00 0.491440E+00 0.468160E+00 0.424720E+00 0.400960E+00 0.372640E+00 0.328640E+00 0.325840E+00 0.312640E+00 0.302000E+00 0.283040E+00 0.268880E+00 0.261760E+00 0.257200E+00 0.244800E+00 0.235680E+00 0.223120E+00 0.222320E+00 0.219760E+00 0.210320E+00 0.207520E+00 0.196880E+00 0.197200E+00 0.188560E+00 0.184880E+00 0.184240E+00 0.189600E+00 0.180240E+00 0.177680E+00 0.173040E+00 0.175520E+00 0.173120E+00 0.168000E+00 0.168560E+00 0.168640E+00 0.164800E+00 0.168320E+00 0.159840E+00 0.157920E+00 0.160400E+00 0.157520E+00 0.155600E+00 0.152640E+00 0.158800E+00 0.146240E+00 0.156240E+00 0.150800E+00 0.149360E+00 0.152640E+00 0.145840E+00 0.148480E+00 0.146400E+00 0.147520E+00 0.146880E+00 0.149920E+00 0.145440E+00 0.147200E+00 0.137040E+00 0.149120E+00 0.153760E+00 0.144400E+00 0.136880E+00 0.141040E+00 0.148400E+00 0.139600E+00 0.141920E+00 0.135520E+00 0.144880E+00 0.150560E+00 0.140080E+00 0.138880E+00 0.143120E+00 0.140800E+00 0.135200E+00 0.142320E+00 0.137680E+00 0.138800E+00 0.140000E+00 0.139680E+00 0.141040E+00 0.135280E+00 0.141840E+00 0.139360E+00 0.139680E+00 0.138560E+00 0.143120E+00 0.139200E+00 0.138800E+00 0.143600E+00 0.140160E+00 0.138880E+00 0.135440E+00 0.139680E+00 0.135760E+00 0.131600E+00 0.138320E+00 0.141520E+00 0.135680E+00 0.139200E+00 0.132160E+00 0.138720E+00 0.132400E+00 0.140160E+00 0.142000E+00 0.134960E+00 0.129520E+00 0.130080E+00 0.134400E+00 0.134000E+00 0.140240E+00 0.137120E+00 0.132080E+00 0.133760E+00 0.136400E+00 0.134640E+00 0.135360E+00 0.133920E+00 0.125520E+00 0.130800E+00 0.133360E+00 0.138320E+00 0.137600E+00 0.131680E+00 0.132320E+00 0.137360E+00 0.134960E+00 0.128720E+00 0.132880E+00 0.133120E+00 0.139440E+00 0.134000E+00 0.131680E+00 0.135920E+00 0.129280E+00 0.135040E+00 0.133280E+00 0.131280E+00 0.145520E+00 0.124480E+00 0.134320E+00 0.131280E+00 0.131120E+00 0.130720E+00 0.129600E+00 0.131440E+00 0.141040E+00 0.129760E+00 0.130880E+00 0.134480E+00 0.127760E+00 0.134320E+00 0.137200E+00 0.128480E+00 0.131280E+00 0.132880E+00 0.128320E+00 0.130720E+00 0.131600E+00 0.135360E+00 0.134800E+00 0.134640E+00 0.132240E+00 0.128240E+00 0.137600E+00 0.137280E+00 0.136480E+00 0.134480E+00 0.136800E+00 0.140320E+00 0.137840E+00 0.134240E+00 0.132160E+00 0.134720E+00 0.131440E+00 0.131600E+00 0.134480E+00 0.134000E+00 0.139920E+00 0.135200E+00 0.133840E+00 0.134240E+00 0.130160E+00 0.130480E+00 0.136880E+00 0.137440E+00 0.136400E+00 0.137280E+00 0.135680E+00 0.130720E+00
 0.394784E+01 0.271384E+01 0.201624E+01 0.161032E+01 0.131376E+01 0.111176E+01 0.949760E+00 0.836240E+00 0.723200E+00 0.662320E+00 0.584800E+00 0.526320E+00 0.489680E+00 0.446160E+00 0.423840E+00 0.402960E+00 0.365520E+00 0.330320E+00 0.332560E+00 0.317760E+00 0.293040E+00 0.285840E+00 0.273120E+00 0.264400E+00 0.243840E+00 0.235520E+00 0.226640E+00 0.230800E+00 0.219600E+00 0.215440E+00 0.208400E+00 0.197920E+00 0.207360E+00 0.194160E+00 0.197360E+00 0.184240E+00 0.188640E+00 0.182080E+00 0.182080E+00 0.172800E+00 0.168880E+00 0.174400E+00 0.167440E+00 0.170320E+00 0.170400E+00 0.161280E+00 0.169760E+00 0.159280E+00 0.160880E+00 0.157760E+00 0.155520E+00 0.156000E+00 0.156960E+00 0.154320E+00 0.152880E+00 0.158800E+00 0.152560E+00 0.149760E+00 0.154080E+00 0.153040E+00 0.151760E+00 0.147280E+00 0.151680E+00 0.151280E+00 0.143280E+00 0.149520E+00 0.144640E+00 0.144160E+00 0.149040E+00 0.145680E+00 0.144880E+00 0.143280E+00 0.139360E+00 0.140880E+00 0.131680E+00 0.140240E+00 0.145120E+00 0.142880E+00 0.139520E+00 0.144640E+00 0.138400E+00 0.144000E+00 0.138560E+00 0.138400E+00 0.140000E+00 0.142000E+00 0.134240E+00 0.138240E+00 0.135760E+00 0.138320E+00 0.139120E+00 0.136800E+00 0.138160E+00 0.137360E+00 0.136000E+00 0.136400E+00 0.134000E+00 0.137280E+00 0.142880E+00 0.137200E+00 0.137280E+00 0.139040E+00 0.139440E+00 0.139760E+00 0.142640E+00 0.135520E+00 0.131360E+00 0.138240E+00 0.137120E+00 0.137040E+00 0.133520E+00 0.134800E+00 0.136080E+00 0.139200E+00 0.136560E+00 0.130560E+00 0.133280E+00 0.136400E+00 0.135680E+00 0.133760E+00 0.134800E+00 0.135680E+00 0.137520E+00 0.138560E+00 0.132960E+00 0.131920E+00 0.131360E+00 0.124400E+00 0.135600E+00 0.131280E+00 0.134720E+00 0.131840E+00 0.131520E+00 0.129360E+00 0.137200E+00 0.136960E+00 0.134400E+00 0.132320E+00 0.136800E+00 0.134960E+00 0.132400E+00 0.133680E+00 0.127440E+00 0.134560E+00 0.131520E+00 0.133280E+00 0.127760E+00 0.134080E+00 0.133600E+00 0.135200E+00 0.135600E+00 0.133920E+00 0.131840E+00 0.138480E+00 0.130800E+00 0.130480E+00 0.133360E+00 0.132960E+00 0.137600E+00 0.130560E+00 0.133600E+00 0.130960E+00 0.138000E+00 0.131440E+00 0.134320E+00 0.136880E+00 0.129360E+00 0.137440E+00 0.132960E+00 0.134560E+00 0.134400E+00 0.132880E+00 0.136160E+00 0.131440E+00 0.132080E+00 0.129920E+00 0.133360E+00 0.128320E+00 0.136960E+00 0.131600E+00 0.134800E+00 0.126240E+00 0.135920E+00 0.133440E+00 0.131680E+00 0.132880E+00 0.135280E+00 0.132160E+00 0.135200E+00 0.133280E+00 0.139280E+00 0.132960E+00 0.133440E+00 0.142800E+00 0.132480E+00 0.131840E+00 0.133360E+00 0.135600E+00 0.135840E+00 0.131440E+00
 0.393968E+01 0.270880E+01 0.204448E+01 0.162256E+01 0.131304E+01 0.109440E+01 0.952480E+00 0.824000E+00 0.737200E+00 0.658560E+00 0.583840E+00 0.531920E+00 0.490480E+00 0.446400E+00 0.421920E+00 0.389120E+00 0.367040E+00 0.341120E+00 0.323760E+00 0.309600E+00 0.298720E+00 0.277600E+00 0.262400E+00 0.256880E+00 0.246160E+00 0.239920E+00 0.235440E+00 0.229040E+00 0.220320E+00 0.211680E+00 0.207920E+00 0.203200E+00 0.202480E+00 0.194400E+00 0.196560E+00 0.189760E+00 0.179120E+00 0.186480E+00 0.174480E+00 0.176960E+00 0.170800E+00 0.175280E+00 0.170240E+00 0.168240E+00 0.165200E+00 0.162880E+00 0.171680E+00 0.161040E+00 0.160000E+00 0.164480E+00 0.160960E+00 0.156640E+00 0.156000E+00 0.145760E+00 0.154080E+00 0.150240E+00 0.153680E+00 0.145200E+00 0.150080E+00 0.148720E+00 0.149760E+00 0.150960E+00 0.146560E+00 0.148480E+00 0.150480E+00 0.151520E+00 0.140720E+00 0.143520E+00 0.143280E+00 0.144800E+00 0.139600E+00 0.145840E+00 0.132400E+00 0.140480E+00 0.139200E+00 0.141600E+00 0.145520E+00 0.144080E+00 0.143360E+00 0.141360E+00 0.140720E+00 0.140880E+00 0.141040E+00 0.137600E+00 0.134320E+00 0.139040E+00 0.142720E+00 0.139280E+00 0.136560E+00 0.135520E+00 0.141120E+00 0.139760E+00 0.141360E+00 0.132960E+00 0.136880E+00 0.143360E+00 0.140160E+00 0.139920E+00 0.139040E+00 0.138400E+00 0.136080E+00 0.142720E+00 0.136240E+00 0.134880E+00 0.137600E+00 0.134320E+00 0.133120E+00 0.135920E+00 0.134720E+00 0.136720E+00 0.135760E+00 0.133200E+00 0.133680E+00 0.131680E+00 0.136400E+00 0.135760E+00 0.134640E+00 0.133600E+00 0.138480E+00 0.133440E+00 0.138080E+00 0.135040E+00 0.136240E+00 0.139040E+00 0.132800E+00 0.126720E+00 0.130800E+00 0.132080E+00 0.133920E+00 0.135440E+00 0.134800E+00 0.138880E+00 0.134400E+00 0.132960E+00 0.137440E+00 0.131920E+00 0.139040E+00 0.137520E+00 0.132880E+00 0.138800E+00 0.136960E+00 0.138160E+00 0.129440E+00 0.132080E+00 0.139040E+00 0.133200E+00 0.133920E+00 0.135200E+00 0.134160E+00 0.131280E+00 0.133440E+00 0.131920E+00 0.131280E+00 0.137520E+00 0.130960E+00 0.137760E+00 0.133440E+00 0.128800E+00 0.135120E+00 0.128560E+00 0.130320E+00 0.133840E+00 0.131520E+00 0.133920E+00 0.128240E+00 0.137280E+00 0.131600E+00 0.138320E+00 0.129680E+00 0.133760E+00 0.132880E+00 0.137040E+00 0.132400E+00 0.128880E+00 0.130240E+00 0.129760E+00 0.132480E+00 0.134480E+00 0.134000E+00 0.130000E+00 0.135040E+00 0.136960E+00 0.128640E+00 0.132560E+00 0.141920E+00 0.138720E+00 0.133840E+00 0.133120E+00 0.132880E+00 0.136160E+00 0.135200E+00 0.130160E+00 0.136080E+00 0.131200E+00 0.128240E+00 0.132720E+00 0.130560E+00 0.133040E+00 0.133760E+00 0.133040E+00
 0.181136E+01 0.132800E+01 0.111656E+01 0.958080E+00 0.859040E+00 0.766160E+00 0.712880E+00 0.648320E+00 0.590400E+00 0.561280E+00 0.530000E+00 0.507920E+00 0.487520E+00 0.460800E+00 0.441440E+00 0.418560E+00 0.397920E+00 0.393040E+00 0.375360E+00 0.357200E+00 0.354160E+00 0.336000E+00 0.338480E+00 0.327680E+00 0.311600E+00 0.317120E+00 0.303360E+00 0.301680E+00 0.294560E+00 0.294160E+00 0.280480E+00 0.277200E+00 0.275760E+00 0.268880E+00 0.263040E+00 0.260240E+00 0.255120E+00 0.253440E+00 0.254240E+00 0.242080E+00 0.239680E+00 0.236800E+00 0.235200E+00 0.233520E+00 0.226240E+00 0.220960E+00 0.225120E+00 0.220880E+00 0.222320E+00 0.229280E+00 0.224880E+00 0.220160E+00 0.222400E+00 0.216080E+00 0.208080E+00 0.205840E+00 0.211120E+00 0.208720E+00 0.199760E+00 0.202000E+00 0.201360E+00 0.192560E+00 0.202800E+00 0.196240E+00 0.194960E+00 0.199680E+00 0.199120E+00 0.191040E+00 0.188160E+00 0.188160E+00 0.189040E+00 0.192720E+00 0.182080E+00 0.183920E+00 0.179680E+00 0.179760E+00 0.179200E+00 0.173440E+00 0.178800E+00 0.178960E+00 0.180640E+00 0.179040E+00 0.172480E+00 0.170320E+00 0.171360E+00 0.165680E+00 0.174560E+00 0.177600E+00 0.169600E+00 0.172400E+00 0.166160E+00 0.163280E+00 0.170800E+00 0.171360E+00 0.170640E+00 0.159600E+00 0.163120E+00 0.162720E+00 0.160640E+00 0.160320E+00 0.165040E+00 0.166000E+00 0.157600E+00 0.163280E+00 0.161360E+00 0.162720E+00 0.149600E+00 0.155120E+00 0.155520E+00 0.156720E+00 0.156720E+00 0.154320E+00 0.155600E+00 0.152320E+00 0.150560E+00 0.154480E+00 0.154400E+00 0.152720E+00 0.143280E+00 0.155440E+00 0.152160E+00 0.150800E+00 0.146000E+00 0.149520E+00 0.149600E+00 0.144640E+00 0.147360E+00 0.146000E+00 0.150480E+00 0.148160E+00 0.148320E+00 0.142240E+00 0.143920E+00 0.143840E+00 0.147040E+00 0.141520E+00 0.139040E+00 0.145520E+00 0.147120E+00 0.141920E+00 0.144800E+00 0.144560E+00 0.142560E+00 0.136240E+00 0.138240E+00 0.139680E+00 0.139920E+00 0.141680E+00 0.135360E+00 0.135040E+00 0.138240E+00 0.140160E+00 0.140880E+00 0.139680E+00 0.133760E+00 0.140320E+00 0.137680E+00 0.142880E+00 0.136320E+00 0.139600E+00 0.138720E+00 0.137440E+00 0.133840E+00 0.136640E+00 0.130960E+00 0.138240E+00 0.132720E+00 0.138640E+00 0.129040E+00 0.137200E+00 0.137200E+00 0.134720E+00 0.135280E+00 0.133840E+00 0.136560E+00 0.135760E+00 0.140560E+00 0.132880E+00 0.140000E+00 0.130960E+00 0.137360E+00 0.131280E+00 0.140080E+00 0.130240E+00 0.136960E+00 0.129520E+00 0.130480E+00 0.133600E+00 0.137440E+00 0.136880E+00 0.134240E+00 0.134240E+00 0.137040E+00 0.132160E+00 0.138320E+00 0.131520E+00 0.130720E+00 0.132240E+00 0.133600E+00 0.129200E+00
 0.180632E+01 0.133928E+01 0.111080E+01 0.960000E+00 0.861280E+00 0.772800E+00 0.701760E+00 0.655600E+00 0.604960E+00 0.576960E+00 0.528560E+00 0.508720E+00 0.476640E+00 0.453920E+00 0.430560E+00 0.429680E+00 0.399760E+00 0.390880E+00 0.365840E+00 0.363520E+00 0.351680E+00 0.349600E+00 0.332080E+00 0.332800E+00 0.321200E+00 0.314560E+00 0.301760E+00 0.296080E+00 0.291840E+00 0.293360E+00 0.278320E+00 0.277040E+00 0.282400E+00 0.267120E+00 0.269600E+00 0.259200E+00 0.260800E+00 0.256400E+00 0.248080E+00 0.247200E+00 0.248080E+00 0.241600E+00 0.246800E+00 0.231600E+00 0.236880E+00 0.225920E+00 0.229520E+00 0.229920E+00 0.219760E+00 0.219280E+00 0.221200E+00 0.214400E+00 0.216560E+00 0.209360E+00 0.208720E+00 0.206480E+00 0.198800E+00 0.208400E+00 0.212000E+00 0.208480E+00 0.202160E+00 0.203280E+00 0.199840E+00 0.195760E+00 0.194560E+00 0.201680E+00 0.190080E+00 0.187600E+00 0.187200E+00 0.191280E+00 0.188880E+00 0.193440E+00 0.184480E+00 0.185760E+00 0.182080E+00 0.182400E+00 0.176880E+00 0.178880E+00 0.177760E+00 0.178080E+00 0.182320E+00 0.171840E+00 0.174880E+00 0.172640E+00 0.172880E+00 0.170960E+00 0.169360E+00 0.171120E+00 0.167920E+00 0.171680E+00 0.167200E+00 0.164800E+00 0.166400E+00 0.157120E+00 0.170160E+00 0.165440E+00 0.168400E+00 0.162720E+00 0.164080E+00 0.165280E+00 0.155040E+00 0.160720E+00 0.159920E+00 0.157920E+00 0.151280E+00 0.164480E+00 0.162720E+00 0.159120E+00 0.156880E+00 0.154480E+00 0.153040E+00 0.152320E+00 0.161440E+00 0.156960E+00 0.149280E+00 0.150400E+00 0.150640E+00 0.148960E+00 0.153600E+00 0.153840E+00 0.150160E+00 0.149200E+00 0.142160E+00 0.150160E+00 0.147200E+00 0.146160E+00 0.145360E+00 0.144480E+00 0.149120E+00 0.148800E+00 0.144240E+00 0.141680E+00 0.137680E+00 0.150000E+00 0.145760E+00 0.145440E+00 0.143760E+00 0.145920E+00 0.137920E+00 0.142960E+00 0.138960E+00 0.139600E+00 0.141920E+00 0.142160E+00 0.135280E+00 0.136000E+00 0.143360E+00 0.148720E+00 0.138960E+00 0.142960E+00 0.145760E+00 0.137280E+00 0.136400E+00 0.137840E+00 0.135040E+00 0.136960E+00 0.133760E+00 0.130640E+00 0.133280E+00 0.134720E+00 0.133440E+00 0.142880E+00 0.136640E+00 0.130880E+00 0.136480E+00 0.129680E+00 0.134080E+00 0.140880E+00 0.136000E+00 0.132080E+00 0.141520E+00 0.136960E+00 0.132080E+00 0.136480E+00 0.138640E+00 0.131680E+00 0.137040E+00 0.136160E+00 0.130720E+00 0.136240E+00 0.130400E+00 0.136960E+00 0.136160E+00 0.131840E+00 0.136000E+00 0.138560E+00 0.134000E+00 0.135120E+00 0.132160E+00 0.133440E+00 0.126960E+00 0.129360E+00 0.129280E+00 0.135360E+00 0.136480E+00 0.132480E+00 0.134080E+00 0.130000E+00 0.128960E+00 0.127120E+00
