### Run with WimpAnn version = wimpann-2.08                            
###   Using Pythia version   = Pythia 6.400    
###   Using nusigma version  = nusigma-1.15-pyr                        
###   Using DarkSUSY version = ds-4.1.6                                
###   WimpAnn run started at date 2007-09-06; time 07:34:26
### Neutrino oscillation parameters
#      theta_12 =  0.00000000E+00
#      theta_13 =  0.00000000E+00
#      theta_23 =  0.00000000E+00
#         delta =  0.00000000E+00
#  delta_m^2_21 =  0.81000000E-04
#  delta_m^2_31 =  0.22000000E-02
### WimpAnn run parameters
#  Annihilation channel =         2
#  Generated particles =  b                bbar            
#  WIMP mass =  0.10000000E+04
#  Number of annihilations =   2500000
#  Source = Earth
#...dPhi/dz in  200 bins from 0 to 1
#...Line  1- 6: flux at centre of Earth for neutrino 1-6
 0.478824E+01 0.359256E+01 0.298920E+01 0.260936E+01 0.231408E+01 0.207448E+01 0.185760E+01 0.168888E+01 0.154968E+01 0.141144E+01 0.130728E+01 0.119032E+01 0.110448E+01 0.101864E+01 0.949200E+00 0.883520E+00 0.818400E+00 0.774400E+00 0.722160E+00 0.676960E+00 0.643200E+00 0.591600E+00 0.565680E+00 0.530720E+00 0.501520E+00 0.462640E+00 0.448560E+00 0.424080E+00 0.394240E+00 0.360560E+00 0.356880E+00 0.328320E+00 0.308560E+00 0.298320E+00 0.279520E+00 0.270560E+00 0.257520E+00 0.234720E+00 0.226080E+00 0.209440E+00 0.207920E+00 0.200560E+00 0.189440E+00 0.176320E+00 0.164640E+00 0.167680E+00 0.144640E+00 0.148400E+00 0.140080E+00 0.122160E+00 0.124080E+00 0.121120E+00 0.111680E+00 0.107600E+00 0.101680E+00 0.101120E+00 0.915200E-01 0.862400E-01 0.836800E-01 0.761600E-01 0.731200E-01 0.669600E-01 0.672000E-01 0.630400E-01 0.601600E-01 0.584800E-01 0.540000E-01 0.488000E-01 0.472800E-01 0.444800E-01 0.430400E-01 0.398400E-01 0.385600E-01 0.343200E-01 0.347200E-01 0.344800E-01 0.282400E-01 0.260800E-01 0.268000E-01 0.260000E-01 0.245600E-01 0.206400E-01 0.220000E-01 0.172800E-01 0.171200E-01 0.167200E-01 0.154400E-01 0.166400E-01 0.144000E-01 0.137600E-01 0.125600E-01 0.117600E-01 0.118400E-01 0.896000E-02 0.968000E-02 0.848000E-02 0.848000E-02 0.848000E-02 0.744000E-02 0.584000E-02 0.640000E-02 0.552000E-02 0.480000E-02 0.400000E-02 0.456000E-02 0.440000E-02 0.304000E-02 0.304000E-02 0.304000E-02 0.264000E-02 0.200000E-02 0.288000E-02 0.232000E-02 0.136000E-02 0.192000E-02 0.128000E-02 0.120000E-02 0.800000E-03 0.120000E-02 0.136000E-02 0.176000E-02 0.960000E-03 0.480000E-03 0.960000E-03 0.640000E-03 0.320000E-03 0.560000E-03 0.320000E-03 0.800000E-04 0.160000E-03 0.160000E-03 0.160000E-03 0.160000E-03 0.240000E-03 0.160000E-03 0.240000E-03 0.800000E-04 0.800000E-04 0.800000E-04 0.800000E-04 0.000000E+00 0.000000E+00 0.160000E-03 0.800000E-04 0.000000E+00 0.000000E+00 0.800000E-04 0.000000E+00 0.800000E-04 0.000000E+00 0.000000E+00 0.000000E+00 0.000000E+00 0.000000E+00 0.000000E+00 0.000000E+00 0.000000E+00 0.000000E+00 0.000000E+00 0.000000E+00 0.000000E+00 0.000000E+00 0.000000E+00 0.000000E+00 0.000000E+00 0.000000E+00 0.000000E+00 0.000000E+00 0.000000E+00 0.000000E+00 0.000000E+00 0.000000E+00 0.000000E+00 0.000000E+00 0.000000E+00 0.000000E+00 0.000000E+00 0.000000E+00 0.000000E+00 0.000000E+00 0.000000E+00 0.000000E+00 0.000000E+00 0.000000E+00 0.000000E+00 0.000000E+00 0.000000E+00 0.000000E+00 0.000000E+00 0.000000E+00 0.000000E+00 0.000000E+00 0.000000E+00 0.000000E+00 0.000000E+00 0.000000E+00 0.000000E+00 0.000000E+00 0.000000E+00 0.000000E+00
 0.477968E+01 0.354352E+01 0.300808E+01 0.261280E+01 0.229576E+01 0.206176E+01 0.187984E+01 0.169832E+01 0.155888E+01 0.141544E+01 0.133464E+01 0.120432E+01 0.112832E+01 0.103384E+01 0.956480E+00 0.882560E+00 0.819760E+00 0.772560E+00 0.726720E+00 0.661920E+00 0.632000E+00 0.599440E+00 0.576560E+00 0.531520E+00 0.500320E+00 0.467280E+00 0.441200E+00 0.415360E+00 0.400800E+00 0.366800E+00 0.349840E+00 0.326000E+00 0.314720E+00 0.288080E+00 0.278160E+00 0.261920E+00 0.258640E+00 0.247760E+00 0.231520E+00 0.221680E+00 0.202480E+00 0.194080E+00 0.181280E+00 0.184400E+00 0.163600E+00 0.159920E+00 0.150960E+00 0.142320E+00 0.136080E+00 0.127360E+00 0.124480E+00 0.121680E+00 0.115120E+00 0.106640E+00 0.100400E+00 0.948800E-01 0.918400E-01 0.805600E-01 0.846400E-01 0.775200E-01 0.714400E-01 0.675200E-01 0.661600E-01 0.612800E-01 0.571200E-01 0.553600E-01 0.548800E-01 0.505600E-01 0.491200E-01 0.451200E-01 0.416000E-01 0.409600E-01 0.391200E-01 0.348800E-01 0.309600E-01 0.332800E-01 0.289600E-01 0.281600E-01 0.266400E-01 0.256800E-01 0.243200E-01 0.236000E-01 0.205600E-01 0.213600E-01 0.191200E-01 0.164800E-01 0.160000E-01 0.152800E-01 0.144800E-01 0.130400E-01 0.111200E-01 0.920000E-02 0.119200E-01 0.100000E-01 0.976000E-02 0.960000E-02 0.656000E-02 0.704000E-02 0.568000E-02 0.560000E-02 0.600000E-02 0.544000E-02 0.424000E-02 0.440000E-02 0.504000E-02 0.448000E-02 0.336000E-02 0.288000E-02 0.272000E-02 0.280000E-02 0.264000E-02 0.216000E-02 0.160000E-02 0.184000E-02 0.176000E-02 0.800000E-03 0.720000E-03 0.160000E-02 0.136000E-02 0.880000E-03 0.128000E-02 0.104000E-02 0.104000E-02 0.480000E-03 0.480000E-03 0.400000E-03 0.320000E-03 0.320000E-03 0.240000E-03 0.240000E-03 0.800000E-04 0.240000E-03 0.160000E-03 0.240000E-03 0.800000E-04 0.800000E-04 0.800000E-04 0.800000E-04 0.800000E-04 0.000000E+00 0.000000E+00 0.000000E+00 0.000000E+00 0.000000E+00 0.000000E+00 0.000000E+00 0.000000E+00 0.000000E+00 0.000000E+00 0.000000E+00 0.000000E+00 0.000000E+00 0.000000E+00 0.000000E+00 0.000000E+00 0.000000E+00 0.000000E+00 0.000000E+00 0.000000E+00 0.000000E+00 0.000000E+00 0.000000E+00 0.000000E+00 0.000000E+00 0.000000E+00 0.000000E+00 0.000000E+00 0.000000E+00 0.000000E+00 0.000000E+00 0.000000E+00 0.000000E+00 0.000000E+00 0.000000E+00 0.000000E+00 0.000000E+00 0.000000E+00 0.000000E+00 0.000000E+00 0.000000E+00 0.000000E+00 0.000000E+00 0.000000E+00 0.000000E+00 0.000000E+00 0.000000E+00 0.000000E+00 0.000000E+00 0.000000E+00 0.000000E+00 0.000000E+00 0.000000E+00 0.000000E+00 0.000000E+00 0.000000E+00 0.000000E+00 0.000000E+00 0.000000E+00 0.000000E+00 0.000000E+00
 0.485712E+01 0.357760E+01 0.300440E+01 0.260664E+01 0.233808E+01 0.207176E+01 0.186048E+01 0.169144E+01 0.156776E+01 0.142328E+01 0.130104E+01 0.119240E+01 0.111368E+01 0.101000E+01 0.958960E+00 0.888560E+00 0.818560E+00 0.773840E+00 0.718720E+00 0.684000E+00 0.627200E+00 0.590720E+00 0.560960E+00 0.517600E+00 0.497600E+00 0.467440E+00 0.431200E+00 0.417120E+00 0.384240E+00 0.371200E+00 0.349840E+00 0.333760E+00 0.314400E+00 0.296640E+00 0.280640E+00 0.265600E+00 0.252400E+00 0.233120E+00 0.228160E+00 0.213120E+00 0.206800E+00 0.187040E+00 0.182880E+00 0.173280E+00 0.163360E+00 0.157840E+00 0.158240E+00 0.141840E+00 0.131440E+00 0.130960E+00 0.117280E+00 0.121920E+00 0.115760E+00 0.106640E+00 0.101760E+00 0.933600E-01 0.890400E-01 0.824800E-01 0.830400E-01 0.744800E-01 0.714400E-01 0.691200E-01 0.660000E-01 0.632800E-01 0.583200E-01 0.564000E-01 0.537600E-01 0.492800E-01 0.456800E-01 0.462400E-01 0.387200E-01 0.392000E-01 0.349600E-01 0.329600E-01 0.320000E-01 0.309600E-01 0.297600E-01 0.275200E-01 0.270400E-01 0.239200E-01 0.211200E-01 0.188800E-01 0.227200E-01 0.204000E-01 0.191200E-01 0.148800E-01 0.136000E-01 0.126400E-01 0.129600E-01 0.124800E-01 0.132000E-01 0.123200E-01 0.111200E-01 0.952000E-02 0.880000E-02 0.792000E-02 0.760000E-02 0.632000E-02 0.592000E-02 0.600000E-02 0.504000E-02 0.616000E-02 0.520000E-02 0.520000E-02 0.416000E-02 0.416000E-02 0.320000E-02 0.288000E-02 0.280000E-02 0.336000E-02 0.264000E-02 0.264000E-02 0.184000E-02 0.200000E-02 0.224000E-02 0.128000E-02 0.184000E-02 0.112000E-02 0.800000E-03 0.112000E-02 0.800000E-03 0.104000E-02 0.560000E-03 0.560000E-03 0.720000E-03 0.240000E-03 0.640000E-03 0.160000E-03 0.240000E-03 0.320000E-03 0.240000E-03 0.240000E-03 0.800000E-04 0.400000E-03 0.000000E+00 0.000000E+00 0.000000E+00 0.000000E+00 0.000000E+00 0.000000E+00 0.000000E+00 0.000000E+00 0.800000E-04 0.000000E+00 0.000000E+00 0.000000E+00 0.000000E+00 0.000000E+00 0.000000E+00 0.000000E+00 0.000000E+00 0.000000E+00 0.000000E+00 0.800000E-04 0.000000E+00 0.000000E+00 0.000000E+00 0.000000E+00 0.000000E+00 0.000000E+00 0.000000E+00 0.000000E+00 0.000000E+00 0.000000E+00 0.000000E+00 0.000000E+00 0.000000E+00 0.000000E+00 0.000000E+00 0.000000E+00 0.000000E+00 0.000000E+00 0.000000E+00 0.000000E+00 0.000000E+00 0.000000E+00 0.000000E+00 0.000000E+00 0.000000E+00 0.000000E+00 0.000000E+00 0.000000E+00 0.000000E+00 0.000000E+00 0.000000E+00 0.000000E+00 0.000000E+00 0.000000E+00 0.000000E+00 0.000000E+00 0.000000E+00 0.000000E+00 0.000000E+00 0.000000E+00 0.000000E+00 0.000000E+00 0.000000E+00 0.000000E+00 0.000000E+00 0.000000E+00
 0.487024E+01 0.360312E+01 0.302248E+01 0.261184E+01 0.231480E+01 0.208280E+01 0.186008E+01 0.172272E+01 0.151992E+01 0.141024E+01 0.130744E+01 0.120784E+01 0.112816E+01 0.102104E+01 0.958720E+00 0.883120E+00 0.823520E+00 0.760720E+00 0.718880E+00 0.667680E+00 0.624800E+00 0.582880E+00 0.553600E+00 0.513040E+00 0.487360E+00 0.457840E+00 0.419680E+00 0.410560E+00 0.393200E+00 0.366960E+00 0.350080E+00 0.330320E+00 0.311040E+00 0.291040E+00 0.284160E+00 0.272000E+00 0.244800E+00 0.242640E+00 0.220800E+00 0.208160E+00 0.204960E+00 0.200000E+00 0.180400E+00 0.168640E+00 0.167600E+00 0.157200E+00 0.149280E+00 0.138000E+00 0.135680E+00 0.127360E+00 0.123200E+00 0.119040E+00 0.108240E+00 0.107840E+00 0.101280E+00 0.982400E-01 0.908800E-01 0.884800E-01 0.810400E-01 0.717600E-01 0.721600E-01 0.676000E-01 0.621600E-01 0.636000E-01 0.576000E-01 0.550400E-01 0.528000E-01 0.493600E-01 0.465600E-01 0.450400E-01 0.415200E-01 0.417600E-01 0.367200E-01 0.361600E-01 0.342400E-01 0.301600E-01 0.277600E-01 0.284000E-01 0.264000E-01 0.230400E-01 0.256000E-01 0.221600E-01 0.219200E-01 0.201600E-01 0.172800E-01 0.157600E-01 0.147200E-01 0.160000E-01 0.134400E-01 0.106400E-01 0.120000E-01 0.116800E-01 0.112000E-01 0.976000E-02 0.888000E-02 0.100000E-01 0.808000E-02 0.720000E-02 0.456000E-02 0.496000E-02 0.536000E-02 0.528000E-02 0.592000E-02 0.432000E-02 0.480000E-02 0.360000E-02 0.328000E-02 0.296000E-02 0.208000E-02 0.256000E-02 0.264000E-02 0.200000E-02 0.256000E-02 0.160000E-02 0.112000E-02 0.176000E-02 0.128000E-02 0.104000E-02 0.112000E-02 0.960000E-03 0.720000E-03 0.880000E-03 0.720000E-03 0.560000E-03 0.640000E-03 0.480000E-03 0.400000E-03 0.320000E-03 0.240000E-03 0.720000E-03 0.400000E-03 0.160000E-03 0.160000E-03 0.800000E-04 0.000000E+00 0.160000E-03 0.800000E-04 0.800000E-04 0.000000E+00 0.800000E-04 0.800000E-04 0.800000E-04 0.800000E-04 0.800000E-04 0.000000E+00 0.000000E+00 0.800000E-04 0.000000E+00 0.000000E+00 0.000000E+00 0.000000E+00 0.000000E+00 0.000000E+00 0.000000E+00 0.000000E+00 0.000000E+00 0.000000E+00 0.000000E+00 0.000000E+00 0.000000E+00 0.000000E+00 0.000000E+00 0.000000E+00 0.000000E+00 0.000000E+00 0.000000E+00 0.000000E+00 0.000000E+00 0.000000E+00 0.000000E+00 0.000000E+00 0.000000E+00 0.000000E+00 0.000000E+00 0.000000E+00 0.000000E+00 0.000000E+00 0.000000E+00 0.000000E+00 0.000000E+00 0.000000E+00 0.000000E+00 0.000000E+00 0.000000E+00 0.000000E+00 0.000000E+00 0.000000E+00 0.000000E+00 0.000000E+00 0.000000E+00 0.000000E+00 0.000000E+00 0.000000E+00 0.000000E+00 0.000000E+00 0.000000E+00 0.000000E+00 0.000000E+00 0.000000E+00 0.000000E+00
 0.156064E+01 0.122808E+01 0.107480E+01 0.964560E+00 0.877040E+00 0.791040E+00 0.752160E+00 0.686080E+00 0.629440E+00 0.594400E+00 0.558160E+00 0.520320E+00 0.482080E+00 0.460720E+00 0.416080E+00 0.396800E+00 0.376480E+00 0.339600E+00 0.326160E+00 0.302000E+00 0.279040E+00 0.270640E+00 0.245120E+00 0.226560E+00 0.211920E+00 0.205280E+00 0.186320E+00 0.182960E+00 0.164560E+00 0.149760E+00 0.146720E+00 0.137200E+00 0.130080E+00 0.115280E+00 0.101840E+00 0.103120E+00 0.942400E-01 0.855200E-01 0.763200E-01 0.756800E-01 0.684800E-01 0.624800E-01 0.599200E-01 0.536800E-01 0.528800E-01 0.481600E-01 0.426400E-01 0.392800E-01 0.360000E-01 0.313600E-01 0.295200E-01 0.262400E-01 0.238400E-01 0.198400E-01 0.222400E-01 0.183200E-01 0.196800E-01 0.148800E-01 0.152800E-01 0.124000E-01 0.104800E-01 0.102400E-01 0.101600E-01 0.896000E-02 0.776000E-02 0.664000E-02 0.728000E-02 0.544000E-02 0.680000E-02 0.408000E-02 0.400000E-02 0.520000E-02 0.296000E-02 0.280000E-02 0.296000E-02 0.200000E-02 0.256000E-02 0.232000E-02 0.152000E-02 0.272000E-02 0.160000E-02 0.144000E-02 0.960000E-03 0.560000E-03 0.800000E-03 0.800000E-03 0.128000E-02 0.320000E-03 0.400000E-03 0.320000E-03 0.320000E-03 0.400000E-03 0.240000E-03 0.320000E-03 0.240000E-03 0.160000E-03 0.800000E-04 0.240000E-03 0.800000E-04 0.240000E-03 0.000000E+00 0.160000E-03 0.000000E+00 0.160000E-03 0.800000E-04 0.000000E+00 0.160000E-03 0.000000E+00 0.800000E-04 0.000000E+00 0.800000E-04 0.000000E+00 0.000000E+00 0.160000E-03 0.000000E+00 0.000000E+00 0.800000E-04 0.000000E+00 0.000000E+00 0.000000E+00 0.000000E+00 0.000000E+00 0.000000E+00 0.000000E+00 0.000000E+00 0.000000E+00 0.000000E+00 0.000000E+00 0.000000E+00 0.000000E+00 0.000000E+00 0.000000E+00 0.000000E+00 0.000000E+00 0.800000E-04 0.000000E+00 0.000000E+00 0.000000E+00 0.000000E+00 0.000000E+00 0.000000E+00 0.000000E+00 0.000000E+00 0.000000E+00 0.000000E+00 0.000000E+00 0.000000E+00 0.000000E+00 0.000000E+00 0.000000E+00 0.000000E+00 0.000000E+00 0.000000E+00 0.000000E+00 0.000000E+00 0.000000E+00 0.000000E+00 0.000000E+00 0.000000E+00 0.000000E+00 0.000000E+00 0.000000E+00 0.000000E+00 0.000000E+00 0.000000E+00 0.000000E+00 0.000000E+00 0.000000E+00 0.000000E+00 0.000000E+00 0.000000E+00 0.000000E+00 0.000000E+00 0.000000E+00 0.000000E+00 0.000000E+00 0.000000E+00 0.000000E+00 0.000000E+00 0.000000E+00 0.000000E+00 0.000000E+00 0.000000E+00 0.000000E+00 0.000000E+00 0.000000E+00 0.000000E+00 0.000000E+00 0.000000E+00 0.000000E+00 0.000000E+00 0.000000E+00 0.000000E+00 0.000000E+00 0.000000E+00 0.000000E+00 0.000000E+00 0.000000E+00 0.000000E+00 0.000000E+00
 0.152688E+01 0.124632E+01 0.107456E+01 0.967200E+00 0.867920E+00 0.789280E+00 0.740640E+00 0.691600E+00 0.644240E+00 0.599840E+00 0.547040E+00 0.508240E+00 0.492480E+00 0.451120E+00 0.426080E+00 0.393120E+00 0.374560E+00 0.351520E+00 0.330560E+00 0.310080E+00 0.282160E+00 0.264720E+00 0.245680E+00 0.233840E+00 0.219120E+00 0.201520E+00 0.190560E+00 0.179840E+00 0.162160E+00 0.154880E+00 0.146160E+00 0.130800E+00 0.120080E+00 0.112960E+00 0.104960E+00 0.958400E-01 0.895200E-01 0.820000E-01 0.790400E-01 0.757600E-01 0.650400E-01 0.652800E-01 0.608800E-01 0.556000E-01 0.489600E-01 0.452800E-01 0.416000E-01 0.380000E-01 0.363200E-01 0.331200E-01 0.319200E-01 0.309600E-01 0.269600E-01 0.248000E-01 0.219200E-01 0.180800E-01 0.195200E-01 0.152000E-01 0.160000E-01 0.140000E-01 0.120000E-01 0.108000E-01 0.992000E-02 0.952000E-02 0.880000E-02 0.832000E-02 0.808000E-02 0.760000E-02 0.552000E-02 0.552000E-02 0.368000E-02 0.304000E-02 0.288000E-02 0.440000E-02 0.272000E-02 0.232000E-02 0.224000E-02 0.240000E-02 0.120000E-02 0.136000E-02 0.168000E-02 0.720000E-03 0.960000E-03 0.104000E-02 0.144000E-02 0.960000E-03 0.720000E-03 0.640000E-03 0.480000E-03 0.400000E-03 0.240000E-03 0.560000E-03 0.240000E-03 0.320000E-03 0.800000E-03 0.160000E-03 0.160000E-03 0.320000E-03 0.240000E-03 0.240000E-03 0.160000E-03 0.160000E-03 0.160000E-03 0.800000E-04 0.000000E+00 0.240000E-03 0.800000E-04 0.160000E-03 0.000000E+00 0.000000E+00 0.000000E+00 0.160000E-03 0.800000E-04 0.000000E+00 0.000000E+00 0.000000E+00 0.000000E+00 0.000000E+00 0.000000E+00 0.800000E-04 0.800000E-04 0.000000E+00 0.800000E-04 0.000000E+00 0.800000E-04 0.000000E+00 0.000000E+00 0.000000E+00 0.000000E+00 0.000000E+00 0.000000E+00 0.000000E+00 0.800000E-04 0.000000E+00 0.000000E+00 0.000000E+00 0.000000E+00 0.000000E+00 0.000000E+00 0.000000E+00 0.000000E+00 0.000000E+00 0.000000E+00 0.000000E+00 0.000000E+00 0.000000E+00 0.000000E+00 0.000000E+00 0.000000E+00 0.000000E+00 0.000000E+00 0.000000E+00 0.000000E+00 0.000000E+00 0.000000E+00 0.000000E+00 0.000000E+00 0.000000E+00 0.000000E+00 0.000000E+00 0.000000E+00 0.000000E+00 0.000000E+00 0.000000E+00 0.000000E+00 0.000000E+00 0.000000E+00 0.000000E+00 0.000000E+00 0.000000E+00 0.000000E+00 0.000000E+00 0.000000E+00 0.000000E+00 0.000000E+00 0.000000E+00 0.000000E+00 0.000000E+00 0.000000E+00 0.000000E+00 0.000000E+00 0.000000E+00 0.000000E+00 0.000000E+00 0.000000E+00 0.000000E+00 0.000000E+00 0.000000E+00 0.000000E+00 0.000000E+00 0.000000E+00 0.000000E+00 0.000000E+00 0.000000E+00 0.000000E+00 0.000000E+00 0.000000E+00 0.000000E+00 0.000000E+00 0.000000E+00
