### Run with WimpAnn version = wimpann-2.08                            
###   Using Pythia version   = Pythia 6.400    
###   Using nusigma version  = nusigma-1.15-pyr                        
###   Using DarkSUSY version = ds-4.1.6                                
###   WimpAnn run started at date 2007-09-12; time 01:28:11
### Neutrino oscillation parameters
#      theta_12 =  0.00000000E+00
#      theta_13 =  0.00000000E+00
#      theta_23 =  0.00000000E+00
#         delta =  0.00000000E+00
#  delta_m^2_21 =  0.81000000E-04
#  delta_m^2_31 =  0.22000000E-02
### WimpAnn run parameters
#  Annihilation channel =         1
#  Generated particles =  c                cbar            
#  WIMP mass =  0.80300000E+02
#  Number of annihilations =   2500000
#  Source = Earth
#...dPhi/dz in  200 bins from 0 to 1
#...Line  1- 6: flux at centre of Earth for neutrino 1-6
 0.732480E+00 0.789520E+00 0.751840E+00 0.715520E+00 0.681920E+00 0.654000E+00 0.609680E+00 0.601280E+00 0.573200E+00 0.546800E+00 0.533520E+00 0.507760E+00 0.489680E+00 0.471040E+00 0.445840E+00 0.422960E+00 0.415600E+00 0.392560E+00 0.384080E+00 0.377280E+00 0.352560E+00 0.345520E+00 0.324720E+00 0.309920E+00 0.306800E+00 0.285760E+00 0.277840E+00 0.269040E+00 0.262240E+00 0.246000E+00 0.242480E+00 0.223040E+00 0.219440E+00 0.209600E+00 0.203120E+00 0.185840E+00 0.187360E+00 0.177440E+00 0.167600E+00 0.159680E+00 0.152320E+00 0.148160E+00 0.135440E+00 0.140240E+00 0.127360E+00 0.120960E+00 0.116080E+00 0.116400E+00 0.103360E+00 0.104320E+00 0.101680E+00 0.916000E-01 0.836000E-01 0.867200E-01 0.844800E-01 0.782400E-01 0.722400E-01 0.692000E-01 0.658400E-01 0.624000E-01 0.563200E-01 0.587200E-01 0.584800E-01 0.505600E-01 0.470400E-01 0.468800E-01 0.437600E-01 0.418400E-01 0.386400E-01 0.407200E-01 0.375200E-01 0.331200E-01 0.316800E-01 0.298400E-01 0.295200E-01 0.246400E-01 0.277600E-01 0.222400E-01 0.236000E-01 0.205600E-01 0.202400E-01 0.195200E-01 0.169600E-01 0.176800E-01 0.160800E-01 0.160000E-01 0.136000E-01 0.119200E-01 0.124000E-01 0.114400E-01 0.108800E-01 0.928000E-02 0.108800E-01 0.912000E-02 0.968000E-02 0.792000E-02 0.688000E-02 0.648000E-02 0.632000E-02 0.656000E-02 0.552000E-02 0.560000E-02 0.464000E-02 0.376000E-02 0.312000E-02 0.432000E-02 0.336000E-02 0.256000E-02 0.296000E-02 0.272000E-02 0.240000E-02 0.288000E-02 0.208000E-02 0.208000E-02 0.224000E-02 0.152000E-02 0.960000E-03 0.176000E-02 0.184000E-02 0.104000E-02 0.144000E-02 0.216000E-02 0.960000E-03 0.400000E-03 0.800000E-03 0.800000E-03 0.480000E-03 0.560000E-03 0.720000E-03 0.480000E-03 0.480000E-03 0.160000E-03 0.240000E-03 0.400000E-03 0.320000E-03 0.800000E-03 0.240000E-03 0.800000E-04 0.240000E-03 0.240000E-03 0.800000E-04 0.000000E+00 0.800000E-04 0.240000E-03 0.000000E+00 0.160000E-03 0.000000E+00 0.800000E-04 0.800000E-04 0.160000E-03 0.000000E+00 0.000000E+00 0.800000E-04 0.000000E+00 0.000000E+00 0.160000E-03 0.800000E-04 0.000000E+00 0.000000E+00 0.000000E+00 0.000000E+00 0.000000E+00 0.000000E+00 0.000000E+00 0.000000E+00 0.000000E+00 0.000000E+00 0.000000E+00 0.000000E+00 0.000000E+00 0.000000E+00 0.000000E+00 0.000000E+00 0.000000E+00 0.000000E+00 0.000000E+00 0.000000E+00 0.000000E+00 0.000000E+00 0.000000E+00 0.000000E+00 0.000000E+00 0.000000E+00 0.000000E+00 0.000000E+00 0.000000E+00 0.000000E+00 0.000000E+00 0.000000E+00 0.000000E+00 0.000000E+00 0.000000E+00 0.000000E+00 0.000000E+00 0.000000E+00 0.000000E+00 0.000000E+00 0.000000E+00 0.000000E+00 0.000000E+00
 0.750080E+00 0.787280E+00 0.765440E+00 0.729040E+00 0.697280E+00 0.644080E+00 0.631280E+00 0.596640E+00 0.580320E+00 0.552880E+00 0.530080E+00 0.510080E+00 0.500480E+00 0.471920E+00 0.451840E+00 0.432240E+00 0.426080E+00 0.405360E+00 0.380320E+00 0.361280E+00 0.355680E+00 0.337520E+00 0.330640E+00 0.319600E+00 0.309440E+00 0.293040E+00 0.278800E+00 0.263520E+00 0.260400E+00 0.245120E+00 0.232160E+00 0.226800E+00 0.221200E+00 0.201680E+00 0.201760E+00 0.191520E+00 0.190000E+00 0.170800E+00 0.166240E+00 0.154160E+00 0.145760E+00 0.154160E+00 0.142320E+00 0.142240E+00 0.133600E+00 0.120240E+00 0.115600E+00 0.107520E+00 0.102160E+00 0.100960E+00 0.100640E+00 0.940000E-01 0.885600E-01 0.840000E-01 0.777600E-01 0.813600E-01 0.723200E-01 0.696000E-01 0.612000E-01 0.613600E-01 0.612800E-01 0.556000E-01 0.534400E-01 0.512000E-01 0.473600E-01 0.486400E-01 0.457600E-01 0.408000E-01 0.376800E-01 0.378400E-01 0.318400E-01 0.324800E-01 0.302400E-01 0.312000E-01 0.276800E-01 0.257600E-01 0.272800E-01 0.229600E-01 0.230400E-01 0.216000E-01 0.193600E-01 0.190400E-01 0.197600E-01 0.169600E-01 0.126400E-01 0.134400E-01 0.131200E-01 0.121600E-01 0.100000E-01 0.116000E-01 0.100000E-01 0.864000E-02 0.944000E-02 0.928000E-02 0.832000E-02 0.824000E-02 0.760000E-02 0.704000E-02 0.728000E-02 0.568000E-02 0.544000E-02 0.504000E-02 0.512000E-02 0.424000E-02 0.400000E-02 0.408000E-02 0.384000E-02 0.344000E-02 0.264000E-02 0.288000E-02 0.216000E-02 0.216000E-02 0.208000E-02 0.168000E-02 0.184000E-02 0.216000E-02 0.160000E-02 0.216000E-02 0.136000E-02 0.128000E-02 0.640000E-03 0.120000E-02 0.960000E-03 0.400000E-03 0.560000E-03 0.400000E-03 0.960000E-03 0.560000E-03 0.640000E-03 0.640000E-03 0.240000E-03 0.400000E-03 0.480000E-03 0.640000E-03 0.640000E-03 0.800000E-04 0.560000E-03 0.320000E-03 0.320000E-03 0.320000E-03 0.240000E-03 0.800000E-04 0.320000E-03 0.160000E-03 0.000000E+00 0.000000E+00 0.000000E+00 0.000000E+00 0.000000E+00 0.000000E+00 0.000000E+00 0.000000E+00 0.000000E+00 0.000000E+00 0.800000E-04 0.000000E+00 0.000000E+00 0.000000E+00 0.800000E-04 0.000000E+00 0.000000E+00 0.000000E+00 0.000000E+00 0.000000E+00 0.000000E+00 0.000000E+00 0.000000E+00 0.000000E+00 0.000000E+00 0.000000E+00 0.000000E+00 0.000000E+00 0.000000E+00 0.000000E+00 0.000000E+00 0.000000E+00 0.000000E+00 0.000000E+00 0.000000E+00 0.000000E+00 0.000000E+00 0.000000E+00 0.000000E+00 0.000000E+00 0.000000E+00 0.000000E+00 0.000000E+00 0.000000E+00 0.000000E+00 0.000000E+00 0.000000E+00 0.000000E+00 0.000000E+00 0.000000E+00 0.000000E+00 0.000000E+00 0.000000E+00 0.000000E+00 0.000000E+00 0.000000E+00
 0.778080E+00 0.809440E+00 0.767520E+00 0.723920E+00 0.682480E+00 0.674320E+00 0.635040E+00 0.595120E+00 0.567360E+00 0.562160E+00 0.529440E+00 0.508960E+00 0.483600E+00 0.467920E+00 0.447680E+00 0.433440E+00 0.409680E+00 0.403280E+00 0.400320E+00 0.363040E+00 0.354560E+00 0.351280E+00 0.323040E+00 0.314720E+00 0.299360E+00 0.300480E+00 0.276800E+00 0.272640E+00 0.260480E+00 0.252800E+00 0.235280E+00 0.228160E+00 0.213680E+00 0.200320E+00 0.195920E+00 0.191120E+00 0.185680E+00 0.179440E+00 0.161440E+00 0.157360E+00 0.148000E+00 0.143440E+00 0.134720E+00 0.129920E+00 0.128320E+00 0.120240E+00 0.114160E+00 0.107520E+00 0.101440E+00 0.980000E-01 0.912800E-01 0.898400E-01 0.855200E-01 0.844000E-01 0.752800E-01 0.756800E-01 0.680000E-01 0.671200E-01 0.637600E-01 0.625600E-01 0.604800E-01 0.579200E-01 0.518400E-01 0.463200E-01 0.432000E-01 0.431200E-01 0.414400E-01 0.406400E-01 0.388000E-01 0.348800E-01 0.320800E-01 0.328000E-01 0.332800E-01 0.277600E-01 0.255200E-01 0.254400E-01 0.221600E-01 0.212800E-01 0.205600E-01 0.182400E-01 0.183200E-01 0.178400E-01 0.152000E-01 0.160800E-01 0.140000E-01 0.144800E-01 0.125600E-01 0.128000E-01 0.984000E-02 0.104000E-01 0.992000E-02 0.840000E-02 0.904000E-02 0.904000E-02 0.704000E-02 0.568000E-02 0.600000E-02 0.640000E-02 0.592000E-02 0.520000E-02 0.448000E-02 0.496000E-02 0.584000E-02 0.368000E-02 0.336000E-02 0.408000E-02 0.312000E-02 0.240000E-02 0.264000E-02 0.296000E-02 0.240000E-02 0.312000E-02 0.240000E-02 0.184000E-02 0.120000E-02 0.200000E-02 0.128000E-02 0.160000E-02 0.136000E-02 0.136000E-02 0.152000E-02 0.880000E-03 0.560000E-03 0.640000E-03 0.960000E-03 0.480000E-03 0.560000E-03 0.880000E-03 0.240000E-03 0.720000E-03 0.640000E-03 0.560000E-03 0.400000E-03 0.560000E-03 0.240000E-03 0.800000E-04 0.240000E-03 0.400000E-03 0.240000E-03 0.800000E-04 0.800000E-04 0.160000E-03 0.000000E+00 0.240000E-03 0.800000E-04 0.000000E+00 0.800000E-04 0.800000E-04 0.000000E+00 0.800000E-04 0.000000E+00 0.000000E+00 0.800000E-04 0.000000E+00 0.000000E+00 0.000000E+00 0.000000E+00 0.000000E+00 0.000000E+00 0.000000E+00 0.000000E+00 0.000000E+00 0.000000E+00 0.000000E+00 0.000000E+00 0.000000E+00 0.000000E+00 0.000000E+00 0.000000E+00 0.000000E+00 0.000000E+00 0.000000E+00 0.000000E+00 0.000000E+00 0.000000E+00 0.000000E+00 0.000000E+00 0.000000E+00 0.000000E+00 0.000000E+00 0.000000E+00 0.000000E+00 0.000000E+00 0.000000E+00 0.000000E+00 0.000000E+00 0.000000E+00 0.000000E+00 0.000000E+00 0.000000E+00 0.000000E+00 0.000000E+00 0.000000E+00 0.000000E+00 0.000000E+00 0.000000E+00 0.000000E+00 0.000000E+00 0.000000E+00 0.000000E+00
 0.756720E+00 0.806960E+00 0.779920E+00 0.727680E+00 0.696240E+00 0.667840E+00 0.642640E+00 0.598160E+00 0.581040E+00 0.579200E+00 0.528560E+00 0.521600E+00 0.492960E+00 0.464240E+00 0.456880E+00 0.428080E+00 0.410640E+00 0.413200E+00 0.382640E+00 0.376720E+00 0.361680E+00 0.341280E+00 0.328560E+00 0.324320E+00 0.311360E+00 0.295920E+00 0.277920E+00 0.261840E+00 0.254000E+00 0.240880E+00 0.239360E+00 0.225440E+00 0.221920E+00 0.209360E+00 0.195200E+00 0.195200E+00 0.173280E+00 0.173360E+00 0.165520E+00 0.152000E+00 0.155440E+00 0.144160E+00 0.136960E+00 0.134640E+00 0.127120E+00 0.121920E+00 0.111360E+00 0.112880E+00 0.101680E+00 0.991200E-01 0.982400E-01 0.915200E-01 0.841600E-01 0.787200E-01 0.772000E-01 0.726400E-01 0.736800E-01 0.670400E-01 0.628000E-01 0.595200E-01 0.556000E-01 0.552800E-01 0.503200E-01 0.468800E-01 0.493600E-01 0.427200E-01 0.409600E-01 0.392800E-01 0.392000E-01 0.326400E-01 0.328000E-01 0.308000E-01 0.289600E-01 0.301600E-01 0.250400E-01 0.252800E-01 0.251200E-01 0.220000E-01 0.208000E-01 0.223200E-01 0.191200E-01 0.164000E-01 0.154400E-01 0.162400E-01 0.148000E-01 0.111200E-01 0.145600E-01 0.124800E-01 0.104800E-01 0.107200E-01 0.952000E-02 0.936000E-02 0.928000E-02 0.840000E-02 0.872000E-02 0.680000E-02 0.560000E-02 0.528000E-02 0.528000E-02 0.472000E-02 0.440000E-02 0.488000E-02 0.456000E-02 0.392000E-02 0.368000E-02 0.360000E-02 0.368000E-02 0.320000E-02 0.280000E-02 0.328000E-02 0.224000E-02 0.328000E-02 0.176000E-02 0.208000E-02 0.168000E-02 0.136000E-02 0.128000E-02 0.960000E-03 0.176000E-02 0.104000E-02 0.880000E-03 0.800000E-03 0.880000E-03 0.800000E-03 0.800000E-03 0.400000E-03 0.400000E-03 0.560000E-03 0.560000E-03 0.400000E-03 0.400000E-03 0.160000E-03 0.480000E-03 0.320000E-03 0.240000E-03 0.320000E-03 0.320000E-03 0.160000E-03 0.800000E-04 0.240000E-03 0.000000E+00 0.000000E+00 0.160000E-03 0.800000E-04 0.400000E-03 0.000000E+00 0.000000E+00 0.000000E+00 0.800000E-04 0.800000E-04 0.000000E+00 0.800000E-04 0.000000E+00 0.000000E+00 0.000000E+00 0.800000E-04 0.000000E+00 0.000000E+00 0.000000E+00 0.000000E+00 0.000000E+00 0.000000E+00 0.000000E+00 0.000000E+00 0.000000E+00 0.000000E+00 0.000000E+00 0.000000E+00 0.000000E+00 0.000000E+00 0.000000E+00 0.000000E+00 0.000000E+00 0.000000E+00 0.000000E+00 0.000000E+00 0.000000E+00 0.000000E+00 0.000000E+00 0.000000E+00 0.000000E+00 0.000000E+00 0.000000E+00 0.000000E+00 0.000000E+00 0.000000E+00 0.000000E+00 0.000000E+00 0.000000E+00 0.000000E+00 0.000000E+00 0.000000E+00 0.000000E+00 0.000000E+00 0.000000E+00 0.000000E+00 0.000000E+00 0.000000E+00 0.000000E+00 0.000000E+00
 0.334400E-01 0.333600E-01 0.348000E-01 0.316000E-01 0.284800E-01 0.256000E-01 0.236800E-01 0.240000E-01 0.209600E-01 0.203200E-01 0.188000E-01 0.161600E-01 0.153600E-01 0.146400E-01 0.126400E-01 0.120000E-01 0.131200E-01 0.112800E-01 0.936000E-02 0.848000E-02 0.856000E-02 0.584000E-02 0.560000E-02 0.672000E-02 0.528000E-02 0.464000E-02 0.424000E-02 0.280000E-02 0.456000E-02 0.424000E-02 0.280000E-02 0.312000E-02 0.384000E-02 0.312000E-02 0.312000E-02 0.304000E-02 0.280000E-02 0.256000E-02 0.320000E-02 0.264000E-02 0.296000E-02 0.248000E-02 0.184000E-02 0.192000E-02 0.176000E-02 0.184000E-02 0.192000E-02 0.184000E-02 0.152000E-02 0.280000E-02 0.160000E-02 0.176000E-02 0.128000E-02 0.128000E-02 0.176000E-02 0.880000E-03 0.128000E-02 0.880000E-03 0.176000E-02 0.720000E-03 0.176000E-02 0.800000E-03 0.112000E-02 0.800000E-03 0.120000E-02 0.960000E-03 0.320000E-03 0.104000E-02 0.120000E-02 0.480000E-03 0.120000E-02 0.960000E-03 0.960000E-03 0.960000E-03 0.880000E-03 0.560000E-03 0.104000E-02 0.104000E-02 0.960000E-03 0.480000E-03 0.160000E-03 0.320000E-03 0.560000E-03 0.720000E-03 0.560000E-03 0.160000E-03 0.800000E-03 0.560000E-03 0.160000E-03 0.400000E-03 0.480000E-03 0.320000E-03 0.240000E-03 0.800000E-04 0.480000E-03 0.400000E-03 0.800000E-04 0.320000E-03 0.320000E-03 0.240000E-03 0.240000E-03 0.160000E-03 0.160000E-03 0.400000E-03 0.160000E-03 0.800000E-04 0.240000E-03 0.400000E-03 0.160000E-03 0.800000E-04 0.000000E+00 0.000000E+00 0.000000E+00 0.160000E-03 0.160000E-03 0.000000E+00 0.000000E+00 0.160000E-03 0.800000E-04 0.160000E-03 0.160000E-03 0.800000E-04 0.800000E-04 0.000000E+00 0.000000E+00 0.800000E-04 0.000000E+00 0.800000E-04 0.000000E+00 0.000000E+00 0.000000E+00 0.000000E+00 0.000000E+00 0.000000E+00 0.000000E+00 0.800000E-04 0.000000E+00 0.000000E+00 0.800000E-04 0.000000E+00 0.000000E+00 0.000000E+00 0.000000E+00 0.800000E-04 0.000000E+00 0.800000E-04 0.000000E+00 0.000000E+00 0.000000E+00 0.000000E+00 0.000000E+00 0.000000E+00 0.000000E+00 0.800000E-04 0.000000E+00 0.000000E+00 0.000000E+00 0.000000E+00 0.000000E+00 0.000000E+00 0.000000E+00 0.800000E-04 0.000000E+00 0.000000E+00 0.000000E+00 0.000000E+00 0.000000E+00 0.000000E+00 0.000000E+00 0.000000E+00 0.000000E+00 0.000000E+00 0.000000E+00 0.000000E+00 0.000000E+00 0.000000E+00 0.000000E+00 0.000000E+00 0.000000E+00 0.000000E+00 0.000000E+00 0.000000E+00 0.000000E+00 0.000000E+00 0.000000E+00 0.000000E+00 0.000000E+00 0.000000E+00 0.000000E+00 0.000000E+00 0.000000E+00 0.000000E+00 0.000000E+00 0.000000E+00 0.000000E+00 0.000000E+00 0.000000E+00 0.000000E+00 0.000000E+00 0.000000E+00
 0.365600E-01 0.352000E-01 0.336000E-01 0.306400E-01 0.273600E-01 0.240800E-01 0.254400E-01 0.242400E-01 0.196000E-01 0.192800E-01 0.195200E-01 0.173600E-01 0.171200E-01 0.156000E-01 0.120800E-01 0.134400E-01 0.118400E-01 0.904000E-02 0.840000E-02 0.776000E-02 0.728000E-02 0.752000E-02 0.616000E-02 0.528000E-02 0.520000E-02 0.480000E-02 0.496000E-02 0.456000E-02 0.344000E-02 0.400000E-02 0.344000E-02 0.320000E-02 0.216000E-02 0.304000E-02 0.296000E-02 0.208000E-02 0.216000E-02 0.272000E-02 0.328000E-02 0.336000E-02 0.248000E-02 0.216000E-02 0.224000E-02 0.256000E-02 0.240000E-02 0.224000E-02 0.160000E-02 0.208000E-02 0.192000E-02 0.160000E-02 0.144000E-02 0.144000E-02 0.144000E-02 0.232000E-02 0.168000E-02 0.120000E-02 0.208000E-02 0.112000E-02 0.560000E-03 0.112000E-02 0.112000E-02 0.136000E-02 0.120000E-02 0.104000E-02 0.960000E-03 0.112000E-02 0.120000E-02 0.112000E-02 0.152000E-02 0.144000E-02 0.880000E-03 0.720000E-03 0.800000E-03 0.640000E-03 0.560000E-03 0.320000E-03 0.400000E-03 0.240000E-03 0.560000E-03 0.720000E-03 0.480000E-03 0.480000E-03 0.320000E-03 0.400000E-03 0.800000E-03 0.560000E-03 0.160000E-03 0.320000E-03 0.640000E-03 0.320000E-03 0.480000E-03 0.400000E-03 0.320000E-03 0.320000E-03 0.240000E-03 0.000000E+00 0.240000E-03 0.240000E-03 0.480000E-03 0.000000E+00 0.240000E-03 0.240000E-03 0.400000E-03 0.560000E-03 0.000000E+00 0.000000E+00 0.240000E-03 0.240000E-03 0.240000E-03 0.160000E-03 0.000000E+00 0.800000E-04 0.240000E-03 0.800000E-04 0.000000E+00 0.160000E-03 0.160000E-03 0.800000E-04 0.160000E-03 0.000000E+00 0.800000E-04 0.000000E+00 0.320000E-03 0.000000E+00 0.000000E+00 0.000000E+00 0.160000E-03 0.000000E+00 0.000000E+00 0.000000E+00 0.000000E+00 0.000000E+00 0.000000E+00 0.000000E+00 0.000000E+00 0.000000E+00 0.000000E+00 0.800000E-04 0.000000E+00 0.000000E+00 0.160000E-03 0.000000E+00 0.000000E+00 0.800000E-04 0.000000E+00 0.000000E+00 0.000000E+00 0.000000E+00 0.000000E+00 0.000000E+00 0.000000E+00 0.000000E+00 0.000000E+00 0.000000E+00 0.000000E+00 0.000000E+00 0.000000E+00 0.000000E+00 0.000000E+00 0.000000E+00 0.000000E+00 0.000000E+00 0.000000E+00 0.000000E+00 0.000000E+00 0.000000E+00 0.000000E+00 0.000000E+00 0.000000E+00 0.000000E+00 0.000000E+00 0.000000E+00 0.000000E+00 0.000000E+00 0.000000E+00 0.000000E+00 0.000000E+00 0.000000E+00 0.000000E+00 0.000000E+00 0.000000E+00 0.000000E+00 0.000000E+00 0.000000E+00 0.000000E+00 0.000000E+00 0.000000E+00 0.000000E+00 0.000000E+00 0.000000E+00 0.000000E+00 0.000000E+00 0.000000E+00 0.000000E+00 0.000000E+00 0.000000E+00 0.000000E+00 0.000000E+00 0.000000E+00 0.000000E+00
