### Run with WimpAnn version = wimpann-2.08                            
###   Using Pythia version   = Pythia 6.400    
###   Using nusigma version  = nusigma-1.15-pyr                        
###   Using DarkSUSY version = ds-4.1.6                                
###   WimpAnn run started at date 2007-09-12; time 05:44:06
### Neutrino oscillation parameters
#      theta_12 =  0.00000000E+00
#      theta_13 =  0.00000000E+00
#      theta_23 =  0.00000000E+00
#         delta =  0.00000000E+00
#  delta_m^2_21 =  0.81000000E-04
#  delta_m^2_31 =  0.22000000E-02
### WimpAnn run parameters
#  Annihilation channel =         1
#  Generated particles =  c                cbar            
#  WIMP mass =  0.91200000E+02
#  Number of annihilations =   2500000
#  Source = Sun
#...dPhi/dz in  200 bins from 0 to 1
#...Line  1- 6: flux at centre of Sun for neutrino 1-6
#...Line  7-12: flux at surface of Sun for neutrino 1-6
#...Line 13-18: flux at 1 AU from the Sun for neutrino 1-6
#...Line 19-24: flux at surface of Sun for secondary neutrino 1-6
#...Line 25-30: flux at 1 AU from the Sun for secondary neutrino 1-6
 0.105768E+01 0.106160E+01 0.999280E+00 0.931040E+00 0.871280E+00 0.810880E+00 0.760480E+00 0.720000E+00 0.661600E+00 0.633120E+00 0.585920E+00 0.546400E+00 0.527600E+00 0.480160E+00 0.464800E+00 0.428400E+00 0.421920E+00 0.387520E+00 0.366240E+00 0.338480E+00 0.322880E+00 0.311040E+00 0.289680E+00 0.276160E+00 0.260560E+00 0.251360E+00 0.229200E+00 0.223520E+00 0.210400E+00 0.205840E+00 0.194400E+00 0.178880E+00 0.166560E+00 0.164240E+00 0.152080E+00 0.144480E+00 0.139120E+00 0.134480E+00 0.128560E+00 0.120320E+00 0.111360E+00 0.106320E+00 0.104800E+00 0.913600E-01 0.955200E-01 0.841600E-01 0.802400E-01 0.782400E-01 0.715200E-01 0.687200E-01 0.620800E-01 0.626400E-01 0.616000E-01 0.568000E-01 0.549600E-01 0.496800E-01 0.476800E-01 0.437600E-01 0.404800E-01 0.395200E-01 0.391200E-01 0.369600E-01 0.363200E-01 0.318400E-01 0.338400E-01 0.288000E-01 0.268800E-01 0.259200E-01 0.258400E-01 0.227200E-01 0.227200E-01 0.184000E-01 0.194400E-01 0.169600E-01 0.180000E-01 0.170400E-01 0.160000E-01 0.148000E-01 0.135200E-01 0.140800E-01 0.135200E-01 0.112800E-01 0.936000E-02 0.936000E-02 0.816000E-02 0.904000E-02 0.752000E-02 0.712000E-02 0.752000E-02 0.720000E-02 0.640000E-02 0.560000E-02 0.536000E-02 0.496000E-02 0.528000E-02 0.448000E-02 0.472000E-02 0.448000E-02 0.432000E-02 0.240000E-02 0.280000E-02 0.224000E-02 0.328000E-02 0.232000E-02 0.160000E-02 0.288000E-02 0.240000E-02 0.184000E-02 0.200000E-02 0.960000E-03 0.120000E-02 0.144000E-02 0.136000E-02 0.136000E-02 0.176000E-02 0.128000E-02 0.104000E-02 0.640000E-03 0.960000E-03 0.112000E-02 0.136000E-02 0.240000E-03 0.480000E-03 0.560000E-03 0.160000E-03 0.800000E-04 0.160000E-03 0.240000E-03 0.880000E-03 0.560000E-03 0.320000E-03 0.800000E-04 0.320000E-03 0.800000E-04 0.160000E-03 0.160000E-03 0.160000E-03 0.160000E-03 0.240000E-03 0.160000E-03 0.800000E-04 0.800000E-04 0.000000E+00 0.000000E+00 0.800000E-04 0.000000E+00 0.800000E-04 0.000000E+00 0.000000E+00 0.000000E+00 0.800000E-04 0.000000E+00 0.000000E+00 0.000000E+00 0.000000E+00 0.000000E+00 0.000000E+00 0.000000E+00 0.000000E+00 0.800000E-04 0.000000E+00 0.000000E+00 0.000000E+00 0.000000E+00 0.000000E+00 0.000000E+00 0.000000E+00 0.000000E+00 0.000000E+00 0.000000E+00 0.000000E+00 0.000000E+00 0.000000E+00 0.000000E+00 0.000000E+00 0.000000E+00 0.000000E+00 0.000000E+00 0.000000E+00 0.000000E+00 0.000000E+00 0.000000E+00 0.000000E+00 0.000000E+00 0.000000E+00 0.000000E+00 0.000000E+00 0.000000E+00 0.000000E+00 0.000000E+00 0.000000E+00 0.000000E+00 0.000000E+00 0.000000E+00 0.000000E+00 0.000000E+00 0.000000E+00 0.000000E+00 0.000000E+00 0.000000E+00
 0.106968E+01 0.108768E+01 0.100704E+01 0.939440E+00 0.885440E+00 0.822880E+00 0.758000E+00 0.709920E+00 0.669440E+00 0.626000E+00 0.592880E+00 0.555440E+00 0.531280E+00 0.494480E+00 0.455760E+00 0.438880E+00 0.412160E+00 0.394000E+00 0.365200E+00 0.350080E+00 0.336640E+00 0.313200E+00 0.286400E+00 0.277120E+00 0.263520E+00 0.253680E+00 0.239360E+00 0.228720E+00 0.208240E+00 0.194320E+00 0.189600E+00 0.180480E+00 0.168880E+00 0.165680E+00 0.154080E+00 0.146800E+00 0.138160E+00 0.134480E+00 0.121120E+00 0.112880E+00 0.115200E+00 0.107120E+00 0.104800E+00 0.965600E-01 0.860000E-01 0.888800E-01 0.824000E-01 0.760800E-01 0.752800E-01 0.672000E-01 0.684000E-01 0.634400E-01 0.631200E-01 0.549600E-01 0.505600E-01 0.479200E-01 0.460800E-01 0.475200E-01 0.428000E-01 0.428000E-01 0.376800E-01 0.382400E-01 0.329600E-01 0.322400E-01 0.316800E-01 0.292000E-01 0.288800E-01 0.244000E-01 0.266400E-01 0.216800E-01 0.223200E-01 0.210400E-01 0.212000E-01 0.170400E-01 0.172000E-01 0.167200E-01 0.156000E-01 0.135200E-01 0.145600E-01 0.131200E-01 0.128000E-01 0.126400E-01 0.103200E-01 0.840000E-02 0.105600E-01 0.848000E-02 0.776000E-02 0.776000E-02 0.760000E-02 0.536000E-02 0.624000E-02 0.592000E-02 0.496000E-02 0.488000E-02 0.560000E-02 0.360000E-02 0.496000E-02 0.504000E-02 0.504000E-02 0.296000E-02 0.304000E-02 0.368000E-02 0.272000E-02 0.264000E-02 0.224000E-02 0.304000E-02 0.176000E-02 0.168000E-02 0.240000E-02 0.144000E-02 0.120000E-02 0.128000E-02 0.168000E-02 0.960000E-03 0.112000E-02 0.104000E-02 0.120000E-02 0.720000E-03 0.880000E-03 0.112000E-02 0.880000E-03 0.320000E-03 0.800000E-03 0.480000E-03 0.640000E-03 0.320000E-03 0.400000E-03 0.560000E-03 0.320000E-03 0.160000E-03 0.160000E-03 0.240000E-03 0.800000E-04 0.400000E-03 0.160000E-03 0.160000E-03 0.240000E-03 0.160000E-03 0.800000E-04 0.160000E-03 0.800000E-04 0.800000E-04 0.240000E-03 0.000000E+00 0.800000E-04 0.800000E-04 0.000000E+00 0.000000E+00 0.000000E+00 0.800000E-04 0.800000E-04 0.000000E+00 0.000000E+00 0.000000E+00 0.000000E+00 0.000000E+00 0.000000E+00 0.000000E+00 0.000000E+00 0.000000E+00 0.000000E+00 0.000000E+00 0.000000E+00 0.000000E+00 0.000000E+00 0.000000E+00 0.000000E+00 0.000000E+00 0.000000E+00 0.000000E+00 0.000000E+00 0.000000E+00 0.000000E+00 0.000000E+00 0.000000E+00 0.000000E+00 0.000000E+00 0.000000E+00 0.000000E+00 0.000000E+00 0.000000E+00 0.000000E+00 0.000000E+00 0.000000E+00 0.000000E+00 0.000000E+00 0.000000E+00 0.000000E+00 0.000000E+00 0.000000E+00 0.000000E+00 0.000000E+00 0.000000E+00 0.000000E+00 0.000000E+00 0.000000E+00 0.000000E+00 0.000000E+00 0.000000E+00 0.000000E+00
 0.108912E+01 0.108488E+01 0.100576E+01 0.956480E+00 0.903280E+00 0.823760E+00 0.759840E+00 0.713360E+00 0.669120E+00 0.628640E+00 0.583040E+00 0.562880E+00 0.540000E+00 0.500080E+00 0.464240E+00 0.444160E+00 0.417920E+00 0.378480E+00 0.368880E+00 0.347200E+00 0.326160E+00 0.310080E+00 0.291840E+00 0.272720E+00 0.265680E+00 0.247440E+00 0.230480E+00 0.222080E+00 0.204240E+00 0.197600E+00 0.188480E+00 0.185360E+00 0.168880E+00 0.160400E+00 0.144560E+00 0.139520E+00 0.137120E+00 0.132080E+00 0.128320E+00 0.121440E+00 0.106640E+00 0.106160E+00 0.100240E+00 0.100640E+00 0.857600E-01 0.844000E-01 0.771200E-01 0.779200E-01 0.699200E-01 0.727200E-01 0.611200E-01 0.613600E-01 0.580800E-01 0.565600E-01 0.514400E-01 0.491200E-01 0.463200E-01 0.413600E-01 0.427200E-01 0.406400E-01 0.376800E-01 0.348800E-01 0.330400E-01 0.291200E-01 0.316000E-01 0.289600E-01 0.263200E-01 0.239200E-01 0.220000E-01 0.219200E-01 0.208800E-01 0.217600E-01 0.184000E-01 0.184000E-01 0.177600E-01 0.153600E-01 0.160800E-01 0.130400E-01 0.132800E-01 0.116800E-01 0.112000E-01 0.968000E-02 0.920000E-02 0.880000E-02 0.920000E-02 0.848000E-02 0.784000E-02 0.792000E-02 0.752000E-02 0.592000E-02 0.616000E-02 0.568000E-02 0.376000E-02 0.448000E-02 0.376000E-02 0.352000E-02 0.376000E-02 0.296000E-02 0.320000E-02 0.280000E-02 0.336000E-02 0.296000E-02 0.312000E-02 0.208000E-02 0.256000E-02 0.216000E-02 0.128000E-02 0.224000E-02 0.720000E-03 0.104000E-02 0.152000E-02 0.720000E-03 0.112000E-02 0.104000E-02 0.880000E-03 0.480000E-03 0.560000E-03 0.120000E-02 0.480000E-03 0.320000E-03 0.720000E-03 0.640000E-03 0.640000E-03 0.480000E-03 0.480000E-03 0.400000E-03 0.320000E-03 0.400000E-03 0.320000E-03 0.000000E+00 0.240000E-03 0.240000E-03 0.800000E-04 0.000000E+00 0.000000E+00 0.160000E-03 0.800000E-04 0.160000E-03 0.800000E-04 0.800000E-04 0.000000E+00 0.000000E+00 0.160000E-03 0.000000E+00 0.000000E+00 0.000000E+00 0.000000E+00 0.800000E-04 0.000000E+00 0.000000E+00 0.000000E+00 0.800000E-04 0.000000E+00 0.000000E+00 0.000000E+00 0.000000E+00 0.000000E+00 0.000000E+00 0.000000E+00 0.000000E+00 0.000000E+00 0.000000E+00 0.000000E+00 0.000000E+00 0.000000E+00 0.000000E+00 0.000000E+00 0.000000E+00 0.000000E+00 0.000000E+00 0.000000E+00 0.000000E+00 0.000000E+00 0.000000E+00 0.000000E+00 0.000000E+00 0.000000E+00 0.000000E+00 0.000000E+00 0.000000E+00 0.000000E+00 0.000000E+00 0.000000E+00 0.000000E+00 0.000000E+00 0.000000E+00 0.000000E+00 0.000000E+00 0.000000E+00 0.000000E+00 0.000000E+00 0.000000E+00 0.000000E+00 0.000000E+00 0.000000E+00 0.000000E+00 0.000000E+00 0.000000E+00 0.000000E+00 0.000000E+00
 0.108752E+01 0.109624E+01 0.103648E+01 0.943520E+00 0.874240E+00 0.832800E+00 0.764800E+00 0.724720E+00 0.664400E+00 0.626480E+00 0.590720E+00 0.574160E+00 0.517440E+00 0.496080E+00 0.464480E+00 0.442240E+00 0.405920E+00 0.402880E+00 0.364400E+00 0.342560E+00 0.320720E+00 0.317840E+00 0.301120E+00 0.274080E+00 0.261520E+00 0.250800E+00 0.237120E+00 0.221760E+00 0.212400E+00 0.196080E+00 0.187520E+00 0.173280E+00 0.165360E+00 0.164160E+00 0.147760E+00 0.138960E+00 0.136960E+00 0.127920E+00 0.124720E+00 0.119360E+00 0.112800E+00 0.102480E+00 0.957600E-01 0.923200E-01 0.918400E-01 0.816800E-01 0.798400E-01 0.748000E-01 0.701600E-01 0.679200E-01 0.642400E-01 0.620800E-01 0.561600E-01 0.566400E-01 0.536000E-01 0.504800E-01 0.448800E-01 0.459200E-01 0.437600E-01 0.435200E-01 0.377600E-01 0.334400E-01 0.312800E-01 0.288800E-01 0.306400E-01 0.276000E-01 0.249600E-01 0.234400E-01 0.236800E-01 0.237600E-01 0.205600E-01 0.213600E-01 0.203200E-01 0.184800E-01 0.165600E-01 0.171200E-01 0.132800E-01 0.141600E-01 0.136800E-01 0.125600E-01 0.109600E-01 0.105600E-01 0.792000E-02 0.848000E-02 0.704000E-02 0.688000E-02 0.640000E-02 0.768000E-02 0.672000E-02 0.576000E-02 0.608000E-02 0.552000E-02 0.616000E-02 0.528000E-02 0.440000E-02 0.512000E-02 0.376000E-02 0.368000E-02 0.336000E-02 0.312000E-02 0.336000E-02 0.312000E-02 0.224000E-02 0.296000E-02 0.160000E-02 0.232000E-02 0.200000E-02 0.248000E-02 0.176000E-02 0.960000E-03 0.128000E-02 0.128000E-02 0.960000E-03 0.112000E-02 0.120000E-02 0.880000E-03 0.720000E-03 0.320000E-03 0.640000E-03 0.480000E-03 0.480000E-03 0.720000E-03 0.640000E-03 0.400000E-03 0.560000E-03 0.560000E-03 0.160000E-03 0.480000E-03 0.320000E-03 0.240000E-03 0.240000E-03 0.800000E-04 0.000000E+00 0.800000E-04 0.800000E-04 0.160000E-03 0.800000E-04 0.240000E-03 0.000000E+00 0.800000E-04 0.000000E+00 0.000000E+00 0.800000E-04 0.000000E+00 0.800000E-04 0.160000E-03 0.800000E-04 0.000000E+00 0.000000E+00 0.000000E+00 0.000000E+00 0.000000E+00 0.000000E+00 0.000000E+00 0.800000E-04 0.000000E+00 0.000000E+00 0.000000E+00 0.000000E+00 0.000000E+00 0.000000E+00 0.000000E+00 0.000000E+00 0.000000E+00 0.000000E+00 0.000000E+00 0.000000E+00 0.000000E+00 0.000000E+00 0.000000E+00 0.000000E+00 0.000000E+00 0.000000E+00 0.000000E+00 0.000000E+00 0.000000E+00 0.000000E+00 0.000000E+00 0.000000E+00 0.000000E+00 0.000000E+00 0.000000E+00 0.000000E+00 0.000000E+00 0.000000E+00 0.000000E+00 0.000000E+00 0.000000E+00 0.000000E+00 0.000000E+00 0.000000E+00 0.000000E+00 0.000000E+00 0.000000E+00 0.000000E+00 0.000000E+00 0.000000E+00 0.000000E+00 0.000000E+00 0.000000E+00
 0.468000E-01 0.452000E-01 0.387200E-01 0.360000E-01 0.332000E-01 0.300800E-01 0.266400E-01 0.275200E-01 0.220000E-01 0.200800E-01 0.183200E-01 0.161600E-01 0.156800E-01 0.116000E-01 0.130400E-01 0.123200E-01 0.102400E-01 0.100800E-01 0.928000E-02 0.792000E-02 0.720000E-02 0.640000E-02 0.544000E-02 0.552000E-02 0.608000E-02 0.400000E-02 0.432000E-02 0.344000E-02 0.376000E-02 0.320000E-02 0.256000E-02 0.240000E-02 0.256000E-02 0.240000E-02 0.200000E-02 0.168000E-02 0.240000E-02 0.248000E-02 0.280000E-02 0.176000E-02 0.136000E-02 0.120000E-02 0.176000E-02 0.176000E-02 0.160000E-02 0.136000E-02 0.160000E-02 0.160000E-02 0.144000E-02 0.128000E-02 0.184000E-02 0.112000E-02 0.960000E-03 0.136000E-02 0.104000E-02 0.136000E-02 0.880000E-03 0.104000E-02 0.120000E-02 0.112000E-02 0.480000E-03 0.128000E-02 0.480000E-03 0.104000E-02 0.880000E-03 0.960000E-03 0.560000E-03 0.720000E-03 0.560000E-03 0.136000E-02 0.320000E-03 0.800000E-03 0.400000E-03 0.480000E-03 0.240000E-03 0.240000E-03 0.800000E-03 0.640000E-03 0.640000E-03 0.480000E-03 0.400000E-03 0.560000E-03 0.640000E-03 0.240000E-03 0.320000E-03 0.560000E-03 0.160000E-03 0.240000E-03 0.320000E-03 0.240000E-03 0.240000E-03 0.800000E-04 0.320000E-03 0.160000E-03 0.160000E-03 0.240000E-03 0.000000E+00 0.800000E-04 0.400000E-03 0.000000E+00 0.160000E-03 0.320000E-03 0.000000E+00 0.160000E-03 0.800000E-04 0.800000E-04 0.800000E-04 0.320000E-03 0.240000E-03 0.160000E-03 0.160000E-03 0.800000E-04 0.800000E-04 0.000000E+00 0.000000E+00 0.800000E-04 0.160000E-03 0.000000E+00 0.160000E-03 0.800000E-04 0.800000E-04 0.800000E-04 0.800000E-04 0.320000E-03 0.000000E+00 0.000000E+00 0.000000E+00 0.000000E+00 0.000000E+00 0.000000E+00 0.000000E+00 0.000000E+00 0.000000E+00 0.000000E+00 0.000000E+00 0.000000E+00 0.000000E+00 0.000000E+00 0.800000E-04 0.000000E+00 0.000000E+00 0.000000E+00 0.000000E+00 0.000000E+00 0.000000E+00 0.000000E+00 0.000000E+00 0.000000E+00 0.800000E-04 0.000000E+00 0.000000E+00 0.000000E+00 0.800000E-04 0.000000E+00 0.000000E+00 0.000000E+00 0.000000E+00 0.000000E+00 0.000000E+00 0.000000E+00 0.000000E+00 0.000000E+00 0.000000E+00 0.000000E+00 0.000000E+00 0.000000E+00 0.000000E+00 0.000000E+00 0.000000E+00 0.000000E+00 0.000000E+00 0.000000E+00 0.000000E+00 0.000000E+00 0.000000E+00 0.000000E+00 0.000000E+00 0.000000E+00 0.000000E+00 0.000000E+00 0.000000E+00 0.000000E+00 0.000000E+00 0.000000E+00 0.000000E+00 0.000000E+00 0.000000E+00 0.000000E+00 0.000000E+00 0.000000E+00 0.000000E+00 0.000000E+00 0.000000E+00 0.000000E+00 0.000000E+00 0.000000E+00 0.000000E+00 0.000000E+00 0.000000E+00 0.000000E+00
 0.448000E-01 0.468800E-01 0.400000E-01 0.396800E-01 0.335200E-01 0.278400E-01 0.258400E-01 0.235200E-01 0.251200E-01 0.185600E-01 0.178400E-01 0.163200E-01 0.160800E-01 0.130400E-01 0.136800E-01 0.116000E-01 0.100000E-01 0.944000E-02 0.848000E-02 0.704000E-02 0.784000E-02 0.528000E-02 0.624000E-02 0.480000E-02 0.432000E-02 0.336000E-02 0.456000E-02 0.400000E-02 0.376000E-02 0.320000E-02 0.360000E-02 0.296000E-02 0.248000E-02 0.232000E-02 0.232000E-02 0.352000E-02 0.200000E-02 0.296000E-02 0.184000E-02 0.248000E-02 0.152000E-02 0.176000E-02 0.184000E-02 0.192000E-02 0.160000E-02 0.176000E-02 0.144000E-02 0.120000E-02 0.176000E-02 0.216000E-02 0.136000E-02 0.144000E-02 0.112000E-02 0.128000E-02 0.112000E-02 0.160000E-02 0.800000E-03 0.880000E-03 0.112000E-02 0.720000E-03 0.120000E-02 0.800000E-03 0.800000E-03 0.800000E-03 0.880000E-03 0.480000E-03 0.720000E-03 0.560000E-03 0.400000E-03 0.640000E-03 0.640000E-03 0.480000E-03 0.640000E-03 0.480000E-03 0.560000E-03 0.640000E-03 0.400000E-03 0.640000E-03 0.480000E-03 0.320000E-03 0.160000E-03 0.400000E-03 0.560000E-03 0.800000E-03 0.400000E-03 0.240000E-03 0.800000E-04 0.160000E-03 0.800000E-04 0.240000E-03 0.160000E-03 0.320000E-03 0.800000E-04 0.240000E-03 0.800000E-04 0.800000E-04 0.320000E-03 0.240000E-03 0.400000E-03 0.240000E-03 0.800000E-04 0.240000E-03 0.160000E-03 0.320000E-03 0.240000E-03 0.240000E-03 0.000000E+00 0.000000E+00 0.800000E-04 0.800000E-04 0.000000E+00 0.800000E-04 0.240000E-03 0.800000E-04 0.800000E-04 0.160000E-03 0.000000E+00 0.000000E+00 0.160000E-03 0.800000E-04 0.000000E+00 0.800000E-04 0.000000E+00 0.000000E+00 0.800000E-04 0.000000E+00 0.000000E+00 0.160000E-03 0.000000E+00 0.000000E+00 0.000000E+00 0.000000E+00 0.000000E+00 0.000000E+00 0.000000E+00 0.800000E-04 0.000000E+00 0.000000E+00 0.000000E+00 0.000000E+00 0.000000E+00 0.000000E+00 0.000000E+00 0.000000E+00 0.000000E+00 0.000000E+00 0.000000E+00 0.000000E+00 0.000000E+00 0.000000E+00 0.000000E+00 0.000000E+00 0.000000E+00 0.000000E+00 0.000000E+00 0.000000E+00 0.000000E+00 0.000000E+00 0.000000E+00 0.000000E+00 0.000000E+00 0.000000E+00 0.000000E+00 0.000000E+00 0.000000E+00 0.000000E+00 0.000000E+00 0.000000E+00 0.000000E+00 0.000000E+00 0.000000E+00 0.000000E+00 0.000000E+00 0.000000E+00 0.000000E+00 0.000000E+00 0.000000E+00 0.000000E+00 0.000000E+00 0.000000E+00 0.000000E+00 0.000000E+00 0.000000E+00 0.000000E+00 0.000000E+00 0.000000E+00 0.000000E+00 0.000000E+00 0.000000E+00 0.000000E+00 0.000000E+00 0.000000E+00 0.000000E+00 0.000000E+00 0.000000E+00 0.000000E+00 0.000000E+00 0.000000E+00 0.000000E+00 0.000000E+00
 0.106552E+01 0.106728E+01 0.100552E+01 0.933920E+00 0.866080E+00 0.803840E+00 0.752960E+00 0.711360E+00 0.651600E+00 0.620080E+00 0.571760E+00 0.531360E+00 0.511760E+00 0.465520E+00 0.449680E+00 0.412560E+00 0.404400E+00 0.369760E+00 0.349200E+00 0.320000E+00 0.305040E+00 0.292800E+00 0.272320E+00 0.259040E+00 0.242400E+00 0.232240E+00 0.211600E+00 0.206800E+00 0.194240E+00 0.189840E+00 0.177920E+00 0.162400E+00 0.152240E+00 0.146800E+00 0.137920E+00 0.129680E+00 0.125520E+00 0.121200E+00 0.117040E+00 0.106400E+00 0.999200E-01 0.956800E-01 0.938400E-01 0.808800E-01 0.820800E-01 0.729600E-01 0.687200E-01 0.676800E-01 0.633600E-01 0.587200E-01 0.540000E-01 0.540000E-01 0.531200E-01 0.488000E-01 0.448000E-01 0.417600E-01 0.394400E-01 0.358400E-01 0.344800E-01 0.321600E-01 0.313600E-01 0.291200E-01 0.312000E-01 0.256000E-01 0.276800E-01 0.239200E-01 0.218400E-01 0.223200E-01 0.207200E-01 0.174400E-01 0.173600E-01 0.145600E-01 0.152000E-01 0.141600E-01 0.148000E-01 0.136000E-01 0.134400E-01 0.115200E-01 0.107200E-01 0.104800E-01 0.105600E-01 0.880000E-02 0.680000E-02 0.688000E-02 0.616000E-02 0.656000E-02 0.576000E-02 0.568000E-02 0.504000E-02 0.552000E-02 0.488000E-02 0.416000E-02 0.376000E-02 0.312000E-02 0.360000E-02 0.312000E-02 0.392000E-02 0.368000E-02 0.304000E-02 0.176000E-02 0.224000E-02 0.144000E-02 0.248000E-02 0.176000E-02 0.128000E-02 0.240000E-02 0.192000E-02 0.144000E-02 0.152000E-02 0.560000E-03 0.880000E-03 0.800000E-03 0.960000E-03 0.960000E-03 0.128000E-02 0.720000E-03 0.720000E-03 0.480000E-03 0.560000E-03 0.640000E-03 0.560000E-03 0.800000E-04 0.480000E-03 0.320000E-03 0.160000E-03 0.800000E-04 0.160000E-03 0.800000E-04 0.480000E-03 0.480000E-03 0.160000E-03 0.800000E-04 0.160000E-03 0.800000E-04 0.800000E-04 0.800000E-04 0.800000E-04 0.160000E-03 0.160000E-03 0.800000E-04 0.800000E-04 0.800000E-04 0.000000E+00 0.000000E+00 0.000000E+00 0.000000E+00 0.800000E-04 0.000000E+00 0.000000E+00 0.000000E+00 0.000000E+00 0.000000E+00 0.000000E+00 0.000000E+00 0.000000E+00 0.000000E+00 0.000000E+00 0.000000E+00 0.000000E+00 0.800000E-04 0.000000E+00 0.000000E+00 0.000000E+00 0.000000E+00 0.000000E+00 0.000000E+00 0.000000E+00 0.000000E+00 0.000000E+00 0.000000E+00 0.000000E+00 0.000000E+00 0.000000E+00 0.000000E+00 0.000000E+00 0.000000E+00 0.000000E+00 0.000000E+00 0.000000E+00 0.000000E+00 0.000000E+00 0.000000E+00 0.000000E+00 0.000000E+00 0.000000E+00 0.000000E+00 0.000000E+00 0.000000E+00 0.000000E+00 0.000000E+00 0.000000E+00 0.000000E+00 0.000000E+00 0.000000E+00 0.000000E+00 0.000000E+00 0.000000E+00 0.000000E+00 0.000000E+00 0.000000E+00
 0.107056E+01 0.108640E+01 0.100712E+01 0.937600E+00 0.883040E+00 0.818560E+00 0.753760E+00 0.707280E+00 0.663840E+00 0.618960E+00 0.584720E+00 0.550160E+00 0.521760E+00 0.484480E+00 0.445520E+00 0.426880E+00 0.402800E+00 0.382800E+00 0.355120E+00 0.339680E+00 0.325840E+00 0.303680E+00 0.277520E+00 0.267040E+00 0.255040E+00 0.241600E+00 0.230080E+00 0.219040E+00 0.199280E+00 0.184640E+00 0.178320E+00 0.172880E+00 0.161040E+00 0.156000E+00 0.146080E+00 0.138160E+00 0.129440E+00 0.127040E+00 0.114880E+00 0.105760E+00 0.106640E+00 0.994400E-01 0.982400E-01 0.895200E-01 0.796800E-01 0.816800E-01 0.760800E-01 0.708800E-01 0.679200E-01 0.620000E-01 0.616800E-01 0.592800E-01 0.568000E-01 0.493600E-01 0.452000E-01 0.436000E-01 0.414400E-01 0.421600E-01 0.372000E-01 0.392800E-01 0.337600E-01 0.340000E-01 0.296800E-01 0.300000E-01 0.277600E-01 0.261600E-01 0.251200E-01 0.215200E-01 0.233600E-01 0.185600E-01 0.199200E-01 0.177600E-01 0.176000E-01 0.151200E-01 0.152800E-01 0.143200E-01 0.128000E-01 0.115200E-01 0.129600E-01 0.114400E-01 0.112000E-01 0.109600E-01 0.880000E-02 0.768000E-02 0.904000E-02 0.744000E-02 0.672000E-02 0.712000E-02 0.648000E-02 0.440000E-02 0.520000E-02 0.472000E-02 0.432000E-02 0.400000E-02 0.456000E-02 0.288000E-02 0.448000E-02 0.424000E-02 0.432000E-02 0.248000E-02 0.264000E-02 0.280000E-02 0.216000E-02 0.240000E-02 0.184000E-02 0.264000E-02 0.160000E-02 0.136000E-02 0.216000E-02 0.112000E-02 0.800000E-03 0.880000E-03 0.160000E-02 0.880000E-03 0.880000E-03 0.720000E-03 0.112000E-02 0.640000E-03 0.720000E-03 0.960000E-03 0.560000E-03 0.240000E-03 0.560000E-03 0.400000E-03 0.400000E-03 0.320000E-03 0.160000E-03 0.400000E-03 0.240000E-03 0.160000E-03 0.160000E-03 0.240000E-03 0.800000E-04 0.400000E-03 0.800000E-04 0.160000E-03 0.160000E-03 0.000000E+00 0.800000E-04 0.160000E-03 0.800000E-04 0.000000E+00 0.240000E-03 0.000000E+00 0.800000E-04 0.000000E+00 0.000000E+00 0.000000E+00 0.000000E+00 0.800000E-04 0.800000E-04 0.000000E+00 0.000000E+00 0.000000E+00 0.000000E+00 0.000000E+00 0.000000E+00 0.000000E+00 0.000000E+00 0.000000E+00 0.000000E+00 0.000000E+00 0.000000E+00 0.000000E+00 0.000000E+00 0.000000E+00 0.000000E+00 0.000000E+00 0.000000E+00 0.000000E+00 0.000000E+00 0.000000E+00 0.000000E+00 0.000000E+00 0.000000E+00 0.000000E+00 0.000000E+00 0.000000E+00 0.000000E+00 0.000000E+00 0.000000E+00 0.000000E+00 0.000000E+00 0.000000E+00 0.000000E+00 0.000000E+00 0.000000E+00 0.000000E+00 0.000000E+00 0.000000E+00 0.000000E+00 0.000000E+00 0.000000E+00 0.000000E+00 0.000000E+00 0.000000E+00 0.000000E+00 0.000000E+00 0.000000E+00 0.000000E+00
 0.109736E+01 0.109352E+01 0.101080E+01 0.959040E+00 0.900960E+00 0.818640E+00 0.754000E+00 0.705200E+00 0.663440E+00 0.617680E+00 0.570960E+00 0.549120E+00 0.522720E+00 0.480560E+00 0.448560E+00 0.426320E+00 0.400960E+00 0.365040E+00 0.350080E+00 0.327520E+00 0.308400E+00 0.293440E+00 0.276320E+00 0.255280E+00 0.247200E+00 0.228480E+00 0.213200E+00 0.206080E+00 0.188640E+00 0.180400E+00 0.172880E+00 0.171520E+00 0.152880E+00 0.144000E+00 0.129680E+00 0.125040E+00 0.122560E+00 0.117040E+00 0.115440E+00 0.107520E+00 0.944000E-01 0.951200E-01 0.896800E-01 0.864000E-01 0.736000E-01 0.719200E-01 0.672800E-01 0.672000E-01 0.608800E-01 0.636000E-01 0.532000E-01 0.528000E-01 0.494400E-01 0.472800E-01 0.409600E-01 0.420000E-01 0.392800E-01 0.347200E-01 0.353600E-01 0.337600E-01 0.305600E-01 0.288800E-01 0.278400E-01 0.232000E-01 0.264800E-01 0.236800E-01 0.211200E-01 0.190400E-01 0.163200E-01 0.170400E-01 0.168000E-01 0.180000E-01 0.153600E-01 0.147200E-01 0.136000E-01 0.124000E-01 0.132000E-01 0.101600E-01 0.101600E-01 0.952000E-02 0.880000E-02 0.776000E-02 0.696000E-02 0.696000E-02 0.744000E-02 0.656000E-02 0.568000E-02 0.616000E-02 0.584000E-02 0.480000E-02 0.456000E-02 0.400000E-02 0.264000E-02 0.312000E-02 0.296000E-02 0.272000E-02 0.272000E-02 0.176000E-02 0.256000E-02 0.184000E-02 0.272000E-02 0.224000E-02 0.240000E-02 0.176000E-02 0.176000E-02 0.152000E-02 0.960000E-03 0.144000E-02 0.480000E-03 0.800000E-03 0.136000E-02 0.640000E-03 0.880000E-03 0.800000E-03 0.640000E-03 0.560000E-03 0.560000E-03 0.800000E-03 0.400000E-03 0.240000E-03 0.640000E-03 0.240000E-03 0.400000E-03 0.320000E-03 0.240000E-03 0.160000E-03 0.160000E-03 0.400000E-03 0.240000E-03 0.000000E+00 0.160000E-03 0.240000E-03 0.800000E-04 0.000000E+00 0.000000E+00 0.160000E-03 0.800000E-04 0.800000E-04 0.800000E-04 0.800000E-04 0.000000E+00 0.000000E+00 0.160000E-03 0.000000E+00 0.000000E+00 0.000000E+00 0.000000E+00 0.800000E-04 0.000000E+00 0.000000E+00 0.000000E+00 0.000000E+00 0.000000E+00 0.000000E+00 0.000000E+00 0.000000E+00 0.000000E+00 0.000000E+00 0.000000E+00 0.000000E+00 0.000000E+00 0.000000E+00 0.000000E+00 0.000000E+00 0.000000E+00 0.000000E+00 0.000000E+00 0.000000E+00 0.000000E+00 0.000000E+00 0.000000E+00 0.000000E+00 0.000000E+00 0.000000E+00 0.000000E+00 0.000000E+00 0.000000E+00 0.000000E+00 0.000000E+00 0.000000E+00 0.000000E+00 0.000000E+00 0.000000E+00 0.000000E+00 0.000000E+00 0.000000E+00 0.000000E+00 0.000000E+00 0.000000E+00 0.000000E+00 0.000000E+00 0.000000E+00 0.000000E+00 0.000000E+00 0.000000E+00 0.000000E+00 0.000000E+00 0.000000E+00 0.000000E+00 0.000000E+00
 0.108728E+01 0.109592E+01 0.103504E+01 0.942480E+00 0.871680E+00 0.829520E+00 0.759280E+00 0.718800E+00 0.660480E+00 0.620880E+00 0.580960E+00 0.566560E+00 0.508720E+00 0.485280E+00 0.458080E+00 0.432720E+00 0.396240E+00 0.393440E+00 0.353840E+00 0.330800E+00 0.309600E+00 0.305920E+00 0.290640E+00 0.261680E+00 0.250880E+00 0.240640E+00 0.226720E+00 0.212640E+00 0.202880E+00 0.187600E+00 0.178000E+00 0.164240E+00 0.156320E+00 0.154720E+00 0.139040E+00 0.130960E+00 0.127840E+00 0.118560E+00 0.118160E+00 0.111440E+00 0.104160E+00 0.952800E-01 0.892000E-01 0.856800E-01 0.846400E-01 0.754400E-01 0.727200E-01 0.684000E-01 0.629600E-01 0.623200E-01 0.592800E-01 0.563200E-01 0.524800E-01 0.516000E-01 0.485600E-01 0.457600E-01 0.415200E-01 0.413600E-01 0.388800E-01 0.393600E-01 0.335200E-01 0.288000E-01 0.286400E-01 0.256800E-01 0.270400E-01 0.236000E-01 0.217600E-01 0.204800E-01 0.216800E-01 0.198400E-01 0.181600E-01 0.184800E-01 0.181600E-01 0.158400E-01 0.139200E-01 0.148800E-01 0.116000E-01 0.117600E-01 0.121600E-01 0.109600E-01 0.952000E-02 0.920000E-02 0.696000E-02 0.736000E-02 0.616000E-02 0.608000E-02 0.568000E-02 0.616000E-02 0.568000E-02 0.440000E-02 0.536000E-02 0.480000E-02 0.480000E-02 0.488000E-02 0.368000E-02 0.392000E-02 0.352000E-02 0.272000E-02 0.232000E-02 0.248000E-02 0.304000E-02 0.240000E-02 0.208000E-02 0.256000E-02 0.144000E-02 0.192000E-02 0.152000E-02 0.216000E-02 0.136000E-02 0.800000E-03 0.104000E-02 0.112000E-02 0.640000E-03 0.960000E-03 0.960000E-03 0.800000E-03 0.720000E-03 0.160000E-03 0.560000E-03 0.320000E-03 0.480000E-03 0.560000E-03 0.560000E-03 0.320000E-03 0.320000E-03 0.400000E-03 0.800000E-04 0.320000E-03 0.240000E-03 0.160000E-03 0.240000E-03 0.800000E-04 0.000000E+00 0.800000E-04 0.800000E-04 0.160000E-03 0.800000E-04 0.160000E-03 0.000000E+00 0.000000E+00 0.000000E+00 0.000000E+00 0.800000E-04 0.000000E+00 0.800000E-04 0.160000E-03 0.000000E+00 0.000000E+00 0.000000E+00 0.000000E+00 0.000000E+00 0.000000E+00 0.000000E+00 0.000000E+00 0.800000E-04 0.000000E+00 0.000000E+00 0.000000E+00 0.000000E+00 0.000000E+00 0.000000E+00 0.000000E+00 0.000000E+00 0.000000E+00 0.000000E+00 0.000000E+00 0.000000E+00 0.000000E+00 0.000000E+00 0.000000E+00 0.000000E+00 0.000000E+00 0.000000E+00 0.000000E+00 0.000000E+00 0.000000E+00 0.000000E+00 0.000000E+00 0.000000E+00 0.000000E+00 0.000000E+00 0.000000E+00 0.000000E+00 0.000000E+00 0.000000E+00 0.000000E+00 0.000000E+00 0.000000E+00 0.000000E+00 0.000000E+00 0.000000E+00 0.000000E+00 0.000000E+00 0.000000E+00 0.000000E+00 0.000000E+00 0.000000E+00 0.000000E+00 0.000000E+00 0.000000E+00
 0.484800E-01 0.455200E-01 0.398400E-01 0.364000E-01 0.336000E-01 0.307200E-01 0.272000E-01 0.276000E-01 0.224000E-01 0.206400E-01 0.187200E-01 0.162400E-01 0.154400E-01 0.113600E-01 0.131200E-01 0.124800E-01 0.102400E-01 0.100000E-01 0.936000E-02 0.792000E-02 0.720000E-02 0.640000E-02 0.536000E-02 0.528000E-02 0.584000E-02 0.392000E-02 0.432000E-02 0.312000E-02 0.384000E-02 0.344000E-02 0.256000E-02 0.216000E-02 0.240000E-02 0.224000E-02 0.200000E-02 0.160000E-02 0.240000E-02 0.232000E-02 0.272000E-02 0.176000E-02 0.128000E-02 0.120000E-02 0.184000E-02 0.184000E-02 0.152000E-02 0.112000E-02 0.112000E-02 0.144000E-02 0.120000E-02 0.128000E-02 0.152000E-02 0.880000E-03 0.880000E-03 0.120000E-02 0.880000E-03 0.128000E-02 0.880000E-03 0.104000E-02 0.128000E-02 0.104000E-02 0.640000E-03 0.112000E-02 0.320000E-03 0.960000E-03 0.800000E-03 0.800000E-03 0.480000E-03 0.640000E-03 0.560000E-03 0.128000E-02 0.320000E-03 0.880000E-03 0.240000E-03 0.400000E-03 0.240000E-03 0.240000E-03 0.720000E-03 0.560000E-03 0.480000E-03 0.480000E-03 0.320000E-03 0.480000E-03 0.480000E-03 0.240000E-03 0.320000E-03 0.480000E-03 0.160000E-03 0.240000E-03 0.240000E-03 0.160000E-03 0.240000E-03 0.800000E-04 0.240000E-03 0.240000E-03 0.160000E-03 0.240000E-03 0.000000E+00 0.000000E+00 0.400000E-03 0.000000E+00 0.160000E-03 0.240000E-03 0.000000E+00 0.160000E-03 0.800000E-04 0.000000E+00 0.000000E+00 0.160000E-03 0.160000E-03 0.160000E-03 0.160000E-03 0.000000E+00 0.800000E-04 0.000000E+00 0.000000E+00 0.800000E-04 0.800000E-04 0.000000E+00 0.800000E-04 0.800000E-04 0.000000E+00 0.800000E-04 0.800000E-04 0.320000E-03 0.000000E+00 0.000000E+00 0.000000E+00 0.000000E+00 0.000000E+00 0.000000E+00 0.000000E+00 0.000000E+00 0.000000E+00 0.000000E+00 0.000000E+00 0.000000E+00 0.000000E+00 0.000000E+00 0.800000E-04 0.000000E+00 0.000000E+00 0.000000E+00 0.000000E+00 0.000000E+00 0.000000E+00 0.000000E+00 0.000000E+00 0.000000E+00 0.800000E-04 0.000000E+00 0.000000E+00 0.000000E+00 0.000000E+00 0.000000E+00 0.000000E+00 0.000000E+00 0.000000E+00 0.000000E+00 0.000000E+00 0.000000E+00 0.000000E+00 0.000000E+00 0.000000E+00 0.000000E+00 0.000000E+00 0.000000E+00 0.000000E+00 0.000000E+00 0.000000E+00 0.000000E+00 0.000000E+00 0.000000E+00 0.000000E+00 0.000000E+00 0.000000E+00 0.000000E+00 0.000000E+00 0.000000E+00 0.000000E+00 0.000000E+00 0.000000E+00 0.000000E+00 0.000000E+00 0.000000E+00 0.000000E+00 0.000000E+00 0.000000E+00 0.000000E+00 0.000000E+00 0.000000E+00 0.000000E+00 0.000000E+00 0.000000E+00 0.000000E+00 0.000000E+00 0.000000E+00 0.000000E+00 0.000000E+00 0.000000E+00 0.000000E+00
 0.456800E-01 0.473600E-01 0.403200E-01 0.399200E-01 0.338400E-01 0.283200E-01 0.260800E-01 0.239200E-01 0.250400E-01 0.192000E-01 0.179200E-01 0.161600E-01 0.160800E-01 0.131200E-01 0.138400E-01 0.116800E-01 0.100800E-01 0.936000E-02 0.840000E-02 0.712000E-02 0.776000E-02 0.528000E-02 0.616000E-02 0.480000E-02 0.432000E-02 0.320000E-02 0.448000E-02 0.408000E-02 0.368000E-02 0.328000E-02 0.360000E-02 0.296000E-02 0.248000E-02 0.216000E-02 0.224000E-02 0.336000E-02 0.184000E-02 0.280000E-02 0.176000E-02 0.256000E-02 0.152000E-02 0.184000E-02 0.192000E-02 0.184000E-02 0.168000E-02 0.168000E-02 0.136000E-02 0.128000E-02 0.168000E-02 0.208000E-02 0.112000E-02 0.144000E-02 0.112000E-02 0.112000E-02 0.104000E-02 0.160000E-02 0.800000E-03 0.880000E-03 0.960000E-03 0.640000E-03 0.104000E-02 0.720000E-03 0.720000E-03 0.800000E-03 0.800000E-03 0.560000E-03 0.640000E-03 0.640000E-03 0.400000E-03 0.480000E-03 0.560000E-03 0.400000E-03 0.480000E-03 0.560000E-03 0.560000E-03 0.560000E-03 0.240000E-03 0.640000E-03 0.400000E-03 0.400000E-03 0.160000E-03 0.400000E-03 0.480000E-03 0.720000E-03 0.400000E-03 0.160000E-03 0.800000E-04 0.800000E-04 0.000000E+00 0.240000E-03 0.800000E-04 0.000000E+00 0.800000E-04 0.240000E-03 0.800000E-04 0.800000E-04 0.240000E-03 0.800000E-04 0.240000E-03 0.240000E-03 0.800000E-04 0.240000E-03 0.160000E-03 0.320000E-03 0.240000E-03 0.160000E-03 0.000000E+00 0.000000E+00 0.800000E-04 0.800000E-04 0.000000E+00 0.800000E-04 0.240000E-03 0.800000E-04 0.800000E-04 0.160000E-03 0.000000E+00 0.000000E+00 0.160000E-03 0.800000E-04 0.000000E+00 0.800000E-04 0.000000E+00 0.000000E+00 0.800000E-04 0.000000E+00 0.000000E+00 0.160000E-03 0.000000E+00 0.000000E+00 0.000000E+00 0.000000E+00 0.000000E+00 0.000000E+00 0.000000E+00 0.000000E+00 0.000000E+00 0.000000E+00 0.000000E+00 0.000000E+00 0.000000E+00 0.000000E+00 0.000000E+00 0.000000E+00 0.000000E+00 0.000000E+00 0.000000E+00 0.000000E+00 0.000000E+00 0.000000E+00 0.000000E+00 0.000000E+00 0.000000E+00 0.000000E+00 0.000000E+00 0.000000E+00 0.000000E+00 0.000000E+00 0.000000E+00 0.000000E+00 0.000000E+00 0.000000E+00 0.000000E+00 0.000000E+00 0.000000E+00 0.000000E+00 0.000000E+00 0.000000E+00 0.000000E+00 0.000000E+00 0.000000E+00 0.000000E+00 0.000000E+00 0.000000E+00 0.000000E+00 0.000000E+00 0.000000E+00 0.000000E+00 0.000000E+00 0.000000E+00 0.000000E+00 0.000000E+00 0.000000E+00 0.000000E+00 0.000000E+00 0.000000E+00 0.000000E+00 0.000000E+00 0.000000E+00 0.000000E+00 0.000000E+00 0.000000E+00 0.000000E+00 0.000000E+00 0.000000E+00 0.000000E+00 0.000000E+00 0.000000E+00 0.000000E+00 0.000000E+00
 0.106552E+01 0.106728E+01 0.100552E+01 0.933920E+00 0.866080E+00 0.803840E+00 0.752960E+00 0.711360E+00 0.651600E+00 0.620080E+00 0.571760E+00 0.531360E+00 0.511760E+00 0.465520E+00 0.449680E+00 0.412560E+00 0.404400E+00 0.369760E+00 0.349200E+00 0.320000E+00 0.305040E+00 0.292800E+00 0.272320E+00 0.259040E+00 0.242400E+00 0.232240E+00 0.211600E+00 0.206800E+00 0.194240E+00 0.189840E+00 0.177920E+00 0.162400E+00 0.152240E+00 0.146800E+00 0.137920E+00 0.129680E+00 0.125520E+00 0.121200E+00 0.117040E+00 0.106400E+00 0.999200E-01 0.956800E-01 0.938400E-01 0.808800E-01 0.820800E-01 0.729600E-01 0.687200E-01 0.676800E-01 0.633600E-01 0.587200E-01 0.540000E-01 0.540000E-01 0.531200E-01 0.488000E-01 0.448000E-01 0.417600E-01 0.394400E-01 0.358400E-01 0.344800E-01 0.321600E-01 0.313600E-01 0.291200E-01 0.312000E-01 0.256000E-01 0.276800E-01 0.239200E-01 0.218400E-01 0.223200E-01 0.207200E-01 0.174400E-01 0.173600E-01 0.145600E-01 0.152000E-01 0.141600E-01 0.148000E-01 0.136000E-01 0.134400E-01 0.115200E-01 0.107200E-01 0.104800E-01 0.105600E-01 0.880000E-02 0.680000E-02 0.688000E-02 0.616000E-02 0.656000E-02 0.576000E-02 0.568000E-02 0.504000E-02 0.552000E-02 0.488000E-02 0.416000E-02 0.376000E-02 0.312000E-02 0.360000E-02 0.312000E-02 0.392000E-02 0.368000E-02 0.304000E-02 0.176000E-02 0.224000E-02 0.144000E-02 0.248000E-02 0.176000E-02 0.128000E-02 0.240000E-02 0.192000E-02 0.144000E-02 0.152000E-02 0.560000E-03 0.880000E-03 0.800000E-03 0.960000E-03 0.960000E-03 0.128000E-02 0.720000E-03 0.720000E-03 0.480000E-03 0.560000E-03 0.640000E-03 0.560000E-03 0.800000E-04 0.480000E-03 0.320000E-03 0.160000E-03 0.800000E-04 0.160000E-03 0.800000E-04 0.480000E-03 0.480000E-03 0.160000E-03 0.800000E-04 0.160000E-03 0.800000E-04 0.800000E-04 0.800000E-04 0.800000E-04 0.160000E-03 0.160000E-03 0.800000E-04 0.800000E-04 0.800000E-04 0.000000E+00 0.000000E+00 0.000000E+00 0.000000E+00 0.800000E-04 0.000000E+00 0.000000E+00 0.000000E+00 0.000000E+00 0.000000E+00 0.000000E+00 0.000000E+00 0.000000E+00 0.000000E+00 0.000000E+00 0.000000E+00 0.000000E+00 0.800000E-04 0.000000E+00 0.000000E+00 0.000000E+00 0.000000E+00 0.000000E+00 0.000000E+00 0.000000E+00 0.000000E+00 0.000000E+00 0.000000E+00 0.000000E+00 0.000000E+00 0.000000E+00 0.000000E+00 0.000000E+00 0.000000E+00 0.000000E+00 0.000000E+00 0.000000E+00 0.000000E+00 0.000000E+00 0.000000E+00 0.000000E+00 0.000000E+00 0.000000E+00 0.000000E+00 0.000000E+00 0.000000E+00 0.000000E+00 0.000000E+00 0.000000E+00 0.000000E+00 0.000000E+00 0.000000E+00 0.000000E+00 0.000000E+00 0.000000E+00 0.000000E+00 0.000000E+00 0.000000E+00
 0.107056E+01 0.108640E+01 0.100712E+01 0.937600E+00 0.883040E+00 0.818560E+00 0.753760E+00 0.707280E+00 0.663840E+00 0.618960E+00 0.584720E+00 0.550160E+00 0.521760E+00 0.484480E+00 0.445520E+00 0.426880E+00 0.402800E+00 0.382800E+00 0.355120E+00 0.339680E+00 0.325840E+00 0.303680E+00 0.277520E+00 0.267040E+00 0.255040E+00 0.241600E+00 0.230080E+00 0.219040E+00 0.199280E+00 0.184640E+00 0.178320E+00 0.172880E+00 0.161040E+00 0.156000E+00 0.146080E+00 0.138160E+00 0.129440E+00 0.127040E+00 0.114880E+00 0.105760E+00 0.106640E+00 0.994400E-01 0.982400E-01 0.895200E-01 0.796800E-01 0.816800E-01 0.760800E-01 0.708800E-01 0.679200E-01 0.620000E-01 0.616800E-01 0.592800E-01 0.568000E-01 0.493600E-01 0.452000E-01 0.436000E-01 0.414400E-01 0.421600E-01 0.372000E-01 0.392800E-01 0.337600E-01 0.340000E-01 0.296800E-01 0.300000E-01 0.277600E-01 0.261600E-01 0.251200E-01 0.215200E-01 0.233600E-01 0.185600E-01 0.199200E-01 0.177600E-01 0.176000E-01 0.151200E-01 0.152800E-01 0.143200E-01 0.128000E-01 0.115200E-01 0.129600E-01 0.114400E-01 0.112000E-01 0.109600E-01 0.880000E-02 0.768000E-02 0.904000E-02 0.744000E-02 0.672000E-02 0.712000E-02 0.648000E-02 0.440000E-02 0.520000E-02 0.472000E-02 0.432000E-02 0.400000E-02 0.456000E-02 0.288000E-02 0.448000E-02 0.424000E-02 0.432000E-02 0.248000E-02 0.264000E-02 0.280000E-02 0.216000E-02 0.240000E-02 0.184000E-02 0.264000E-02 0.160000E-02 0.136000E-02 0.216000E-02 0.112000E-02 0.800000E-03 0.880000E-03 0.160000E-02 0.880000E-03 0.880000E-03 0.720000E-03 0.112000E-02 0.640000E-03 0.720000E-03 0.960000E-03 0.560000E-03 0.240000E-03 0.560000E-03 0.400000E-03 0.400000E-03 0.320000E-03 0.160000E-03 0.400000E-03 0.240000E-03 0.160000E-03 0.160000E-03 0.240000E-03 0.800000E-04 0.400000E-03 0.800000E-04 0.160000E-03 0.160000E-03 0.000000E+00 0.800000E-04 0.160000E-03 0.800000E-04 0.000000E+00 0.240000E-03 0.000000E+00 0.800000E-04 0.000000E+00 0.000000E+00 0.000000E+00 0.000000E+00 0.800000E-04 0.800000E-04 0.000000E+00 0.000000E+00 0.000000E+00 0.000000E+00 0.000000E+00 0.000000E+00 0.000000E+00 0.000000E+00 0.000000E+00 0.000000E+00 0.000000E+00 0.000000E+00 0.000000E+00 0.000000E+00 0.000000E+00 0.000000E+00 0.000000E+00 0.000000E+00 0.000000E+00 0.000000E+00 0.000000E+00 0.000000E+00 0.000000E+00 0.000000E+00 0.000000E+00 0.000000E+00 0.000000E+00 0.000000E+00 0.000000E+00 0.000000E+00 0.000000E+00 0.000000E+00 0.000000E+00 0.000000E+00 0.000000E+00 0.000000E+00 0.000000E+00 0.000000E+00 0.000000E+00 0.000000E+00 0.000000E+00 0.000000E+00 0.000000E+00 0.000000E+00 0.000000E+00 0.000000E+00 0.000000E+00 0.000000E+00 0.000000E+00
 0.109736E+01 0.109352E+01 0.101080E+01 0.959040E+00 0.900960E+00 0.818640E+00 0.754000E+00 0.705200E+00 0.663440E+00 0.617680E+00 0.570960E+00 0.549120E+00 0.522720E+00 0.480560E+00 0.448560E+00 0.426320E+00 0.400960E+00 0.365040E+00 0.350080E+00 0.327520E+00 0.308400E+00 0.293440E+00 0.276320E+00 0.255280E+00 0.247200E+00 0.228480E+00 0.213200E+00 0.206080E+00 0.188640E+00 0.180400E+00 0.172880E+00 0.171520E+00 0.152880E+00 0.144000E+00 0.129680E+00 0.125040E+00 0.122560E+00 0.117040E+00 0.115440E+00 0.107520E+00 0.944000E-01 0.951200E-01 0.896800E-01 0.864000E-01 0.736000E-01 0.719200E-01 0.672800E-01 0.672000E-01 0.608800E-01 0.636000E-01 0.532000E-01 0.528000E-01 0.494400E-01 0.472800E-01 0.409600E-01 0.420000E-01 0.392800E-01 0.347200E-01 0.353600E-01 0.337600E-01 0.305600E-01 0.288800E-01 0.278400E-01 0.232000E-01 0.264800E-01 0.236800E-01 0.211200E-01 0.190400E-01 0.163200E-01 0.170400E-01 0.168000E-01 0.180000E-01 0.153600E-01 0.147200E-01 0.136000E-01 0.124000E-01 0.132000E-01 0.101600E-01 0.101600E-01 0.952000E-02 0.880000E-02 0.776000E-02 0.696000E-02 0.696000E-02 0.744000E-02 0.656000E-02 0.568000E-02 0.616000E-02 0.584000E-02 0.480000E-02 0.456000E-02 0.400000E-02 0.264000E-02 0.312000E-02 0.296000E-02 0.272000E-02 0.272000E-02 0.176000E-02 0.256000E-02 0.184000E-02 0.272000E-02 0.224000E-02 0.240000E-02 0.176000E-02 0.176000E-02 0.152000E-02 0.960000E-03 0.144000E-02 0.480000E-03 0.800000E-03 0.136000E-02 0.640000E-03 0.880000E-03 0.800000E-03 0.640000E-03 0.560000E-03 0.560000E-03 0.800000E-03 0.400000E-03 0.240000E-03 0.640000E-03 0.240000E-03 0.400000E-03 0.320000E-03 0.240000E-03 0.160000E-03 0.160000E-03 0.400000E-03 0.240000E-03 0.000000E+00 0.160000E-03 0.240000E-03 0.800000E-04 0.000000E+00 0.000000E+00 0.160000E-03 0.800000E-04 0.800000E-04 0.800000E-04 0.800000E-04 0.000000E+00 0.000000E+00 0.160000E-03 0.000000E+00 0.000000E+00 0.000000E+00 0.000000E+00 0.800000E-04 0.000000E+00 0.000000E+00 0.000000E+00 0.000000E+00 0.000000E+00 0.000000E+00 0.000000E+00 0.000000E+00 0.000000E+00 0.000000E+00 0.000000E+00 0.000000E+00 0.000000E+00 0.000000E+00 0.000000E+00 0.000000E+00 0.000000E+00 0.000000E+00 0.000000E+00 0.000000E+00 0.000000E+00 0.000000E+00 0.000000E+00 0.000000E+00 0.000000E+00 0.000000E+00 0.000000E+00 0.000000E+00 0.000000E+00 0.000000E+00 0.000000E+00 0.000000E+00 0.000000E+00 0.000000E+00 0.000000E+00 0.000000E+00 0.000000E+00 0.000000E+00 0.000000E+00 0.000000E+00 0.000000E+00 0.000000E+00 0.000000E+00 0.000000E+00 0.000000E+00 0.000000E+00 0.000000E+00 0.000000E+00 0.000000E+00 0.000000E+00 0.000000E+00 0.000000E+00
 0.108728E+01 0.109592E+01 0.103504E+01 0.942480E+00 0.871680E+00 0.829520E+00 0.759280E+00 0.718800E+00 0.660480E+00 0.620880E+00 0.580960E+00 0.566560E+00 0.508720E+00 0.485280E+00 0.458080E+00 0.432720E+00 0.396240E+00 0.393440E+00 0.353840E+00 0.330800E+00 0.309600E+00 0.305920E+00 0.290640E+00 0.261680E+00 0.250880E+00 0.240640E+00 0.226720E+00 0.212640E+00 0.202880E+00 0.187600E+00 0.178000E+00 0.164240E+00 0.156320E+00 0.154720E+00 0.139040E+00 0.130960E+00 0.127840E+00 0.118560E+00 0.118160E+00 0.111440E+00 0.104160E+00 0.952800E-01 0.892000E-01 0.856800E-01 0.846400E-01 0.754400E-01 0.727200E-01 0.684000E-01 0.629600E-01 0.623200E-01 0.592800E-01 0.563200E-01 0.524800E-01 0.516000E-01 0.485600E-01 0.457600E-01 0.415200E-01 0.413600E-01 0.388800E-01 0.393600E-01 0.335200E-01 0.288000E-01 0.286400E-01 0.256800E-01 0.270400E-01 0.236000E-01 0.217600E-01 0.204800E-01 0.216800E-01 0.198400E-01 0.181600E-01 0.184800E-01 0.181600E-01 0.158400E-01 0.139200E-01 0.148800E-01 0.116000E-01 0.117600E-01 0.121600E-01 0.109600E-01 0.952000E-02 0.920000E-02 0.696000E-02 0.736000E-02 0.616000E-02 0.608000E-02 0.568000E-02 0.616000E-02 0.568000E-02 0.440000E-02 0.536000E-02 0.480000E-02 0.480000E-02 0.488000E-02 0.368000E-02 0.392000E-02 0.352000E-02 0.272000E-02 0.232000E-02 0.248000E-02 0.304000E-02 0.240000E-02 0.208000E-02 0.256000E-02 0.144000E-02 0.192000E-02 0.152000E-02 0.216000E-02 0.136000E-02 0.800000E-03 0.104000E-02 0.112000E-02 0.640000E-03 0.960000E-03 0.960000E-03 0.800000E-03 0.720000E-03 0.160000E-03 0.560000E-03 0.320000E-03 0.480000E-03 0.560000E-03 0.560000E-03 0.320000E-03 0.320000E-03 0.400000E-03 0.800000E-04 0.320000E-03 0.240000E-03 0.160000E-03 0.240000E-03 0.800000E-04 0.000000E+00 0.800000E-04 0.800000E-04 0.160000E-03 0.800000E-04 0.160000E-03 0.000000E+00 0.000000E+00 0.000000E+00 0.000000E+00 0.800000E-04 0.000000E+00 0.800000E-04 0.160000E-03 0.000000E+00 0.000000E+00 0.000000E+00 0.000000E+00 0.000000E+00 0.000000E+00 0.000000E+00 0.000000E+00 0.800000E-04 0.000000E+00 0.000000E+00 0.000000E+00 0.000000E+00 0.000000E+00 0.000000E+00 0.000000E+00 0.000000E+00 0.000000E+00 0.000000E+00 0.000000E+00 0.000000E+00 0.000000E+00 0.000000E+00 0.000000E+00 0.000000E+00 0.000000E+00 0.000000E+00 0.000000E+00 0.000000E+00 0.000000E+00 0.000000E+00 0.000000E+00 0.000000E+00 0.000000E+00 0.000000E+00 0.000000E+00 0.000000E+00 0.000000E+00 0.000000E+00 0.000000E+00 0.000000E+00 0.000000E+00 0.000000E+00 0.000000E+00 0.000000E+00 0.000000E+00 0.000000E+00 0.000000E+00 0.000000E+00 0.000000E+00 0.000000E+00 0.000000E+00 0.000000E+00 0.000000E+00
 0.484800E-01 0.455200E-01 0.398400E-01 0.364000E-01 0.336000E-01 0.307200E-01 0.272000E-01 0.276000E-01 0.224000E-01 0.206400E-01 0.187200E-01 0.162400E-01 0.154400E-01 0.113600E-01 0.131200E-01 0.124800E-01 0.102400E-01 0.100000E-01 0.936000E-02 0.792000E-02 0.720000E-02 0.640000E-02 0.536000E-02 0.528000E-02 0.584000E-02 0.392000E-02 0.432000E-02 0.312000E-02 0.384000E-02 0.344000E-02 0.256000E-02 0.216000E-02 0.240000E-02 0.224000E-02 0.200000E-02 0.160000E-02 0.240000E-02 0.232000E-02 0.272000E-02 0.176000E-02 0.128000E-02 0.120000E-02 0.184000E-02 0.184000E-02 0.152000E-02 0.112000E-02 0.112000E-02 0.144000E-02 0.120000E-02 0.128000E-02 0.152000E-02 0.880000E-03 0.880000E-03 0.120000E-02 0.880000E-03 0.128000E-02 0.880000E-03 0.104000E-02 0.128000E-02 0.104000E-02 0.640000E-03 0.112000E-02 0.320000E-03 0.960000E-03 0.800000E-03 0.800000E-03 0.480000E-03 0.640000E-03 0.560000E-03 0.128000E-02 0.320000E-03 0.880000E-03 0.240000E-03 0.400000E-03 0.240000E-03 0.240000E-03 0.720000E-03 0.560000E-03 0.480000E-03 0.480000E-03 0.320000E-03 0.480000E-03 0.480000E-03 0.240000E-03 0.320000E-03 0.480000E-03 0.160000E-03 0.240000E-03 0.240000E-03 0.160000E-03 0.240000E-03 0.800000E-04 0.240000E-03 0.240000E-03 0.160000E-03 0.240000E-03 0.000000E+00 0.000000E+00 0.400000E-03 0.000000E+00 0.160000E-03 0.240000E-03 0.000000E+00 0.160000E-03 0.800000E-04 0.000000E+00 0.000000E+00 0.160000E-03 0.160000E-03 0.160000E-03 0.160000E-03 0.000000E+00 0.800000E-04 0.000000E+00 0.000000E+00 0.800000E-04 0.800000E-04 0.000000E+00 0.800000E-04 0.800000E-04 0.000000E+00 0.800000E-04 0.800000E-04 0.320000E-03 0.000000E+00 0.000000E+00 0.000000E+00 0.000000E+00 0.000000E+00 0.000000E+00 0.000000E+00 0.000000E+00 0.000000E+00 0.000000E+00 0.000000E+00 0.000000E+00 0.000000E+00 0.000000E+00 0.800000E-04 0.000000E+00 0.000000E+00 0.000000E+00 0.000000E+00 0.000000E+00 0.000000E+00 0.000000E+00 0.000000E+00 0.000000E+00 0.800000E-04 0.000000E+00 0.000000E+00 0.000000E+00 0.000000E+00 0.000000E+00 0.000000E+00 0.000000E+00 0.000000E+00 0.000000E+00 0.000000E+00 0.000000E+00 0.000000E+00 0.000000E+00 0.000000E+00 0.000000E+00 0.000000E+00 0.000000E+00 0.000000E+00 0.000000E+00 0.000000E+00 0.000000E+00 0.000000E+00 0.000000E+00 0.000000E+00 0.000000E+00 0.000000E+00 0.000000E+00 0.000000E+00 0.000000E+00 0.000000E+00 0.000000E+00 0.000000E+00 0.000000E+00 0.000000E+00 0.000000E+00 0.000000E+00 0.000000E+00 0.000000E+00 0.000000E+00 0.000000E+00 0.000000E+00 0.000000E+00 0.000000E+00 0.000000E+00 0.000000E+00 0.000000E+00 0.000000E+00 0.000000E+00 0.000000E+00 0.000000E+00 0.000000E+00
 0.456800E-01 0.473600E-01 0.403200E-01 0.399200E-01 0.338400E-01 0.283200E-01 0.260800E-01 0.239200E-01 0.250400E-01 0.192000E-01 0.179200E-01 0.161600E-01 0.160800E-01 0.131200E-01 0.138400E-01 0.116800E-01 0.100800E-01 0.936000E-02 0.840000E-02 0.712000E-02 0.776000E-02 0.528000E-02 0.616000E-02 0.480000E-02 0.432000E-02 0.320000E-02 0.448000E-02 0.408000E-02 0.368000E-02 0.328000E-02 0.360000E-02 0.296000E-02 0.248000E-02 0.216000E-02 0.224000E-02 0.336000E-02 0.184000E-02 0.280000E-02 0.176000E-02 0.256000E-02 0.152000E-02 0.184000E-02 0.192000E-02 0.184000E-02 0.168000E-02 0.168000E-02 0.136000E-02 0.128000E-02 0.168000E-02 0.208000E-02 0.112000E-02 0.144000E-02 0.112000E-02 0.112000E-02 0.104000E-02 0.160000E-02 0.800000E-03 0.880000E-03 0.960000E-03 0.640000E-03 0.104000E-02 0.720000E-03 0.720000E-03 0.800000E-03 0.800000E-03 0.560000E-03 0.640000E-03 0.640000E-03 0.400000E-03 0.480000E-03 0.560000E-03 0.400000E-03 0.480000E-03 0.560000E-03 0.560000E-03 0.560000E-03 0.240000E-03 0.640000E-03 0.400000E-03 0.400000E-03 0.160000E-03 0.400000E-03 0.480000E-03 0.720000E-03 0.400000E-03 0.160000E-03 0.800000E-04 0.800000E-04 0.000000E+00 0.240000E-03 0.800000E-04 0.000000E+00 0.800000E-04 0.240000E-03 0.800000E-04 0.800000E-04 0.240000E-03 0.800000E-04 0.240000E-03 0.240000E-03 0.800000E-04 0.240000E-03 0.160000E-03 0.320000E-03 0.240000E-03 0.160000E-03 0.000000E+00 0.000000E+00 0.800000E-04 0.800000E-04 0.000000E+00 0.800000E-04 0.240000E-03 0.800000E-04 0.800000E-04 0.160000E-03 0.000000E+00 0.000000E+00 0.160000E-03 0.800000E-04 0.000000E+00 0.800000E-04 0.000000E+00 0.000000E+00 0.800000E-04 0.000000E+00 0.000000E+00 0.160000E-03 0.000000E+00 0.000000E+00 0.000000E+00 0.000000E+00 0.000000E+00 0.000000E+00 0.000000E+00 0.000000E+00 0.000000E+00 0.000000E+00 0.000000E+00 0.000000E+00 0.000000E+00 0.000000E+00 0.000000E+00 0.000000E+00 0.000000E+00 0.000000E+00 0.000000E+00 0.000000E+00 0.000000E+00 0.000000E+00 0.000000E+00 0.000000E+00 0.000000E+00 0.000000E+00 0.000000E+00 0.000000E+00 0.000000E+00 0.000000E+00 0.000000E+00 0.000000E+00 0.000000E+00 0.000000E+00 0.000000E+00 0.000000E+00 0.000000E+00 0.000000E+00 0.000000E+00 0.000000E+00 0.000000E+00 0.000000E+00 0.000000E+00 0.000000E+00 0.000000E+00 0.000000E+00 0.000000E+00 0.000000E+00 0.000000E+00 0.000000E+00 0.000000E+00 0.000000E+00 0.000000E+00 0.000000E+00 0.000000E+00 0.000000E+00 0.000000E+00 0.000000E+00 0.000000E+00 0.000000E+00 0.000000E+00 0.000000E+00 0.000000E+00 0.000000E+00 0.000000E+00 0.000000E+00 0.000000E+00 0.000000E+00 0.000000E+00 0.000000E+00 0.000000E+00 0.000000E+00
 0.000000E+00 0.800000E-04 0.000000E+00 0.000000E+00 0.800000E-04 0.000000E+00 0.000000E+00 0.000000E+00 0.000000E+00 0.800000E-04 0.800000E-04 0.000000E+00 0.000000E+00 0.000000E+00 0.000000E+00 0.000000E+00 0.000000E+00 0.000000E+00 0.000000E+00 0.000000E+00 0.000000E+00 0.000000E+00 0.000000E+00 0.000000E+00 0.000000E+00 0.000000E+00 0.000000E+00 0.000000E+00 0.000000E+00 0.000000E+00 0.000000E+00 0.000000E+00 0.000000E+00 0.000000E+00 0.000000E+00 0.000000E+00 0.000000E+00 0.000000E+00 0.000000E+00 0.000000E+00 0.000000E+00 0.000000E+00 0.000000E+00 0.000000E+00 0.000000E+00 0.000000E+00 0.000000E+00 0.000000E+00 0.000000E+00 0.000000E+00 0.000000E+00 0.000000E+00 0.000000E+00 0.000000E+00 0.000000E+00 0.000000E+00 0.000000E+00 0.000000E+00 0.000000E+00 0.000000E+00 0.000000E+00 0.000000E+00 0.000000E+00 0.000000E+00 0.000000E+00 0.000000E+00 0.000000E+00 0.000000E+00 0.000000E+00 0.000000E+00 0.000000E+00 0.000000E+00 0.000000E+00 0.000000E+00 0.000000E+00 0.000000E+00 0.000000E+00 0.000000E+00 0.000000E+00 0.000000E+00 0.000000E+00 0.000000E+00 0.000000E+00 0.000000E+00 0.000000E+00 0.000000E+00 0.000000E+00 0.000000E+00 0.000000E+00 0.000000E+00 0.000000E+00 0.000000E+00 0.000000E+00 0.000000E+00 0.000000E+00 0.000000E+00 0.000000E+00 0.000000E+00 0.000000E+00 0.000000E+00 0.000000E+00 0.000000E+00 0.000000E+00 0.000000E+00 0.000000E+00 0.000000E+00 0.000000E+00 0.000000E+00 0.000000E+00 0.000000E+00 0.000000E+00 0.000000E+00 0.000000E+00 0.000000E+00 0.000000E+00 0.000000E+00 0.000000E+00 0.000000E+00 0.000000E+00 0.000000E+00 0.000000E+00 0.000000E+00 0.000000E+00 0.000000E+00 0.000000E+00 0.000000E+00 0.000000E+00 0.000000E+00 0.000000E+00 0.000000E+00 0.000000E+00 0.000000E+00 0.000000E+00 0.000000E+00 0.000000E+00 0.000000E+00 0.000000E+00 0.000000E+00 0.000000E+00 0.000000E+00 0.000000E+00 0.000000E+00 0.000000E+00 0.000000E+00 0.000000E+00 0.000000E+00 0.000000E+00 0.000000E+00 0.000000E+00 0.000000E+00 0.000000E+00 0.000000E+00 0.000000E+00 0.000000E+00 0.000000E+00 0.000000E+00 0.000000E+00 0.000000E+00 0.000000E+00 0.000000E+00 0.000000E+00 0.000000E+00 0.000000E+00 0.000000E+00 0.000000E+00 0.000000E+00 0.000000E+00 0.000000E+00 0.000000E+00 0.000000E+00 0.000000E+00 0.000000E+00 0.000000E+00 0.000000E+00 0.000000E+00 0.000000E+00 0.000000E+00 0.000000E+00 0.000000E+00 0.000000E+00 0.000000E+00 0.000000E+00 0.000000E+00 0.000000E+00 0.000000E+00 0.000000E+00 0.000000E+00 0.000000E+00 0.000000E+00 0.000000E+00 0.000000E+00 0.000000E+00 0.000000E+00 0.000000E+00 0.000000E+00 0.000000E+00 0.000000E+00 0.000000E+00 0.000000E+00 0.000000E+00
 0.160000E-03 0.800000E-04 0.000000E+00 0.000000E+00 0.000000E+00 0.000000E+00 0.800000E-04 0.800000E-04 0.000000E+00 0.000000E+00 0.000000E+00 0.160000E-03 0.800000E-04 0.000000E+00 0.000000E+00 0.000000E+00 0.000000E+00 0.000000E+00 0.800000E-04 0.000000E+00 0.000000E+00 0.000000E+00 0.000000E+00 0.000000E+00 0.000000E+00 0.000000E+00 0.000000E+00 0.000000E+00 0.000000E+00 0.000000E+00 0.000000E+00 0.000000E+00 0.000000E+00 0.000000E+00 0.000000E+00 0.000000E+00 0.000000E+00 0.000000E+00 0.000000E+00 0.000000E+00 0.000000E+00 0.000000E+00 0.000000E+00 0.000000E+00 0.000000E+00 0.000000E+00 0.000000E+00 0.000000E+00 0.000000E+00 0.000000E+00 0.000000E+00 0.000000E+00 0.000000E+00 0.000000E+00 0.000000E+00 0.000000E+00 0.000000E+00 0.000000E+00 0.000000E+00 0.000000E+00 0.000000E+00 0.000000E+00 0.000000E+00 0.000000E+00 0.000000E+00 0.000000E+00 0.000000E+00 0.000000E+00 0.000000E+00 0.000000E+00 0.000000E+00 0.000000E+00 0.000000E+00 0.000000E+00 0.000000E+00 0.000000E+00 0.000000E+00 0.000000E+00 0.000000E+00 0.000000E+00 0.000000E+00 0.000000E+00 0.000000E+00 0.000000E+00 0.000000E+00 0.000000E+00 0.000000E+00 0.000000E+00 0.000000E+00 0.000000E+00 0.000000E+00 0.000000E+00 0.000000E+00 0.000000E+00 0.000000E+00 0.000000E+00 0.000000E+00 0.000000E+00 0.000000E+00 0.000000E+00 0.000000E+00 0.000000E+00 0.000000E+00 0.000000E+00 0.000000E+00 0.000000E+00 0.000000E+00 0.000000E+00 0.000000E+00 0.000000E+00 0.000000E+00 0.000000E+00 0.000000E+00 0.000000E+00 0.000000E+00 0.000000E+00 0.000000E+00 0.000000E+00 0.000000E+00 0.000000E+00 0.000000E+00 0.000000E+00 0.000000E+00 0.000000E+00 0.000000E+00 0.000000E+00 0.000000E+00 0.000000E+00 0.000000E+00 0.000000E+00 0.000000E+00 0.000000E+00 0.000000E+00 0.000000E+00 0.000000E+00 0.000000E+00 0.000000E+00 0.000000E+00 0.000000E+00 0.000000E+00 0.000000E+00 0.000000E+00 0.000000E+00 0.000000E+00 0.000000E+00 0.000000E+00 0.000000E+00 0.000000E+00 0.000000E+00 0.000000E+00 0.000000E+00 0.000000E+00 0.000000E+00 0.000000E+00 0.000000E+00 0.000000E+00 0.000000E+00 0.000000E+00 0.000000E+00 0.000000E+00 0.000000E+00 0.000000E+00 0.000000E+00 0.000000E+00 0.000000E+00 0.000000E+00 0.000000E+00 0.000000E+00 0.000000E+00 0.000000E+00 0.000000E+00 0.000000E+00 0.000000E+00 0.000000E+00 0.000000E+00 0.000000E+00 0.000000E+00 0.000000E+00 0.000000E+00 0.000000E+00 0.000000E+00 0.000000E+00 0.000000E+00 0.000000E+00 0.000000E+00 0.000000E+00 0.000000E+00 0.000000E+00 0.000000E+00 0.000000E+00 0.000000E+00 0.000000E+00 0.000000E+00 0.000000E+00 0.000000E+00 0.000000E+00 0.000000E+00 0.000000E+00 0.000000E+00 0.000000E+00
 0.800000E-04 0.800000E-04 0.800000E-04 0.000000E+00 0.800000E-04 0.000000E+00 0.000000E+00 0.000000E+00 0.000000E+00 0.800000E-04 0.160000E-03 0.000000E+00 0.000000E+00 0.000000E+00 0.800000E-04 0.000000E+00 0.000000E+00 0.000000E+00 0.000000E+00 0.000000E+00 0.000000E+00 0.000000E+00 0.000000E+00 0.000000E+00 0.000000E+00 0.000000E+00 0.000000E+00 0.800000E-04 0.000000E+00 0.000000E+00 0.000000E+00 0.000000E+00 0.000000E+00 0.000000E+00 0.000000E+00 0.000000E+00 0.000000E+00 0.000000E+00 0.000000E+00 0.000000E+00 0.000000E+00 0.000000E+00 0.000000E+00 0.000000E+00 0.000000E+00 0.000000E+00 0.000000E+00 0.000000E+00 0.000000E+00 0.800000E-04 0.000000E+00 0.000000E+00 0.000000E+00 0.000000E+00 0.000000E+00 0.000000E+00 0.000000E+00 0.000000E+00 0.000000E+00 0.000000E+00 0.000000E+00 0.000000E+00 0.000000E+00 0.000000E+00 0.000000E+00 0.000000E+00 0.000000E+00 0.000000E+00 0.000000E+00 0.000000E+00 0.000000E+00 0.000000E+00 0.000000E+00 0.000000E+00 0.000000E+00 0.000000E+00 0.000000E+00 0.000000E+00 0.000000E+00 0.000000E+00 0.000000E+00 0.000000E+00 0.000000E+00 0.000000E+00 0.000000E+00 0.000000E+00 0.000000E+00 0.000000E+00 0.000000E+00 0.000000E+00 0.000000E+00 0.000000E+00 0.000000E+00 0.000000E+00 0.000000E+00 0.000000E+00 0.000000E+00 0.000000E+00 0.000000E+00 0.000000E+00 0.000000E+00 0.000000E+00 0.000000E+00 0.000000E+00 0.000000E+00 0.000000E+00 0.000000E+00 0.000000E+00 0.000000E+00 0.000000E+00 0.000000E+00 0.000000E+00 0.000000E+00 0.000000E+00 0.000000E+00 0.000000E+00 0.000000E+00 0.000000E+00 0.000000E+00 0.000000E+00 0.000000E+00 0.000000E+00 0.000000E+00 0.000000E+00 0.000000E+00 0.000000E+00 0.000000E+00 0.000000E+00 0.000000E+00 0.000000E+00 0.000000E+00 0.000000E+00 0.000000E+00 0.000000E+00 0.000000E+00 0.000000E+00 0.000000E+00 0.000000E+00 0.000000E+00 0.000000E+00 0.000000E+00 0.000000E+00 0.000000E+00 0.000000E+00 0.000000E+00 0.000000E+00 0.000000E+00 0.000000E+00 0.000000E+00 0.000000E+00 0.000000E+00 0.000000E+00 0.000000E+00 0.000000E+00 0.000000E+00 0.000000E+00 0.000000E+00 0.000000E+00 0.000000E+00 0.000000E+00 0.000000E+00 0.000000E+00 0.000000E+00 0.000000E+00 0.000000E+00 0.000000E+00 0.000000E+00 0.000000E+00 0.000000E+00 0.000000E+00 0.000000E+00 0.000000E+00 0.000000E+00 0.000000E+00 0.000000E+00 0.000000E+00 0.000000E+00 0.000000E+00 0.000000E+00 0.000000E+00 0.000000E+00 0.000000E+00 0.000000E+00 0.000000E+00 0.000000E+00 0.000000E+00 0.000000E+00 0.000000E+00 0.000000E+00 0.000000E+00 0.000000E+00 0.000000E+00 0.000000E+00 0.000000E+00 0.000000E+00 0.000000E+00 0.000000E+00 0.000000E+00 0.000000E+00 0.000000E+00
 0.000000E+00 0.800000E-04 0.000000E+00 0.000000E+00 0.800000E-04 0.000000E+00 0.000000E+00 0.000000E+00 0.000000E+00 0.000000E+00 0.000000E+00 0.800000E-04 0.000000E+00 0.000000E+00 0.800000E-04 0.000000E+00 0.000000E+00 0.000000E+00 0.000000E+00 0.000000E+00 0.000000E+00 0.000000E+00 0.000000E+00 0.000000E+00 0.000000E+00 0.000000E+00 0.000000E+00 0.000000E+00 0.000000E+00 0.000000E+00 0.000000E+00 0.000000E+00 0.000000E+00 0.000000E+00 0.000000E+00 0.000000E+00 0.000000E+00 0.000000E+00 0.000000E+00 0.000000E+00 0.000000E+00 0.000000E+00 0.000000E+00 0.000000E+00 0.000000E+00 0.000000E+00 0.000000E+00 0.000000E+00 0.000000E+00 0.000000E+00 0.000000E+00 0.000000E+00 0.000000E+00 0.000000E+00 0.000000E+00 0.000000E+00 0.000000E+00 0.000000E+00 0.000000E+00 0.000000E+00 0.000000E+00 0.000000E+00 0.000000E+00 0.000000E+00 0.000000E+00 0.000000E+00 0.000000E+00 0.000000E+00 0.000000E+00 0.000000E+00 0.000000E+00 0.000000E+00 0.000000E+00 0.000000E+00 0.000000E+00 0.000000E+00 0.000000E+00 0.000000E+00 0.000000E+00 0.000000E+00 0.000000E+00 0.000000E+00 0.000000E+00 0.000000E+00 0.000000E+00 0.000000E+00 0.000000E+00 0.000000E+00 0.000000E+00 0.000000E+00 0.000000E+00 0.000000E+00 0.000000E+00 0.000000E+00 0.000000E+00 0.000000E+00 0.000000E+00 0.000000E+00 0.000000E+00 0.000000E+00 0.000000E+00 0.000000E+00 0.000000E+00 0.000000E+00 0.000000E+00 0.000000E+00 0.000000E+00 0.000000E+00 0.000000E+00 0.000000E+00 0.000000E+00 0.000000E+00 0.000000E+00 0.000000E+00 0.000000E+00 0.000000E+00 0.000000E+00 0.000000E+00 0.000000E+00 0.000000E+00 0.000000E+00 0.000000E+00 0.000000E+00 0.000000E+00 0.000000E+00 0.000000E+00 0.000000E+00 0.000000E+00 0.000000E+00 0.000000E+00 0.000000E+00 0.000000E+00 0.000000E+00 0.000000E+00 0.000000E+00 0.000000E+00 0.000000E+00 0.000000E+00 0.000000E+00 0.000000E+00 0.000000E+00 0.000000E+00 0.000000E+00 0.000000E+00 0.000000E+00 0.000000E+00 0.000000E+00 0.000000E+00 0.000000E+00 0.000000E+00 0.000000E+00 0.000000E+00 0.000000E+00 0.000000E+00 0.000000E+00 0.000000E+00 0.000000E+00 0.000000E+00 0.000000E+00 0.000000E+00 0.000000E+00 0.000000E+00 0.000000E+00 0.000000E+00 0.000000E+00 0.000000E+00 0.000000E+00 0.000000E+00 0.000000E+00 0.000000E+00 0.000000E+00 0.000000E+00 0.000000E+00 0.000000E+00 0.000000E+00 0.000000E+00 0.000000E+00 0.000000E+00 0.000000E+00 0.000000E+00 0.000000E+00 0.000000E+00 0.000000E+00 0.000000E+00 0.000000E+00 0.000000E+00 0.000000E+00 0.000000E+00 0.000000E+00 0.000000E+00 0.000000E+00 0.000000E+00 0.000000E+00 0.000000E+00 0.000000E+00 0.000000E+00 0.000000E+00 0.000000E+00 0.000000E+00 0.000000E+00
 0.120000E-02 0.560000E-03 0.104000E-02 0.320000E-03 0.240000E-03 0.160000E-03 0.320000E-03 0.160000E-03 0.800000E-04 0.160000E-03 0.400000E-03 0.800000E-04 0.000000E+00 0.000000E+00 0.320000E-03 0.240000E-03 0.800000E-04 0.000000E+00 0.800000E-04 0.000000E+00 0.000000E+00 0.000000E+00 0.000000E+00 0.000000E+00 0.800000E-04 0.000000E+00 0.000000E+00 0.000000E+00 0.800000E-04 0.000000E+00 0.000000E+00 0.000000E+00 0.000000E+00 0.000000E+00 0.000000E+00 0.000000E+00 0.000000E+00 0.000000E+00 0.000000E+00 0.000000E+00 0.000000E+00 0.800000E-04 0.000000E+00 0.800000E-04 0.000000E+00 0.000000E+00 0.000000E+00 0.000000E+00 0.000000E+00 0.000000E+00 0.000000E+00 0.000000E+00 0.000000E+00 0.000000E+00 0.000000E+00 0.000000E+00 0.000000E+00 0.000000E+00 0.000000E+00 0.800000E-04 0.000000E+00 0.000000E+00 0.000000E+00 0.000000E+00 0.000000E+00 0.000000E+00 0.000000E+00 0.000000E+00 0.000000E+00 0.000000E+00 0.000000E+00 0.000000E+00 0.000000E+00 0.000000E+00 0.000000E+00 0.000000E+00 0.000000E+00 0.000000E+00 0.000000E+00 0.000000E+00 0.000000E+00 0.000000E+00 0.000000E+00 0.000000E+00 0.000000E+00 0.000000E+00 0.000000E+00 0.000000E+00 0.000000E+00 0.000000E+00 0.000000E+00 0.000000E+00 0.000000E+00 0.000000E+00 0.000000E+00 0.000000E+00 0.000000E+00 0.000000E+00 0.000000E+00 0.000000E+00 0.000000E+00 0.000000E+00 0.000000E+00 0.000000E+00 0.000000E+00 0.000000E+00 0.000000E+00 0.000000E+00 0.000000E+00 0.000000E+00 0.000000E+00 0.000000E+00 0.000000E+00 0.000000E+00 0.000000E+00 0.000000E+00 0.000000E+00 0.000000E+00 0.000000E+00 0.000000E+00 0.000000E+00 0.000000E+00 0.000000E+00 0.000000E+00 0.000000E+00 0.000000E+00 0.000000E+00 0.000000E+00 0.000000E+00 0.000000E+00 0.000000E+00 0.000000E+00 0.000000E+00 0.000000E+00 0.000000E+00 0.000000E+00 0.000000E+00 0.000000E+00 0.000000E+00 0.000000E+00 0.000000E+00 0.000000E+00 0.000000E+00 0.000000E+00 0.000000E+00 0.000000E+00 0.000000E+00 0.000000E+00 0.000000E+00 0.000000E+00 0.000000E+00 0.000000E+00 0.000000E+00 0.000000E+00 0.000000E+00 0.000000E+00 0.000000E+00 0.000000E+00 0.000000E+00 0.000000E+00 0.000000E+00 0.000000E+00 0.000000E+00 0.000000E+00 0.000000E+00 0.000000E+00 0.000000E+00 0.000000E+00 0.000000E+00 0.000000E+00 0.000000E+00 0.000000E+00 0.000000E+00 0.000000E+00 0.000000E+00 0.000000E+00 0.000000E+00 0.000000E+00 0.000000E+00 0.000000E+00 0.000000E+00 0.000000E+00 0.000000E+00 0.000000E+00 0.000000E+00 0.000000E+00 0.000000E+00 0.000000E+00 0.000000E+00 0.000000E+00 0.000000E+00 0.000000E+00 0.000000E+00 0.000000E+00 0.000000E+00 0.000000E+00 0.000000E+00 0.000000E+00 0.000000E+00 0.000000E+00
 0.880000E-03 0.320000E-03 0.160000E-03 0.160000E-03 0.320000E-03 0.400000E-03 0.240000E-03 0.400000E-03 0.160000E-03 0.400000E-03 0.000000E+00 0.800000E-04 0.160000E-03 0.000000E+00 0.800000E-04 0.800000E-04 0.240000E-03 0.000000E+00 0.000000E+00 0.800000E-04 0.800000E-04 0.800000E-04 0.000000E+00 0.000000E+00 0.800000E-04 0.000000E+00 0.000000E+00 0.000000E+00 0.800000E-04 0.160000E-03 0.000000E+00 0.000000E+00 0.000000E+00 0.000000E+00 0.000000E+00 0.800000E-04 0.000000E+00 0.000000E+00 0.000000E+00 0.800000E-04 0.000000E+00 0.000000E+00 0.000000E+00 0.000000E+00 0.000000E+00 0.000000E+00 0.000000E+00 0.000000E+00 0.000000E+00 0.000000E+00 0.000000E+00 0.000000E+00 0.000000E+00 0.800000E-04 0.000000E+00 0.000000E+00 0.000000E+00 0.000000E+00 0.000000E+00 0.000000E+00 0.000000E+00 0.000000E+00 0.000000E+00 0.000000E+00 0.000000E+00 0.000000E+00 0.000000E+00 0.000000E+00 0.000000E+00 0.000000E+00 0.000000E+00 0.000000E+00 0.000000E+00 0.000000E+00 0.000000E+00 0.000000E+00 0.000000E+00 0.000000E+00 0.000000E+00 0.000000E+00 0.000000E+00 0.000000E+00 0.000000E+00 0.000000E+00 0.000000E+00 0.000000E+00 0.000000E+00 0.000000E+00 0.000000E+00 0.000000E+00 0.000000E+00 0.000000E+00 0.000000E+00 0.000000E+00 0.000000E+00 0.000000E+00 0.000000E+00 0.000000E+00 0.000000E+00 0.000000E+00 0.000000E+00 0.000000E+00 0.000000E+00 0.000000E+00 0.000000E+00 0.000000E+00 0.000000E+00 0.000000E+00 0.000000E+00 0.000000E+00 0.000000E+00 0.000000E+00 0.000000E+00 0.000000E+00 0.000000E+00 0.000000E+00 0.000000E+00 0.000000E+00 0.000000E+00 0.000000E+00 0.000000E+00 0.000000E+00 0.000000E+00 0.000000E+00 0.000000E+00 0.000000E+00 0.000000E+00 0.000000E+00 0.000000E+00 0.000000E+00 0.000000E+00 0.000000E+00 0.000000E+00 0.000000E+00 0.000000E+00 0.000000E+00 0.000000E+00 0.000000E+00 0.000000E+00 0.000000E+00 0.000000E+00 0.000000E+00 0.000000E+00 0.000000E+00 0.000000E+00 0.000000E+00 0.000000E+00 0.000000E+00 0.000000E+00 0.000000E+00 0.000000E+00 0.000000E+00 0.000000E+00 0.000000E+00 0.000000E+00 0.000000E+00 0.000000E+00 0.000000E+00 0.000000E+00 0.000000E+00 0.000000E+00 0.000000E+00 0.000000E+00 0.000000E+00 0.000000E+00 0.000000E+00 0.000000E+00 0.000000E+00 0.000000E+00 0.000000E+00 0.000000E+00 0.000000E+00 0.000000E+00 0.000000E+00 0.000000E+00 0.000000E+00 0.000000E+00 0.000000E+00 0.000000E+00 0.000000E+00 0.000000E+00 0.000000E+00 0.000000E+00 0.000000E+00 0.000000E+00 0.000000E+00 0.000000E+00 0.000000E+00 0.000000E+00 0.000000E+00 0.000000E+00 0.000000E+00 0.000000E+00 0.000000E+00 0.000000E+00 0.000000E+00 0.000000E+00 0.000000E+00 0.000000E+00 0.000000E+00
 0.000000E+00 0.800000E-04 0.000000E+00 0.000000E+00 0.800000E-04 0.000000E+00 0.000000E+00 0.000000E+00 0.000000E+00 0.800000E-04 0.800000E-04 0.000000E+00 0.000000E+00 0.000000E+00 0.000000E+00 0.000000E+00 0.000000E+00 0.000000E+00 0.000000E+00 0.000000E+00 0.000000E+00 0.000000E+00 0.000000E+00 0.000000E+00 0.000000E+00 0.000000E+00 0.000000E+00 0.000000E+00 0.000000E+00 0.000000E+00 0.000000E+00 0.000000E+00 0.000000E+00 0.000000E+00 0.000000E+00 0.000000E+00 0.000000E+00 0.000000E+00 0.000000E+00 0.000000E+00 0.000000E+00 0.000000E+00 0.000000E+00 0.000000E+00 0.000000E+00 0.000000E+00 0.000000E+00 0.000000E+00 0.000000E+00 0.000000E+00 0.000000E+00 0.000000E+00 0.000000E+00 0.000000E+00 0.000000E+00 0.000000E+00 0.000000E+00 0.000000E+00 0.000000E+00 0.000000E+00 0.000000E+00 0.000000E+00 0.000000E+00 0.000000E+00 0.000000E+00 0.000000E+00 0.000000E+00 0.000000E+00 0.000000E+00 0.000000E+00 0.000000E+00 0.000000E+00 0.000000E+00 0.000000E+00 0.000000E+00 0.000000E+00 0.000000E+00 0.000000E+00 0.000000E+00 0.000000E+00 0.000000E+00 0.000000E+00 0.000000E+00 0.000000E+00 0.000000E+00 0.000000E+00 0.000000E+00 0.000000E+00 0.000000E+00 0.000000E+00 0.000000E+00 0.000000E+00 0.000000E+00 0.000000E+00 0.000000E+00 0.000000E+00 0.000000E+00 0.000000E+00 0.000000E+00 0.000000E+00 0.000000E+00 0.000000E+00 0.000000E+00 0.000000E+00 0.000000E+00 0.000000E+00 0.000000E+00 0.000000E+00 0.000000E+00 0.000000E+00 0.000000E+00 0.000000E+00 0.000000E+00 0.000000E+00 0.000000E+00 0.000000E+00 0.000000E+00 0.000000E+00 0.000000E+00 0.000000E+00 0.000000E+00 0.000000E+00 0.000000E+00 0.000000E+00 0.000000E+00 0.000000E+00 0.000000E+00 0.000000E+00 0.000000E+00 0.000000E+00 0.000000E+00 0.000000E+00 0.000000E+00 0.000000E+00 0.000000E+00 0.000000E+00 0.000000E+00 0.000000E+00 0.000000E+00 0.000000E+00 0.000000E+00 0.000000E+00 0.000000E+00 0.000000E+00 0.000000E+00 0.000000E+00 0.000000E+00 0.000000E+00 0.000000E+00 0.000000E+00 0.000000E+00 0.000000E+00 0.000000E+00 0.000000E+00 0.000000E+00 0.000000E+00 0.000000E+00 0.000000E+00 0.000000E+00 0.000000E+00 0.000000E+00 0.000000E+00 0.000000E+00 0.000000E+00 0.000000E+00 0.000000E+00 0.000000E+00 0.000000E+00 0.000000E+00 0.000000E+00 0.000000E+00 0.000000E+00 0.000000E+00 0.000000E+00 0.000000E+00 0.000000E+00 0.000000E+00 0.000000E+00 0.000000E+00 0.000000E+00 0.000000E+00 0.000000E+00 0.000000E+00 0.000000E+00 0.000000E+00 0.000000E+00 0.000000E+00 0.000000E+00 0.000000E+00 0.000000E+00 0.000000E+00 0.000000E+00 0.000000E+00 0.000000E+00 0.000000E+00 0.000000E+00 0.000000E+00 0.000000E+00 0.000000E+00 0.000000E+00
 0.160000E-03 0.800000E-04 0.000000E+00 0.000000E+00 0.000000E+00 0.000000E+00 0.800000E-04 0.800000E-04 0.000000E+00 0.000000E+00 0.000000E+00 0.160000E-03 0.800000E-04 0.000000E+00 0.000000E+00 0.000000E+00 0.000000E+00 0.000000E+00 0.800000E-04 0.000000E+00 0.000000E+00 0.000000E+00 0.000000E+00 0.000000E+00 0.000000E+00 0.000000E+00 0.000000E+00 0.000000E+00 0.000000E+00 0.000000E+00 0.000000E+00 0.000000E+00 0.000000E+00 0.000000E+00 0.000000E+00 0.000000E+00 0.000000E+00 0.000000E+00 0.000000E+00 0.000000E+00 0.000000E+00 0.000000E+00 0.000000E+00 0.000000E+00 0.000000E+00 0.000000E+00 0.000000E+00 0.000000E+00 0.000000E+00 0.000000E+00 0.000000E+00 0.000000E+00 0.000000E+00 0.000000E+00 0.000000E+00 0.000000E+00 0.000000E+00 0.000000E+00 0.000000E+00 0.000000E+00 0.000000E+00 0.000000E+00 0.000000E+00 0.000000E+00 0.000000E+00 0.000000E+00 0.000000E+00 0.000000E+00 0.000000E+00 0.000000E+00 0.000000E+00 0.000000E+00 0.000000E+00 0.000000E+00 0.000000E+00 0.000000E+00 0.000000E+00 0.000000E+00 0.000000E+00 0.000000E+00 0.000000E+00 0.000000E+00 0.000000E+00 0.000000E+00 0.000000E+00 0.000000E+00 0.000000E+00 0.000000E+00 0.000000E+00 0.000000E+00 0.000000E+00 0.000000E+00 0.000000E+00 0.000000E+00 0.000000E+00 0.000000E+00 0.000000E+00 0.000000E+00 0.000000E+00 0.000000E+00 0.000000E+00 0.000000E+00 0.000000E+00 0.000000E+00 0.000000E+00 0.000000E+00 0.000000E+00 0.000000E+00 0.000000E+00 0.000000E+00 0.000000E+00 0.000000E+00 0.000000E+00 0.000000E+00 0.000000E+00 0.000000E+00 0.000000E+00 0.000000E+00 0.000000E+00 0.000000E+00 0.000000E+00 0.000000E+00 0.000000E+00 0.000000E+00 0.000000E+00 0.000000E+00 0.000000E+00 0.000000E+00 0.000000E+00 0.000000E+00 0.000000E+00 0.000000E+00 0.000000E+00 0.000000E+00 0.000000E+00 0.000000E+00 0.000000E+00 0.000000E+00 0.000000E+00 0.000000E+00 0.000000E+00 0.000000E+00 0.000000E+00 0.000000E+00 0.000000E+00 0.000000E+00 0.000000E+00 0.000000E+00 0.000000E+00 0.000000E+00 0.000000E+00 0.000000E+00 0.000000E+00 0.000000E+00 0.000000E+00 0.000000E+00 0.000000E+00 0.000000E+00 0.000000E+00 0.000000E+00 0.000000E+00 0.000000E+00 0.000000E+00 0.000000E+00 0.000000E+00 0.000000E+00 0.000000E+00 0.000000E+00 0.000000E+00 0.000000E+00 0.000000E+00 0.000000E+00 0.000000E+00 0.000000E+00 0.000000E+00 0.000000E+00 0.000000E+00 0.000000E+00 0.000000E+00 0.000000E+00 0.000000E+00 0.000000E+00 0.000000E+00 0.000000E+00 0.000000E+00 0.000000E+00 0.000000E+00 0.000000E+00 0.000000E+00 0.000000E+00 0.000000E+00 0.000000E+00 0.000000E+00 0.000000E+00 0.000000E+00 0.000000E+00 0.000000E+00 0.000000E+00 0.000000E+00 0.000000E+00
 0.800000E-04 0.800000E-04 0.800000E-04 0.000000E+00 0.800000E-04 0.000000E+00 0.000000E+00 0.000000E+00 0.000000E+00 0.800000E-04 0.160000E-03 0.000000E+00 0.000000E+00 0.000000E+00 0.800000E-04 0.000000E+00 0.000000E+00 0.000000E+00 0.000000E+00 0.000000E+00 0.000000E+00 0.000000E+00 0.000000E+00 0.000000E+00 0.000000E+00 0.000000E+00 0.000000E+00 0.800000E-04 0.000000E+00 0.000000E+00 0.000000E+00 0.000000E+00 0.000000E+00 0.000000E+00 0.000000E+00 0.000000E+00 0.000000E+00 0.000000E+00 0.000000E+00 0.000000E+00 0.000000E+00 0.000000E+00 0.000000E+00 0.000000E+00 0.000000E+00 0.000000E+00 0.000000E+00 0.000000E+00 0.000000E+00 0.800000E-04 0.000000E+00 0.000000E+00 0.000000E+00 0.000000E+00 0.000000E+00 0.000000E+00 0.000000E+00 0.000000E+00 0.000000E+00 0.000000E+00 0.000000E+00 0.000000E+00 0.000000E+00 0.000000E+00 0.000000E+00 0.000000E+00 0.000000E+00 0.000000E+00 0.000000E+00 0.000000E+00 0.000000E+00 0.000000E+00 0.000000E+00 0.000000E+00 0.000000E+00 0.000000E+00 0.000000E+00 0.000000E+00 0.000000E+00 0.000000E+00 0.000000E+00 0.000000E+00 0.000000E+00 0.000000E+00 0.000000E+00 0.000000E+00 0.000000E+00 0.000000E+00 0.000000E+00 0.000000E+00 0.000000E+00 0.000000E+00 0.000000E+00 0.000000E+00 0.000000E+00 0.000000E+00 0.000000E+00 0.000000E+00 0.000000E+00 0.000000E+00 0.000000E+00 0.000000E+00 0.000000E+00 0.000000E+00 0.000000E+00 0.000000E+00 0.000000E+00 0.000000E+00 0.000000E+00 0.000000E+00 0.000000E+00 0.000000E+00 0.000000E+00 0.000000E+00 0.000000E+00 0.000000E+00 0.000000E+00 0.000000E+00 0.000000E+00 0.000000E+00 0.000000E+00 0.000000E+00 0.000000E+00 0.000000E+00 0.000000E+00 0.000000E+00 0.000000E+00 0.000000E+00 0.000000E+00 0.000000E+00 0.000000E+00 0.000000E+00 0.000000E+00 0.000000E+00 0.000000E+00 0.000000E+00 0.000000E+00 0.000000E+00 0.000000E+00 0.000000E+00 0.000000E+00 0.000000E+00 0.000000E+00 0.000000E+00 0.000000E+00 0.000000E+00 0.000000E+00 0.000000E+00 0.000000E+00 0.000000E+00 0.000000E+00 0.000000E+00 0.000000E+00 0.000000E+00 0.000000E+00 0.000000E+00 0.000000E+00 0.000000E+00 0.000000E+00 0.000000E+00 0.000000E+00 0.000000E+00 0.000000E+00 0.000000E+00 0.000000E+00 0.000000E+00 0.000000E+00 0.000000E+00 0.000000E+00 0.000000E+00 0.000000E+00 0.000000E+00 0.000000E+00 0.000000E+00 0.000000E+00 0.000000E+00 0.000000E+00 0.000000E+00 0.000000E+00 0.000000E+00 0.000000E+00 0.000000E+00 0.000000E+00 0.000000E+00 0.000000E+00 0.000000E+00 0.000000E+00 0.000000E+00 0.000000E+00 0.000000E+00 0.000000E+00 0.000000E+00 0.000000E+00 0.000000E+00 0.000000E+00 0.000000E+00 0.000000E+00 0.000000E+00 0.000000E+00 0.000000E+00
 0.000000E+00 0.800000E-04 0.000000E+00 0.000000E+00 0.800000E-04 0.000000E+00 0.000000E+00 0.000000E+00 0.000000E+00 0.000000E+00 0.000000E+00 0.800000E-04 0.000000E+00 0.000000E+00 0.800000E-04 0.000000E+00 0.000000E+00 0.000000E+00 0.000000E+00 0.000000E+00 0.000000E+00 0.000000E+00 0.000000E+00 0.000000E+00 0.000000E+00 0.000000E+00 0.000000E+00 0.000000E+00 0.000000E+00 0.000000E+00 0.000000E+00 0.000000E+00 0.000000E+00 0.000000E+00 0.000000E+00 0.000000E+00 0.000000E+00 0.000000E+00 0.000000E+00 0.000000E+00 0.000000E+00 0.000000E+00 0.000000E+00 0.000000E+00 0.000000E+00 0.000000E+00 0.000000E+00 0.000000E+00 0.000000E+00 0.000000E+00 0.000000E+00 0.000000E+00 0.000000E+00 0.000000E+00 0.000000E+00 0.000000E+00 0.000000E+00 0.000000E+00 0.000000E+00 0.000000E+00 0.000000E+00 0.000000E+00 0.000000E+00 0.000000E+00 0.000000E+00 0.000000E+00 0.000000E+00 0.000000E+00 0.000000E+00 0.000000E+00 0.000000E+00 0.000000E+00 0.000000E+00 0.000000E+00 0.000000E+00 0.000000E+00 0.000000E+00 0.000000E+00 0.000000E+00 0.000000E+00 0.000000E+00 0.000000E+00 0.000000E+00 0.000000E+00 0.000000E+00 0.000000E+00 0.000000E+00 0.000000E+00 0.000000E+00 0.000000E+00 0.000000E+00 0.000000E+00 0.000000E+00 0.000000E+00 0.000000E+00 0.000000E+00 0.000000E+00 0.000000E+00 0.000000E+00 0.000000E+00 0.000000E+00 0.000000E+00 0.000000E+00 0.000000E+00 0.000000E+00 0.000000E+00 0.000000E+00 0.000000E+00 0.000000E+00 0.000000E+00 0.000000E+00 0.000000E+00 0.000000E+00 0.000000E+00 0.000000E+00 0.000000E+00 0.000000E+00 0.000000E+00 0.000000E+00 0.000000E+00 0.000000E+00 0.000000E+00 0.000000E+00 0.000000E+00 0.000000E+00 0.000000E+00 0.000000E+00 0.000000E+00 0.000000E+00 0.000000E+00 0.000000E+00 0.000000E+00 0.000000E+00 0.000000E+00 0.000000E+00 0.000000E+00 0.000000E+00 0.000000E+00 0.000000E+00 0.000000E+00 0.000000E+00 0.000000E+00 0.000000E+00 0.000000E+00 0.000000E+00 0.000000E+00 0.000000E+00 0.000000E+00 0.000000E+00 0.000000E+00 0.000000E+00 0.000000E+00 0.000000E+00 0.000000E+00 0.000000E+00 0.000000E+00 0.000000E+00 0.000000E+00 0.000000E+00 0.000000E+00 0.000000E+00 0.000000E+00 0.000000E+00 0.000000E+00 0.000000E+00 0.000000E+00 0.000000E+00 0.000000E+00 0.000000E+00 0.000000E+00 0.000000E+00 0.000000E+00 0.000000E+00 0.000000E+00 0.000000E+00 0.000000E+00 0.000000E+00 0.000000E+00 0.000000E+00 0.000000E+00 0.000000E+00 0.000000E+00 0.000000E+00 0.000000E+00 0.000000E+00 0.000000E+00 0.000000E+00 0.000000E+00 0.000000E+00 0.000000E+00 0.000000E+00 0.000000E+00 0.000000E+00 0.000000E+00 0.000000E+00 0.000000E+00 0.000000E+00 0.000000E+00 0.000000E+00 0.000000E+00
 0.120000E-02 0.560000E-03 0.104000E-02 0.320000E-03 0.240000E-03 0.160000E-03 0.320000E-03 0.160000E-03 0.800000E-04 0.160000E-03 0.400000E-03 0.800000E-04 0.000000E+00 0.000000E+00 0.320000E-03 0.240000E-03 0.800000E-04 0.000000E+00 0.800000E-04 0.000000E+00 0.000000E+00 0.000000E+00 0.000000E+00 0.000000E+00 0.800000E-04 0.000000E+00 0.000000E+00 0.000000E+00 0.800000E-04 0.000000E+00 0.000000E+00 0.000000E+00 0.000000E+00 0.000000E+00 0.000000E+00 0.000000E+00 0.000000E+00 0.000000E+00 0.000000E+00 0.000000E+00 0.000000E+00 0.800000E-04 0.000000E+00 0.800000E-04 0.000000E+00 0.000000E+00 0.000000E+00 0.000000E+00 0.000000E+00 0.000000E+00 0.000000E+00 0.000000E+00 0.000000E+00 0.000000E+00 0.000000E+00 0.000000E+00 0.000000E+00 0.000000E+00 0.000000E+00 0.800000E-04 0.000000E+00 0.000000E+00 0.000000E+00 0.000000E+00 0.000000E+00 0.000000E+00 0.000000E+00 0.000000E+00 0.000000E+00 0.000000E+00 0.000000E+00 0.000000E+00 0.000000E+00 0.000000E+00 0.000000E+00 0.000000E+00 0.000000E+00 0.000000E+00 0.000000E+00 0.000000E+00 0.000000E+00 0.000000E+00 0.000000E+00 0.000000E+00 0.000000E+00 0.000000E+00 0.000000E+00 0.000000E+00 0.000000E+00 0.000000E+00 0.000000E+00 0.000000E+00 0.000000E+00 0.000000E+00 0.000000E+00 0.000000E+00 0.000000E+00 0.000000E+00 0.000000E+00 0.000000E+00 0.000000E+00 0.000000E+00 0.000000E+00 0.000000E+00 0.000000E+00 0.000000E+00 0.000000E+00 0.000000E+00 0.000000E+00 0.000000E+00 0.000000E+00 0.000000E+00 0.000000E+00 0.000000E+00 0.000000E+00 0.000000E+00 0.000000E+00 0.000000E+00 0.000000E+00 0.000000E+00 0.000000E+00 0.000000E+00 0.000000E+00 0.000000E+00 0.000000E+00 0.000000E+00 0.000000E+00 0.000000E+00 0.000000E+00 0.000000E+00 0.000000E+00 0.000000E+00 0.000000E+00 0.000000E+00 0.000000E+00 0.000000E+00 0.000000E+00 0.000000E+00 0.000000E+00 0.000000E+00 0.000000E+00 0.000000E+00 0.000000E+00 0.000000E+00 0.000000E+00 0.000000E+00 0.000000E+00 0.000000E+00 0.000000E+00 0.000000E+00 0.000000E+00 0.000000E+00 0.000000E+00 0.000000E+00 0.000000E+00 0.000000E+00 0.000000E+00 0.000000E+00 0.000000E+00 0.000000E+00 0.000000E+00 0.000000E+00 0.000000E+00 0.000000E+00 0.000000E+00 0.000000E+00 0.000000E+00 0.000000E+00 0.000000E+00 0.000000E+00 0.000000E+00 0.000000E+00 0.000000E+00 0.000000E+00 0.000000E+00 0.000000E+00 0.000000E+00 0.000000E+00 0.000000E+00 0.000000E+00 0.000000E+00 0.000000E+00 0.000000E+00 0.000000E+00 0.000000E+00 0.000000E+00 0.000000E+00 0.000000E+00 0.000000E+00 0.000000E+00 0.000000E+00 0.000000E+00 0.000000E+00 0.000000E+00 0.000000E+00 0.000000E+00 0.000000E+00 0.000000E+00 0.000000E+00 0.000000E+00
 0.880000E-03 0.320000E-03 0.160000E-03 0.160000E-03 0.320000E-03 0.400000E-03 0.240000E-03 0.400000E-03 0.160000E-03 0.400000E-03 0.000000E+00 0.800000E-04 0.160000E-03 0.000000E+00 0.800000E-04 0.800000E-04 0.240000E-03 0.000000E+00 0.000000E+00 0.800000E-04 0.800000E-04 0.800000E-04 0.000000E+00 0.000000E+00 0.800000E-04 0.000000E+00 0.000000E+00 0.000000E+00 0.800000E-04 0.160000E-03 0.000000E+00 0.000000E+00 0.000000E+00 0.000000E+00 0.000000E+00 0.800000E-04 0.000000E+00 0.000000E+00 0.000000E+00 0.800000E-04 0.000000E+00 0.000000E+00 0.000000E+00 0.000000E+00 0.000000E+00 0.000000E+00 0.000000E+00 0.000000E+00 0.000000E+00 0.000000E+00 0.000000E+00 0.000000E+00 0.000000E+00 0.800000E-04 0.000000E+00 0.000000E+00 0.000000E+00 0.000000E+00 0.000000E+00 0.000000E+00 0.000000E+00 0.000000E+00 0.000000E+00 0.000000E+00 0.000000E+00 0.000000E+00 0.000000E+00 0.000000E+00 0.000000E+00 0.000000E+00 0.000000E+00 0.000000E+00 0.000000E+00 0.000000E+00 0.000000E+00 0.000000E+00 0.000000E+00 0.000000E+00 0.000000E+00 0.000000E+00 0.000000E+00 0.000000E+00 0.000000E+00 0.000000E+00 0.000000E+00 0.000000E+00 0.000000E+00 0.000000E+00 0.000000E+00 0.000000E+00 0.000000E+00 0.000000E+00 0.000000E+00 0.000000E+00 0.000000E+00 0.000000E+00 0.000000E+00 0.000000E+00 0.000000E+00 0.000000E+00 0.000000E+00 0.000000E+00 0.000000E+00 0.000000E+00 0.000000E+00 0.000000E+00 0.000000E+00 0.000000E+00 0.000000E+00 0.000000E+00 0.000000E+00 0.000000E+00 0.000000E+00 0.000000E+00 0.000000E+00 0.000000E+00 0.000000E+00 0.000000E+00 0.000000E+00 0.000000E+00 0.000000E+00 0.000000E+00 0.000000E+00 0.000000E+00 0.000000E+00 0.000000E+00 0.000000E+00 0.000000E+00 0.000000E+00 0.000000E+00 0.000000E+00 0.000000E+00 0.000000E+00 0.000000E+00 0.000000E+00 0.000000E+00 0.000000E+00 0.000000E+00 0.000000E+00 0.000000E+00 0.000000E+00 0.000000E+00 0.000000E+00 0.000000E+00 0.000000E+00 0.000000E+00 0.000000E+00 0.000000E+00 0.000000E+00 0.000000E+00 0.000000E+00 0.000000E+00 0.000000E+00 0.000000E+00 0.000000E+00 0.000000E+00 0.000000E+00 0.000000E+00 0.000000E+00 0.000000E+00 0.000000E+00 0.000000E+00 0.000000E+00 0.000000E+00 0.000000E+00 0.000000E+00 0.000000E+00 0.000000E+00 0.000000E+00 0.000000E+00 0.000000E+00 0.000000E+00 0.000000E+00 0.000000E+00 0.000000E+00 0.000000E+00 0.000000E+00 0.000000E+00 0.000000E+00 0.000000E+00 0.000000E+00 0.000000E+00 0.000000E+00 0.000000E+00 0.000000E+00 0.000000E+00 0.000000E+00 0.000000E+00 0.000000E+00 0.000000E+00 0.000000E+00 0.000000E+00 0.000000E+00 0.000000E+00 0.000000E+00 0.000000E+00 0.000000E+00 0.000000E+00 0.000000E+00 0.000000E+00
