### Run with WimpAnn version = wimpann-2.08                            
###   Using Pythia version   = Pythia 6.400    
###   Using nusigma version  = nusigma-1.15-pyr                        
###   Using DarkSUSY version = ds-4.1.6                                
###   WimpAnn run started at date 2007-09-09; time 12:08:56
### Neutrino oscillation parameters
#      theta_12 =  0.00000000E+00
#      theta_13 =  0.00000000E+00
#      theta_23 =  0.00000000E+00
#         delta =  0.00000000E+00
#  delta_m^2_21 =  0.81000000E-04
#  delta_m^2_31 =  0.22000000E-02
### WimpAnn run parameters
#  Annihilation channel =         2
#  Generated particles =  b                bbar            
#  WIMP mass =  0.25000000E+03
#  Number of annihilations =   2500000
#  Source = Earth
#...dPhi/dz in  200 bins from 0 to 1
#...Line  1- 6: flux at centre of Earth for neutrino 1-6
 0.259704E+01 0.242664E+01 0.221344E+01 0.202648E+01 0.189096E+01 0.174880E+01 0.163960E+01 0.151032E+01 0.142864E+01 0.135664E+01 0.127920E+01 0.117544E+01 0.111528E+01 0.106160E+01 0.995600E+00 0.932640E+00 0.893360E+00 0.831280E+00 0.803520E+00 0.765840E+00 0.715440E+00 0.674960E+00 0.638480E+00 0.609600E+00 0.589680E+00 0.544320E+00 0.519200E+00 0.507280E+00 0.473040E+00 0.460640E+00 0.429120E+00 0.420320E+00 0.388240E+00 0.370080E+00 0.361120E+00 0.349200E+00 0.326080E+00 0.315280E+00 0.299440E+00 0.292880E+00 0.274000E+00 0.259440E+00 0.253440E+00 0.242160E+00 0.233680E+00 0.224560E+00 0.218240E+00 0.201680E+00 0.186000E+00 0.185360E+00 0.186720E+00 0.168480E+00 0.158720E+00 0.155280E+00 0.143760E+00 0.137760E+00 0.129600E+00 0.128480E+00 0.131120E+00 0.120000E+00 0.111520E+00 0.109680E+00 0.105040E+00 0.976800E-01 0.948800E-01 0.871200E-01 0.851200E-01 0.845600E-01 0.719200E-01 0.775200E-01 0.698400E-01 0.680800E-01 0.594400E-01 0.646400E-01 0.597600E-01 0.536000E-01 0.530400E-01 0.497600E-01 0.445600E-01 0.418400E-01 0.413600E-01 0.384000E-01 0.386400E-01 0.345600E-01 0.309600E-01 0.297600E-01 0.307200E-01 0.278400E-01 0.253600E-01 0.244800E-01 0.192800E-01 0.210400E-01 0.206400E-01 0.202400E-01 0.179200E-01 0.176800E-01 0.155200E-01 0.132000E-01 0.143200E-01 0.116000E-01 0.108800E-01 0.113600E-01 0.118400E-01 0.896000E-02 0.984000E-02 0.808000E-02 0.808000E-02 0.712000E-02 0.592000E-02 0.496000E-02 0.464000E-02 0.536000E-02 0.488000E-02 0.248000E-02 0.352000E-02 0.336000E-02 0.272000E-02 0.288000E-02 0.200000E-02 0.184000E-02 0.224000E-02 0.200000E-02 0.104000E-02 0.136000E-02 0.128000E-02 0.136000E-02 0.136000E-02 0.960000E-03 0.144000E-02 0.560000E-03 0.320000E-03 0.880000E-03 0.320000E-03 0.320000E-03 0.640000E-03 0.400000E-03 0.160000E-03 0.800000E-04 0.160000E-03 0.240000E-03 0.160000E-03 0.000000E+00 0.160000E-03 0.000000E+00 0.800000E-04 0.000000E+00 0.800000E-04 0.000000E+00 0.800000E-04 0.000000E+00 0.000000E+00 0.000000E+00 0.000000E+00 0.000000E+00 0.000000E+00 0.000000E+00 0.000000E+00 0.000000E+00 0.000000E+00 0.000000E+00 0.000000E+00 0.000000E+00 0.000000E+00 0.000000E+00 0.000000E+00 0.000000E+00 0.000000E+00 0.000000E+00 0.000000E+00 0.000000E+00 0.000000E+00 0.000000E+00 0.000000E+00 0.000000E+00 0.000000E+00 0.000000E+00 0.000000E+00 0.000000E+00 0.000000E+00 0.000000E+00 0.000000E+00 0.000000E+00 0.000000E+00 0.000000E+00 0.000000E+00 0.000000E+00 0.000000E+00 0.000000E+00 0.000000E+00 0.000000E+00 0.000000E+00 0.000000E+00 0.000000E+00 0.000000E+00 0.000000E+00 0.000000E+00 0.000000E+00 0.000000E+00 0.000000E+00 0.000000E+00
 0.261704E+01 0.244848E+01 0.219968E+01 0.202320E+01 0.188416E+01 0.174128E+01 0.162872E+01 0.153480E+01 0.142424E+01 0.135824E+01 0.126368E+01 0.118448E+01 0.112824E+01 0.105856E+01 0.100568E+01 0.939600E+00 0.889920E+00 0.831520E+00 0.796400E+00 0.751120E+00 0.710400E+00 0.669760E+00 0.647680E+00 0.609520E+00 0.591200E+00 0.557920E+00 0.524720E+00 0.485840E+00 0.468240E+00 0.453920E+00 0.428960E+00 0.414880E+00 0.401120E+00 0.373440E+00 0.354880E+00 0.339360E+00 0.327760E+00 0.313680E+00 0.298240E+00 0.285280E+00 0.282160E+00 0.263680E+00 0.255440E+00 0.239040E+00 0.232880E+00 0.213920E+00 0.213520E+00 0.202880E+00 0.196480E+00 0.179200E+00 0.173920E+00 0.167280E+00 0.169920E+00 0.154560E+00 0.147520E+00 0.141440E+00 0.132880E+00 0.132560E+00 0.125360E+00 0.117040E+00 0.115040E+00 0.109200E+00 0.979200E-01 0.967200E-01 0.913600E-01 0.877600E-01 0.889600E-01 0.773600E-01 0.751200E-01 0.745600E-01 0.742400E-01 0.714400E-01 0.616000E-01 0.574400E-01 0.565600E-01 0.552000E-01 0.496800E-01 0.538400E-01 0.464800E-01 0.379200E-01 0.404800E-01 0.375200E-01 0.424000E-01 0.340000E-01 0.336000E-01 0.276800E-01 0.293600E-01 0.256800E-01 0.228800E-01 0.257600E-01 0.229600E-01 0.196800E-01 0.210400E-01 0.193600E-01 0.174400E-01 0.185600E-01 0.149600E-01 0.116800E-01 0.120800E-01 0.118400E-01 0.127200E-01 0.109600E-01 0.968000E-02 0.856000E-02 0.776000E-02 0.744000E-02 0.688000E-02 0.624000E-02 0.624000E-02 0.464000E-02 0.504000E-02 0.496000E-02 0.504000E-02 0.456000E-02 0.384000E-02 0.328000E-02 0.248000E-02 0.272000E-02 0.304000E-02 0.280000E-02 0.192000E-02 0.144000E-02 0.160000E-02 0.136000E-02 0.152000E-02 0.144000E-02 0.128000E-02 0.960000E-03 0.720000E-03 0.480000E-03 0.720000E-03 0.480000E-03 0.560000E-03 0.720000E-03 0.160000E-03 0.480000E-03 0.720000E-03 0.800000E-04 0.160000E-03 0.000000E+00 0.000000E+00 0.800000E-04 0.800000E-04 0.160000E-03 0.800000E-04 0.800000E-04 0.000000E+00 0.000000E+00 0.000000E+00 0.000000E+00 0.800000E-04 0.000000E+00 0.000000E+00 0.000000E+00 0.000000E+00 0.000000E+00 0.000000E+00 0.000000E+00 0.000000E+00 0.000000E+00 0.000000E+00 0.000000E+00 0.000000E+00 0.000000E+00 0.000000E+00 0.000000E+00 0.000000E+00 0.000000E+00 0.000000E+00 0.000000E+00 0.000000E+00 0.000000E+00 0.000000E+00 0.000000E+00 0.000000E+00 0.000000E+00 0.000000E+00 0.000000E+00 0.000000E+00 0.000000E+00 0.000000E+00 0.000000E+00 0.000000E+00 0.000000E+00 0.000000E+00 0.000000E+00 0.000000E+00 0.000000E+00 0.000000E+00 0.000000E+00 0.000000E+00 0.000000E+00 0.000000E+00 0.000000E+00 0.000000E+00 0.000000E+00 0.000000E+00 0.000000E+00 0.000000E+00 0.000000E+00
 0.267096E+01 0.245568E+01 0.221600E+01 0.206160E+01 0.189864E+01 0.176168E+01 0.163904E+01 0.151568E+01 0.143680E+01 0.135392E+01 0.126624E+01 0.119968E+01 0.112880E+01 0.105824E+01 0.989920E+00 0.951280E+00 0.891760E+00 0.832320E+00 0.778240E+00 0.767120E+00 0.708160E+00 0.669520E+00 0.641120E+00 0.616240E+00 0.570880E+00 0.540000E+00 0.523680E+00 0.497200E+00 0.472800E+00 0.453360E+00 0.433600E+00 0.415760E+00 0.398480E+00 0.371120E+00 0.356480E+00 0.350720E+00 0.324480E+00 0.309360E+00 0.288000E+00 0.288640E+00 0.268240E+00 0.250720E+00 0.253600E+00 0.232160E+00 0.225520E+00 0.207920E+00 0.206400E+00 0.197600E+00 0.189600E+00 0.192800E+00 0.165280E+00 0.168960E+00 0.161360E+00 0.150480E+00 0.142800E+00 0.146640E+00 0.136160E+00 0.124000E+00 0.121280E+00 0.114640E+00 0.109360E+00 0.107040E+00 0.104080E+00 0.966400E-01 0.916800E-01 0.901600E-01 0.867200E-01 0.831200E-01 0.785600E-01 0.699200E-01 0.706400E-01 0.685600E-01 0.626400E-01 0.632800E-01 0.575200E-01 0.522400E-01 0.516800E-01 0.472000E-01 0.452800E-01 0.437600E-01 0.406400E-01 0.392000E-01 0.353600E-01 0.360000E-01 0.323200E-01 0.320800E-01 0.277600E-01 0.286400E-01 0.260800E-01 0.260000E-01 0.241600E-01 0.217600E-01 0.190400E-01 0.171200E-01 0.173600E-01 0.176000E-01 0.147200E-01 0.151200E-01 0.141600E-01 0.120800E-01 0.132800E-01 0.106400E-01 0.100000E-01 0.105600E-01 0.760000E-02 0.712000E-02 0.776000E-02 0.640000E-02 0.600000E-02 0.664000E-02 0.528000E-02 0.528000E-02 0.456000E-02 0.440000E-02 0.384000E-02 0.264000E-02 0.184000E-02 0.272000E-02 0.272000E-02 0.232000E-02 0.200000E-02 0.184000E-02 0.152000E-02 0.224000E-02 0.104000E-02 0.120000E-02 0.960000E-03 0.640000E-03 0.720000E-03 0.480000E-03 0.480000E-03 0.960000E-03 0.240000E-03 0.640000E-03 0.400000E-03 0.400000E-03 0.320000E-03 0.800000E-04 0.800000E-04 0.240000E-03 0.240000E-03 0.800000E-04 0.000000E+00 0.000000E+00 0.160000E-03 0.800000E-04 0.000000E+00 0.800000E-04 0.000000E+00 0.800000E-04 0.000000E+00 0.000000E+00 0.000000E+00 0.000000E+00 0.000000E+00 0.000000E+00 0.000000E+00 0.000000E+00 0.000000E+00 0.000000E+00 0.000000E+00 0.000000E+00 0.000000E+00 0.000000E+00 0.000000E+00 0.000000E+00 0.000000E+00 0.000000E+00 0.000000E+00 0.000000E+00 0.000000E+00 0.000000E+00 0.000000E+00 0.000000E+00 0.000000E+00 0.000000E+00 0.000000E+00 0.000000E+00 0.000000E+00 0.000000E+00 0.000000E+00 0.000000E+00 0.000000E+00 0.000000E+00 0.000000E+00 0.000000E+00 0.000000E+00 0.000000E+00 0.000000E+00 0.000000E+00 0.000000E+00 0.000000E+00 0.000000E+00 0.000000E+00 0.000000E+00 0.000000E+00 0.000000E+00 0.000000E+00 0.000000E+00 0.000000E+00
 0.264912E+01 0.244096E+01 0.223128E+01 0.204128E+01 0.188912E+01 0.176968E+01 0.164328E+01 0.150448E+01 0.143296E+01 0.134720E+01 0.125392E+01 0.118976E+01 0.111456E+01 0.105728E+01 0.987760E+00 0.943120E+00 0.869600E+00 0.841520E+00 0.786320E+00 0.747680E+00 0.712800E+00 0.674400E+00 0.650080E+00 0.610160E+00 0.568560E+00 0.545440E+00 0.517200E+00 0.492240E+00 0.464000E+00 0.452560E+00 0.435360E+00 0.412800E+00 0.384640E+00 0.367120E+00 0.354240E+00 0.346480E+00 0.334080E+00 0.309200E+00 0.296480E+00 0.282240E+00 0.275280E+00 0.259120E+00 0.246720E+00 0.239840E+00 0.225280E+00 0.225040E+00 0.205920E+00 0.196560E+00 0.191760E+00 0.184960E+00 0.172400E+00 0.174320E+00 0.159280E+00 0.154240E+00 0.145040E+00 0.142560E+00 0.136560E+00 0.132320E+00 0.118800E+00 0.119920E+00 0.116720E+00 0.109760E+00 0.101920E+00 0.964800E-01 0.915200E-01 0.880800E-01 0.843200E-01 0.775200E-01 0.757600E-01 0.713600E-01 0.700800E-01 0.668800E-01 0.642400E-01 0.593600E-01 0.551200E-01 0.467200E-01 0.524800E-01 0.479200E-01 0.472800E-01 0.432000E-01 0.412000E-01 0.424000E-01 0.352800E-01 0.353600E-01 0.333600E-01 0.296000E-01 0.263200E-01 0.264800E-01 0.254400E-01 0.233600E-01 0.220800E-01 0.228000E-01 0.189600E-01 0.185600E-01 0.166400E-01 0.185600E-01 0.164800E-01 0.161600E-01 0.133600E-01 0.120000E-01 0.115200E-01 0.130400E-01 0.108800E-01 0.104800E-01 0.848000E-02 0.736000E-02 0.640000E-02 0.696000E-02 0.600000E-02 0.544000E-02 0.488000E-02 0.408000E-02 0.464000E-02 0.480000E-02 0.304000E-02 0.360000E-02 0.312000E-02 0.280000E-02 0.280000E-02 0.216000E-02 0.192000E-02 0.720000E-03 0.168000E-02 0.176000E-02 0.640000E-03 0.112000E-02 0.880000E-03 0.880000E-03 0.800000E-03 0.320000E-03 0.480000E-03 0.560000E-03 0.320000E-03 0.160000E-03 0.800000E-03 0.320000E-03 0.240000E-03 0.800000E-04 0.160000E-03 0.000000E+00 0.160000E-03 0.160000E-03 0.000000E+00 0.800000E-04 0.000000E+00 0.800000E-04 0.800000E-04 0.800000E-04 0.000000E+00 0.800000E-04 0.000000E+00 0.000000E+00 0.800000E-04 0.000000E+00 0.000000E+00 0.000000E+00 0.000000E+00 0.000000E+00 0.000000E+00 0.000000E+00 0.000000E+00 0.000000E+00 0.000000E+00 0.000000E+00 0.000000E+00 0.000000E+00 0.000000E+00 0.000000E+00 0.000000E+00 0.000000E+00 0.000000E+00 0.000000E+00 0.000000E+00 0.000000E+00 0.000000E+00 0.000000E+00 0.000000E+00 0.000000E+00 0.000000E+00 0.000000E+00 0.000000E+00 0.000000E+00 0.000000E+00 0.000000E+00 0.000000E+00 0.000000E+00 0.000000E+00 0.000000E+00 0.000000E+00 0.000000E+00 0.000000E+00 0.000000E+00 0.000000E+00 0.000000E+00 0.000000E+00 0.000000E+00 0.000000E+00 0.000000E+00 0.000000E+00 0.000000E+00
 0.962560E+00 0.912880E+00 0.854080E+00 0.790800E+00 0.751840E+00 0.691600E+00 0.656160E+00 0.615600E+00 0.587920E+00 0.556560E+00 0.520800E+00 0.503680E+00 0.482240E+00 0.450720E+00 0.426560E+00 0.411840E+00 0.388000E+00 0.379280E+00 0.360640E+00 0.329680E+00 0.321120E+00 0.296160E+00 0.279920E+00 0.272640E+00 0.253200E+00 0.239760E+00 0.239120E+00 0.219280E+00 0.207680E+00 0.192400E+00 0.183840E+00 0.173360E+00 0.164640E+00 0.159280E+00 0.155520E+00 0.143600E+00 0.130240E+00 0.124400E+00 0.115600E+00 0.114240E+00 0.107600E+00 0.917600E-01 0.954400E-01 0.844800E-01 0.808000E-01 0.723200E-01 0.720000E-01 0.643200E-01 0.616000E-01 0.559200E-01 0.509600E-01 0.484800E-01 0.478400E-01 0.364000E-01 0.366400E-01 0.336000E-01 0.313600E-01 0.306400E-01 0.269600E-01 0.253600E-01 0.258400E-01 0.235200E-01 0.192800E-01 0.172000E-01 0.131200E-01 0.148800E-01 0.169600E-01 0.145600E-01 0.116800E-01 0.103200E-01 0.848000E-02 0.848000E-02 0.712000E-02 0.632000E-02 0.688000E-02 0.496000E-02 0.416000E-02 0.424000E-02 0.344000E-02 0.288000E-02 0.240000E-02 0.256000E-02 0.328000E-02 0.160000E-02 0.208000E-02 0.176000E-02 0.104000E-02 0.120000E-02 0.152000E-02 0.120000E-02 0.160000E-02 0.880000E-03 0.960000E-03 0.560000E-03 0.000000E+00 0.560000E-03 0.640000E-03 0.160000E-03 0.480000E-03 0.480000E-03 0.320000E-03 0.320000E-03 0.480000E-03 0.800000E-04 0.160000E-03 0.240000E-03 0.240000E-03 0.800000E-04 0.400000E-03 0.000000E+00 0.240000E-03 0.320000E-03 0.240000E-03 0.320000E-03 0.000000E+00 0.800000E-04 0.000000E+00 0.800000E-04 0.000000E+00 0.800000E-04 0.000000E+00 0.000000E+00 0.000000E+00 0.800000E-04 0.000000E+00 0.000000E+00 0.000000E+00 0.800000E-04 0.000000E+00 0.000000E+00 0.000000E+00 0.000000E+00 0.000000E+00 0.000000E+00 0.000000E+00 0.000000E+00 0.000000E+00 0.000000E+00 0.000000E+00 0.000000E+00 0.000000E+00 0.000000E+00 0.000000E+00 0.000000E+00 0.000000E+00 0.000000E+00 0.000000E+00 0.000000E+00 0.000000E+00 0.000000E+00 0.000000E+00 0.000000E+00 0.000000E+00 0.000000E+00 0.000000E+00 0.000000E+00 0.000000E+00 0.000000E+00 0.000000E+00 0.000000E+00 0.000000E+00 0.000000E+00 0.000000E+00 0.000000E+00 0.000000E+00 0.000000E+00 0.000000E+00 0.000000E+00 0.000000E+00 0.000000E+00 0.000000E+00 0.000000E+00 0.000000E+00 0.000000E+00 0.000000E+00 0.000000E+00 0.000000E+00 0.000000E+00 0.000000E+00 0.000000E+00 0.000000E+00 0.000000E+00 0.000000E+00 0.000000E+00 0.000000E+00 0.000000E+00 0.000000E+00 0.000000E+00 0.000000E+00 0.000000E+00 0.000000E+00 0.000000E+00 0.000000E+00 0.000000E+00 0.000000E+00 0.000000E+00 0.000000E+00 0.000000E+00 0.000000E+00 0.000000E+00
 0.971520E+00 0.922720E+00 0.861520E+00 0.788080E+00 0.734880E+00 0.690640E+00 0.651680E+00 0.616000E+00 0.573040E+00 0.563280E+00 0.525200E+00 0.507360E+00 0.474160E+00 0.455680E+00 0.435440E+00 0.403520E+00 0.390640E+00 0.367760E+00 0.353520E+00 0.324320E+00 0.322080E+00 0.303120E+00 0.291920E+00 0.279680E+00 0.258000E+00 0.247360E+00 0.238720E+00 0.217520E+00 0.206960E+00 0.204960E+00 0.187200E+00 0.182480E+00 0.166800E+00 0.156160E+00 0.150160E+00 0.135120E+00 0.133680E+00 0.118560E+00 0.113840E+00 0.106560E+00 0.101520E+00 0.100960E+00 0.858400E-01 0.847200E-01 0.822400E-01 0.750400E-01 0.661600E-01 0.636000E-01 0.594400E-01 0.527200E-01 0.503200E-01 0.488000E-01 0.460800E-01 0.408800E-01 0.389600E-01 0.348000E-01 0.352800E-01 0.325600E-01 0.262400E-01 0.286400E-01 0.208000E-01 0.209600E-01 0.194400E-01 0.158400E-01 0.179200E-01 0.124800E-01 0.121600E-01 0.128000E-01 0.119200E-01 0.944000E-02 0.832000E-02 0.840000E-02 0.664000E-02 0.656000E-02 0.488000E-02 0.472000E-02 0.560000E-02 0.416000E-02 0.408000E-02 0.384000E-02 0.256000E-02 0.368000E-02 0.216000E-02 0.216000E-02 0.280000E-02 0.160000E-02 0.112000E-02 0.152000E-02 0.120000E-02 0.136000E-02 0.128000E-02 0.800000E-03 0.560000E-03 0.320000E-03 0.560000E-03 0.640000E-03 0.240000E-03 0.480000E-03 0.880000E-03 0.240000E-03 0.320000E-03 0.560000E-03 0.800000E-04 0.400000E-03 0.160000E-03 0.400000E-03 0.800000E-04 0.800000E-04 0.320000E-03 0.800000E-04 0.160000E-03 0.800000E-04 0.000000E+00 0.160000E-03 0.000000E+00 0.000000E+00 0.800000E-04 0.800000E-04 0.000000E+00 0.800000E-04 0.000000E+00 0.000000E+00 0.000000E+00 0.000000E+00 0.000000E+00 0.000000E+00 0.800000E-04 0.000000E+00 0.000000E+00 0.000000E+00 0.000000E+00 0.000000E+00 0.000000E+00 0.000000E+00 0.000000E+00 0.000000E+00 0.000000E+00 0.800000E-04 0.000000E+00 0.000000E+00 0.000000E+00 0.000000E+00 0.000000E+00 0.000000E+00 0.000000E+00 0.000000E+00 0.000000E+00 0.000000E+00 0.000000E+00 0.000000E+00 0.000000E+00 0.000000E+00 0.000000E+00 0.000000E+00 0.000000E+00 0.000000E+00 0.000000E+00 0.000000E+00 0.000000E+00 0.000000E+00 0.000000E+00 0.000000E+00 0.000000E+00 0.000000E+00 0.000000E+00 0.000000E+00 0.000000E+00 0.000000E+00 0.000000E+00 0.000000E+00 0.000000E+00 0.000000E+00 0.000000E+00 0.000000E+00 0.000000E+00 0.000000E+00 0.000000E+00 0.000000E+00 0.000000E+00 0.000000E+00 0.000000E+00 0.000000E+00 0.000000E+00 0.000000E+00 0.000000E+00 0.000000E+00 0.000000E+00 0.000000E+00 0.000000E+00 0.000000E+00 0.000000E+00 0.000000E+00 0.000000E+00 0.000000E+00 0.000000E+00 0.000000E+00 0.000000E+00 0.000000E+00 0.000000E+00 0.000000E+00
