### Run with WimpAnn version = wimpann-2.08                            
###   Using Pythia version   = Pythia 6.400    
###   Using nusigma version  = nusigma-1.15-pyr                        
###   Using DarkSUSY version = ds-4.1.6                                
###   WimpAnn run started at date 2007-09-11; time 04:54:02
### Neutrino oscillation parameters
#      theta_12 =  0.00000000E+00
#      theta_13 =  0.00000000E+00
#      theta_23 =  0.00000000E+00
#         delta =  0.00000000E+00
#  delta_m^2_21 =  0.81000000E-04
#  delta_m^2_31 =  0.22000000E-02
### WimpAnn run parameters
#  Annihilation channel =         1
#  Generated particles =  c                cbar            
#  WIMP mass =  0.50000000E+04
#  Number of annihilations =   2500000
#  Source = Earth
#...dPhi/dz in  200 bins from 0 to 1
#...Line  1- 6: flux at centre of Earth for neutrino 1-6
 0.724320E+01 0.325968E+01 0.230624E+01 0.175424E+01 0.143312E+01 0.115440E+01 0.983120E+00 0.849360E+00 0.745920E+00 0.635200E+00 0.549040E+00 0.489760E+00 0.426960E+00 0.396000E+00 0.356480E+00 0.312800E+00 0.280400E+00 0.255280E+00 0.236720E+00 0.211040E+00 0.191280E+00 0.185360E+00 0.155600E+00 0.144880E+00 0.136560E+00 0.125520E+00 0.117280E+00 0.104480E+00 0.104880E+00 0.894400E-01 0.773600E-01 0.781600E-01 0.712000E-01 0.678400E-01 0.608000E-01 0.542400E-01 0.539200E-01 0.551200E-01 0.432000E-01 0.432000E-01 0.380800E-01 0.372800E-01 0.395200E-01 0.304800E-01 0.323200E-01 0.268800E-01 0.279200E-01 0.237600E-01 0.216000E-01 0.232000E-01 0.191200E-01 0.181600E-01 0.168000E-01 0.189600E-01 0.140800E-01 0.152800E-01 0.127200E-01 0.116800E-01 0.122400E-01 0.102400E-01 0.116800E-01 0.848000E-02 0.968000E-02 0.928000E-02 0.760000E-02 0.720000E-02 0.600000E-02 0.584000E-02 0.552000E-02 0.624000E-02 0.568000E-02 0.536000E-02 0.416000E-02 0.352000E-02 0.424000E-02 0.408000E-02 0.496000E-02 0.392000E-02 0.272000E-02 0.272000E-02 0.168000E-02 0.168000E-02 0.176000E-02 0.224000E-02 0.216000E-02 0.232000E-02 0.184000E-02 0.168000E-02 0.136000E-02 0.800000E-03 0.120000E-02 0.136000E-02 0.152000E-02 0.176000E-02 0.560000E-03 0.120000E-02 0.800000E-03 0.640000E-03 0.960000E-03 0.640000E-03 0.480000E-03 0.560000E-03 0.320000E-03 0.560000E-03 0.960000E-03 0.480000E-03 0.480000E-03 0.320000E-03 0.320000E-03 0.320000E-03 0.480000E-03 0.240000E-03 0.560000E-03 0.240000E-03 0.160000E-03 0.400000E-03 0.800000E-04 0.240000E-03 0.160000E-03 0.800000E-04 0.800000E-04 0.160000E-03 0.000000E+00 0.160000E-03 0.000000E+00 0.800000E-04 0.800000E-04 0.000000E+00 0.800000E-04 0.800000E-04 0.000000E+00 0.000000E+00 0.800000E-04 0.000000E+00 0.800000E-04 0.000000E+00 0.000000E+00 0.000000E+00 0.000000E+00 0.000000E+00 0.000000E+00 0.000000E+00 0.000000E+00 0.000000E+00 0.000000E+00 0.000000E+00 0.000000E+00 0.000000E+00 0.000000E+00 0.000000E+00 0.000000E+00 0.000000E+00 0.000000E+00 0.000000E+00 0.000000E+00 0.000000E+00 0.000000E+00 0.000000E+00 0.000000E+00 0.000000E+00 0.000000E+00 0.000000E+00 0.000000E+00 0.000000E+00 0.000000E+00 0.000000E+00 0.000000E+00 0.000000E+00 0.000000E+00 0.000000E+00 0.000000E+00 0.000000E+00 0.000000E+00 0.000000E+00 0.000000E+00 0.000000E+00 0.000000E+00 0.000000E+00 0.000000E+00 0.000000E+00 0.000000E+00 0.000000E+00 0.000000E+00 0.000000E+00 0.000000E+00 0.000000E+00 0.000000E+00 0.000000E+00 0.000000E+00 0.000000E+00 0.000000E+00 0.000000E+00 0.000000E+00 0.000000E+00 0.000000E+00 0.000000E+00 0.000000E+00 0.000000E+00 0.000000E+00 0.000000E+00
 0.720976E+01 0.328384E+01 0.229432E+01 0.175144E+01 0.140456E+01 0.115648E+01 0.989200E+00 0.848880E+00 0.721200E+00 0.635680E+00 0.560560E+00 0.500560E+00 0.432960E+00 0.389120E+00 0.353760E+00 0.312080E+00 0.285440E+00 0.262640E+00 0.225760E+00 0.215600E+00 0.202000E+00 0.176480E+00 0.166400E+00 0.151840E+00 0.129680E+00 0.124000E+00 0.119600E+00 0.107840E+00 0.106160E+00 0.848000E-01 0.852000E-01 0.811200E-01 0.747200E-01 0.681600E-01 0.621600E-01 0.583200E-01 0.497600E-01 0.540000E-01 0.465600E-01 0.444000E-01 0.380800E-01 0.378400E-01 0.333600E-01 0.289600E-01 0.296000E-01 0.322400E-01 0.254400E-01 0.228000E-01 0.209600E-01 0.229600E-01 0.212800E-01 0.175200E-01 0.177600E-01 0.171200E-01 0.144000E-01 0.147200E-01 0.150400E-01 0.123200E-01 0.124000E-01 0.100800E-01 0.992000E-02 0.976000E-02 0.808000E-02 0.840000E-02 0.752000E-02 0.880000E-02 0.528000E-02 0.608000E-02 0.736000E-02 0.456000E-02 0.520000E-02 0.480000E-02 0.480000E-02 0.408000E-02 0.512000E-02 0.376000E-02 0.480000E-02 0.344000E-02 0.320000E-02 0.264000E-02 0.296000E-02 0.296000E-02 0.288000E-02 0.232000E-02 0.208000E-02 0.136000E-02 0.160000E-02 0.192000E-02 0.120000E-02 0.216000E-02 0.160000E-02 0.168000E-02 0.152000E-02 0.120000E-02 0.480000E-03 0.640000E-03 0.112000E-02 0.800000E-03 0.800000E-03 0.104000E-02 0.560000E-03 0.800000E-03 0.800000E-03 0.720000E-03 0.160000E-03 0.320000E-03 0.720000E-03 0.240000E-03 0.800000E-04 0.160000E-03 0.320000E-03 0.160000E-03 0.800000E-04 0.160000E-03 0.480000E-03 0.320000E-03 0.800000E-04 0.800000E-04 0.000000E+00 0.160000E-03 0.240000E-03 0.000000E+00 0.800000E-04 0.000000E+00 0.000000E+00 0.000000E+00 0.800000E-04 0.160000E-03 0.000000E+00 0.800000E-04 0.000000E+00 0.800000E-04 0.000000E+00 0.000000E+00 0.000000E+00 0.000000E+00 0.000000E+00 0.000000E+00 0.000000E+00 0.000000E+00 0.000000E+00 0.000000E+00 0.000000E+00 0.000000E+00 0.000000E+00 0.000000E+00 0.000000E+00 0.000000E+00 0.000000E+00 0.000000E+00 0.000000E+00 0.000000E+00 0.000000E+00 0.000000E+00 0.000000E+00 0.000000E+00 0.000000E+00 0.000000E+00 0.000000E+00 0.000000E+00 0.000000E+00 0.000000E+00 0.000000E+00 0.000000E+00 0.000000E+00 0.000000E+00 0.000000E+00 0.000000E+00 0.000000E+00 0.000000E+00 0.000000E+00 0.000000E+00 0.000000E+00 0.000000E+00 0.000000E+00 0.000000E+00 0.000000E+00 0.000000E+00 0.000000E+00 0.000000E+00 0.000000E+00 0.000000E+00 0.000000E+00 0.000000E+00 0.000000E+00 0.000000E+00 0.000000E+00 0.000000E+00 0.000000E+00 0.000000E+00 0.000000E+00 0.000000E+00 0.000000E+00 0.000000E+00 0.000000E+00 0.000000E+00 0.000000E+00 0.000000E+00 0.000000E+00 0.000000E+00
 0.732432E+01 0.330624E+01 0.229928E+01 0.176872E+01 0.143192E+01 0.117208E+01 0.971440E+00 0.845760E+00 0.721920E+00 0.633280E+00 0.553760E+00 0.481520E+00 0.438800E+00 0.395840E+00 0.347200E+00 0.311920E+00 0.280320E+00 0.244560E+00 0.236560E+00 0.205440E+00 0.191040E+00 0.175760E+00 0.156400E+00 0.142080E+00 0.133040E+00 0.117600E+00 0.110400E+00 0.104560E+00 0.987200E-01 0.897600E-01 0.782400E-01 0.748800E-01 0.717600E-01 0.648000E-01 0.592800E-01 0.572000E-01 0.521600E-01 0.461600E-01 0.444000E-01 0.458400E-01 0.383200E-01 0.371200E-01 0.356000E-01 0.319200E-01 0.277600E-01 0.272000E-01 0.256000E-01 0.224000E-01 0.242400E-01 0.198400E-01 0.209600E-01 0.176800E-01 0.168000E-01 0.142400E-01 0.140000E-01 0.148800E-01 0.152000E-01 0.101600E-01 0.111200E-01 0.107200E-01 0.106400E-01 0.936000E-02 0.920000E-02 0.760000E-02 0.640000E-02 0.672000E-02 0.536000E-02 0.664000E-02 0.528000E-02 0.464000E-02 0.592000E-02 0.480000E-02 0.312000E-02 0.376000E-02 0.288000E-02 0.344000E-02 0.296000E-02 0.304000E-02 0.264000E-02 0.208000E-02 0.216000E-02 0.168000E-02 0.184000E-02 0.168000E-02 0.128000E-02 0.800000E-03 0.880000E-03 0.136000E-02 0.104000E-02 0.128000E-02 0.144000E-02 0.136000E-02 0.960000E-03 0.128000E-02 0.800000E-03 0.112000E-02 0.480000E-03 0.560000E-03 0.880000E-03 0.560000E-03 0.640000E-03 0.160000E-03 0.480000E-03 0.480000E-03 0.240000E-03 0.480000E-03 0.160000E-03 0.240000E-03 0.240000E-03 0.480000E-03 0.240000E-03 0.160000E-03 0.160000E-03 0.240000E-03 0.160000E-03 0.320000E-03 0.800000E-04 0.800000E-04 0.000000E+00 0.160000E-03 0.800000E-04 0.800000E-04 0.000000E+00 0.000000E+00 0.000000E+00 0.160000E-03 0.000000E+00 0.000000E+00 0.000000E+00 0.000000E+00 0.000000E+00 0.800000E-04 0.000000E+00 0.000000E+00 0.000000E+00 0.000000E+00 0.800000E-04 0.000000E+00 0.000000E+00 0.800000E-04 0.800000E-04 0.000000E+00 0.000000E+00 0.000000E+00 0.000000E+00 0.000000E+00 0.000000E+00 0.800000E-04 0.000000E+00 0.000000E+00 0.000000E+00 0.000000E+00 0.000000E+00 0.000000E+00 0.000000E+00 0.000000E+00 0.000000E+00 0.000000E+00 0.000000E+00 0.000000E+00 0.000000E+00 0.000000E+00 0.000000E+00 0.000000E+00 0.000000E+00 0.000000E+00 0.000000E+00 0.000000E+00 0.000000E+00 0.000000E+00 0.000000E+00 0.000000E+00 0.000000E+00 0.000000E+00 0.000000E+00 0.000000E+00 0.000000E+00 0.000000E+00 0.000000E+00 0.000000E+00 0.000000E+00 0.000000E+00 0.000000E+00 0.000000E+00 0.000000E+00 0.000000E+00 0.000000E+00 0.000000E+00 0.000000E+00 0.000000E+00 0.000000E+00 0.000000E+00 0.000000E+00 0.000000E+00 0.000000E+00 0.000000E+00 0.000000E+00 0.000000E+00 0.000000E+00 0.000000E+00
 0.731008E+01 0.329504E+01 0.227376E+01 0.176632E+01 0.142944E+01 0.116744E+01 0.998560E+00 0.843440E+00 0.722400E+00 0.620800E+00 0.555840E+00 0.491280E+00 0.450080E+00 0.387600E+00 0.339840E+00 0.316000E+00 0.282720E+00 0.247680E+00 0.229440E+00 0.209920E+00 0.183440E+00 0.178880E+00 0.165520E+00 0.149520E+00 0.135120E+00 0.123840E+00 0.114320E+00 0.103360E+00 0.938400E-01 0.882400E-01 0.806400E-01 0.797600E-01 0.707200E-01 0.653600E-01 0.585600E-01 0.611200E-01 0.525600E-01 0.492800E-01 0.466400E-01 0.410400E-01 0.409600E-01 0.335200E-01 0.320800E-01 0.328800E-01 0.279200E-01 0.279200E-01 0.262400E-01 0.232800E-01 0.200800E-01 0.185600E-01 0.196800E-01 0.180000E-01 0.176800E-01 0.140000E-01 0.131200E-01 0.150400E-01 0.132000E-01 0.112000E-01 0.840000E-02 0.102400E-01 0.984000E-02 0.952000E-02 0.840000E-02 0.880000E-02 0.688000E-02 0.880000E-02 0.624000E-02 0.504000E-02 0.480000E-02 0.608000E-02 0.464000E-02 0.424000E-02 0.392000E-02 0.456000E-02 0.288000E-02 0.360000E-02 0.344000E-02 0.424000E-02 0.248000E-02 0.232000E-02 0.296000E-02 0.288000E-02 0.216000E-02 0.296000E-02 0.184000E-02 0.152000E-02 0.184000E-02 0.112000E-02 0.176000E-02 0.184000E-02 0.144000E-02 0.880000E-03 0.168000E-02 0.120000E-02 0.560000E-03 0.128000E-02 0.104000E-02 0.720000E-03 0.640000E-03 0.720000E-03 0.160000E-03 0.640000E-03 0.640000E-03 0.320000E-03 0.320000E-03 0.640000E-03 0.240000E-03 0.400000E-03 0.480000E-03 0.240000E-03 0.560000E-03 0.320000E-03 0.000000E+00 0.240000E-03 0.000000E+00 0.800000E-04 0.800000E-04 0.800000E-04 0.000000E+00 0.800000E-04 0.240000E-03 0.800000E-04 0.800000E-04 0.160000E-03 0.800000E-04 0.000000E+00 0.800000E-04 0.000000E+00 0.000000E+00 0.160000E-03 0.160000E-03 0.800000E-04 0.800000E-04 0.000000E+00 0.000000E+00 0.000000E+00 0.000000E+00 0.800000E-04 0.000000E+00 0.000000E+00 0.000000E+00 0.000000E+00 0.000000E+00 0.000000E+00 0.000000E+00 0.000000E+00 0.000000E+00 0.000000E+00 0.000000E+00 0.000000E+00 0.000000E+00 0.000000E+00 0.000000E+00 0.000000E+00 0.000000E+00 0.000000E+00 0.000000E+00 0.000000E+00 0.000000E+00 0.000000E+00 0.000000E+00 0.000000E+00 0.000000E+00 0.000000E+00 0.000000E+00 0.000000E+00 0.000000E+00 0.000000E+00 0.000000E+00 0.000000E+00 0.000000E+00 0.000000E+00 0.000000E+00 0.000000E+00 0.000000E+00 0.000000E+00 0.000000E+00 0.000000E+00 0.000000E+00 0.000000E+00 0.000000E+00 0.000000E+00 0.000000E+00 0.000000E+00 0.000000E+00 0.000000E+00 0.000000E+00 0.000000E+00 0.000000E+00 0.000000E+00 0.000000E+00 0.000000E+00 0.000000E+00 0.000000E+00 0.000000E+00 0.000000E+00 0.000000E+00 0.000000E+00 0.000000E+00 0.000000E+00
 0.994160E+00 0.320160E+00 0.173520E+00 0.112400E+00 0.807200E-01 0.620800E-01 0.469600E-01 0.349600E-01 0.311200E-01 0.236000E-01 0.228000E-01 0.154400E-01 0.132800E-01 0.112000E-01 0.107200E-01 0.880000E-02 0.624000E-02 0.632000E-02 0.688000E-02 0.528000E-02 0.424000E-02 0.416000E-02 0.336000E-02 0.344000E-02 0.264000E-02 0.208000E-02 0.256000E-02 0.168000E-02 0.264000E-02 0.128000E-02 0.248000E-02 0.176000E-02 0.144000E-02 0.168000E-02 0.136000E-02 0.136000E-02 0.128000E-02 0.112000E-02 0.128000E-02 0.800000E-03 0.480000E-03 0.960000E-03 0.720000E-03 0.800000E-03 0.960000E-03 0.112000E-02 0.104000E-02 0.640000E-03 0.640000E-03 0.480000E-03 0.320000E-03 0.240000E-03 0.720000E-03 0.320000E-03 0.560000E-03 0.400000E-03 0.560000E-03 0.640000E-03 0.320000E-03 0.480000E-03 0.320000E-03 0.480000E-03 0.320000E-03 0.400000E-03 0.800000E-04 0.240000E-03 0.160000E-03 0.160000E-03 0.800000E-04 0.240000E-03 0.320000E-03 0.800000E-04 0.000000E+00 0.240000E-03 0.240000E-03 0.800000E-04 0.800000E-04 0.400000E-03 0.800000E-04 0.160000E-03 0.000000E+00 0.160000E-03 0.000000E+00 0.240000E-03 0.800000E-04 0.000000E+00 0.000000E+00 0.800000E-04 0.000000E+00 0.800000E-04 0.160000E-03 0.000000E+00 0.800000E-04 0.160000E-03 0.800000E-04 0.800000E-04 0.800000E-04 0.000000E+00 0.000000E+00 0.000000E+00 0.000000E+00 0.800000E-04 0.800000E-04 0.000000E+00 0.000000E+00 0.160000E-03 0.000000E+00 0.000000E+00 0.800000E-04 0.000000E+00 0.800000E-04 0.000000E+00 0.000000E+00 0.000000E+00 0.000000E+00 0.800000E-04 0.000000E+00 0.000000E+00 0.000000E+00 0.000000E+00 0.000000E+00 0.000000E+00 0.000000E+00 0.000000E+00 0.000000E+00 0.000000E+00 0.000000E+00 0.000000E+00 0.000000E+00 0.000000E+00 0.000000E+00 0.000000E+00 0.000000E+00 0.000000E+00 0.000000E+00 0.000000E+00 0.000000E+00 0.000000E+00 0.000000E+00 0.000000E+00 0.000000E+00 0.000000E+00 0.000000E+00 0.000000E+00 0.000000E+00 0.000000E+00 0.000000E+00 0.000000E+00 0.000000E+00 0.000000E+00 0.000000E+00 0.000000E+00 0.000000E+00 0.000000E+00 0.000000E+00 0.000000E+00 0.000000E+00 0.000000E+00 0.000000E+00 0.000000E+00 0.000000E+00 0.000000E+00 0.000000E+00 0.000000E+00 0.000000E+00 0.000000E+00 0.000000E+00 0.000000E+00 0.000000E+00 0.000000E+00 0.000000E+00 0.000000E+00 0.000000E+00 0.000000E+00 0.000000E+00 0.000000E+00 0.000000E+00 0.000000E+00 0.000000E+00 0.000000E+00 0.000000E+00 0.000000E+00 0.000000E+00 0.000000E+00 0.000000E+00 0.000000E+00 0.000000E+00 0.000000E+00 0.000000E+00 0.000000E+00 0.000000E+00 0.000000E+00 0.000000E+00 0.000000E+00 0.000000E+00 0.000000E+00 0.000000E+00 0.000000E+00 0.000000E+00 0.000000E+00
 0.997280E+00 0.311280E+00 0.178240E+00 0.115920E+00 0.792000E-01 0.634400E-01 0.453600E-01 0.379200E-01 0.304000E-01 0.230400E-01 0.203200E-01 0.164000E-01 0.148000E-01 0.128800E-01 0.104800E-01 0.744000E-02 0.672000E-02 0.688000E-02 0.552000E-02 0.520000E-02 0.464000E-02 0.528000E-02 0.488000E-02 0.320000E-02 0.304000E-02 0.232000E-02 0.128000E-02 0.240000E-02 0.224000E-02 0.224000E-02 0.184000E-02 0.192000E-02 0.800000E-03 0.112000E-02 0.184000E-02 0.640000E-03 0.640000E-03 0.800000E-03 0.136000E-02 0.112000E-02 0.560000E-03 0.960000E-03 0.104000E-02 0.800000E-03 0.320000E-03 0.480000E-03 0.560000E-03 0.480000E-03 0.480000E-03 0.720000E-03 0.320000E-03 0.400000E-03 0.560000E-03 0.320000E-03 0.480000E-03 0.400000E-03 0.400000E-03 0.400000E-03 0.240000E-03 0.560000E-03 0.160000E-03 0.320000E-03 0.400000E-03 0.560000E-03 0.800000E-04 0.240000E-03 0.320000E-03 0.240000E-03 0.160000E-03 0.160000E-03 0.800000E-04 0.160000E-03 0.800000E-04 0.240000E-03 0.800000E-04 0.000000E+00 0.800000E-04 0.800000E-04 0.800000E-04 0.800000E-04 0.000000E+00 0.000000E+00 0.160000E-03 0.800000E-04 0.000000E+00 0.000000E+00 0.800000E-04 0.000000E+00 0.800000E-04 0.000000E+00 0.240000E-03 0.000000E+00 0.000000E+00 0.800000E-04 0.800000E-04 0.000000E+00 0.000000E+00 0.800000E-04 0.000000E+00 0.800000E-04 0.800000E-04 0.000000E+00 0.000000E+00 0.000000E+00 0.800000E-04 0.000000E+00 0.000000E+00 0.000000E+00 0.000000E+00 0.000000E+00 0.000000E+00 0.000000E+00 0.800000E-04 0.000000E+00 0.000000E+00 0.000000E+00 0.000000E+00 0.000000E+00 0.000000E+00 0.000000E+00 0.000000E+00 0.000000E+00 0.000000E+00 0.000000E+00 0.000000E+00 0.800000E-04 0.000000E+00 0.000000E+00 0.000000E+00 0.000000E+00 0.000000E+00 0.000000E+00 0.000000E+00 0.000000E+00 0.000000E+00 0.000000E+00 0.000000E+00 0.000000E+00 0.000000E+00 0.000000E+00 0.000000E+00 0.000000E+00 0.000000E+00 0.000000E+00 0.000000E+00 0.000000E+00 0.000000E+00 0.000000E+00 0.000000E+00 0.000000E+00 0.000000E+00 0.000000E+00 0.000000E+00 0.000000E+00 0.000000E+00 0.000000E+00 0.000000E+00 0.000000E+00 0.000000E+00 0.000000E+00 0.000000E+00 0.000000E+00 0.000000E+00 0.000000E+00 0.000000E+00 0.000000E+00 0.000000E+00 0.000000E+00 0.000000E+00 0.000000E+00 0.000000E+00 0.000000E+00 0.000000E+00 0.000000E+00 0.000000E+00 0.000000E+00 0.000000E+00 0.000000E+00 0.000000E+00 0.000000E+00 0.000000E+00 0.000000E+00 0.000000E+00 0.000000E+00 0.000000E+00 0.000000E+00 0.000000E+00 0.000000E+00 0.000000E+00 0.000000E+00 0.000000E+00 0.000000E+00 0.000000E+00 0.000000E+00 0.000000E+00 0.000000E+00 0.000000E+00 0.000000E+00 0.000000E+00 0.000000E+00
