### Run with WimpAnn version = wimpann-2.08                            
###   Using Pythia version   = Pythia 6.400    
###   Using nusigma version  = nusigma-1.15-pyr                        
###   Using DarkSUSY version = ds-4.1.6                                
###   WimpAnn run started at date 2007-09-12; time 04:51:51
### Neutrino oscillation parameters
#      theta_12 =  0.00000000E+00
#      theta_13 =  0.00000000E+00
#      theta_23 =  0.00000000E+00
#         delta =  0.00000000E+00
#  delta_m^2_21 =  0.81000000E-04
#  delta_m^2_31 =  0.22000000E-02
### WimpAnn run parameters
#  Annihilation channel =         5
#  Generated particles =  W+               W-              
#  WIMP mass =  0.80300000E+02
#  Number of annihilations =   2500000
#  Source = Earth
#...dPhi/dz in  200 bins from 0 to 1
#...Line  1- 6: flux at centre of Earth for neutrino 1-6
 0.510640E+00 0.552400E+00 0.514560E+00 0.484400E+00 0.459600E+00 0.435360E+00 0.412160E+00 0.387440E+00 0.359280E+00 0.333760E+00 0.314240E+00 0.294240E+00 0.290320E+00 0.263040E+00 0.251680E+00 0.241600E+00 0.230000E+00 0.206080E+00 0.202400E+00 0.185360E+00 0.183280E+00 0.174000E+00 0.162240E+00 0.157760E+00 0.145440E+00 0.137520E+00 0.126080E+00 0.121600E+00 0.117600E+00 0.114000E+00 0.110240E+00 0.999200E-01 0.981600E-01 0.933600E-01 0.878400E-01 0.823200E-01 0.744800E-01 0.692800E-01 0.730400E-01 0.663200E-01 0.632000E-01 0.625600E-01 0.567200E-01 0.515200E-01 0.584000E-01 0.545600E-01 0.528800E-01 0.484000E-01 0.479200E-01 0.483200E-01 0.465600E-01 0.464000E-01 0.428000E-01 0.417600E-01 0.398400E-01 0.398400E-01 0.380000E-01 0.418400E-01 0.365600E-01 0.372000E-01 0.365600E-01 0.401600E-01 0.372800E-01 0.393600E-01 0.394400E-01 0.382400E-01 0.428800E-01 0.487200E-01 0.496000E-01 0.511200E-01 0.578400E-01 0.567200E-01 0.635200E-01 0.698400E-01 0.788800E-01 0.844000E-01 0.893600E-01 0.102640E+00 0.109920E+00 0.128640E+00 0.142320E+00 0.162000E+00 0.189360E+00 0.202560E+00 0.228160E+00 0.264480E+00 0.296960E+00 0.340320E+00 0.380960E+00 0.436720E+00 0.472240E+00 0.519600E+00 0.578160E+00 0.639600E+00 0.687760E+00 0.754640E+00 0.817680E+00 0.877840E+00 0.918800E+00 0.945760E+00 0.997120E+00 0.933440E+00 0.884000E+00 0.804000E+00 0.741680E+00 0.686480E+00 0.627920E+00 0.571920E+00 0.518720E+00 0.467120E+00 0.415920E+00 0.365520E+00 0.323680E+00 0.291920E+00 0.259200E+00 0.232640E+00 0.193360E+00 0.176000E+00 0.159920E+00 0.132640E+00 0.120640E+00 0.100880E+00 0.941600E-01 0.769600E-01 0.741600E-01 0.636000E-01 0.527200E-01 0.500800E-01 0.424800E-01 0.364800E-01 0.337600E-01 0.300000E-01 0.256800E-01 0.252000E-01 0.189600E-01 0.175200E-01 0.154400E-01 0.138400E-01 0.129600E-01 0.107200E-01 0.102400E-01 0.108800E-01 0.784000E-02 0.600000E-02 0.672000E-02 0.544000E-02 0.448000E-02 0.488000E-02 0.320000E-02 0.312000E-02 0.304000E-02 0.288000E-02 0.184000E-02 0.200000E-02 0.144000E-02 0.112000E-02 0.112000E-02 0.640000E-03 0.480000E-03 0.800000E-04 0.800000E-04 0.000000E+00 0.000000E+00 0.800000E-04 0.000000E+00 0.000000E+00 0.000000E+00 0.000000E+00 0.000000E+00 0.000000E+00 0.000000E+00 0.000000E+00 0.000000E+00 0.000000E+00 0.000000E+00 0.000000E+00 0.000000E+00 0.000000E+00 0.000000E+00 0.000000E+00 0.000000E+00 0.000000E+00 0.000000E+00 0.000000E+00 0.000000E+00 0.000000E+00 0.000000E+00 0.000000E+00 0.000000E+00 0.000000E+00 0.000000E+00 0.000000E+00 0.000000E+00 0.000000E+00 0.000000E+00 0.000000E+00 0.000000E+00 0.000000E+00 0.000000E+00 0.000000E+00
 0.503360E+00 0.551200E+00 0.514320E+00 0.492400E+00 0.457840E+00 0.428720E+00 0.404320E+00 0.384160E+00 0.360640E+00 0.340400E+00 0.316960E+00 0.302960E+00 0.286960E+00 0.266000E+00 0.252240E+00 0.243600E+00 0.222320E+00 0.209680E+00 0.194960E+00 0.192160E+00 0.184800E+00 0.176880E+00 0.163680E+00 0.152640E+00 0.151840E+00 0.133680E+00 0.132960E+00 0.118720E+00 0.118560E+00 0.110320E+00 0.103680E+00 0.100800E+00 0.960000E-01 0.884000E-01 0.855200E-01 0.832000E-01 0.784000E-01 0.727200E-01 0.743200E-01 0.695200E-01 0.652000E-01 0.644000E-01 0.554400E-01 0.607200E-01 0.566400E-01 0.524800E-01 0.476800E-01 0.491200E-01 0.478400E-01 0.405600E-01 0.464800E-01 0.414400E-01 0.434400E-01 0.405600E-01 0.431200E-01 0.395200E-01 0.397600E-01 0.409600E-01 0.396800E-01 0.361600E-01 0.390400E-01 0.357600E-01 0.416800E-01 0.413600E-01 0.388000E-01 0.404800E-01 0.456000E-01 0.467200E-01 0.448000E-01 0.528800E-01 0.565600E-01 0.601600E-01 0.643200E-01 0.724800E-01 0.780800E-01 0.881600E-01 0.913600E-01 0.106800E+00 0.120160E+00 0.130400E+00 0.144160E+00 0.163440E+00 0.179840E+00 0.207520E+00 0.239280E+00 0.264480E+00 0.302560E+00 0.341360E+00 0.378640E+00 0.428160E+00 0.463120E+00 0.523680E+00 0.583280E+00 0.642960E+00 0.701920E+00 0.744480E+00 0.817200E+00 0.876400E+00 0.910320E+00 0.954240E+00 0.961600E+00 0.926000E+00 0.864320E+00 0.819280E+00 0.741680E+00 0.680400E+00 0.647360E+00 0.568560E+00 0.503920E+00 0.457840E+00 0.414000E+00 0.381520E+00 0.331680E+00 0.284800E+00 0.260880E+00 0.230160E+00 0.197040E+00 0.179920E+00 0.151760E+00 0.136480E+00 0.119040E+00 0.102960E+00 0.905600E-01 0.788800E-01 0.712000E-01 0.645600E-01 0.574400E-01 0.468800E-01 0.421600E-01 0.417600E-01 0.342400E-01 0.289600E-01 0.281600E-01 0.223200E-01 0.192000E-01 0.192000E-01 0.166400E-01 0.156800E-01 0.124800E-01 0.126400E-01 0.111200E-01 0.936000E-02 0.800000E-02 0.896000E-02 0.616000E-02 0.640000E-02 0.512000E-02 0.552000E-02 0.440000E-02 0.328000E-02 0.320000E-02 0.248000E-02 0.248000E-02 0.152000E-02 0.168000E-02 0.128000E-02 0.800000E-03 0.640000E-03 0.400000E-03 0.160000E-03 0.800000E-04 0.000000E+00 0.000000E+00 0.000000E+00 0.000000E+00 0.000000E+00 0.000000E+00 0.000000E+00 0.000000E+00 0.000000E+00 0.000000E+00 0.000000E+00 0.000000E+00 0.000000E+00 0.000000E+00 0.000000E+00 0.000000E+00 0.000000E+00 0.000000E+00 0.000000E+00 0.000000E+00 0.000000E+00 0.000000E+00 0.000000E+00 0.000000E+00 0.000000E+00 0.000000E+00 0.000000E+00 0.000000E+00 0.000000E+00 0.000000E+00 0.000000E+00 0.000000E+00 0.000000E+00 0.000000E+00 0.000000E+00 0.000000E+00 0.000000E+00 0.000000E+00 0.000000E+00
 0.514800E+00 0.565120E+00 0.521840E+00 0.495120E+00 0.472560E+00 0.430560E+00 0.401040E+00 0.392480E+00 0.374000E+00 0.347120E+00 0.324640E+00 0.300080E+00 0.280560E+00 0.266160E+00 0.256480E+00 0.233760E+00 0.224880E+00 0.212240E+00 0.205600E+00 0.189760E+00 0.177280E+00 0.166240E+00 0.156240E+00 0.145120E+00 0.143360E+00 0.133840E+00 0.131120E+00 0.114880E+00 0.115520E+00 0.105360E+00 0.104000E+00 0.964000E-01 0.893600E-01 0.896800E-01 0.807200E-01 0.829600E-01 0.760800E-01 0.741600E-01 0.689600E-01 0.650400E-01 0.568800E-01 0.562400E-01 0.545600E-01 0.532800E-01 0.538400E-01 0.500800E-01 0.481600E-01 0.476800E-01 0.475200E-01 0.441600E-01 0.436800E-01 0.438400E-01 0.371200E-01 0.424800E-01 0.385600E-01 0.362400E-01 0.356000E-01 0.355200E-01 0.360000E-01 0.375200E-01 0.354400E-01 0.342400E-01 0.381600E-01 0.391200E-01 0.384000E-01 0.408800E-01 0.416800E-01 0.412800E-01 0.484800E-01 0.489600E-01 0.522400E-01 0.605600E-01 0.651200E-01 0.708800E-01 0.767200E-01 0.793600E-01 0.930400E-01 0.106320E+00 0.116960E+00 0.124960E+00 0.144160E+00 0.165440E+00 0.180640E+00 0.217360E+00 0.232880E+00 0.263200E+00 0.293200E+00 0.329680E+00 0.394000E+00 0.426880E+00 0.469280E+00 0.520960E+00 0.587200E+00 0.640320E+00 0.691680E+00 0.758400E+00 0.816720E+00 0.863520E+00 0.914000E+00 0.966000E+00 0.976560E+00 0.919760E+00 0.856480E+00 0.808880E+00 0.747200E+00 0.673120E+00 0.643600E+00 0.578160E+00 0.527120E+00 0.464880E+00 0.427840E+00 0.373760E+00 0.329440E+00 0.287280E+00 0.248480E+00 0.228400E+00 0.205520E+00 0.174800E+00 0.147680E+00 0.133760E+00 0.116720E+00 0.105200E+00 0.867200E-01 0.838400E-01 0.762400E-01 0.662400E-01 0.549600E-01 0.466400E-01 0.460800E-01 0.379200E-01 0.342400E-01 0.308800E-01 0.276000E-01 0.245600E-01 0.213600E-01 0.201600E-01 0.169600E-01 0.136000E-01 0.139200E-01 0.120800E-01 0.832000E-02 0.816000E-02 0.776000E-02 0.720000E-02 0.552000E-02 0.552000E-02 0.544000E-02 0.456000E-02 0.416000E-02 0.344000E-02 0.320000E-02 0.296000E-02 0.200000E-02 0.152000E-02 0.208000E-02 0.960000E-03 0.720000E-03 0.720000E-03 0.400000E-03 0.160000E-03 0.240000E-03 0.000000E+00 0.800000E-04 0.000000E+00 0.000000E+00 0.000000E+00 0.000000E+00 0.000000E+00 0.000000E+00 0.000000E+00 0.000000E+00 0.000000E+00 0.000000E+00 0.000000E+00 0.000000E+00 0.000000E+00 0.000000E+00 0.000000E+00 0.000000E+00 0.000000E+00 0.000000E+00 0.000000E+00 0.000000E+00 0.000000E+00 0.000000E+00 0.000000E+00 0.000000E+00 0.000000E+00 0.000000E+00 0.000000E+00 0.000000E+00 0.000000E+00 0.000000E+00 0.000000E+00 0.000000E+00 0.000000E+00 0.000000E+00 0.000000E+00 0.000000E+00 0.000000E+00
 0.530400E+00 0.569600E+00 0.533200E+00 0.490240E+00 0.463440E+00 0.432880E+00 0.410240E+00 0.384400E+00 0.362560E+00 0.337520E+00 0.319760E+00 0.290720E+00 0.283920E+00 0.268880E+00 0.255920E+00 0.233840E+00 0.219440E+00 0.210720E+00 0.196400E+00 0.185920E+00 0.177440E+00 0.168880E+00 0.156880E+00 0.152240E+00 0.142880E+00 0.138320E+00 0.128640E+00 0.121280E+00 0.116240E+00 0.110800E+00 0.101360E+00 0.946400E-01 0.896000E-01 0.912800E-01 0.872800E-01 0.792000E-01 0.770400E-01 0.704800E-01 0.651200E-01 0.642400E-01 0.536000E-01 0.582400E-01 0.573600E-01 0.561600E-01 0.536800E-01 0.528000E-01 0.474400E-01 0.481600E-01 0.464800E-01 0.439200E-01 0.433600E-01 0.392800E-01 0.432000E-01 0.397600E-01 0.400000E-01 0.388000E-01 0.383200E-01 0.372000E-01 0.397600E-01 0.397600E-01 0.354400E-01 0.372800E-01 0.354400E-01 0.376000E-01 0.392800E-01 0.428800E-01 0.389600E-01 0.467200E-01 0.491200E-01 0.508800E-01 0.576000E-01 0.593600E-01 0.647200E-01 0.696800E-01 0.774400E-01 0.848800E-01 0.955200E-01 0.976000E-01 0.116800E+00 0.127120E+00 0.138880E+00 0.159840E+00 0.183280E+00 0.205600E+00 0.239680E+00 0.266720E+00 0.296320E+00 0.348080E+00 0.382400E+00 0.423200E+00 0.468960E+00 0.522400E+00 0.563040E+00 0.621200E+00 0.698720E+00 0.748480E+00 0.812560E+00 0.868720E+00 0.920720E+00 0.956880E+00 0.968480E+00 0.917440E+00 0.875280E+00 0.817600E+00 0.748080E+00 0.688480E+00 0.632640E+00 0.566240E+00 0.526240E+00 0.471360E+00 0.414640E+00 0.369120E+00 0.323520E+00 0.287200E+00 0.262240E+00 0.221840E+00 0.194560E+00 0.173120E+00 0.151200E+00 0.133040E+00 0.120080E+00 0.103840E+00 0.920000E-01 0.804000E-01 0.703200E-01 0.607200E-01 0.545600E-01 0.448000E-01 0.408000E-01 0.416000E-01 0.324000E-01 0.323200E-01 0.257600E-01 0.227200E-01 0.179200E-01 0.174400E-01 0.148000E-01 0.146400E-01 0.117600E-01 0.116000E-01 0.944000E-02 0.824000E-02 0.704000E-02 0.688000E-02 0.632000E-02 0.560000E-02 0.560000E-02 0.472000E-02 0.480000E-02 0.272000E-02 0.296000E-02 0.224000E-02 0.224000E-02 0.248000E-02 0.136000E-02 0.104000E-02 0.880000E-03 0.720000E-03 0.400000E-03 0.240000E-03 0.800000E-04 0.000000E+00 0.000000E+00 0.000000E+00 0.000000E+00 0.000000E+00 0.000000E+00 0.000000E+00 0.000000E+00 0.000000E+00 0.000000E+00 0.000000E+00 0.000000E+00 0.000000E+00 0.000000E+00 0.000000E+00 0.000000E+00 0.000000E+00 0.000000E+00 0.000000E+00 0.000000E+00 0.000000E+00 0.000000E+00 0.000000E+00 0.000000E+00 0.000000E+00 0.000000E+00 0.000000E+00 0.000000E+00 0.000000E+00 0.000000E+00 0.000000E+00 0.000000E+00 0.000000E+00 0.000000E+00 0.000000E+00 0.000000E+00 0.000000E+00 0.000000E+00 0.000000E+00
 0.429120E+00 0.441280E+00 0.432080E+00 0.415680E+00 0.417520E+00 0.403520E+00 0.402160E+00 0.400320E+00 0.395440E+00 0.376400E+00 0.388480E+00 0.370400E+00 0.377920E+00 0.369280E+00 0.369280E+00 0.359600E+00 0.363520E+00 0.353280E+00 0.352480E+00 0.338480E+00 0.340160E+00 0.326640E+00 0.328800E+00 0.327440E+00 0.322320E+00 0.317840E+00 0.315680E+00 0.316560E+00 0.303920E+00 0.302080E+00 0.290640E+00 0.284800E+00 0.282480E+00 0.284720E+00 0.278480E+00 0.278320E+00 0.259920E+00 0.266960E+00 0.267360E+00 0.249760E+00 0.258720E+00 0.246640E+00 0.245920E+00 0.246080E+00 0.233840E+00 0.228800E+00 0.237120E+00 0.227600E+00 0.218080E+00 0.215360E+00 0.219600E+00 0.214640E+00 0.205440E+00 0.208000E+00 0.206800E+00 0.193760E+00 0.205120E+00 0.189440E+00 0.182720E+00 0.187520E+00 0.182960E+00 0.184400E+00 0.182160E+00 0.168240E+00 0.173200E+00 0.172400E+00 0.166640E+00 0.172000E+00 0.169920E+00 0.168320E+00 0.173120E+00 0.176800E+00 0.177840E+00 0.173200E+00 0.172320E+00 0.182960E+00 0.193200E+00 0.190320E+00 0.201840E+00 0.210960E+00 0.226800E+00 0.235200E+00 0.250080E+00 0.278640E+00 0.290800E+00 0.321760E+00 0.347040E+00 0.395120E+00 0.424400E+00 0.464160E+00 0.523840E+00 0.576800E+00 0.622000E+00 0.671520E+00 0.725040E+00 0.788880E+00 0.839520E+00 0.894160E+00 0.928080E+00 0.992160E+00 0.980480E+00 0.940960E+00 0.878720E+00 0.806800E+00 0.745280E+00 0.703920E+00 0.629040E+00 0.569200E+00 0.516800E+00 0.460800E+00 0.428080E+00 0.377600E+00 0.331360E+00 0.292800E+00 0.261920E+00 0.225360E+00 0.195360E+00 0.172720E+00 0.147120E+00 0.132960E+00 0.114640E+00 0.107360E+00 0.864800E-01 0.767200E-01 0.723200E-01 0.635200E-01 0.568800E-01 0.466400E-01 0.431200E-01 0.399200E-01 0.350400E-01 0.302400E-01 0.252800E-01 0.229600E-01 0.192800E-01 0.194400E-01 0.169600E-01 0.149600E-01 0.117600E-01 0.118400E-01 0.107200E-01 0.904000E-02 0.712000E-02 0.776000E-02 0.768000E-02 0.656000E-02 0.560000E-02 0.504000E-02 0.376000E-02 0.432000E-02 0.280000E-02 0.336000E-02 0.216000E-02 0.224000E-02 0.160000E-02 0.120000E-02 0.640000E-03 0.560000E-03 0.560000E-03 0.160000E-03 0.000000E+00 0.000000E+00 0.000000E+00 0.000000E+00 0.000000E+00 0.000000E+00 0.000000E+00 0.000000E+00 0.000000E+00 0.000000E+00 0.000000E+00 0.000000E+00 0.000000E+00 0.000000E+00 0.000000E+00 0.000000E+00 0.000000E+00 0.000000E+00 0.000000E+00 0.000000E+00 0.000000E+00 0.000000E+00 0.000000E+00 0.000000E+00 0.000000E+00 0.000000E+00 0.000000E+00 0.000000E+00 0.000000E+00 0.000000E+00 0.000000E+00 0.000000E+00 0.000000E+00 0.000000E+00 0.000000E+00 0.000000E+00 0.000000E+00 0.000000E+00 0.000000E+00 0.000000E+00
 0.419040E+00 0.426240E+00 0.422080E+00 0.419920E+00 0.419520E+00 0.411360E+00 0.403760E+00 0.392720E+00 0.389840E+00 0.378960E+00 0.385840E+00 0.383440E+00 0.372560E+00 0.378720E+00 0.363120E+00 0.357040E+00 0.363120E+00 0.347360E+00 0.350400E+00 0.335280E+00 0.347600E+00 0.337680E+00 0.332960E+00 0.338480E+00 0.330560E+00 0.318560E+00 0.316400E+00 0.312720E+00 0.310000E+00 0.304240E+00 0.296800E+00 0.293120E+00 0.286720E+00 0.278880E+00 0.273280E+00 0.272800E+00 0.274800E+00 0.260880E+00 0.265280E+00 0.260960E+00 0.248720E+00 0.252720E+00 0.247440E+00 0.239280E+00 0.236240E+00 0.235840E+00 0.231200E+00 0.226720E+00 0.219200E+00 0.210720E+00 0.216480E+00 0.211920E+00 0.206960E+00 0.205760E+00 0.198400E+00 0.199440E+00 0.195680E+00 0.195520E+00 0.185040E+00 0.187520E+00 0.188560E+00 0.180640E+00 0.173520E+00 0.175280E+00 0.179920E+00 0.176160E+00 0.173520E+00 0.172320E+00 0.168880E+00 0.154880E+00 0.172560E+00 0.176240E+00 0.172160E+00 0.177600E+00 0.178720E+00 0.176720E+00 0.184080E+00 0.191120E+00 0.202560E+00 0.210000E+00 0.220480E+00 0.235680E+00 0.255040E+00 0.272080E+00 0.291520E+00 0.319440E+00 0.358480E+00 0.395200E+00 0.429520E+00 0.464000E+00 0.522080E+00 0.566480E+00 0.614160E+00 0.661040E+00 0.732240E+00 0.772560E+00 0.830160E+00 0.893040E+00 0.936080E+00 0.995280E+00 0.981200E+00 0.933520E+00 0.876800E+00 0.806800E+00 0.755920E+00 0.691120E+00 0.638000E+00 0.588400E+00 0.522880E+00 0.475920E+00 0.419440E+00 0.370400E+00 0.337040E+00 0.294080E+00 0.254000E+00 0.227440E+00 0.196480E+00 0.170240E+00 0.153920E+00 0.134720E+00 0.119840E+00 0.982400E-01 0.953600E-01 0.855200E-01 0.692800E-01 0.640000E-01 0.552000E-01 0.499200E-01 0.417600E-01 0.369600E-01 0.336000E-01 0.291200E-01 0.244800E-01 0.222400E-01 0.200000E-01 0.184800E-01 0.152800E-01 0.131200E-01 0.108000E-01 0.126400E-01 0.103200E-01 0.792000E-02 0.912000E-02 0.752000E-02 0.648000E-02 0.608000E-02 0.616000E-02 0.520000E-02 0.280000E-02 0.296000E-02 0.328000E-02 0.272000E-02 0.208000E-02 0.232000E-02 0.136000E-02 0.880000E-03 0.800000E-03 0.320000E-03 0.240000E-03 0.000000E+00 0.800000E-04 0.000000E+00 0.000000E+00 0.000000E+00 0.000000E+00 0.000000E+00 0.000000E+00 0.000000E+00 0.000000E+00 0.000000E+00 0.000000E+00 0.000000E+00 0.000000E+00 0.000000E+00 0.000000E+00 0.000000E+00 0.000000E+00 0.000000E+00 0.000000E+00 0.000000E+00 0.000000E+00 0.000000E+00 0.000000E+00 0.000000E+00 0.000000E+00 0.000000E+00 0.000000E+00 0.000000E+00 0.000000E+00 0.000000E+00 0.000000E+00 0.000000E+00 0.000000E+00 0.000000E+00 0.000000E+00 0.000000E+00 0.000000E+00 0.000000E+00 0.000000E+00 0.000000E+00
