### Run with WimpAnn version = wimpann-2.08                            
###   Using Pythia version   = Pythia 6.400    
###   Using nusigma version  = nusigma-1.15-pyr                        
###   Using DarkSUSY version = ds-4.1.6                                
###   WimpAnn run started at date 2007-09-12; time 03:23:53
### Neutrino oscillation parameters
#      theta_12 =  0.00000000E+00
#      theta_13 =  0.00000000E+00
#      theta_23 =  0.00000000E+00
#         delta =  0.00000000E+00
#  delta_m^2_21 =  0.81000000E-04
#  delta_m^2_31 =  0.22000000E-02
### WimpAnn run parameters
#  Annihilation channel =         2
#  Generated particles =  b                bbar            
#  WIMP mass =  0.80300000E+02
#  Number of annihilations =   2500000
#  Source = Earth
#...dPhi/dz in  200 bins from 0 to 1
#...Line  1- 6: flux at centre of Earth for neutrino 1-6
 0.162496E+01 0.183200E+01 0.175704E+01 0.165888E+01 0.163136E+01 0.154248E+01 0.147120E+01 0.140016E+01 0.133640E+01 0.127936E+01 0.122696E+01 0.114088E+01 0.109680E+01 0.104768E+01 0.992880E+00 0.956400E+00 0.916800E+00 0.866720E+00 0.824800E+00 0.811120E+00 0.754640E+00 0.716080E+00 0.682480E+00 0.648800E+00 0.615200E+00 0.592720E+00 0.570560E+00 0.543200E+00 0.520080E+00 0.497280E+00 0.477760E+00 0.453680E+00 0.439360E+00 0.411440E+00 0.412880E+00 0.394000E+00 0.363760E+00 0.351600E+00 0.354640E+00 0.339360E+00 0.317600E+00 0.297440E+00 0.287360E+00 0.279200E+00 0.269360E+00 0.260800E+00 0.247280E+00 0.240080E+00 0.226720E+00 0.222400E+00 0.216880E+00 0.200400E+00 0.194560E+00 0.194960E+00 0.183200E+00 0.178960E+00 0.164640E+00 0.161280E+00 0.162880E+00 0.145600E+00 0.137600E+00 0.139600E+00 0.133120E+00 0.125680E+00 0.114960E+00 0.115600E+00 0.112960E+00 0.103760E+00 0.105760E+00 0.994400E-01 0.903200E-01 0.908000E-01 0.827200E-01 0.792000E-01 0.764800E-01 0.700000E-01 0.723200E-01 0.685600E-01 0.604000E-01 0.600800E-01 0.556000E-01 0.512000E-01 0.527200E-01 0.484800E-01 0.476800E-01 0.452800E-01 0.430400E-01 0.366400E-01 0.352000E-01 0.360800E-01 0.345600E-01 0.296000E-01 0.289600E-01 0.296000E-01 0.264000E-01 0.251200E-01 0.248800E-01 0.212800E-01 0.202400E-01 0.185600E-01 0.173600E-01 0.162400E-01 0.160000E-01 0.143200E-01 0.115200E-01 0.115200E-01 0.111200E-01 0.106400E-01 0.936000E-02 0.912000E-02 0.904000E-02 0.720000E-02 0.664000E-02 0.656000E-02 0.664000E-02 0.520000E-02 0.496000E-02 0.456000E-02 0.272000E-02 0.384000E-02 0.392000E-02 0.264000E-02 0.248000E-02 0.160000E-02 0.216000E-02 0.112000E-02 0.128000E-02 0.168000E-02 0.128000E-02 0.200000E-02 0.136000E-02 0.104000E-02 0.120000E-02 0.104000E-02 0.104000E-02 0.640000E-03 0.720000E-03 0.480000E-03 0.640000E-03 0.320000E-03 0.400000E-03 0.240000E-03 0.240000E-03 0.800000E-04 0.320000E-03 0.160000E-03 0.000000E+00 0.160000E-03 0.000000E+00 0.000000E+00 0.000000E+00 0.000000E+00 0.000000E+00 0.000000E+00 0.000000E+00 0.000000E+00 0.000000E+00 0.000000E+00 0.000000E+00 0.000000E+00 0.000000E+00 0.000000E+00 0.000000E+00 0.000000E+00 0.000000E+00 0.000000E+00 0.000000E+00 0.000000E+00 0.000000E+00 0.000000E+00 0.000000E+00 0.000000E+00 0.000000E+00 0.000000E+00 0.000000E+00 0.000000E+00 0.000000E+00 0.000000E+00 0.000000E+00 0.000000E+00 0.000000E+00 0.000000E+00 0.000000E+00 0.000000E+00 0.000000E+00 0.000000E+00 0.000000E+00 0.000000E+00 0.000000E+00 0.000000E+00 0.000000E+00 0.000000E+00 0.000000E+00 0.000000E+00 0.000000E+00 0.000000E+00 0.000000E+00 0.000000E+00 0.000000E+00 0.000000E+00
 0.165000E+01 0.183336E+01 0.174360E+01 0.168664E+01 0.160504E+01 0.154896E+01 0.145512E+01 0.138616E+01 0.134680E+01 0.128192E+01 0.122184E+01 0.114432E+01 0.110736E+01 0.106624E+01 0.100112E+01 0.954640E+00 0.910000E+00 0.856400E+00 0.837040E+00 0.793360E+00 0.741360E+00 0.718240E+00 0.687680E+00 0.644320E+00 0.625440E+00 0.594480E+00 0.571680E+00 0.553680E+00 0.524320E+00 0.505520E+00 0.478320E+00 0.450960E+00 0.438400E+00 0.419760E+00 0.398560E+00 0.389280E+00 0.370000E+00 0.352000E+00 0.340000E+00 0.327280E+00 0.322800E+00 0.301600E+00 0.292160E+00 0.281680E+00 0.270400E+00 0.246640E+00 0.253920E+00 0.244240E+00 0.228400E+00 0.217520E+00 0.204480E+00 0.203600E+00 0.196880E+00 0.189440E+00 0.189760E+00 0.172880E+00 0.173360E+00 0.160080E+00 0.149120E+00 0.147360E+00 0.148400E+00 0.136080E+00 0.135040E+00 0.125280E+00 0.126320E+00 0.117280E+00 0.113920E+00 0.107200E+00 0.103520E+00 0.100560E+00 0.923200E-01 0.874400E-01 0.840000E-01 0.841600E-01 0.760000E-01 0.695200E-01 0.707200E-01 0.657600E-01 0.635200E-01 0.649600E-01 0.572800E-01 0.539200E-01 0.490400E-01 0.467200E-01 0.447200E-01 0.428000E-01 0.383200E-01 0.379200E-01 0.380800E-01 0.372000E-01 0.352000E-01 0.315200E-01 0.325600E-01 0.296000E-01 0.240000E-01 0.244800E-01 0.219200E-01 0.206400E-01 0.196800E-01 0.193600E-01 0.192800E-01 0.166400E-01 0.148800E-01 0.156800E-01 0.127200E-01 0.132000E-01 0.116800E-01 0.108000E-01 0.100000E-01 0.800000E-02 0.744000E-02 0.696000E-02 0.672000E-02 0.600000E-02 0.536000E-02 0.504000E-02 0.440000E-02 0.400000E-02 0.368000E-02 0.256000E-02 0.336000E-02 0.264000E-02 0.312000E-02 0.208000E-02 0.120000E-02 0.136000E-02 0.176000E-02 0.136000E-02 0.160000E-02 0.640000E-03 0.640000E-03 0.104000E-02 0.112000E-02 0.880000E-03 0.640000E-03 0.480000E-03 0.800000E-03 0.400000E-03 0.160000E-03 0.400000E-03 0.240000E-03 0.560000E-03 0.240000E-03 0.240000E-03 0.480000E-03 0.160000E-03 0.000000E+00 0.800000E-04 0.800000E-04 0.800000E-04 0.000000E+00 0.000000E+00 0.000000E+00 0.000000E+00 0.000000E+00 0.000000E+00 0.000000E+00 0.000000E+00 0.000000E+00 0.000000E+00 0.000000E+00 0.000000E+00 0.000000E+00 0.000000E+00 0.000000E+00 0.000000E+00 0.000000E+00 0.000000E+00 0.000000E+00 0.000000E+00 0.000000E+00 0.000000E+00 0.000000E+00 0.000000E+00 0.000000E+00 0.000000E+00 0.000000E+00 0.000000E+00 0.000000E+00 0.000000E+00 0.000000E+00 0.000000E+00 0.000000E+00 0.000000E+00 0.000000E+00 0.000000E+00 0.000000E+00 0.000000E+00 0.000000E+00 0.000000E+00 0.000000E+00 0.000000E+00 0.000000E+00 0.000000E+00 0.000000E+00 0.000000E+00 0.000000E+00 0.000000E+00 0.000000E+00 0.000000E+00
 0.166920E+01 0.183824E+01 0.176904E+01 0.171080E+01 0.161664E+01 0.153520E+01 0.148168E+01 0.138824E+01 0.133352E+01 0.127512E+01 0.120368E+01 0.116728E+01 0.110520E+01 0.104664E+01 0.100136E+01 0.957120E+00 0.891440E+00 0.874320E+00 0.823760E+00 0.789920E+00 0.745680E+00 0.717680E+00 0.672960E+00 0.657360E+00 0.623360E+00 0.610560E+00 0.565920E+00 0.533280E+00 0.521360E+00 0.490560E+00 0.468400E+00 0.454720E+00 0.421280E+00 0.416560E+00 0.405440E+00 0.385520E+00 0.366880E+00 0.364160E+00 0.332080E+00 0.324480E+00 0.316000E+00 0.305040E+00 0.291280E+00 0.270560E+00 0.256640E+00 0.256720E+00 0.242240E+00 0.233280E+00 0.230400E+00 0.225680E+00 0.215200E+00 0.210960E+00 0.193280E+00 0.183600E+00 0.183280E+00 0.180240E+00 0.164640E+00 0.152560E+00 0.152640E+00 0.147440E+00 0.140720E+00 0.133360E+00 0.128560E+00 0.128560E+00 0.120400E+00 0.116320E+00 0.108480E+00 0.107840E+00 0.101040E+00 0.928000E-01 0.956000E-01 0.879200E-01 0.834400E-01 0.826400E-01 0.775200E-01 0.719200E-01 0.735200E-01 0.689600E-01 0.620800E-01 0.625600E-01 0.560800E-01 0.544800E-01 0.531200E-01 0.465600E-01 0.484800E-01 0.441600E-01 0.410400E-01 0.400800E-01 0.352000E-01 0.336000E-01 0.342400E-01 0.309600E-01 0.300000E-01 0.280800E-01 0.239200E-01 0.220000E-01 0.228800E-01 0.219200E-01 0.220800E-01 0.181600E-01 0.173600E-01 0.165600E-01 0.156800E-01 0.161600E-01 0.140000E-01 0.112000E-01 0.115200E-01 0.102400E-01 0.104000E-01 0.848000E-02 0.768000E-02 0.688000E-02 0.592000E-02 0.584000E-02 0.616000E-02 0.568000E-02 0.536000E-02 0.376000E-02 0.448000E-02 0.304000E-02 0.272000E-02 0.232000E-02 0.256000E-02 0.192000E-02 0.192000E-02 0.176000E-02 0.168000E-02 0.120000E-02 0.136000E-02 0.880000E-03 0.120000E-02 0.112000E-02 0.128000E-02 0.720000E-03 0.400000E-03 0.640000E-03 0.480000E-03 0.480000E-03 0.560000E-03 0.320000E-03 0.480000E-03 0.160000E-03 0.160000E-03 0.240000E-03 0.160000E-03 0.800000E-04 0.800000E-04 0.000000E+00 0.800000E-04 0.000000E+00 0.000000E+00 0.000000E+00 0.000000E+00 0.000000E+00 0.000000E+00 0.000000E+00 0.000000E+00 0.000000E+00 0.000000E+00 0.000000E+00 0.000000E+00 0.000000E+00 0.000000E+00 0.000000E+00 0.000000E+00 0.000000E+00 0.000000E+00 0.000000E+00 0.000000E+00 0.000000E+00 0.000000E+00 0.000000E+00 0.000000E+00 0.000000E+00 0.000000E+00 0.000000E+00 0.000000E+00 0.000000E+00 0.000000E+00 0.000000E+00 0.000000E+00 0.000000E+00 0.000000E+00 0.000000E+00 0.000000E+00 0.000000E+00 0.000000E+00 0.000000E+00 0.000000E+00 0.000000E+00 0.000000E+00 0.000000E+00 0.000000E+00 0.000000E+00 0.000000E+00 0.000000E+00 0.000000E+00 0.000000E+00 0.000000E+00 0.000000E+00
 0.164776E+01 0.186112E+01 0.179008E+01 0.169640E+01 0.163448E+01 0.154056E+01 0.149048E+01 0.140264E+01 0.134288E+01 0.129144E+01 0.122664E+01 0.115544E+01 0.108920E+01 0.104512E+01 0.101304E+01 0.955920E+00 0.903680E+00 0.871120E+00 0.823920E+00 0.775760E+00 0.741680E+00 0.706080E+00 0.686080E+00 0.648320E+00 0.609520E+00 0.593520E+00 0.568080E+00 0.547280E+00 0.512640E+00 0.489360E+00 0.483840E+00 0.445600E+00 0.440400E+00 0.416960E+00 0.402080E+00 0.381360E+00 0.373520E+00 0.343360E+00 0.343840E+00 0.331600E+00 0.306960E+00 0.302160E+00 0.290960E+00 0.277680E+00 0.268160E+00 0.264960E+00 0.235440E+00 0.237440E+00 0.223280E+00 0.210720E+00 0.208400E+00 0.204240E+00 0.197520E+00 0.186400E+00 0.175920E+00 0.175040E+00 0.168720E+00 0.158320E+00 0.154640E+00 0.147360E+00 0.141440E+00 0.136400E+00 0.130080E+00 0.125520E+00 0.118480E+00 0.113840E+00 0.106160E+00 0.101840E+00 0.103120E+00 0.972000E-01 0.913600E-01 0.908800E-01 0.848000E-01 0.820800E-01 0.788800E-01 0.707200E-01 0.717600E-01 0.684000E-01 0.605600E-01 0.582400E-01 0.583200E-01 0.549600E-01 0.500000E-01 0.486400E-01 0.485600E-01 0.428800E-01 0.408800E-01 0.392800E-01 0.361600E-01 0.350400E-01 0.322400E-01 0.308000E-01 0.296000E-01 0.263200E-01 0.271200E-01 0.228800E-01 0.255200E-01 0.220800E-01 0.185600E-01 0.200000E-01 0.175200E-01 0.176800E-01 0.164000E-01 0.144800E-01 0.160800E-01 0.113600E-01 0.133600E-01 0.928000E-02 0.960000E-02 0.848000E-02 0.840000E-02 0.576000E-02 0.704000E-02 0.640000E-02 0.528000E-02 0.600000E-02 0.536000E-02 0.368000E-02 0.304000E-02 0.336000E-02 0.352000E-02 0.192000E-02 0.208000E-02 0.232000E-02 0.240000E-02 0.176000E-02 0.216000E-02 0.128000E-02 0.144000E-02 0.104000E-02 0.128000E-02 0.720000E-03 0.880000E-03 0.560000E-03 0.560000E-03 0.560000E-03 0.720000E-03 0.400000E-03 0.480000E-03 0.480000E-03 0.320000E-03 0.000000E+00 0.800000E-04 0.240000E-03 0.480000E-03 0.160000E-03 0.000000E+00 0.160000E-03 0.000000E+00 0.000000E+00 0.000000E+00 0.000000E+00 0.000000E+00 0.000000E+00 0.000000E+00 0.000000E+00 0.000000E+00 0.000000E+00 0.000000E+00 0.000000E+00 0.000000E+00 0.000000E+00 0.000000E+00 0.000000E+00 0.000000E+00 0.000000E+00 0.000000E+00 0.000000E+00 0.000000E+00 0.000000E+00 0.000000E+00 0.000000E+00 0.000000E+00 0.000000E+00 0.000000E+00 0.000000E+00 0.000000E+00 0.000000E+00 0.000000E+00 0.000000E+00 0.000000E+00 0.000000E+00 0.000000E+00 0.000000E+00 0.000000E+00 0.000000E+00 0.000000E+00 0.000000E+00 0.000000E+00 0.000000E+00 0.000000E+00 0.000000E+00 0.000000E+00 0.000000E+00 0.000000E+00 0.000000E+00 0.000000E+00 0.000000E+00 0.000000E+00 0.000000E+00
 0.665040E+00 0.706480E+00 0.706720E+00 0.663840E+00 0.653760E+00 0.619600E+00 0.593680E+00 0.581280E+00 0.548880E+00 0.523040E+00 0.519920E+00 0.483760E+00 0.463840E+00 0.456000E+00 0.427760E+00 0.410320E+00 0.394320E+00 0.370400E+00 0.365120E+00 0.348320E+00 0.322160E+00 0.318160E+00 0.298880E+00 0.296480E+00 0.284880E+00 0.267440E+00 0.260080E+00 0.241360E+00 0.237040E+00 0.217760E+00 0.214480E+00 0.202240E+00 0.194160E+00 0.180960E+00 0.173120E+00 0.166720E+00 0.157440E+00 0.156800E+00 0.136320E+00 0.131520E+00 0.124960E+00 0.122640E+00 0.116320E+00 0.101760E+00 0.107280E+00 0.955200E-01 0.845600E-01 0.848000E-01 0.767200E-01 0.729600E-01 0.688000E-01 0.650400E-01 0.573600E-01 0.565600E-01 0.528000E-01 0.468800E-01 0.420000E-01 0.415200E-01 0.371200E-01 0.339200E-01 0.326400E-01 0.315200E-01 0.293600E-01 0.270400E-01 0.219200E-01 0.199200E-01 0.200800E-01 0.167200E-01 0.152000E-01 0.144000E-01 0.136800E-01 0.119200E-01 0.103200E-01 0.123200E-01 0.976000E-02 0.848000E-02 0.744000E-02 0.656000E-02 0.480000E-02 0.512000E-02 0.368000E-02 0.376000E-02 0.384000E-02 0.304000E-02 0.352000E-02 0.400000E-02 0.232000E-02 0.216000E-02 0.200000E-02 0.152000E-02 0.200000E-02 0.168000E-02 0.112000E-02 0.880000E-03 0.960000E-03 0.480000E-03 0.480000E-03 0.880000E-03 0.800000E-03 0.880000E-03 0.400000E-03 0.800000E-03 0.640000E-03 0.400000E-03 0.240000E-03 0.320000E-03 0.240000E-03 0.320000E-03 0.320000E-03 0.160000E-03 0.800000E-04 0.160000E-03 0.400000E-03 0.320000E-03 0.800000E-04 0.800000E-04 0.000000E+00 0.000000E+00 0.800000E-04 0.800000E-04 0.000000E+00 0.800000E-04 0.160000E-03 0.800000E-04 0.000000E+00 0.000000E+00 0.000000E+00 0.000000E+00 0.800000E-04 0.000000E+00 0.000000E+00 0.000000E+00 0.000000E+00 0.000000E+00 0.000000E+00 0.000000E+00 0.000000E+00 0.000000E+00 0.000000E+00 0.000000E+00 0.000000E+00 0.000000E+00 0.000000E+00 0.000000E+00 0.000000E+00 0.000000E+00 0.000000E+00 0.000000E+00 0.000000E+00 0.000000E+00 0.000000E+00 0.000000E+00 0.000000E+00 0.000000E+00 0.000000E+00 0.000000E+00 0.000000E+00 0.000000E+00 0.000000E+00 0.000000E+00 0.000000E+00 0.000000E+00 0.000000E+00 0.000000E+00 0.000000E+00 0.000000E+00 0.000000E+00 0.000000E+00 0.000000E+00 0.000000E+00 0.000000E+00 0.000000E+00 0.000000E+00 0.000000E+00 0.000000E+00 0.000000E+00 0.000000E+00 0.000000E+00 0.000000E+00 0.000000E+00 0.000000E+00 0.000000E+00 0.000000E+00 0.000000E+00 0.000000E+00 0.000000E+00 0.000000E+00 0.000000E+00 0.000000E+00 0.000000E+00 0.000000E+00 0.000000E+00 0.000000E+00 0.000000E+00 0.000000E+00 0.000000E+00 0.000000E+00 0.000000E+00 0.000000E+00 0.000000E+00
 0.655200E+00 0.725760E+00 0.704640E+00 0.677040E+00 0.642560E+00 0.631040E+00 0.601520E+00 0.574400E+00 0.541120E+00 0.535280E+00 0.503600E+00 0.488320E+00 0.474480E+00 0.452160E+00 0.430800E+00 0.410720E+00 0.392560E+00 0.380560E+00 0.358080E+00 0.342720E+00 0.339920E+00 0.318240E+00 0.302720E+00 0.292880E+00 0.281040E+00 0.268080E+00 0.256000E+00 0.237600E+00 0.238160E+00 0.218080E+00 0.208640E+00 0.203760E+00 0.199920E+00 0.183120E+00 0.170160E+00 0.169600E+00 0.154160E+00 0.148640E+00 0.137840E+00 0.129120E+00 0.123120E+00 0.115840E+00 0.112960E+00 0.103760E+00 0.101760E+00 0.914400E-01 0.860800E-01 0.850400E-01 0.781600E-01 0.748800E-01 0.671200E-01 0.628800E-01 0.588000E-01 0.546400E-01 0.525600E-01 0.486400E-01 0.450400E-01 0.404800E-01 0.376800E-01 0.352000E-01 0.298400E-01 0.306400E-01 0.289600E-01 0.251200E-01 0.196000E-01 0.222400E-01 0.200000E-01 0.163200E-01 0.158400E-01 0.146400E-01 0.136800E-01 0.124800E-01 0.100800E-01 0.912000E-02 0.920000E-02 0.696000E-02 0.776000E-02 0.688000E-02 0.488000E-02 0.552000E-02 0.512000E-02 0.480000E-02 0.264000E-02 0.360000E-02 0.408000E-02 0.296000E-02 0.248000E-02 0.264000E-02 0.152000E-02 0.136000E-02 0.152000E-02 0.152000E-02 0.120000E-02 0.136000E-02 0.104000E-02 0.880000E-03 0.720000E-03 0.400000E-03 0.960000E-03 0.720000E-03 0.104000E-02 0.640000E-03 0.400000E-03 0.480000E-03 0.320000E-03 0.400000E-03 0.320000E-03 0.400000E-03 0.400000E-03 0.160000E-03 0.400000E-03 0.160000E-03 0.240000E-03 0.800000E-04 0.240000E-03 0.800000E-04 0.240000E-03 0.240000E-03 0.000000E+00 0.800000E-04 0.800000E-04 0.800000E-04 0.000000E+00 0.240000E-03 0.000000E+00 0.000000E+00 0.000000E+00 0.000000E+00 0.000000E+00 0.000000E+00 0.000000E+00 0.000000E+00 0.000000E+00 0.000000E+00 0.000000E+00 0.000000E+00 0.000000E+00 0.000000E+00 0.000000E+00 0.000000E+00 0.000000E+00 0.000000E+00 0.000000E+00 0.000000E+00 0.000000E+00 0.000000E+00 0.000000E+00 0.000000E+00 0.000000E+00 0.000000E+00 0.000000E+00 0.000000E+00 0.000000E+00 0.000000E+00 0.000000E+00 0.000000E+00 0.000000E+00 0.000000E+00 0.000000E+00 0.000000E+00 0.000000E+00 0.000000E+00 0.000000E+00 0.000000E+00 0.000000E+00 0.000000E+00 0.000000E+00 0.000000E+00 0.000000E+00 0.000000E+00 0.000000E+00 0.000000E+00 0.000000E+00 0.000000E+00 0.000000E+00 0.000000E+00 0.000000E+00 0.000000E+00 0.000000E+00 0.000000E+00 0.000000E+00 0.000000E+00 0.000000E+00 0.000000E+00 0.000000E+00 0.000000E+00 0.000000E+00 0.000000E+00 0.000000E+00 0.000000E+00 0.000000E+00 0.000000E+00 0.000000E+00 0.000000E+00 0.000000E+00 0.000000E+00 0.000000E+00 0.000000E+00 0.000000E+00 0.000000E+00
