### Run with WimpAnn version = wimpann-2.08                            
###   Using Pythia version   = Pythia 6.400    
###   Using nusigma version  = nusigma-1.15-pyr                        
###   Using DarkSUSY version = ds-4.1.6                                
###   WimpAnn run started at date 2007-09-08; time 20:43:16
### Neutrino oscillation parameters
#      theta_12 =  0.00000000E+00
#      theta_13 =  0.00000000E+00
#      theta_23 =  0.00000000E+00
#         delta =  0.00000000E+00
#  delta_m^2_21 =  0.81000000E-04
#  delta_m^2_31 =  0.22000000E-02
### WimpAnn run parameters
#  Annihilation channel =         2
#  Generated particles =  b                bbar            
#  WIMP mass =  0.20000000E+04
#  Number of annihilations =   2500000
#  Source = Earth
#...dPhi/dz in  200 bins from 0 to 1
#...Line  1- 6: flux at centre of Earth for neutrino 1-6
 0.670648E+01 0.442496E+01 0.354376E+01 0.301408E+01 0.258048E+01 0.222728E+01 0.200144E+01 0.178152E+01 0.158048E+01 0.140896E+01 0.126888E+01 0.116888E+01 0.106728E+01 0.969680E+00 0.886720E+00 0.827200E+00 0.753440E+00 0.707280E+00 0.637120E+00 0.609520E+00 0.565360E+00 0.522640E+00 0.485120E+00 0.450560E+00 0.417440E+00 0.393600E+00 0.377120E+00 0.353680E+00 0.329120E+00 0.310720E+00 0.290480E+00 0.276400E+00 0.259200E+00 0.241840E+00 0.224720E+00 0.209440E+00 0.196800E+00 0.191360E+00 0.190240E+00 0.177600E+00 0.165680E+00 0.146880E+00 0.144160E+00 0.134240E+00 0.125120E+00 0.120080E+00 0.114960E+00 0.107200E+00 0.104640E+00 0.986400E-01 0.868800E-01 0.851200E-01 0.845600E-01 0.792000E-01 0.724000E-01 0.684800E-01 0.709600E-01 0.632000E-01 0.587200E-01 0.569600E-01 0.510400E-01 0.508000E-01 0.444800E-01 0.428000E-01 0.442400E-01 0.403200E-01 0.357600E-01 0.324000E-01 0.328800E-01 0.302400E-01 0.281600E-01 0.274400E-01 0.231200E-01 0.261600E-01 0.230400E-01 0.206400E-01 0.192800E-01 0.188000E-01 0.179200E-01 0.160800E-01 0.149600E-01 0.126400E-01 0.147200E-01 0.126400E-01 0.116000E-01 0.108000E-01 0.104800E-01 0.744000E-02 0.960000E-02 0.888000E-02 0.704000E-02 0.728000E-02 0.456000E-02 0.656000E-02 0.552000E-02 0.504000E-02 0.488000E-02 0.384000E-02 0.488000E-02 0.384000E-02 0.256000E-02 0.368000E-02 0.392000E-02 0.240000E-02 0.240000E-02 0.224000E-02 0.176000E-02 0.272000E-02 0.104000E-02 0.152000E-02 0.176000E-02 0.136000E-02 0.192000E-02 0.480000E-03 0.720000E-03 0.176000E-02 0.480000E-03 0.560000E-03 0.720000E-03 0.320000E-03 0.400000E-03 0.640000E-03 0.560000E-03 0.480000E-03 0.480000E-03 0.800000E-04 0.240000E-03 0.800000E-04 0.320000E-03 0.240000E-03 0.160000E-03 0.240000E-03 0.800000E-04 0.000000E+00 0.000000E+00 0.800000E-04 0.000000E+00 0.000000E+00 0.000000E+00 0.000000E+00 0.000000E+00 0.000000E+00 0.000000E+00 0.000000E+00 0.000000E+00 0.000000E+00 0.000000E+00 0.000000E+00 0.000000E+00 0.000000E+00 0.000000E+00 0.000000E+00 0.000000E+00 0.000000E+00 0.000000E+00 0.000000E+00 0.000000E+00 0.000000E+00 0.000000E+00 0.000000E+00 0.000000E+00 0.000000E+00 0.000000E+00 0.000000E+00 0.000000E+00 0.000000E+00 0.000000E+00 0.000000E+00 0.000000E+00 0.000000E+00 0.000000E+00 0.000000E+00 0.000000E+00 0.000000E+00 0.000000E+00 0.000000E+00 0.000000E+00 0.000000E+00 0.000000E+00 0.000000E+00 0.000000E+00 0.000000E+00 0.000000E+00 0.000000E+00 0.000000E+00 0.000000E+00 0.000000E+00 0.000000E+00 0.000000E+00 0.000000E+00 0.000000E+00 0.000000E+00 0.000000E+00 0.000000E+00 0.000000E+00 0.000000E+00 0.000000E+00 0.000000E+00 0.000000E+00 0.000000E+00
 0.672184E+01 0.442720E+01 0.355880E+01 0.298856E+01 0.255696E+01 0.224928E+01 0.196984E+01 0.177104E+01 0.157304E+01 0.141392E+01 0.128536E+01 0.114944E+01 0.105888E+01 0.957520E+00 0.896160E+00 0.812800E+00 0.766240E+00 0.702080E+00 0.654960E+00 0.612400E+00 0.559920E+00 0.517360E+00 0.486160E+00 0.461760E+00 0.414640E+00 0.392880E+00 0.373440E+00 0.341600E+00 0.331200E+00 0.307440E+00 0.294000E+00 0.278160E+00 0.261520E+00 0.245600E+00 0.229520E+00 0.217200E+00 0.206320E+00 0.192320E+00 0.180960E+00 0.169840E+00 0.161360E+00 0.149760E+00 0.147120E+00 0.133760E+00 0.128560E+00 0.125040E+00 0.113280E+00 0.106480E+00 0.104320E+00 0.978400E-01 0.916000E-01 0.920800E-01 0.780800E-01 0.756800E-01 0.701600E-01 0.636800E-01 0.669600E-01 0.616000E-01 0.556800E-01 0.549600E-01 0.521600E-01 0.456800E-01 0.467200E-01 0.453600E-01 0.397600E-01 0.358400E-01 0.354400E-01 0.358400E-01 0.324800E-01 0.299200E-01 0.269600E-01 0.236800E-01 0.258400E-01 0.241600E-01 0.248800E-01 0.194400E-01 0.189600E-01 0.173600E-01 0.175200E-01 0.163200E-01 0.164000E-01 0.140000E-01 0.123200E-01 0.115200E-01 0.104000E-01 0.960000E-02 0.110400E-01 0.103200E-01 0.808000E-02 0.912000E-02 0.696000E-02 0.704000E-02 0.680000E-02 0.608000E-02 0.592000E-02 0.536000E-02 0.496000E-02 0.440000E-02 0.368000E-02 0.336000E-02 0.368000E-02 0.320000E-02 0.240000E-02 0.328000E-02 0.192000E-02 0.232000E-02 0.192000E-02 0.216000E-02 0.216000E-02 0.240000E-02 0.128000E-02 0.120000E-02 0.880000E-03 0.184000E-02 0.152000E-02 0.960000E-03 0.960000E-03 0.104000E-02 0.560000E-03 0.560000E-03 0.640000E-03 0.720000E-03 0.480000E-03 0.320000E-03 0.160000E-03 0.640000E-03 0.320000E-03 0.800000E-04 0.800000E-04 0.800000E-04 0.160000E-03 0.240000E-03 0.000000E+00 0.800000E-04 0.160000E-03 0.240000E-03 0.800000E-04 0.160000E-03 0.000000E+00 0.000000E+00 0.000000E+00 0.000000E+00 0.800000E-04 0.000000E+00 0.000000E+00 0.000000E+00 0.000000E+00 0.800000E-04 0.000000E+00 0.000000E+00 0.000000E+00 0.000000E+00 0.000000E+00 0.000000E+00 0.000000E+00 0.000000E+00 0.000000E+00 0.000000E+00 0.000000E+00 0.000000E+00 0.000000E+00 0.000000E+00 0.000000E+00 0.000000E+00 0.000000E+00 0.000000E+00 0.000000E+00 0.000000E+00 0.000000E+00 0.000000E+00 0.000000E+00 0.000000E+00 0.000000E+00 0.000000E+00 0.000000E+00 0.000000E+00 0.000000E+00 0.000000E+00 0.000000E+00 0.000000E+00 0.000000E+00 0.000000E+00 0.000000E+00 0.000000E+00 0.000000E+00 0.000000E+00 0.000000E+00 0.000000E+00 0.000000E+00 0.000000E+00 0.000000E+00 0.000000E+00 0.000000E+00 0.000000E+00 0.000000E+00 0.000000E+00 0.000000E+00 0.000000E+00 0.000000E+00 0.000000E+00
 0.678808E+01 0.446672E+01 0.357496E+01 0.299472E+01 0.258584E+01 0.222768E+01 0.200328E+01 0.173872E+01 0.158376E+01 0.139352E+01 0.127216E+01 0.115024E+01 0.105288E+01 0.967360E+00 0.881760E+00 0.814400E+00 0.738560E+00 0.696480E+00 0.638480E+00 0.599840E+00 0.556960E+00 0.518160E+00 0.474080E+00 0.446800E+00 0.418880E+00 0.396800E+00 0.379520E+00 0.346880E+00 0.323440E+00 0.302160E+00 0.286800E+00 0.272480E+00 0.258560E+00 0.236000E+00 0.226160E+00 0.213760E+00 0.194400E+00 0.190720E+00 0.179360E+00 0.167600E+00 0.155840E+00 0.158240E+00 0.135200E+00 0.140080E+00 0.123200E+00 0.120080E+00 0.110640E+00 0.107680E+00 0.105520E+00 0.961600E-01 0.900800E-01 0.905600E-01 0.785600E-01 0.784000E-01 0.705600E-01 0.704800E-01 0.661600E-01 0.575200E-01 0.559200E-01 0.536000E-01 0.510400E-01 0.479200E-01 0.440000E-01 0.393600E-01 0.424800E-01 0.351200E-01 0.332800E-01 0.330400E-01 0.308000E-01 0.287200E-01 0.291200E-01 0.240800E-01 0.260000E-01 0.240800E-01 0.206400E-01 0.227200E-01 0.216800E-01 0.173600E-01 0.158400E-01 0.173600E-01 0.144800E-01 0.137600E-01 0.136000E-01 0.128000E-01 0.135200E-01 0.992000E-02 0.116800E-01 0.936000E-02 0.832000E-02 0.776000E-02 0.768000E-02 0.752000E-02 0.616000E-02 0.608000E-02 0.520000E-02 0.400000E-02 0.488000E-02 0.528000E-02 0.368000E-02 0.392000E-02 0.320000E-02 0.360000E-02 0.392000E-02 0.256000E-02 0.232000E-02 0.272000E-02 0.152000E-02 0.176000E-02 0.168000E-02 0.152000E-02 0.112000E-02 0.120000E-02 0.640000E-03 0.128000E-02 0.128000E-02 0.800000E-03 0.560000E-03 0.800000E-03 0.800000E-03 0.240000E-03 0.480000E-03 0.800000E-03 0.320000E-03 0.320000E-03 0.160000E-03 0.240000E-03 0.160000E-03 0.240000E-03 0.240000E-03 0.240000E-03 0.000000E+00 0.160000E-03 0.800000E-04 0.240000E-03 0.000000E+00 0.800000E-04 0.160000E-03 0.240000E-03 0.000000E+00 0.800000E-04 0.000000E+00 0.000000E+00 0.800000E-04 0.000000E+00 0.000000E+00 0.800000E-04 0.000000E+00 0.000000E+00 0.000000E+00 0.000000E+00 0.000000E+00 0.000000E+00 0.000000E+00 0.000000E+00 0.000000E+00 0.000000E+00 0.000000E+00 0.000000E+00 0.000000E+00 0.000000E+00 0.000000E+00 0.000000E+00 0.000000E+00 0.000000E+00 0.000000E+00 0.000000E+00 0.000000E+00 0.000000E+00 0.000000E+00 0.000000E+00 0.000000E+00 0.000000E+00 0.000000E+00 0.000000E+00 0.000000E+00 0.000000E+00 0.000000E+00 0.000000E+00 0.000000E+00 0.000000E+00 0.000000E+00 0.000000E+00 0.000000E+00 0.000000E+00 0.000000E+00 0.000000E+00 0.000000E+00 0.000000E+00 0.000000E+00 0.000000E+00 0.000000E+00 0.000000E+00 0.000000E+00 0.000000E+00 0.000000E+00 0.000000E+00 0.000000E+00 0.000000E+00 0.000000E+00 0.000000E+00
 0.675976E+01 0.450384E+01 0.358208E+01 0.301784E+01 0.259120E+01 0.224416E+01 0.198672E+01 0.175136E+01 0.157136E+01 0.139768E+01 0.127768E+01 0.115640E+01 0.106624E+01 0.951520E+00 0.879600E+00 0.809920E+00 0.741200E+00 0.695520E+00 0.625120E+00 0.609680E+00 0.539440E+00 0.522560E+00 0.464080E+00 0.447920E+00 0.413200E+00 0.395200E+00 0.366480E+00 0.354160E+00 0.324240E+00 0.301520E+00 0.283760E+00 0.269920E+00 0.260960E+00 0.241600E+00 0.223280E+00 0.220560E+00 0.202720E+00 0.190000E+00 0.177680E+00 0.170320E+00 0.163680E+00 0.151040E+00 0.140960E+00 0.133520E+00 0.127840E+00 0.124000E+00 0.116880E+00 0.104800E+00 0.977600E-01 0.973600E-01 0.925600E-01 0.876000E-01 0.801600E-01 0.742400E-01 0.716000E-01 0.684800E-01 0.649600E-01 0.617600E-01 0.590400E-01 0.548000E-01 0.528000E-01 0.476800E-01 0.452000E-01 0.435200E-01 0.378400E-01 0.388800E-01 0.369600E-01 0.319200E-01 0.329600E-01 0.298400E-01 0.285600E-01 0.291200E-01 0.227200E-01 0.232800E-01 0.232800E-01 0.205600E-01 0.180000E-01 0.181600E-01 0.165600E-01 0.147200E-01 0.140000E-01 0.134400E-01 0.132800E-01 0.123200E-01 0.121600E-01 0.110400E-01 0.960000E-02 0.952000E-02 0.728000E-02 0.784000E-02 0.744000E-02 0.664000E-02 0.680000E-02 0.576000E-02 0.600000E-02 0.512000E-02 0.456000E-02 0.512000E-02 0.408000E-02 0.376000E-02 0.280000E-02 0.288000E-02 0.320000E-02 0.256000E-02 0.304000E-02 0.152000E-02 0.152000E-02 0.216000E-02 0.152000E-02 0.160000E-02 0.120000E-02 0.128000E-02 0.112000E-02 0.152000E-02 0.136000E-02 0.120000E-02 0.800000E-03 0.720000E-03 0.640000E-03 0.800000E-03 0.320000E-03 0.480000E-03 0.480000E-03 0.640000E-03 0.320000E-03 0.800000E-04 0.240000E-03 0.240000E-03 0.160000E-03 0.160000E-03 0.800000E-04 0.400000E-03 0.400000E-03 0.800000E-04 0.000000E+00 0.800000E-04 0.000000E+00 0.000000E+00 0.000000E+00 0.000000E+00 0.000000E+00 0.000000E+00 0.000000E+00 0.000000E+00 0.000000E+00 0.000000E+00 0.000000E+00 0.000000E+00 0.000000E+00 0.000000E+00 0.000000E+00 0.000000E+00 0.000000E+00 0.000000E+00 0.000000E+00 0.000000E+00 0.000000E+00 0.000000E+00 0.000000E+00 0.000000E+00 0.000000E+00 0.000000E+00 0.000000E+00 0.000000E+00 0.000000E+00 0.000000E+00 0.000000E+00 0.000000E+00 0.000000E+00 0.000000E+00 0.000000E+00 0.000000E+00 0.000000E+00 0.000000E+00 0.000000E+00 0.000000E+00 0.000000E+00 0.000000E+00 0.000000E+00 0.000000E+00 0.000000E+00 0.000000E+00 0.000000E+00 0.000000E+00 0.000000E+00 0.000000E+00 0.000000E+00 0.000000E+00 0.000000E+00 0.000000E+00 0.000000E+00 0.000000E+00 0.000000E+00 0.000000E+00 0.000000E+00 0.000000E+00 0.000000E+00 0.000000E+00 0.000000E+00 0.000000E+00
 0.202160E+01 0.151768E+01 0.127200E+01 0.113160E+01 0.982720E+00 0.877600E+00 0.804320E+00 0.726720E+00 0.675680E+00 0.623440E+00 0.570240E+00 0.520400E+00 0.480000E+00 0.446880E+00 0.406240E+00 0.385120E+00 0.352000E+00 0.313200E+00 0.285040E+00 0.268320E+00 0.254720E+00 0.231920E+00 0.214320E+00 0.198960E+00 0.181440E+00 0.169520E+00 0.150320E+00 0.146880E+00 0.130640E+00 0.116560E+00 0.112400E+00 0.101440E+00 0.970400E-01 0.897600E-01 0.802400E-01 0.732800E-01 0.672000E-01 0.648000E-01 0.586400E-01 0.513600E-01 0.470400E-01 0.415200E-01 0.464000E-01 0.381600E-01 0.310400E-01 0.311200E-01 0.276800E-01 0.284000E-01 0.242400E-01 0.211200E-01 0.202400E-01 0.169600E-01 0.180800E-01 0.156000E-01 0.151200E-01 0.128800E-01 0.120000E-01 0.880000E-02 0.101600E-01 0.744000E-02 0.792000E-02 0.776000E-02 0.696000E-02 0.624000E-02 0.552000E-02 0.600000E-02 0.480000E-02 0.352000E-02 0.344000E-02 0.352000E-02 0.336000E-02 0.240000E-02 0.192000E-02 0.272000E-02 0.232000E-02 0.144000E-02 0.192000E-02 0.128000E-02 0.720000E-03 0.720000E-03 0.880000E-03 0.720000E-03 0.640000E-03 0.136000E-02 0.640000E-03 0.720000E-03 0.320000E-03 0.560000E-03 0.480000E-03 0.160000E-03 0.480000E-03 0.240000E-03 0.160000E-03 0.160000E-03 0.160000E-03 0.320000E-03 0.800000E-04 0.240000E-03 0.160000E-03 0.000000E+00 0.480000E-03 0.800000E-04 0.800000E-04 0.000000E+00 0.000000E+00 0.800000E-04 0.800000E-04 0.000000E+00 0.800000E-04 0.160000E-03 0.000000E+00 0.000000E+00 0.800000E-04 0.000000E+00 0.000000E+00 0.000000E+00 0.000000E+00 0.000000E+00 0.000000E+00 0.000000E+00 0.800000E-04 0.000000E+00 0.000000E+00 0.000000E+00 0.000000E+00 0.000000E+00 0.000000E+00 0.000000E+00 0.000000E+00 0.000000E+00 0.800000E-04 0.000000E+00 0.000000E+00 0.000000E+00 0.000000E+00 0.000000E+00 0.000000E+00 0.000000E+00 0.000000E+00 0.000000E+00 0.000000E+00 0.000000E+00 0.000000E+00 0.000000E+00 0.000000E+00 0.000000E+00 0.000000E+00 0.000000E+00 0.000000E+00 0.000000E+00 0.000000E+00 0.000000E+00 0.000000E+00 0.000000E+00 0.000000E+00 0.000000E+00 0.000000E+00 0.000000E+00 0.000000E+00 0.000000E+00 0.000000E+00 0.000000E+00 0.000000E+00 0.000000E+00 0.000000E+00 0.000000E+00 0.000000E+00 0.000000E+00 0.000000E+00 0.000000E+00 0.000000E+00 0.000000E+00 0.000000E+00 0.000000E+00 0.000000E+00 0.000000E+00 0.000000E+00 0.000000E+00 0.000000E+00 0.000000E+00 0.000000E+00 0.000000E+00 0.000000E+00 0.000000E+00 0.000000E+00 0.000000E+00 0.000000E+00 0.000000E+00 0.000000E+00 0.000000E+00 0.000000E+00 0.000000E+00 0.000000E+00 0.000000E+00 0.000000E+00 0.000000E+00 0.000000E+00 0.000000E+00 0.000000E+00 0.000000E+00
 0.203432E+01 0.150368E+01 0.126472E+01 0.110576E+01 0.100280E+01 0.893600E+00 0.823920E+00 0.735360E+00 0.662320E+00 0.617600E+00 0.564480E+00 0.520960E+00 0.477520E+00 0.430400E+00 0.406720E+00 0.373120E+00 0.347440E+00 0.315360E+00 0.289760E+00 0.271760E+00 0.247280E+00 0.233600E+00 0.212000E+00 0.193360E+00 0.189440E+00 0.164800E+00 0.158400E+00 0.145440E+00 0.133040E+00 0.119280E+00 0.113120E+00 0.102800E+00 0.946400E-01 0.904800E-01 0.826400E-01 0.773600E-01 0.718400E-01 0.665600E-01 0.555200E-01 0.533600E-01 0.506400E-01 0.463200E-01 0.404800E-01 0.380000E-01 0.328000E-01 0.349600E-01 0.282400E-01 0.275200E-01 0.238400E-01 0.232000E-01 0.203200E-01 0.186400E-01 0.160000E-01 0.136800E-01 0.131200E-01 0.144000E-01 0.127200E-01 0.112800E-01 0.108000E-01 0.944000E-02 0.672000E-02 0.792000E-02 0.752000E-02 0.560000E-02 0.464000E-02 0.464000E-02 0.304000E-02 0.464000E-02 0.344000E-02 0.312000E-02 0.296000E-02 0.184000E-02 0.216000E-02 0.208000E-02 0.216000E-02 0.152000E-02 0.224000E-02 0.104000E-02 0.168000E-02 0.800000E-03 0.640000E-03 0.720000E-03 0.720000E-03 0.560000E-03 0.400000E-03 0.160000E-03 0.800000E-03 0.640000E-03 0.320000E-03 0.480000E-03 0.160000E-03 0.240000E-03 0.240000E-03 0.160000E-03 0.160000E-03 0.240000E-03 0.160000E-03 0.160000E-03 0.000000E+00 0.000000E+00 0.000000E+00 0.240000E-03 0.000000E+00 0.160000E-03 0.800000E-04 0.000000E+00 0.000000E+00 0.000000E+00 0.000000E+00 0.800000E-04 0.000000E+00 0.000000E+00 0.000000E+00 0.160000E-03 0.000000E+00 0.000000E+00 0.800000E-04 0.000000E+00 0.000000E+00 0.000000E+00 0.000000E+00 0.000000E+00 0.000000E+00 0.000000E+00 0.000000E+00 0.000000E+00 0.000000E+00 0.000000E+00 0.000000E+00 0.000000E+00 0.000000E+00 0.000000E+00 0.000000E+00 0.000000E+00 0.000000E+00 0.000000E+00 0.000000E+00 0.000000E+00 0.000000E+00 0.000000E+00 0.000000E+00 0.000000E+00 0.000000E+00 0.000000E+00 0.000000E+00 0.000000E+00 0.000000E+00 0.000000E+00 0.000000E+00 0.000000E+00 0.000000E+00 0.000000E+00 0.000000E+00 0.000000E+00 0.000000E+00 0.000000E+00 0.000000E+00 0.000000E+00 0.000000E+00 0.000000E+00 0.000000E+00 0.000000E+00 0.000000E+00 0.000000E+00 0.000000E+00 0.000000E+00 0.000000E+00 0.000000E+00 0.000000E+00 0.000000E+00 0.000000E+00 0.000000E+00 0.000000E+00 0.000000E+00 0.000000E+00 0.000000E+00 0.000000E+00 0.000000E+00 0.000000E+00 0.000000E+00 0.000000E+00 0.000000E+00 0.000000E+00 0.000000E+00 0.000000E+00 0.000000E+00 0.000000E+00 0.000000E+00 0.000000E+00 0.000000E+00 0.000000E+00 0.000000E+00 0.000000E+00 0.000000E+00 0.000000E+00 0.000000E+00 0.000000E+00 0.000000E+00 0.000000E+00 0.000000E+00
