### Run with WimpAnn version = wimpann-2.08                            
###   Using Pythia version   = Pythia 6.400    
###   Using nusigma version  = nusigma-1.15-pyr                        
###   Using DarkSUSY version = ds-4.1.6                                
###   WimpAnn run started at date 2007-09-08; time 03:51:50
### Neutrino oscillation parameters
#      theta_12 =  0.00000000E+00
#      theta_13 =  0.00000000E+00
#      theta_23 =  0.00000000E+00
#         delta =  0.00000000E+00
#  delta_m^2_21 =  0.81000000E-04
#  delta_m^2_31 =  0.22000000E-02
### WimpAnn run parameters
#  Annihilation channel =         4
#  Generated particles =  tau-             tau+            
#  WIMP mass =  0.17600000E+03
#  Number of annihilations =   2500000
#  Source = Sun
#...dPhi/dz in  200 bins from 0 to 1
#...Line  1- 6: flux at centre of Sun for neutrino 1-6
#...Line  7-12: flux at surface of Sun for neutrino 1-6
#...Line 13-18: flux at 1 AU from the Sun for neutrino 1-6
#...Line 19-24: flux at surface of Sun for secondary neutrino 1-6
#...Line 25-30: flux at 1 AU from the Sun for secondary neutrino 1-6
 0.371280E+00 0.376160E+00 0.376480E+00 0.368720E+00 0.370800E+00 0.376400E+00 0.358320E+00 0.366960E+00 0.376720E+00 0.362080E+00 0.370240E+00 0.363200E+00 0.353040E+00 0.358160E+00 0.368160E+00 0.356000E+00 0.353200E+00 0.359120E+00 0.342240E+00 0.355600E+00 0.350000E+00 0.348400E+00 0.351360E+00 0.349360E+00 0.347840E+00 0.346800E+00 0.339360E+00 0.342240E+00 0.351280E+00 0.343360E+00 0.332800E+00 0.338160E+00 0.332320E+00 0.337200E+00 0.326000E+00 0.335760E+00 0.324960E+00 0.324560E+00 0.323520E+00 0.322240E+00 0.315920E+00 0.318640E+00 0.314560E+00 0.315120E+00 0.314160E+00 0.302720E+00 0.306400E+00 0.313520E+00 0.311360E+00 0.299840E+00 0.294160E+00 0.298640E+00 0.307600E+00 0.292720E+00 0.288720E+00 0.297520E+00 0.282640E+00 0.294320E+00 0.279600E+00 0.285520E+00 0.278080E+00 0.276640E+00 0.276320E+00 0.269120E+00 0.265680E+00 0.267840E+00 0.256560E+00 0.266080E+00 0.259680E+00 0.256880E+00 0.251120E+00 0.251040E+00 0.247440E+00 0.249040E+00 0.238080E+00 0.246160E+00 0.237600E+00 0.234560E+00 0.231840E+00 0.225680E+00 0.223760E+00 0.228160E+00 0.219600E+00 0.213680E+00 0.216640E+00 0.217520E+00 0.214000E+00 0.201360E+00 0.208960E+00 0.205360E+00 0.194160E+00 0.201520E+00 0.197120E+00 0.187520E+00 0.191120E+00 0.187280E+00 0.181440E+00 0.182080E+00 0.174080E+00 0.180320E+00 0.173440E+00 0.178960E+00 0.170960E+00 0.165680E+00 0.158320E+00 0.156800E+00 0.155600E+00 0.165280E+00 0.152560E+00 0.154160E+00 0.149200E+00 0.144800E+00 0.134400E+00 0.144160E+00 0.134080E+00 0.140240E+00 0.129520E+00 0.124000E+00 0.129840E+00 0.120240E+00 0.118720E+00 0.121280E+00 0.112000E+00 0.119360E+00 0.108160E+00 0.109840E+00 0.102080E+00 0.106480E+00 0.100480E+00 0.977600E-01 0.102640E+00 0.913600E-01 0.900000E-01 0.910400E-01 0.835200E-01 0.849600E-01 0.828000E-01 0.815200E-01 0.797600E-01 0.775200E-01 0.719200E-01 0.709600E-01 0.688000E-01 0.676000E-01 0.692800E-01 0.658400E-01 0.592800E-01 0.518400E-01 0.581600E-01 0.542400E-01 0.504000E-01 0.511200E-01 0.488800E-01 0.471200E-01 0.476000E-01 0.450400E-01 0.416000E-01 0.369600E-01 0.374400E-01 0.369600E-01 0.336800E-01 0.310400E-01 0.284000E-01 0.316000E-01 0.292800E-01 0.284000E-01 0.237600E-01 0.220800E-01 0.219200E-01 0.192800E-01 0.178400E-01 0.161600E-01 0.166400E-01 0.158400E-01 0.162400E-01 0.113600E-01 0.122400E-01 0.130400E-01 0.108800E-01 0.920000E-02 0.864000E-02 0.968000E-02 0.792000E-02 0.624000E-02 0.640000E-02 0.544000E-02 0.424000E-02 0.344000E-02 0.296000E-02 0.224000E-02 0.288000E-02 0.136000E-02 0.144000E-02 0.104000E-02 0.800000E-03 0.960000E-03 0.400000E-03 0.000000E+00 0.000000E+00 0.000000E+00
 0.361120E+00 0.368240E+00 0.363200E+00 0.370000E+00 0.366480E+00 0.371280E+00 0.359200E+00 0.374240E+00 0.370560E+00 0.368880E+00 0.372160E+00 0.356560E+00 0.360560E+00 0.357840E+00 0.361120E+00 0.368880E+00 0.367120E+00 0.358080E+00 0.354160E+00 0.341920E+00 0.358080E+00 0.349360E+00 0.350320E+00 0.352560E+00 0.351440E+00 0.344640E+00 0.348560E+00 0.342400E+00 0.336160E+00 0.329840E+00 0.342000E+00 0.337120E+00 0.335360E+00 0.327840E+00 0.332560E+00 0.338640E+00 0.339680E+00 0.324320E+00 0.332000E+00 0.328640E+00 0.323520E+00 0.319280E+00 0.317520E+00 0.320000E+00 0.322800E+00 0.316960E+00 0.313200E+00 0.314640E+00 0.302400E+00 0.292080E+00 0.299840E+00 0.301440E+00 0.294960E+00 0.298800E+00 0.301600E+00 0.294320E+00 0.287600E+00 0.289840E+00 0.283920E+00 0.275200E+00 0.279680E+00 0.264880E+00 0.275520E+00 0.271520E+00 0.263520E+00 0.267840E+00 0.268800E+00 0.263600E+00 0.264880E+00 0.252400E+00 0.245520E+00 0.247440E+00 0.246480E+00 0.247760E+00 0.244320E+00 0.240320E+00 0.239440E+00 0.238640E+00 0.231680E+00 0.231200E+00 0.230240E+00 0.230640E+00 0.221120E+00 0.217520E+00 0.218640E+00 0.218240E+00 0.205120E+00 0.207040E+00 0.210960E+00 0.202880E+00 0.198480E+00 0.199440E+00 0.192160E+00 0.191840E+00 0.186960E+00 0.186400E+00 0.182720E+00 0.186080E+00 0.180080E+00 0.171280E+00 0.170400E+00 0.172640E+00 0.165280E+00 0.160880E+00 0.162320E+00 0.158960E+00 0.161520E+00 0.151200E+00 0.154320E+00 0.152560E+00 0.146880E+00 0.142400E+00 0.148800E+00 0.138160E+00 0.138400E+00 0.138000E+00 0.133040E+00 0.134800E+00 0.133520E+00 0.126720E+00 0.118000E+00 0.113840E+00 0.108960E+00 0.111520E+00 0.110880E+00 0.106960E+00 0.996000E-01 0.100400E+00 0.102000E+00 0.100880E+00 0.934400E-01 0.912000E-01 0.932000E-01 0.926400E-01 0.876800E-01 0.874400E-01 0.784800E-01 0.795200E-01 0.787200E-01 0.726400E-01 0.708000E-01 0.668800E-01 0.672800E-01 0.646400E-01 0.636000E-01 0.600800E-01 0.628800E-01 0.579200E-01 0.520800E-01 0.535200E-01 0.499200E-01 0.488000E-01 0.490400E-01 0.445600E-01 0.440000E-01 0.419200E-01 0.396000E-01 0.415200E-01 0.378400E-01 0.369600E-01 0.368000E-01 0.326400E-01 0.310400E-01 0.296800E-01 0.293600E-01 0.268800E-01 0.272000E-01 0.252000E-01 0.260000E-01 0.185600E-01 0.204800E-01 0.196000E-01 0.193600E-01 0.155200E-01 0.155200E-01 0.141600E-01 0.127200E-01 0.152800E-01 0.100800E-01 0.944000E-02 0.776000E-02 0.848000E-02 0.864000E-02 0.584000E-02 0.520000E-02 0.456000E-02 0.400000E-02 0.392000E-02 0.256000E-02 0.304000E-02 0.232000E-02 0.112000E-02 0.120000E-02 0.112000E-02 0.128000E-02 0.640000E-03 0.160000E-03 0.800000E-04 0.800000E-04 0.000000E+00
 0.360560E+00 0.357440E+00 0.350640E+00 0.358800E+00 0.360960E+00 0.366320E+00 0.355120E+00 0.350800E+00 0.363120E+00 0.348800E+00 0.348960E+00 0.360720E+00 0.352160E+00 0.357840E+00 0.352640E+00 0.344000E+00 0.348480E+00 0.346560E+00 0.342640E+00 0.360160E+00 0.334960E+00 0.348560E+00 0.349440E+00 0.343440E+00 0.347520E+00 0.336240E+00 0.348080E+00 0.328480E+00 0.342800E+00 0.333120E+00 0.328240E+00 0.322160E+00 0.325360E+00 0.321360E+00 0.321760E+00 0.327200E+00 0.316960E+00 0.327600E+00 0.314000E+00 0.313600E+00 0.313040E+00 0.316960E+00 0.310640E+00 0.299680E+00 0.303360E+00 0.303040E+00 0.298640E+00 0.301600E+00 0.286480E+00 0.300400E+00 0.289040E+00 0.291520E+00 0.295840E+00 0.287680E+00 0.282640E+00 0.289360E+00 0.286000E+00 0.285680E+00 0.280880E+00 0.274960E+00 0.268960E+00 0.268560E+00 0.273360E+00 0.255440E+00 0.258960E+00 0.268400E+00 0.260800E+00 0.247760E+00 0.258240E+00 0.246960E+00 0.253200E+00 0.244800E+00 0.245120E+00 0.236080E+00 0.237040E+00 0.224080E+00 0.224880E+00 0.228640E+00 0.234160E+00 0.223600E+00 0.221600E+00 0.216720E+00 0.214240E+00 0.208240E+00 0.211920E+00 0.209760E+00 0.205680E+00 0.209200E+00 0.198800E+00 0.198800E+00 0.199040E+00 0.198160E+00 0.188480E+00 0.193200E+00 0.180640E+00 0.177920E+00 0.182880E+00 0.171680E+00 0.173200E+00 0.171200E+00 0.168240E+00 0.163200E+00 0.155840E+00 0.157440E+00 0.155760E+00 0.151920E+00 0.155360E+00 0.150080E+00 0.147440E+00 0.141520E+00 0.138800E+00 0.136000E+00 0.133840E+00 0.132160E+00 0.128320E+00 0.124000E+00 0.125440E+00 0.127200E+00 0.124400E+00 0.117840E+00 0.114640E+00 0.116000E+00 0.110640E+00 0.107280E+00 0.108400E+00 0.103520E+00 0.953600E-01 0.958400E-01 0.989600E-01 0.910400E-01 0.956000E-01 0.885600E-01 0.871200E-01 0.807200E-01 0.842400E-01 0.792000E-01 0.749600E-01 0.809600E-01 0.760000E-01 0.744000E-01 0.714400E-01 0.652800E-01 0.662400E-01 0.644000E-01 0.624800E-01 0.564800E-01 0.531200E-01 0.517600E-01 0.537600E-01 0.517600E-01 0.511200E-01 0.467200E-01 0.460800E-01 0.438400E-01 0.416000E-01 0.391200E-01 0.369600E-01 0.373600E-01 0.350400E-01 0.343200E-01 0.328000E-01 0.318400E-01 0.280800E-01 0.258400E-01 0.263200E-01 0.224800E-01 0.245600E-01 0.223200E-01 0.215200E-01 0.174400E-01 0.182400E-01 0.182400E-01 0.144800E-01 0.132000E-01 0.126400E-01 0.109600E-01 0.113600E-01 0.112000E-01 0.108800E-01 0.920000E-02 0.768000E-02 0.816000E-02 0.576000E-02 0.480000E-02 0.528000E-02 0.440000E-02 0.272000E-02 0.264000E-02 0.248000E-02 0.168000E-02 0.184000E-02 0.960000E-03 0.880000E-03 0.960000E-03 0.160000E-03 0.320000E-03 0.240000E-03 0.800000E-04 0.000000E+00 0.000000E+00
 0.363200E+00 0.364400E+00 0.365600E+00 0.363280E+00 0.366240E+00 0.358640E+00 0.356880E+00 0.354720E+00 0.362160E+00 0.343680E+00 0.361920E+00 0.361600E+00 0.359040E+00 0.353120E+00 0.350320E+00 0.350000E+00 0.350640E+00 0.351120E+00 0.344880E+00 0.340080E+00 0.343760E+00 0.345040E+00 0.350000E+00 0.339120E+00 0.344480E+00 0.336240E+00 0.329520E+00 0.340160E+00 0.331520E+00 0.331520E+00 0.331440E+00 0.328080E+00 0.327840E+00 0.316480E+00 0.323920E+00 0.318800E+00 0.327840E+00 0.321840E+00 0.319600E+00 0.311200E+00 0.308720E+00 0.310880E+00 0.307760E+00 0.315280E+00 0.294720E+00 0.306000E+00 0.306960E+00 0.304240E+00 0.301440E+00 0.291920E+00 0.298800E+00 0.279840E+00 0.292320E+00 0.286160E+00 0.288640E+00 0.287360E+00 0.286000E+00 0.281360E+00 0.278400E+00 0.271760E+00 0.270080E+00 0.275280E+00 0.265040E+00 0.262880E+00 0.262800E+00 0.245760E+00 0.253280E+00 0.252400E+00 0.257920E+00 0.242640E+00 0.249200E+00 0.247520E+00 0.242640E+00 0.248640E+00 0.230880E+00 0.236960E+00 0.227520E+00 0.234800E+00 0.225040E+00 0.221520E+00 0.224240E+00 0.219680E+00 0.213520E+00 0.216240E+00 0.217520E+00 0.205120E+00 0.208000E+00 0.202960E+00 0.196160E+00 0.198000E+00 0.196800E+00 0.191360E+00 0.196160E+00 0.178000E+00 0.187120E+00 0.175680E+00 0.178960E+00 0.177600E+00 0.169360E+00 0.175120E+00 0.164480E+00 0.164960E+00 0.162480E+00 0.163760E+00 0.156960E+00 0.155840E+00 0.149760E+00 0.148800E+00 0.145920E+00 0.143440E+00 0.139600E+00 0.136080E+00 0.136480E+00 0.134000E+00 0.131680E+00 0.128800E+00 0.126960E+00 0.123360E+00 0.118640E+00 0.118800E+00 0.116000E+00 0.110400E+00 0.112480E+00 0.108160E+00 0.105440E+00 0.101840E+00 0.992000E-01 0.103200E+00 0.951200E-01 0.933600E-01 0.916000E-01 0.868000E-01 0.883200E-01 0.852000E-01 0.776800E-01 0.796000E-01 0.807200E-01 0.724000E-01 0.731200E-01 0.703200E-01 0.687200E-01 0.704000E-01 0.703200E-01 0.608800E-01 0.622400E-01 0.595200E-01 0.545600E-01 0.562400E-01 0.514400E-01 0.522400E-01 0.484800E-01 0.484000E-01 0.449600E-01 0.443200E-01 0.429600E-01 0.409600E-01 0.388800E-01 0.387200E-01 0.333600E-01 0.334400E-01 0.328800E-01 0.308000E-01 0.307200E-01 0.280000E-01 0.254400E-01 0.247200E-01 0.240800E-01 0.214400E-01 0.184000E-01 0.174400E-01 0.175200E-01 0.178400E-01 0.172800E-01 0.156000E-01 0.121600E-01 0.112800E-01 0.112800E-01 0.110400E-01 0.888000E-02 0.968000E-02 0.656000E-02 0.712000E-02 0.616000E-02 0.424000E-02 0.368000E-02 0.344000E-02 0.352000E-02 0.272000E-02 0.256000E-02 0.224000E-02 0.176000E-02 0.168000E-02 0.112000E-02 0.320000E-03 0.480000E-03 0.160000E-03 0.800000E-04 0.000000E+00 0.000000E+00 0.000000E+00
 0.197088E+01 0.194768E+01 0.190632E+01 0.188520E+01 0.185544E+01 0.188712E+01 0.186568E+01 0.184536E+01 0.183216E+01 0.180976E+01 0.182688E+01 0.183720E+01 0.180776E+01 0.181672E+01 0.178512E+01 0.177368E+01 0.177624E+01 0.178928E+01 0.176704E+01 0.175104E+01 0.175984E+01 0.173568E+01 0.172632E+01 0.173720E+01 0.170176E+01 0.168904E+01 0.169592E+01 0.168952E+01 0.166632E+01 0.167056E+01 0.166304E+01 0.165648E+01 0.163496E+01 0.163392E+01 0.164456E+01 0.160552E+01 0.159856E+01 0.158280E+01 0.157480E+01 0.156640E+01 0.154760E+01 0.157208E+01 0.154648E+01 0.153208E+01 0.152336E+01 0.151560E+01 0.151096E+01 0.150408E+01 0.150264E+01 0.147880E+01 0.146320E+01 0.147632E+01 0.143976E+01 0.143760E+01 0.145912E+01 0.142224E+01 0.140200E+01 0.141976E+01 0.140352E+01 0.140544E+01 0.138312E+01 0.135600E+01 0.135736E+01 0.136176E+01 0.134920E+01 0.134720E+01 0.131760E+01 0.130632E+01 0.130112E+01 0.128520E+01 0.129144E+01 0.125912E+01 0.127432E+01 0.126504E+01 0.124096E+01 0.122592E+01 0.123328E+01 0.121760E+01 0.119008E+01 0.119904E+01 0.117672E+01 0.117976E+01 0.116312E+01 0.114216E+01 0.114080E+01 0.111832E+01 0.113328E+01 0.111944E+01 0.111448E+01 0.108648E+01 0.107800E+01 0.106928E+01 0.106144E+01 0.106136E+01 0.106104E+01 0.103520E+01 0.103176E+01 0.103280E+01 0.100488E+01 0.990720E+00 0.995440E+00 0.983600E+00 0.961760E+00 0.964480E+00 0.956720E+00 0.942960E+00 0.940480E+00 0.926240E+00 0.921280E+00 0.916640E+00 0.904960E+00 0.890960E+00 0.906560E+00 0.871360E+00 0.877360E+00 0.858480E+00 0.846240E+00 0.847600E+00 0.829600E+00 0.832080E+00 0.814000E+00 0.826640E+00 0.790560E+00 0.790320E+00 0.775040E+00 0.788560E+00 0.771040E+00 0.771360E+00 0.764640E+00 0.742560E+00 0.738080E+00 0.725520E+00 0.722880E+00 0.716080E+00 0.700000E+00 0.692560E+00 0.691040E+00 0.670960E+00 0.676880E+00 0.664080E+00 0.654960E+00 0.647360E+00 0.644640E+00 0.644160E+00 0.624640E+00 0.615680E+00 0.603200E+00 0.589200E+00 0.581360E+00 0.568400E+00 0.570080E+00 0.553760E+00 0.537920E+00 0.532800E+00 0.527120E+00 0.498640E+00 0.499680E+00 0.485120E+00 0.467920E+00 0.446080E+00 0.443360E+00 0.421920E+00 0.389440E+00 0.374560E+00 0.356400E+00 0.345360E+00 0.321680E+00 0.306240E+00 0.305760E+00 0.275920E+00 0.269200E+00 0.261200E+00 0.255600E+00 0.249360E+00 0.231920E+00 0.223280E+00 0.218240E+00 0.221200E+00 0.204320E+00 0.206880E+00 0.199520E+00 0.188400E+00 0.183360E+00 0.177920E+00 0.164240E+00 0.165760E+00 0.154400E+00 0.147440E+00 0.150400E+00 0.142240E+00 0.134960E+00 0.132960E+00 0.128880E+00 0.124160E+00 0.119360E+00 0.113280E+00 0.109520E+00 0.109120E+00 0.764800E-01 0.320000E-03
 0.199480E+01 0.192184E+01 0.190360E+01 0.191992E+01 0.186632E+01 0.185824E+01 0.186472E+01 0.186096E+01 0.181832E+01 0.182376E+01 0.183712E+01 0.182768E+01 0.179952E+01 0.180544E+01 0.178208E+01 0.176024E+01 0.180776E+01 0.176024E+01 0.175840E+01 0.174576E+01 0.172384E+01 0.173112E+01 0.173024E+01 0.172232E+01 0.169488E+01 0.171648E+01 0.169224E+01 0.168248E+01 0.167952E+01 0.167072E+01 0.165336E+01 0.165096E+01 0.162672E+01 0.165272E+01 0.163440E+01 0.161104E+01 0.160376E+01 0.160328E+01 0.157944E+01 0.159072E+01 0.156736E+01 0.154368E+01 0.155800E+01 0.154808E+01 0.154432E+01 0.152720E+01 0.150400E+01 0.149784E+01 0.150240E+01 0.149264E+01 0.149152E+01 0.145664E+01 0.143656E+01 0.144408E+01 0.143448E+01 0.143512E+01 0.141624E+01 0.142480E+01 0.140304E+01 0.138160E+01 0.135288E+01 0.137016E+01 0.135568E+01 0.133616E+01 0.134464E+01 0.133344E+01 0.133312E+01 0.131048E+01 0.131392E+01 0.131128E+01 0.129016E+01 0.128736E+01 0.126424E+01 0.125168E+01 0.124208E+01 0.123376E+01 0.122016E+01 0.122256E+01 0.120992E+01 0.119992E+01 0.116888E+01 0.115784E+01 0.115544E+01 0.115072E+01 0.114472E+01 0.112832E+01 0.110736E+01 0.110784E+01 0.109608E+01 0.109136E+01 0.108168E+01 0.107840E+01 0.106904E+01 0.104320E+01 0.106112E+01 0.104280E+01 0.103248E+01 0.101272E+01 0.997360E+00 0.998080E+00 0.993840E+00 0.993200E+00 0.992800E+00 0.977120E+00 0.960400E+00 0.947280E+00 0.941440E+00 0.923840E+00 0.931120E+00 0.936880E+00 0.891200E+00 0.909840E+00 0.894960E+00 0.886080E+00 0.862320E+00 0.867840E+00 0.868160E+00 0.837920E+00 0.829520E+00 0.827840E+00 0.821840E+00 0.823120E+00 0.798640E+00 0.786800E+00 0.786800E+00 0.780800E+00 0.749360E+00 0.760080E+00 0.747520E+00 0.749200E+00 0.725520E+00 0.725920E+00 0.726400E+00 0.711120E+00 0.700480E+00 0.685280E+00 0.692000E+00 0.681120E+00 0.659680E+00 0.650080E+00 0.648800E+00 0.645840E+00 0.638640E+00 0.639200E+00 0.623120E+00 0.618640E+00 0.615280E+00 0.598640E+00 0.590560E+00 0.576560E+00 0.557040E+00 0.552000E+00 0.542560E+00 0.524960E+00 0.518960E+00 0.499600E+00 0.488160E+00 0.476240E+00 0.461040E+00 0.445760E+00 0.425920E+00 0.414080E+00 0.404160E+00 0.382960E+00 0.354240E+00 0.334240E+00 0.331280E+00 0.312960E+00 0.302160E+00 0.279680E+00 0.270480E+00 0.264160E+00 0.255440E+00 0.239280E+00 0.235280E+00 0.224320E+00 0.223840E+00 0.214560E+00 0.208320E+00 0.199840E+00 0.198400E+00 0.187040E+00 0.186960E+00 0.182720E+00 0.168720E+00 0.163120E+00 0.154480E+00 0.157120E+00 0.143440E+00 0.138320E+00 0.135600E+00 0.131840E+00 0.126880E+00 0.128560E+00 0.120320E+00 0.118560E+00 0.114320E+00 0.108480E+00 0.745600E-01 0.800000E-03
 0.763120E+00 0.726080E+00 0.658800E+00 0.631360E+00 0.611040E+00 0.580480E+00 0.552320E+00 0.548720E+00 0.546480E+00 0.518240E+00 0.517840E+00 0.495920E+00 0.473520E+00 0.473280E+00 0.472720E+00 0.455280E+00 0.446240E+00 0.442240E+00 0.418640E+00 0.421760E+00 0.413280E+00 0.409040E+00 0.409600E+00 0.391760E+00 0.390000E+00 0.385840E+00 0.365040E+00 0.372400E+00 0.375760E+00 0.357040E+00 0.346160E+00 0.345680E+00 0.340400E+00 0.337440E+00 0.327920E+00 0.325760E+00 0.315760E+00 0.314880E+00 0.307200E+00 0.303440E+00 0.298080E+00 0.297840E+00 0.290080E+00 0.287120E+00 0.278880E+00 0.269440E+00 0.271360E+00 0.271360E+00 0.265680E+00 0.257520E+00 0.250720E+00 0.252800E+00 0.257280E+00 0.242720E+00 0.238400E+00 0.243200E+00 0.224960E+00 0.242080E+00 0.220960E+00 0.226000E+00 0.214080E+00 0.211040E+00 0.207280E+00 0.203280E+00 0.201360E+00 0.195520E+00 0.192480E+00 0.195440E+00 0.187440E+00 0.189120E+00 0.181120E+00 0.180560E+00 0.174400E+00 0.172560E+00 0.164320E+00 0.170480E+00 0.161680E+00 0.163440E+00 0.154000E+00 0.149440E+00 0.151840E+00 0.152480E+00 0.143280E+00 0.139200E+00 0.139920E+00 0.136240E+00 0.137360E+00 0.123520E+00 0.128480E+00 0.128880E+00 0.120560E+00 0.122000E+00 0.118640E+00 0.112480E+00 0.113760E+00 0.109360E+00 0.106960E+00 0.104880E+00 0.998400E-01 0.104080E+00 0.100800E+00 0.963200E-01 0.985600E-01 0.913600E-01 0.845600E-01 0.889600E-01 0.819200E-01 0.869600E-01 0.823200E-01 0.836800E-01 0.793600E-01 0.764000E-01 0.690400E-01 0.766400E-01 0.672000E-01 0.734400E-01 0.609600E-01 0.628000E-01 0.659200E-01 0.613600E-01 0.580000E-01 0.590400E-01 0.578400E-01 0.578400E-01 0.529600E-01 0.532000E-01 0.497600E-01 0.513600E-01 0.479200E-01 0.445600E-01 0.511200E-01 0.416000E-01 0.400000E-01 0.433600E-01 0.387200E-01 0.396000E-01 0.358400E-01 0.369600E-01 0.374400E-01 0.342400E-01 0.316000E-01 0.325600E-01 0.299200E-01 0.288800E-01 0.316000E-01 0.289600E-01 0.244000E-01 0.227200E-01 0.248000E-01 0.206400E-01 0.208800E-01 0.218400E-01 0.190400E-01 0.183200E-01 0.197600E-01 0.160800E-01 0.141600E-01 0.147200E-01 0.128800E-01 0.125600E-01 0.130400E-01 0.128000E-01 0.112000E-01 0.120000E-01 0.104800E-01 0.116800E-01 0.824000E-02 0.864000E-02 0.688000E-02 0.728000E-02 0.560000E-02 0.560000E-02 0.584000E-02 0.512000E-02 0.520000E-02 0.376000E-02 0.440000E-02 0.384000E-02 0.336000E-02 0.256000E-02 0.248000E-02 0.336000E-02 0.304000E-02 0.216000E-02 0.208000E-02 0.192000E-02 0.120000E-02 0.880000E-03 0.136000E-02 0.480000E-03 0.880000E-03 0.320000E-03 0.320000E-03 0.320000E-03 0.240000E-03 0.160000E-03 0.240000E-03 0.000000E+00 0.000000E+00 0.000000E+00
 0.113176E+01 0.103512E+01 0.861600E+00 0.782240E+00 0.717760E+00 0.688000E+00 0.635920E+00 0.624080E+00 0.598000E+00 0.572480E+00 0.560160E+00 0.527520E+00 0.517520E+00 0.502960E+00 0.487920E+00 0.498400E+00 0.478720E+00 0.455040E+00 0.449600E+00 0.429280E+00 0.437760E+00 0.423520E+00 0.421120E+00 0.408560E+00 0.411920E+00 0.396160E+00 0.394000E+00 0.383280E+00 0.375520E+00 0.364720E+00 0.374000E+00 0.367040E+00 0.354640E+00 0.344000E+00 0.345280E+00 0.347840E+00 0.350000E+00 0.328160E+00 0.335440E+00 0.326320E+00 0.323680E+00 0.318320E+00 0.311600E+00 0.311920E+00 0.309520E+00 0.300000E+00 0.298240E+00 0.296080E+00 0.283920E+00 0.275200E+00 0.278240E+00 0.277040E+00 0.266880E+00 0.273600E+00 0.270000E+00 0.268720E+00 0.255680E+00 0.259360E+00 0.250320E+00 0.241600E+00 0.245520E+00 0.231440E+00 0.237840E+00 0.229680E+00 0.230240E+00 0.228720E+00 0.227040E+00 0.218240E+00 0.223280E+00 0.207680E+00 0.203120E+00 0.201920E+00 0.204880E+00 0.200080E+00 0.199280E+00 0.193840E+00 0.192640E+00 0.192320E+00 0.183600E+00 0.183920E+00 0.181200E+00 0.177680E+00 0.169840E+00 0.166560E+00 0.166400E+00 0.167600E+00 0.158000E+00 0.157520E+00 0.158800E+00 0.151280E+00 0.147360E+00 0.147280E+00 0.144320E+00 0.141040E+00 0.137440E+00 0.137120E+00 0.131600E+00 0.136400E+00 0.129440E+00 0.123040E+00 0.117840E+00 0.121840E+00 0.118240E+00 0.114960E+00 0.113360E+00 0.111280E+00 0.109680E+00 0.105040E+00 0.105200E+00 0.106880E+00 0.100160E+00 0.956000E-01 0.100240E+00 0.925600E-01 0.955200E-01 0.923200E-01 0.876800E-01 0.868800E-01 0.881600E-01 0.817600E-01 0.768000E-01 0.768800E-01 0.699200E-01 0.715200E-01 0.740800E-01 0.700800E-01 0.630400E-01 0.612800E-01 0.640800E-01 0.644800E-01 0.570400E-01 0.578400E-01 0.584800E-01 0.558400E-01 0.536800E-01 0.544800E-01 0.468000E-01 0.470400E-01 0.434400E-01 0.434400E-01 0.410400E-01 0.402400E-01 0.391200E-01 0.370400E-01 0.381600E-01 0.348000E-01 0.358400E-01 0.324800E-01 0.290400E-01 0.302400E-01 0.271200E-01 0.266400E-01 0.258400E-01 0.258400E-01 0.245600E-01 0.232800E-01 0.212000E-01 0.229600E-01 0.202400E-01 0.206400E-01 0.206400E-01 0.176800E-01 0.156800E-01 0.156000E-01 0.156800E-01 0.147200E-01 0.148800E-01 0.147200E-01 0.130400E-01 0.101600E-01 0.107200E-01 0.872000E-02 0.112000E-01 0.760000E-02 0.848000E-02 0.816000E-02 0.584000E-02 0.792000E-02 0.504000E-02 0.480000E-02 0.368000E-02 0.360000E-02 0.392000E-02 0.344000E-02 0.272000E-02 0.256000E-02 0.208000E-02 0.136000E-02 0.128000E-02 0.144000E-02 0.960000E-03 0.400000E-03 0.560000E-03 0.400000E-03 0.560000E-03 0.320000E-03 0.800000E-04 0.000000E+00 0.800000E-04 0.000000E+00
 0.737120E+00 0.701440E+00 0.637520E+00 0.612400E+00 0.587920E+00 0.571200E+00 0.546960E+00 0.533360E+00 0.529520E+00 0.505920E+00 0.487120E+00 0.488400E+00 0.477120E+00 0.467040E+00 0.456560E+00 0.439600E+00 0.438960E+00 0.424640E+00 0.418720E+00 0.423040E+00 0.401440E+00 0.412320E+00 0.400000E+00 0.383280E+00 0.385680E+00 0.367920E+00 0.375840E+00 0.351760E+00 0.369280E+00 0.351520E+00 0.337840E+00 0.329200E+00 0.336640E+00 0.325280E+00 0.316000E+00 0.320080E+00 0.311600E+00 0.311360E+00 0.298160E+00 0.295840E+00 0.288800E+00 0.293200E+00 0.286320E+00 0.267920E+00 0.266480E+00 0.268560E+00 0.265920E+00 0.259440E+00 0.254320E+00 0.256640E+00 0.238320E+00 0.249600E+00 0.247360E+00 0.241680E+00 0.227760E+00 0.229120E+00 0.230400E+00 0.227600E+00 0.223440E+00 0.219520E+00 0.204320E+00 0.206800E+00 0.208960E+00 0.192640E+00 0.195760E+00 0.200960E+00 0.191040E+00 0.179200E+00 0.182000E+00 0.173440E+00 0.179280E+00 0.175840E+00 0.172320E+00 0.166320E+00 0.164800E+00 0.157520E+00 0.154800E+00 0.154080E+00 0.153600E+00 0.150080E+00 0.148800E+00 0.146240E+00 0.139840E+00 0.136400E+00 0.135600E+00 0.134720E+00 0.132080E+00 0.134160E+00 0.127040E+00 0.123520E+00 0.122320E+00 0.117440E+00 0.114160E+00 0.114080E+00 0.113840E+00 0.106400E+00 0.108080E+00 0.988800E-01 0.988800E-01 0.101520E+00 0.964000E-01 0.916000E-01 0.844000E-01 0.899200E-01 0.908000E-01 0.861600E-01 0.870400E-01 0.828000E-01 0.768800E-01 0.773600E-01 0.748000E-01 0.703200E-01 0.705600E-01 0.675200E-01 0.663200E-01 0.656800E-01 0.646400E-01 0.651200E-01 0.616000E-01 0.572000E-01 0.580800E-01 0.609600E-01 0.573600E-01 0.501600E-01 0.540800E-01 0.528000E-01 0.438400E-01 0.442400E-01 0.479200E-01 0.418400E-01 0.436800E-01 0.440000E-01 0.398400E-01 0.388800E-01 0.392000E-01 0.362400E-01 0.324000E-01 0.350400E-01 0.334400E-01 0.344000E-01 0.307200E-01 0.305600E-01 0.268000E-01 0.288000E-01 0.256000E-01 0.244000E-01 0.220800E-01 0.237600E-01 0.213600E-01 0.192000E-01 0.222400E-01 0.192800E-01 0.191200E-01 0.160000E-01 0.160800E-01 0.148000E-01 0.148000E-01 0.144000E-01 0.130400E-01 0.132800E-01 0.126400E-01 0.112000E-01 0.102400E-01 0.944000E-02 0.111200E-01 0.888000E-02 0.880000E-02 0.856000E-02 0.688000E-02 0.504000E-02 0.616000E-02 0.640000E-02 0.536000E-02 0.336000E-02 0.496000E-02 0.368000E-02 0.360000E-02 0.336000E-02 0.360000E-02 0.336000E-02 0.216000E-02 0.328000E-02 0.176000E-02 0.176000E-02 0.168000E-02 0.152000E-02 0.720000E-03 0.880000E-03 0.400000E-03 0.400000E-03 0.800000E-03 0.400000E-03 0.240000E-03 0.800000E-04 0.000000E+00 0.160000E-03 0.800000E-04 0.000000E+00 0.000000E+00 0.000000E+00
 0.111416E+01 0.993520E+00 0.856560E+00 0.767120E+00 0.703920E+00 0.666960E+00 0.631040E+00 0.594640E+00 0.575040E+00 0.540240E+00 0.546400E+00 0.524800E+00 0.506000E+00 0.488560E+00 0.478960E+00 0.469920E+00 0.457600E+00 0.451040E+00 0.438720E+00 0.420800E+00 0.425760E+00 0.415200E+00 0.418320E+00 0.391520E+00 0.394480E+00 0.387840E+00 0.379600E+00 0.380240E+00 0.368000E+00 0.359840E+00 0.356160E+00 0.351120E+00 0.349120E+00 0.332800E+00 0.339440E+00 0.332080E+00 0.335120E+00 0.326400E+00 0.317920E+00 0.314640E+00 0.305920E+00 0.308080E+00 0.303840E+00 0.305760E+00 0.289120E+00 0.292960E+00 0.294640E+00 0.287680E+00 0.281600E+00 0.273520E+00 0.274160E+00 0.262320E+00 0.267280E+00 0.261440E+00 0.260160E+00 0.257520E+00 0.257840E+00 0.247680E+00 0.244800E+00 0.238320E+00 0.237440E+00 0.236160E+00 0.230000E+00 0.225920E+00 0.222240E+00 0.208960E+00 0.218960E+00 0.209120E+00 0.214080E+00 0.200960E+00 0.206560E+00 0.205040E+00 0.200000E+00 0.204640E+00 0.188880E+00 0.191840E+00 0.179200E+00 0.182560E+00 0.174880E+00 0.174560E+00 0.175520E+00 0.169360E+00 0.168960E+00 0.166160E+00 0.164160E+00 0.158000E+00 0.157760E+00 0.154160E+00 0.144480E+00 0.146560E+00 0.146160E+00 0.141040E+00 0.143360E+00 0.129520E+00 0.137040E+00 0.130160E+00 0.132320E+00 0.126000E+00 0.124720E+00 0.127360E+00 0.118480E+00 0.117360E+00 0.118000E+00 0.115760E+00 0.106320E+00 0.110640E+00 0.101520E+00 0.101520E+00 0.102000E+00 0.100400E+00 0.935200E-01 0.944800E-01 0.957600E-01 0.908800E-01 0.912000E-01 0.884000E-01 0.815200E-01 0.806400E-01 0.793600E-01 0.795200E-01 0.768000E-01 0.732800E-01 0.706400E-01 0.679200E-01 0.698400E-01 0.638400E-01 0.623200E-01 0.657600E-01 0.584800E-01 0.598400E-01 0.577600E-01 0.547200E-01 0.556800E-01 0.542400E-01 0.465600E-01 0.490400E-01 0.494400E-01 0.448800E-01 0.468000E-01 0.402400E-01 0.407200E-01 0.448800E-01 0.407200E-01 0.376800E-01 0.374400E-01 0.340000E-01 0.319200E-01 0.324000E-01 0.287200E-01 0.282400E-01 0.272000E-01 0.300000E-01 0.264800E-01 0.247200E-01 0.248800E-01 0.222400E-01 0.218400E-01 0.212000E-01 0.181600E-01 0.177600E-01 0.201600E-01 0.178400E-01 0.165600E-01 0.154400E-01 0.124000E-01 0.131200E-01 0.135200E-01 0.117600E-01 0.920000E-02 0.872000E-02 0.872000E-02 0.912000E-02 0.920000E-02 0.800000E-02 0.664000E-02 0.568000E-02 0.568000E-02 0.576000E-02 0.416000E-02 0.464000E-02 0.344000E-02 0.392000E-02 0.288000E-02 0.248000E-02 0.216000E-02 0.144000E-02 0.184000E-02 0.960000E-03 0.152000E-02 0.128000E-02 0.104000E-02 0.104000E-02 0.640000E-03 0.160000E-03 0.160000E-03 0.000000E+00 0.800000E-04 0.000000E+00 0.000000E+00 0.000000E+00
 0.813960E+01 0.620184E+01 0.443680E+01 0.396568E+01 0.366696E+01 0.348128E+01 0.330056E+01 0.317904E+01 0.303464E+01 0.293408E+01 0.284792E+01 0.278688E+01 0.270640E+01 0.264536E+01 0.252928E+01 0.248376E+01 0.246448E+01 0.241104E+01 0.234592E+01 0.230168E+01 0.226328E+01 0.221352E+01 0.216736E+01 0.215080E+01 0.207832E+01 0.205048E+01 0.203928E+01 0.199632E+01 0.192952E+01 0.192840E+01 0.189160E+01 0.186920E+01 0.182912E+01 0.179984E+01 0.180984E+01 0.173984E+01 0.171712E+01 0.168600E+01 0.166728E+01 0.164768E+01 0.159872E+01 0.161184E+01 0.157304E+01 0.153664E+01 0.151432E+01 0.150280E+01 0.148968E+01 0.146352E+01 0.146200E+01 0.141848E+01 0.140024E+01 0.138864E+01 0.134904E+01 0.134160E+01 0.134176E+01 0.129816E+01 0.128168E+01 0.128064E+01 0.125416E+01 0.124760E+01 0.122320E+01 0.118576E+01 0.117920E+01 0.117752E+01 0.115216E+01 0.113944E+01 0.111800E+01 0.109528E+01 0.108240E+01 0.105992E+01 0.105408E+01 0.101368E+01 0.103928E+01 0.100600E+01 0.990720E+00 0.964960E+00 0.962320E+00 0.948880E+00 0.928000E+00 0.925920E+00 0.903760E+00 0.885200E+00 0.875120E+00 0.854000E+00 0.848640E+00 0.832480E+00 0.829200E+00 0.816960E+00 0.807120E+00 0.780320E+00 0.767440E+00 0.753280E+00 0.745760E+00 0.738720E+00 0.734240E+00 0.703360E+00 0.707760E+00 0.700080E+00 0.685360E+00 0.661600E+00 0.659840E+00 0.653120E+00 0.642320E+00 0.625680E+00 0.624320E+00 0.612880E+00 0.597680E+00 0.591600E+00 0.580240E+00 0.580400E+00 0.561760E+00 0.555280E+00 0.551840E+00 0.524400E+00 0.526400E+00 0.525840E+00 0.510640E+00 0.507280E+00 0.488640E+00 0.489200E+00 0.480160E+00 0.479200E+00 0.450480E+00 0.455680E+00 0.439120E+00 0.445440E+00 0.435840E+00 0.424480E+00 0.421920E+00 0.408640E+00 0.397840E+00 0.391520E+00 0.383920E+00 0.389200E+00 0.367440E+00 0.363040E+00 0.360080E+00 0.345600E+00 0.350160E+00 0.330560E+00 0.336720E+00 0.328320E+00 0.326960E+00 0.320320E+00 0.315280E+00 0.306160E+00 0.299760E+00 0.283520E+00 0.276560E+00 0.275040E+00 0.267920E+00 0.259680E+00 0.248400E+00 0.251440E+00 0.242080E+00 0.227680E+00 0.223920E+00 0.222880E+00 0.213840E+00 0.204560E+00 0.195360E+00 0.186000E+00 0.173600E+00 0.165520E+00 0.151280E+00 0.152960E+00 0.137440E+00 0.129440E+00 0.130480E+00 0.120080E+00 0.114400E+00 0.105840E+00 0.103280E+00 0.102960E+00 0.964800E-01 0.897600E-01 0.856000E-01 0.848800E-01 0.825600E-01 0.807200E-01 0.812800E-01 0.728800E-01 0.684000E-01 0.701600E-01 0.639200E-01 0.615200E-01 0.579200E-01 0.545600E-01 0.574400E-01 0.506400E-01 0.512800E-01 0.477600E-01 0.441600E-01 0.448000E-01 0.434400E-01 0.384800E-01 0.401600E-01 0.380000E-01 0.264800E-01 0.800000E-04
 0.414664E+01 0.378424E+01 0.321376E+01 0.304712E+01 0.289320E+01 0.282552E+01 0.276720E+01 0.268224E+01 0.259992E+01 0.255480E+01 0.253648E+01 0.247568E+01 0.241264E+01 0.239568E+01 0.233616E+01 0.228696E+01 0.229576E+01 0.223776E+01 0.220808E+01 0.216248E+01 0.212160E+01 0.211384E+01 0.209744E+01 0.207440E+01 0.202312E+01 0.202608E+01 0.198976E+01 0.195440E+01 0.193760E+01 0.192384E+01 0.188288E+01 0.186280E+01 0.182144E+01 0.184008E+01 0.180776E+01 0.177200E+01 0.175488E+01 0.174056E+01 0.169720E+01 0.169680E+01 0.166000E+01 0.164032E+01 0.163848E+01 0.161536E+01 0.160688E+01 0.157992E+01 0.155528E+01 0.152880E+01 0.153128E+01 0.151728E+01 0.150912E+01 0.146112E+01 0.143760E+01 0.143624E+01 0.141328E+01 0.140720E+01 0.139016E+01 0.138896E+01 0.135056E+01 0.132712E+01 0.129864E+01 0.129352E+01 0.128800E+01 0.125944E+01 0.126552E+01 0.124840E+01 0.124248E+01 0.121304E+01 0.121448E+01 0.119040E+01 0.116880E+01 0.117808E+01 0.114072E+01 0.111616E+01 0.110400E+01 0.109496E+01 0.108376E+01 0.107304E+01 0.105968E+01 0.104592E+01 0.101032E+01 0.999120E+00 0.993840E+00 0.984560E+00 0.969120E+00 0.962720E+00 0.933920E+00 0.931360E+00 0.916480E+00 0.906560E+00 0.896800E+00 0.881360E+00 0.876880E+00 0.856720E+00 0.866000E+00 0.845840E+00 0.835280E+00 0.821520E+00 0.795200E+00 0.796080E+00 0.791920E+00 0.785280E+00 0.778080E+00 0.764400E+00 0.751280E+00 0.732960E+00 0.729360E+00 0.707680E+00 0.717200E+00 0.723280E+00 0.673440E+00 0.691120E+00 0.667440E+00 0.665680E+00 0.640160E+00 0.643440E+00 0.633600E+00 0.613360E+00 0.608560E+00 0.610400E+00 0.600480E+00 0.593520E+00 0.569760E+00 0.569200E+00 0.563760E+00 0.551520E+00 0.522880E+00 0.529600E+00 0.525840E+00 0.521680E+00 0.506320E+00 0.505840E+00 0.501760E+00 0.491840E+00 0.483840E+00 0.471680E+00 0.465920E+00 0.466080E+00 0.437680E+00 0.429520E+00 0.430960E+00 0.428560E+00 0.420560E+00 0.420800E+00 0.407120E+00 0.396960E+00 0.400000E+00 0.384080E+00 0.371840E+00 0.362880E+00 0.355520E+00 0.351360E+00 0.340320E+00 0.322960E+00 0.323280E+00 0.312000E+00 0.306000E+00 0.296640E+00 0.278480E+00 0.272000E+00 0.255360E+00 0.253520E+00 0.244720E+00 0.233040E+00 0.212800E+00 0.201680E+00 0.195840E+00 0.187760E+00 0.176800E+00 0.165440E+00 0.158400E+00 0.155600E+00 0.150000E+00 0.135840E+00 0.135440E+00 0.129680E+00 0.126880E+00 0.125920E+00 0.114960E+00 0.110640E+00 0.109280E+00 0.102320E+00 0.104880E+00 0.101920E+00 0.920800E-01 0.909600E-01 0.861600E-01 0.844000E-01 0.780800E-01 0.725600E-01 0.726400E-01 0.706400E-01 0.660000E-01 0.659200E-01 0.590400E-01 0.630400E-01 0.607200E-01 0.563200E-01 0.400800E-01 0.560000E-03
 0.763120E+00 0.726080E+00 0.658800E+00 0.631360E+00 0.611040E+00 0.580480E+00 0.552320E+00 0.548720E+00 0.546480E+00 0.518240E+00 0.517840E+00 0.495920E+00 0.473520E+00 0.473280E+00 0.472720E+00 0.455280E+00 0.446240E+00 0.442240E+00 0.418640E+00 0.421760E+00 0.413280E+00 0.409040E+00 0.409600E+00 0.391760E+00 0.390000E+00 0.385840E+00 0.365040E+00 0.372400E+00 0.375760E+00 0.357040E+00 0.346160E+00 0.345680E+00 0.340400E+00 0.337440E+00 0.327920E+00 0.325760E+00 0.315760E+00 0.314880E+00 0.307200E+00 0.303440E+00 0.298080E+00 0.297840E+00 0.290080E+00 0.287120E+00 0.278880E+00 0.269440E+00 0.271360E+00 0.271360E+00 0.265680E+00 0.257520E+00 0.250720E+00 0.252800E+00 0.257280E+00 0.242720E+00 0.238400E+00 0.243200E+00 0.224960E+00 0.242080E+00 0.220960E+00 0.226000E+00 0.214080E+00 0.211040E+00 0.207280E+00 0.203280E+00 0.201360E+00 0.195520E+00 0.192480E+00 0.195440E+00 0.187440E+00 0.189120E+00 0.181120E+00 0.180560E+00 0.174400E+00 0.172560E+00 0.164320E+00 0.170480E+00 0.161680E+00 0.163440E+00 0.154000E+00 0.149440E+00 0.151840E+00 0.152480E+00 0.143280E+00 0.139200E+00 0.139920E+00 0.136240E+00 0.137360E+00 0.123520E+00 0.128480E+00 0.128880E+00 0.120560E+00 0.122000E+00 0.118640E+00 0.112480E+00 0.113760E+00 0.109360E+00 0.106960E+00 0.104880E+00 0.998400E-01 0.104080E+00 0.100800E+00 0.963200E-01 0.985600E-01 0.913600E-01 0.845600E-01 0.889600E-01 0.819200E-01 0.869600E-01 0.823200E-01 0.836800E-01 0.793600E-01 0.764000E-01 0.690400E-01 0.766400E-01 0.672000E-01 0.734400E-01 0.609600E-01 0.628000E-01 0.659200E-01 0.613600E-01 0.580000E-01 0.590400E-01 0.578400E-01 0.578400E-01 0.529600E-01 0.532000E-01 0.497600E-01 0.513600E-01 0.479200E-01 0.445600E-01 0.511200E-01 0.416000E-01 0.400000E-01 0.433600E-01 0.387200E-01 0.396000E-01 0.358400E-01 0.369600E-01 0.374400E-01 0.342400E-01 0.316000E-01 0.325600E-01 0.299200E-01 0.288800E-01 0.316000E-01 0.289600E-01 0.244000E-01 0.227200E-01 0.248000E-01 0.206400E-01 0.208800E-01 0.218400E-01 0.190400E-01 0.183200E-01 0.197600E-01 0.160800E-01 0.141600E-01 0.147200E-01 0.128800E-01 0.125600E-01 0.130400E-01 0.128000E-01 0.112000E-01 0.120000E-01 0.104800E-01 0.116800E-01 0.824000E-02 0.864000E-02 0.688000E-02 0.728000E-02 0.560000E-02 0.560000E-02 0.584000E-02 0.512000E-02 0.520000E-02 0.376000E-02 0.440000E-02 0.384000E-02 0.336000E-02 0.256000E-02 0.248000E-02 0.336000E-02 0.304000E-02 0.216000E-02 0.208000E-02 0.192000E-02 0.120000E-02 0.880000E-03 0.136000E-02 0.480000E-03 0.880000E-03 0.320000E-03 0.320000E-03 0.320000E-03 0.240000E-03 0.160000E-03 0.240000E-03 0.000000E+00 0.000000E+00 0.000000E+00
 0.113176E+01 0.103512E+01 0.861600E+00 0.782240E+00 0.717760E+00 0.688000E+00 0.635920E+00 0.624080E+00 0.598000E+00 0.572480E+00 0.560160E+00 0.527520E+00 0.517520E+00 0.502960E+00 0.487920E+00 0.498400E+00 0.478720E+00 0.455040E+00 0.449600E+00 0.429280E+00 0.437760E+00 0.423520E+00 0.421120E+00 0.408560E+00 0.411920E+00 0.396160E+00 0.394000E+00 0.383280E+00 0.375520E+00 0.364720E+00 0.374000E+00 0.367040E+00 0.354640E+00 0.344000E+00 0.345280E+00 0.347840E+00 0.350000E+00 0.328160E+00 0.335440E+00 0.326320E+00 0.323680E+00 0.318320E+00 0.311600E+00 0.311920E+00 0.309520E+00 0.300000E+00 0.298240E+00 0.296080E+00 0.283920E+00 0.275200E+00 0.278240E+00 0.277040E+00 0.266880E+00 0.273600E+00 0.270000E+00 0.268720E+00 0.255680E+00 0.259360E+00 0.250320E+00 0.241600E+00 0.245520E+00 0.231440E+00 0.237840E+00 0.229680E+00 0.230240E+00 0.228720E+00 0.227040E+00 0.218240E+00 0.223280E+00 0.207680E+00 0.203120E+00 0.201920E+00 0.204880E+00 0.200080E+00 0.199280E+00 0.193840E+00 0.192640E+00 0.192320E+00 0.183600E+00 0.183920E+00 0.181200E+00 0.177680E+00 0.169840E+00 0.166560E+00 0.166400E+00 0.167600E+00 0.158000E+00 0.157520E+00 0.158800E+00 0.151280E+00 0.147360E+00 0.147280E+00 0.144320E+00 0.141040E+00 0.137440E+00 0.137120E+00 0.131600E+00 0.136400E+00 0.129440E+00 0.123040E+00 0.117840E+00 0.121840E+00 0.118240E+00 0.114960E+00 0.113360E+00 0.111280E+00 0.109680E+00 0.105040E+00 0.105200E+00 0.106880E+00 0.100160E+00 0.956000E-01 0.100240E+00 0.925600E-01 0.955200E-01 0.923200E-01 0.876800E-01 0.868800E-01 0.881600E-01 0.817600E-01 0.768000E-01 0.768800E-01 0.699200E-01 0.715200E-01 0.740800E-01 0.700800E-01 0.630400E-01 0.612800E-01 0.640800E-01 0.644800E-01 0.570400E-01 0.578400E-01 0.584800E-01 0.558400E-01 0.536800E-01 0.544800E-01 0.468000E-01 0.470400E-01 0.434400E-01 0.434400E-01 0.410400E-01 0.402400E-01 0.391200E-01 0.370400E-01 0.381600E-01 0.348000E-01 0.358400E-01 0.324800E-01 0.290400E-01 0.302400E-01 0.271200E-01 0.266400E-01 0.258400E-01 0.258400E-01 0.245600E-01 0.232800E-01 0.212000E-01 0.229600E-01 0.202400E-01 0.206400E-01 0.206400E-01 0.176800E-01 0.156800E-01 0.156000E-01 0.156800E-01 0.147200E-01 0.148800E-01 0.147200E-01 0.130400E-01 0.101600E-01 0.107200E-01 0.872000E-02 0.112000E-01 0.760000E-02 0.848000E-02 0.816000E-02 0.584000E-02 0.792000E-02 0.504000E-02 0.480000E-02 0.368000E-02 0.360000E-02 0.392000E-02 0.344000E-02 0.272000E-02 0.256000E-02 0.208000E-02 0.136000E-02 0.128000E-02 0.144000E-02 0.960000E-03 0.400000E-03 0.560000E-03 0.400000E-03 0.560000E-03 0.320000E-03 0.800000E-04 0.000000E+00 0.800000E-04 0.000000E+00
 0.737120E+00 0.701440E+00 0.637520E+00 0.612400E+00 0.587920E+00 0.571200E+00 0.546960E+00 0.533360E+00 0.529520E+00 0.505920E+00 0.487120E+00 0.488400E+00 0.477120E+00 0.467040E+00 0.456560E+00 0.439600E+00 0.438960E+00 0.424640E+00 0.418720E+00 0.423040E+00 0.401440E+00 0.412320E+00 0.400000E+00 0.383280E+00 0.385680E+00 0.367920E+00 0.375840E+00 0.351760E+00 0.369280E+00 0.351520E+00 0.337840E+00 0.329200E+00 0.336640E+00 0.325280E+00 0.316000E+00 0.320080E+00 0.311600E+00 0.311360E+00 0.298160E+00 0.295840E+00 0.288800E+00 0.293200E+00 0.286320E+00 0.267920E+00 0.266480E+00 0.268560E+00 0.265920E+00 0.259440E+00 0.254320E+00 0.256640E+00 0.238320E+00 0.249600E+00 0.247360E+00 0.241680E+00 0.227760E+00 0.229120E+00 0.230400E+00 0.227600E+00 0.223440E+00 0.219520E+00 0.204320E+00 0.206800E+00 0.208960E+00 0.192640E+00 0.195760E+00 0.200960E+00 0.191040E+00 0.179200E+00 0.182000E+00 0.173440E+00 0.179280E+00 0.175840E+00 0.172320E+00 0.166320E+00 0.164800E+00 0.157520E+00 0.154800E+00 0.154080E+00 0.153600E+00 0.150080E+00 0.148800E+00 0.146240E+00 0.139840E+00 0.136400E+00 0.135600E+00 0.134720E+00 0.132080E+00 0.134160E+00 0.127040E+00 0.123520E+00 0.122320E+00 0.117440E+00 0.114160E+00 0.114080E+00 0.113840E+00 0.106400E+00 0.108080E+00 0.988800E-01 0.988800E-01 0.101520E+00 0.964000E-01 0.916000E-01 0.844000E-01 0.899200E-01 0.908000E-01 0.861600E-01 0.870400E-01 0.828000E-01 0.768800E-01 0.773600E-01 0.748000E-01 0.703200E-01 0.705600E-01 0.675200E-01 0.663200E-01 0.656800E-01 0.646400E-01 0.651200E-01 0.616000E-01 0.572000E-01 0.580800E-01 0.609600E-01 0.573600E-01 0.501600E-01 0.540800E-01 0.528000E-01 0.438400E-01 0.442400E-01 0.479200E-01 0.418400E-01 0.436800E-01 0.440000E-01 0.398400E-01 0.388800E-01 0.392000E-01 0.362400E-01 0.324000E-01 0.350400E-01 0.334400E-01 0.344000E-01 0.307200E-01 0.305600E-01 0.268000E-01 0.288000E-01 0.256000E-01 0.244000E-01 0.220800E-01 0.237600E-01 0.213600E-01 0.192000E-01 0.222400E-01 0.192800E-01 0.191200E-01 0.160000E-01 0.160800E-01 0.148000E-01 0.148000E-01 0.144000E-01 0.130400E-01 0.132800E-01 0.126400E-01 0.112000E-01 0.102400E-01 0.944000E-02 0.111200E-01 0.888000E-02 0.880000E-02 0.856000E-02 0.688000E-02 0.504000E-02 0.616000E-02 0.640000E-02 0.536000E-02 0.336000E-02 0.496000E-02 0.368000E-02 0.360000E-02 0.336000E-02 0.360000E-02 0.336000E-02 0.216000E-02 0.328000E-02 0.176000E-02 0.176000E-02 0.168000E-02 0.152000E-02 0.720000E-03 0.880000E-03 0.400000E-03 0.400000E-03 0.800000E-03 0.400000E-03 0.240000E-03 0.800000E-04 0.000000E+00 0.160000E-03 0.800000E-04 0.000000E+00 0.000000E+00 0.000000E+00
 0.111416E+01 0.993520E+00 0.856560E+00 0.767120E+00 0.703920E+00 0.666960E+00 0.631040E+00 0.594640E+00 0.575040E+00 0.540240E+00 0.546400E+00 0.524800E+00 0.506000E+00 0.488560E+00 0.478960E+00 0.469920E+00 0.457600E+00 0.451040E+00 0.438720E+00 0.420800E+00 0.425760E+00 0.415200E+00 0.418320E+00 0.391520E+00 0.394480E+00 0.387840E+00 0.379600E+00 0.380240E+00 0.368000E+00 0.359840E+00 0.356160E+00 0.351120E+00 0.349120E+00 0.332800E+00 0.339440E+00 0.332080E+00 0.335120E+00 0.326400E+00 0.317920E+00 0.314640E+00 0.305920E+00 0.308080E+00 0.303840E+00 0.305760E+00 0.289120E+00 0.292960E+00 0.294640E+00 0.287680E+00 0.281600E+00 0.273520E+00 0.274160E+00 0.262320E+00 0.267280E+00 0.261440E+00 0.260160E+00 0.257520E+00 0.257840E+00 0.247680E+00 0.244800E+00 0.238320E+00 0.237440E+00 0.236160E+00 0.230000E+00 0.225920E+00 0.222240E+00 0.208960E+00 0.218960E+00 0.209120E+00 0.214080E+00 0.200960E+00 0.206560E+00 0.205040E+00 0.200000E+00 0.204640E+00 0.188880E+00 0.191840E+00 0.179200E+00 0.182560E+00 0.174880E+00 0.174560E+00 0.175520E+00 0.169360E+00 0.168960E+00 0.166160E+00 0.164160E+00 0.158000E+00 0.157760E+00 0.154160E+00 0.144480E+00 0.146560E+00 0.146160E+00 0.141040E+00 0.143360E+00 0.129520E+00 0.137040E+00 0.130160E+00 0.132320E+00 0.126000E+00 0.124720E+00 0.127360E+00 0.118480E+00 0.117360E+00 0.118000E+00 0.115760E+00 0.106320E+00 0.110640E+00 0.101520E+00 0.101520E+00 0.102000E+00 0.100400E+00 0.935200E-01 0.944800E-01 0.957600E-01 0.908800E-01 0.912000E-01 0.884000E-01 0.815200E-01 0.806400E-01 0.793600E-01 0.795200E-01 0.768000E-01 0.732800E-01 0.706400E-01 0.679200E-01 0.698400E-01 0.638400E-01 0.623200E-01 0.657600E-01 0.584800E-01 0.598400E-01 0.577600E-01 0.547200E-01 0.556800E-01 0.542400E-01 0.465600E-01 0.490400E-01 0.494400E-01 0.448800E-01 0.468000E-01 0.402400E-01 0.407200E-01 0.448800E-01 0.407200E-01 0.376800E-01 0.374400E-01 0.340000E-01 0.319200E-01 0.324000E-01 0.287200E-01 0.282400E-01 0.272000E-01 0.300000E-01 0.264800E-01 0.247200E-01 0.248800E-01 0.222400E-01 0.218400E-01 0.212000E-01 0.181600E-01 0.177600E-01 0.201600E-01 0.178400E-01 0.165600E-01 0.154400E-01 0.124000E-01 0.131200E-01 0.135200E-01 0.117600E-01 0.920000E-02 0.872000E-02 0.872000E-02 0.912000E-02 0.920000E-02 0.800000E-02 0.664000E-02 0.568000E-02 0.568000E-02 0.576000E-02 0.416000E-02 0.464000E-02 0.344000E-02 0.392000E-02 0.288000E-02 0.248000E-02 0.216000E-02 0.144000E-02 0.184000E-02 0.960000E-03 0.152000E-02 0.128000E-02 0.104000E-02 0.104000E-02 0.640000E-03 0.160000E-03 0.160000E-03 0.000000E+00 0.800000E-04 0.000000E+00 0.000000E+00 0.000000E+00
 0.813960E+01 0.620184E+01 0.443680E+01 0.396568E+01 0.366696E+01 0.348128E+01 0.330056E+01 0.317904E+01 0.303464E+01 0.293408E+01 0.284792E+01 0.278688E+01 0.270640E+01 0.264536E+01 0.252928E+01 0.248376E+01 0.246448E+01 0.241104E+01 0.234592E+01 0.230168E+01 0.226328E+01 0.221352E+01 0.216736E+01 0.215080E+01 0.207832E+01 0.205048E+01 0.203928E+01 0.199632E+01 0.192952E+01 0.192840E+01 0.189160E+01 0.186920E+01 0.182912E+01 0.179984E+01 0.180984E+01 0.173984E+01 0.171712E+01 0.168600E+01 0.166728E+01 0.164768E+01 0.159872E+01 0.161184E+01 0.157304E+01 0.153664E+01 0.151432E+01 0.150280E+01 0.148968E+01 0.146352E+01 0.146200E+01 0.141848E+01 0.140024E+01 0.138864E+01 0.134904E+01 0.134160E+01 0.134176E+01 0.129816E+01 0.128168E+01 0.128064E+01 0.125416E+01 0.124760E+01 0.122320E+01 0.118576E+01 0.117920E+01 0.117752E+01 0.115216E+01 0.113944E+01 0.111800E+01 0.109528E+01 0.108240E+01 0.105992E+01 0.105408E+01 0.101368E+01 0.103928E+01 0.100600E+01 0.990720E+00 0.964960E+00 0.962320E+00 0.948880E+00 0.928000E+00 0.925920E+00 0.903760E+00 0.885200E+00 0.875120E+00 0.854000E+00 0.848640E+00 0.832480E+00 0.829200E+00 0.816960E+00 0.807120E+00 0.780320E+00 0.767440E+00 0.753280E+00 0.745760E+00 0.738720E+00 0.734240E+00 0.703360E+00 0.707760E+00 0.700080E+00 0.685360E+00 0.661600E+00 0.659840E+00 0.653120E+00 0.642320E+00 0.625680E+00 0.624320E+00 0.612880E+00 0.597680E+00 0.591600E+00 0.580240E+00 0.580400E+00 0.561760E+00 0.555280E+00 0.551840E+00 0.524400E+00 0.526400E+00 0.525840E+00 0.510640E+00 0.507280E+00 0.488640E+00 0.489200E+00 0.480160E+00 0.479200E+00 0.450480E+00 0.455680E+00 0.439120E+00 0.445440E+00 0.435840E+00 0.424480E+00 0.421920E+00 0.408640E+00 0.397840E+00 0.391520E+00 0.383920E+00 0.389200E+00 0.367440E+00 0.363040E+00 0.360080E+00 0.345600E+00 0.350160E+00 0.330560E+00 0.336720E+00 0.328320E+00 0.326960E+00 0.320320E+00 0.315280E+00 0.306160E+00 0.299760E+00 0.283520E+00 0.276560E+00 0.275040E+00 0.267920E+00 0.259680E+00 0.248400E+00 0.251440E+00 0.242080E+00 0.227680E+00 0.223920E+00 0.222880E+00 0.213840E+00 0.204560E+00 0.195360E+00 0.186000E+00 0.173600E+00 0.165520E+00 0.151280E+00 0.152960E+00 0.137440E+00 0.129440E+00 0.130480E+00 0.120080E+00 0.114400E+00 0.105840E+00 0.103280E+00 0.102960E+00 0.964800E-01 0.897600E-01 0.856000E-01 0.848800E-01 0.825600E-01 0.807200E-01 0.812800E-01 0.728800E-01 0.684000E-01 0.701600E-01 0.639200E-01 0.615200E-01 0.579200E-01 0.545600E-01 0.574400E-01 0.506400E-01 0.512800E-01 0.477600E-01 0.441600E-01 0.448000E-01 0.434400E-01 0.384800E-01 0.401600E-01 0.380000E-01 0.264800E-01 0.800000E-04
 0.414664E+01 0.378424E+01 0.321376E+01 0.304712E+01 0.289320E+01 0.282552E+01 0.276720E+01 0.268224E+01 0.259992E+01 0.255480E+01 0.253648E+01 0.247568E+01 0.241264E+01 0.239568E+01 0.233616E+01 0.228696E+01 0.229576E+01 0.223776E+01 0.220808E+01 0.216248E+01 0.212160E+01 0.211384E+01 0.209744E+01 0.207440E+01 0.202312E+01 0.202608E+01 0.198976E+01 0.195440E+01 0.193760E+01 0.192384E+01 0.188288E+01 0.186280E+01 0.182144E+01 0.184008E+01 0.180776E+01 0.177200E+01 0.175488E+01 0.174056E+01 0.169720E+01 0.169680E+01 0.166000E+01 0.164032E+01 0.163848E+01 0.161536E+01 0.160688E+01 0.157992E+01 0.155528E+01 0.152880E+01 0.153128E+01 0.151728E+01 0.150912E+01 0.146112E+01 0.143760E+01 0.143624E+01 0.141328E+01 0.140720E+01 0.139016E+01 0.138896E+01 0.135056E+01 0.132712E+01 0.129864E+01 0.129352E+01 0.128800E+01 0.125944E+01 0.126552E+01 0.124840E+01 0.124248E+01 0.121304E+01 0.121448E+01 0.119040E+01 0.116880E+01 0.117808E+01 0.114072E+01 0.111616E+01 0.110400E+01 0.109496E+01 0.108376E+01 0.107304E+01 0.105968E+01 0.104592E+01 0.101032E+01 0.999120E+00 0.993840E+00 0.984560E+00 0.969120E+00 0.962720E+00 0.933920E+00 0.931360E+00 0.916480E+00 0.906560E+00 0.896800E+00 0.881360E+00 0.876880E+00 0.856720E+00 0.866000E+00 0.845840E+00 0.835280E+00 0.821520E+00 0.795200E+00 0.796080E+00 0.791920E+00 0.785280E+00 0.778080E+00 0.764400E+00 0.751280E+00 0.732960E+00 0.729360E+00 0.707680E+00 0.717200E+00 0.723280E+00 0.673440E+00 0.691120E+00 0.667440E+00 0.665680E+00 0.640160E+00 0.643440E+00 0.633600E+00 0.613360E+00 0.608560E+00 0.610400E+00 0.600480E+00 0.593520E+00 0.569760E+00 0.569200E+00 0.563760E+00 0.551520E+00 0.522880E+00 0.529600E+00 0.525840E+00 0.521680E+00 0.506320E+00 0.505840E+00 0.501760E+00 0.491840E+00 0.483840E+00 0.471680E+00 0.465920E+00 0.466080E+00 0.437680E+00 0.429520E+00 0.430960E+00 0.428560E+00 0.420560E+00 0.420800E+00 0.407120E+00 0.396960E+00 0.400000E+00 0.384080E+00 0.371840E+00 0.362880E+00 0.355520E+00 0.351360E+00 0.340320E+00 0.322960E+00 0.323280E+00 0.312000E+00 0.306000E+00 0.296640E+00 0.278480E+00 0.272000E+00 0.255360E+00 0.253520E+00 0.244720E+00 0.233040E+00 0.212800E+00 0.201680E+00 0.195840E+00 0.187760E+00 0.176800E+00 0.165440E+00 0.158400E+00 0.155600E+00 0.150000E+00 0.135840E+00 0.135440E+00 0.129680E+00 0.126880E+00 0.125920E+00 0.114960E+00 0.110640E+00 0.109280E+00 0.102320E+00 0.104880E+00 0.101920E+00 0.920800E-01 0.909600E-01 0.861600E-01 0.844000E-01 0.780800E-01 0.725600E-01 0.726400E-01 0.706400E-01 0.660000E-01 0.659200E-01 0.590400E-01 0.630400E-01 0.607200E-01 0.563200E-01 0.400800E-01 0.560000E-03
 0.346000E+00 0.310160E+00 0.247440E+00 0.229120E+00 0.209680E+00 0.178640E+00 0.167840E+00 0.163760E+00 0.152240E+00 0.139040E+00 0.135120E+00 0.121360E+00 0.112880E+00 0.112560E+00 0.104560E+00 0.959200E-01 0.955200E-01 0.843200E-01 0.793600E-01 0.781600E-01 0.760800E-01 0.729600E-01 0.712000E-01 0.645600E-01 0.642400E-01 0.607200E-01 0.556000E-01 0.548000E-01 0.549600E-01 0.488000E-01 0.452800E-01 0.439200E-01 0.448800E-01 0.428800E-01 0.413600E-01 0.340000E-01 0.344000E-01 0.321600E-01 0.319200E-01 0.312800E-01 0.296000E-01 0.284800E-01 0.254400E-01 0.251200E-01 0.243200E-01 0.232800E-01 0.235200E-01 0.220000E-01 0.204800E-01 0.195200E-01 0.186400E-01 0.189600E-01 0.160000E-01 0.164000E-01 0.130400E-01 0.157600E-01 0.124000E-01 0.131200E-01 0.115200E-01 0.122400E-01 0.117600E-01 0.108000E-01 0.960000E-02 0.108000E-01 0.928000E-02 0.896000E-02 0.848000E-02 0.776000E-02 0.776000E-02 0.856000E-02 0.600000E-02 0.672000E-02 0.552000E-02 0.704000E-02 0.656000E-02 0.600000E-02 0.528000E-02 0.528000E-02 0.400000E-02 0.432000E-02 0.392000E-02 0.344000E-02 0.392000E-02 0.376000E-02 0.376000E-02 0.352000E-02 0.392000E-02 0.160000E-02 0.216000E-02 0.256000E-02 0.208000E-02 0.240000E-02 0.232000E-02 0.240000E-02 0.176000E-02 0.152000E-02 0.152000E-02 0.136000E-02 0.960000E-03 0.184000E-02 0.144000E-02 0.144000E-02 0.128000E-02 0.880000E-03 0.128000E-02 0.136000E-02 0.320000E-03 0.320000E-03 0.560000E-03 0.560000E-03 0.720000E-03 0.800000E-03 0.400000E-03 0.640000E-03 0.560000E-03 0.800000E-03 0.160000E-03 0.640000E-03 0.560000E-03 0.560000E-03 0.160000E-03 0.400000E-03 0.160000E-03 0.160000E-03 0.400000E-03 0.800000E-04 0.320000E-03 0.480000E-03 0.800000E-04 0.160000E-03 0.160000E-03 0.240000E-03 0.320000E-03 0.160000E-03 0.400000E-03 0.000000E+00 0.800000E-04 0.160000E-03 0.160000E-03 0.800000E-04 0.000000E+00 0.000000E+00 0.000000E+00 0.160000E-03 0.000000E+00 0.000000E+00 0.000000E+00 0.000000E+00 0.000000E+00 0.160000E-03 0.000000E+00 0.000000E+00 0.000000E+00 0.000000E+00 0.000000E+00 0.000000E+00 0.000000E+00 0.000000E+00 0.000000E+00 0.000000E+00 0.000000E+00 0.000000E+00 0.000000E+00 0.000000E+00 0.000000E+00 0.000000E+00 0.000000E+00 0.000000E+00 0.000000E+00 0.000000E+00 0.000000E+00 0.000000E+00 0.000000E+00 0.000000E+00 0.000000E+00 0.000000E+00 0.000000E+00 0.000000E+00 0.000000E+00 0.000000E+00 0.000000E+00 0.800000E-04 0.000000E+00 0.000000E+00 0.000000E+00 0.000000E+00 0.000000E+00 0.000000E+00 0.000000E+00 0.000000E+00 0.000000E+00 0.000000E+00 0.000000E+00 0.000000E+00 0.000000E+00 0.000000E+00 0.000000E+00 0.000000E+00 0.000000E+00 0.000000E+00
 0.756480E+00 0.655680E+00 0.491120E+00 0.405360E+00 0.344240E+00 0.308160E+00 0.271200E+00 0.246320E+00 0.223520E+00 0.201600E+00 0.189520E+00 0.167840E+00 0.159920E+00 0.147840E+00 0.131360E+00 0.133680E+00 0.119120E+00 0.106080E+00 0.104480E+00 0.962400E-01 0.886400E-01 0.832000E-01 0.824800E-01 0.731200E-01 0.749600E-01 0.658400E-01 0.627200E-01 0.604000E-01 0.595200E-01 0.536000E-01 0.516000E-01 0.536000E-01 0.452800E-01 0.414400E-01 0.400800E-01 0.369600E-01 0.378400E-01 0.330400E-01 0.324000E-01 0.310400E-01 0.314400E-01 0.281600E-01 0.277600E-01 0.269600E-01 0.244000E-01 0.223200E-01 0.217600E-01 0.200000E-01 0.187200E-01 0.176800E-01 0.180800E-01 0.152000E-01 0.150400E-01 0.150400E-01 0.123200E-01 0.150400E-01 0.139200E-01 0.130400E-01 0.116000E-01 0.105600E-01 0.105600E-01 0.108000E-01 0.101600E-01 0.880000E-02 0.816000E-02 0.736000E-02 0.904000E-02 0.624000E-02 0.688000E-02 0.672000E-02 0.536000E-02 0.568000E-02 0.784000E-02 0.384000E-02 0.360000E-02 0.456000E-02 0.440000E-02 0.400000E-02 0.432000E-02 0.320000E-02 0.392000E-02 0.264000E-02 0.360000E-02 0.368000E-02 0.256000E-02 0.304000E-02 0.328000E-02 0.344000E-02 0.192000E-02 0.160000E-02 0.216000E-02 0.144000E-02 0.120000E-02 0.184000E-02 0.192000E-02 0.144000E-02 0.152000E-02 0.880000E-03 0.128000E-02 0.128000E-02 0.104000E-02 0.720000E-03 0.104000E-02 0.144000E-02 0.104000E-02 0.800000E-03 0.800000E-03 0.160000E-03 0.400000E-03 0.240000E-03 0.400000E-03 0.960000E-03 0.560000E-03 0.560000E-03 0.560000E-03 0.960000E-03 0.240000E-03 0.320000E-03 0.480000E-03 0.560000E-03 0.560000E-03 0.320000E-03 0.240000E-03 0.000000E+00 0.320000E-03 0.240000E-03 0.160000E-03 0.000000E+00 0.320000E-03 0.800000E-04 0.160000E-03 0.160000E-03 0.160000E-03 0.000000E+00 0.000000E+00 0.800000E-04 0.800000E-04 0.000000E+00 0.000000E+00 0.000000E+00 0.000000E+00 0.800000E-04 0.160000E-03 0.800000E-04 0.000000E+00 0.000000E+00 0.800000E-04 0.000000E+00 0.000000E+00 0.000000E+00 0.000000E+00 0.160000E-03 0.000000E+00 0.000000E+00 0.000000E+00 0.000000E+00 0.000000E+00 0.000000E+00 0.000000E+00 0.000000E+00 0.000000E+00 0.000000E+00 0.800000E-04 0.000000E+00 0.800000E-04 0.000000E+00 0.000000E+00 0.000000E+00 0.000000E+00 0.800000E-04 0.000000E+00 0.000000E+00 0.000000E+00 0.000000E+00 0.000000E+00 0.000000E+00 0.000000E+00 0.000000E+00 0.000000E+00 0.000000E+00 0.000000E+00 0.000000E+00 0.000000E+00 0.000000E+00 0.000000E+00 0.000000E+00 0.000000E+00 0.000000E+00 0.000000E+00 0.000000E+00 0.000000E+00 0.000000E+00 0.000000E+00 0.000000E+00 0.000000E+00 0.000000E+00 0.000000E+00 0.000000E+00 0.000000E+00 0.000000E+00
 0.333200E+00 0.305920E+00 0.250960E+00 0.220240E+00 0.198560E+00 0.177360E+00 0.168240E+00 0.162640E+00 0.147520E+00 0.139840E+00 0.123920E+00 0.119680E+00 0.115840E+00 0.107440E+00 0.104720E+00 0.948000E-01 0.915200E-01 0.850400E-01 0.811200E-01 0.755200E-01 0.764000E-01 0.767200E-01 0.680800E-01 0.629600E-01 0.620800E-01 0.544000E-01 0.560800E-01 0.531200E-01 0.536800E-01 0.466400E-01 0.461600E-01 0.404800E-01 0.431200E-01 0.377600E-01 0.371200E-01 0.356800E-01 0.357600E-01 0.314400E-01 0.312800E-01 0.295200E-01 0.264000E-01 0.281600E-01 0.284800E-01 0.249600E-01 0.216000E-01 0.214400E-01 0.200000E-01 0.200800E-01 0.198400E-01 0.180000E-01 0.154400E-01 0.171200E-01 0.145600E-01 0.160000E-01 0.136000E-01 0.131200E-01 0.132800E-01 0.147200E-01 0.135200E-01 0.112800E-01 0.116800E-01 0.106400E-01 0.107200E-01 0.952000E-02 0.912000E-02 0.100000E-01 0.816000E-02 0.624000E-02 0.744000E-02 0.560000E-02 0.648000E-02 0.576000E-02 0.720000E-02 0.616000E-02 0.592000E-02 0.472000E-02 0.472000E-02 0.344000E-02 0.376000E-02 0.480000E-02 0.552000E-02 0.384000E-02 0.376000E-02 0.392000E-02 0.456000E-02 0.296000E-02 0.288000E-02 0.232000E-02 0.280000E-02 0.296000E-02 0.280000E-02 0.304000E-02 0.224000E-02 0.184000E-02 0.176000E-02 0.152000E-02 0.192000E-02 0.208000E-02 0.960000E-03 0.112000E-02 0.800000E-03 0.112000E-02 0.112000E-02 0.104000E-02 0.112000E-02 0.960000E-03 0.640000E-03 0.880000E-03 0.480000E-03 0.560000E-03 0.720000E-03 0.560000E-03 0.720000E-03 0.640000E-03 0.800000E-03 0.560000E-03 0.720000E-03 0.800000E-04 0.640000E-03 0.240000E-03 0.400000E-03 0.320000E-03 0.480000E-03 0.240000E-03 0.160000E-03 0.560000E-03 0.000000E+00 0.400000E-03 0.160000E-03 0.240000E-03 0.160000E-03 0.160000E-03 0.160000E-03 0.000000E+00 0.160000E-03 0.800000E-04 0.240000E-03 0.000000E+00 0.000000E+00 0.800000E-04 0.800000E-04 0.800000E-04 0.800000E-04 0.000000E+00 0.800000E-04 0.000000E+00 0.000000E+00 0.240000E-03 0.000000E+00 0.000000E+00 0.800000E-04 0.800000E-04 0.000000E+00 0.000000E+00 0.000000E+00 0.000000E+00 0.000000E+00 0.000000E+00 0.000000E+00 0.000000E+00 0.000000E+00 0.000000E+00 0.000000E+00 0.000000E+00 0.000000E+00 0.000000E+00 0.000000E+00 0.000000E+00 0.000000E+00 0.000000E+00 0.000000E+00 0.000000E+00 0.000000E+00 0.000000E+00 0.000000E+00 0.000000E+00 0.000000E+00 0.000000E+00 0.000000E+00 0.000000E+00 0.000000E+00 0.000000E+00 0.000000E+00 0.000000E+00 0.000000E+00 0.000000E+00 0.000000E+00 0.000000E+00 0.000000E+00 0.000000E+00 0.000000E+00 0.000000E+00 0.000000E+00 0.000000E+00 0.000000E+00 0.000000E+00 0.000000E+00 0.000000E+00 0.000000E+00 0.000000E+00
 0.740000E+00 0.615120E+00 0.481280E+00 0.395520E+00 0.330240E+00 0.300560E+00 0.267520E+00 0.234400E+00 0.209600E+00 0.192960E+00 0.181600E+00 0.162080E+00 0.147600E+00 0.137280E+00 0.134960E+00 0.124960E+00 0.115440E+00 0.106640E+00 0.104320E+00 0.923200E-01 0.920800E-01 0.815200E-01 0.800000E-01 0.684000E-01 0.652000E-01 0.678400E-01 0.641600E-01 0.584800E-01 0.553600E-01 0.489600E-01 0.476800E-01 0.456800E-01 0.462400E-01 0.404800E-01 0.429600E-01 0.396800E-01 0.375200E-01 0.362400E-01 0.287200E-01 0.313600E-01 0.264000E-01 0.276800E-01 0.280000E-01 0.245600E-01 0.254400E-01 0.202400E-01 0.208000E-01 0.207200E-01 0.202400E-01 0.178400E-01 0.176800E-01 0.163200E-01 0.156800E-01 0.144800E-01 0.151200E-01 0.115200E-01 0.146400E-01 0.113600E-01 0.109600E-01 0.110400E-01 0.904000E-02 0.880000E-02 0.103200E-01 0.896000E-02 0.840000E-02 0.712000E-02 0.808000E-02 0.688000E-02 0.664000E-02 0.616000E-02 0.536000E-02 0.512000E-02 0.472000E-02 0.576000E-02 0.528000E-02 0.552000E-02 0.440000E-02 0.464000E-02 0.352000E-02 0.400000E-02 0.368000E-02 0.392000E-02 0.248000E-02 0.272000E-02 0.272000E-02 0.264000E-02 0.264000E-02 0.280000E-02 0.224000E-02 0.136000E-02 0.176000E-02 0.248000E-02 0.144000E-02 0.176000E-02 0.176000E-02 0.176000E-02 0.192000E-02 0.960000E-03 0.152000E-02 0.104000E-02 0.152000E-02 0.800000E-03 0.112000E-02 0.960000E-03 0.720000E-03 0.112000E-02 0.560000E-03 0.800000E-03 0.720000E-03 0.640000E-03 0.880000E-03 0.480000E-03 0.480000E-03 0.320000E-03 0.640000E-03 0.880000E-03 0.480000E-03 0.400000E-03 0.240000E-03 0.240000E-03 0.480000E-03 0.240000E-03 0.800000E-04 0.160000E-03 0.240000E-03 0.320000E-03 0.320000E-03 0.160000E-03 0.800000E-04 0.240000E-03 0.160000E-03 0.160000E-03 0.160000E-03 0.320000E-03 0.160000E-03 0.800000E-04 0.800000E-04 0.000000E+00 0.800000E-04 0.000000E+00 0.000000E+00 0.000000E+00 0.000000E+00 0.800000E-04 0.000000E+00 0.000000E+00 0.800000E-04 0.000000E+00 0.000000E+00 0.800000E-04 0.000000E+00 0.000000E+00 0.000000E+00 0.000000E+00 0.000000E+00 0.800000E-04 0.000000E+00 0.000000E+00 0.000000E+00 0.000000E+00 0.800000E-04 0.000000E+00 0.000000E+00 0.000000E+00 0.000000E+00 0.000000E+00 0.000000E+00 0.000000E+00 0.000000E+00 0.000000E+00 0.000000E+00 0.000000E+00 0.000000E+00 0.000000E+00 0.000000E+00 0.000000E+00 0.000000E+00 0.000000E+00 0.000000E+00 0.000000E+00 0.000000E+00 0.000000E+00 0.000000E+00 0.000000E+00 0.000000E+00 0.000000E+00 0.000000E+00 0.000000E+00 0.000000E+00 0.000000E+00 0.000000E+00 0.000000E+00 0.000000E+00 0.000000E+00 0.000000E+00 0.000000E+00 0.000000E+00 0.000000E+00 0.000000E+00 0.000000E+00
 0.589808E+01 0.399168E+01 0.226904E+01 0.183688E+01 0.158488E+01 0.137336E+01 0.122088E+01 0.112384E+01 0.100464E+01 0.925200E+00 0.840080E+00 0.784240E+00 0.729120E+00 0.687600E+00 0.613440E+00 0.579440E+00 0.565040E+00 0.508320E+00 0.483680E+00 0.458880E+00 0.426240E+00 0.408320E+00 0.380400E+00 0.365760E+00 0.345600E+00 0.328480E+00 0.314720E+00 0.296480E+00 0.271120E+00 0.266000E+00 0.250080E+00 0.236480E+00 0.226560E+00 0.212800E+00 0.206560E+00 0.201360E+00 0.183360E+00 0.175920E+00 0.170480E+00 0.166480E+00 0.154880E+00 0.148480E+00 0.141920E+00 0.131440E+00 0.130640E+00 0.118160E+00 0.116640E+00 0.111920E+00 0.113280E+00 0.102080E+00 0.102480E+00 0.944000E-01 0.912800E-01 0.833600E-01 0.825600E-01 0.740000E-01 0.761600E-01 0.710400E-01 0.705600E-01 0.671200E-01 0.660000E-01 0.649600E-01 0.599200E-01 0.584800E-01 0.536800E-01 0.503200E-01 0.460800E-01 0.463200E-01 0.450400E-01 0.430400E-01 0.400800E-01 0.384800E-01 0.417600E-01 0.356800E-01 0.349600E-01 0.338400E-01 0.313600E-01 0.277600E-01 0.292800E-01 0.263200E-01 0.261600E-01 0.234400E-01 0.242400E-01 0.235200E-01 0.208800E-01 0.209600E-01 0.216800E-01 0.166400E-01 0.192000E-01 0.154400E-01 0.158400E-01 0.156800E-01 0.142400E-01 0.136800E-01 0.144800E-01 0.132800E-01 0.130400E-01 0.116800E-01 0.124000E-01 0.984000E-02 0.100000E-01 0.100800E-01 0.744000E-02 0.840000E-02 0.920000E-02 0.704000E-02 0.824000E-02 0.736000E-02 0.768000E-02 0.784000E-02 0.528000E-02 0.600000E-02 0.456000E-02 0.440000E-02 0.552000E-02 0.424000E-02 0.376000E-02 0.384000E-02 0.432000E-02 0.400000E-02 0.328000E-02 0.272000E-02 0.296000E-02 0.264000E-02 0.312000E-02 0.224000E-02 0.216000E-02 0.224000E-02 0.272000E-02 0.176000E-02 0.184000E-02 0.144000E-02 0.160000E-02 0.176000E-02 0.136000E-02 0.160000E-02 0.104000E-02 0.960000E-03 0.560000E-03 0.880000E-03 0.128000E-02 0.560000E-03 0.640000E-03 0.560000E-03 0.640000E-03 0.104000E-02 0.320000E-03 0.480000E-03 0.640000E-03 0.480000E-03 0.160000E-03 0.240000E-03 0.400000E-03 0.160000E-03 0.240000E-03 0.160000E-03 0.320000E-03 0.240000E-03 0.240000E-03 0.560000E-03 0.000000E+00 0.000000E+00 0.160000E-03 0.160000E-03 0.000000E+00 0.240000E-03 0.000000E+00 0.160000E-03 0.160000E-03 0.800000E-04 0.800000E-04 0.160000E-03 0.160000E-03 0.000000E+00 0.000000E+00 0.000000E+00 0.000000E+00 0.160000E-03 0.000000E+00 0.000000E+00 0.800000E-04 0.000000E+00 0.000000E+00 0.000000E+00 0.000000E+00 0.800000E-04 0.000000E+00 0.000000E+00 0.000000E+00 0.000000E+00 0.000000E+00 0.000000E+00 0.000000E+00 0.000000E+00 0.000000E+00 0.000000E+00 0.000000E+00 0.000000E+00 0.000000E+00 0.000000E+00
 0.208656E+01 0.178544E+01 0.123552E+01 0.105376E+01 0.955200E+00 0.889040E+00 0.822000E+00 0.755200E+00 0.719120E+00 0.667680E+00 0.641440E+00 0.590240E+00 0.560560E+00 0.542000E+00 0.506240E+00 0.482960E+00 0.453680E+00 0.447360E+00 0.422960E+00 0.392240E+00 0.376080E+00 0.365040E+00 0.356480E+00 0.343760E+00 0.314880E+00 0.314080E+00 0.301440E+00 0.284640E+00 0.273360E+00 0.269120E+00 0.251520E+00 0.238720E+00 0.231600E+00 0.223520E+00 0.213920E+00 0.202160E+00 0.201520E+00 0.193120E+00 0.181040E+00 0.175360E+00 0.163120E+00 0.169360E+00 0.159040E+00 0.148640E+00 0.147040E+00 0.143280E+00 0.138080E+00 0.129760E+00 0.124560E+00 0.122320E+00 0.118320E+00 0.113040E+00 0.112000E+00 0.104640E+00 0.101920E+00 0.940000E-01 0.992000E-01 0.931200E-01 0.808000E-01 0.836000E-01 0.789600E-01 0.759200E-01 0.739200E-01 0.700000E-01 0.727200E-01 0.670400E-01 0.642400E-01 0.632000E-01 0.613600E-01 0.568000E-01 0.524000E-01 0.546400E-01 0.504800E-01 0.463200E-01 0.480800E-01 0.423200E-01 0.449600E-01 0.369600E-01 0.375200E-01 0.362400E-01 0.357600E-01 0.332000E-01 0.311200E-01 0.336000E-01 0.286400E-01 0.307200E-01 0.280000E-01 0.266400E-01 0.253600E-01 0.235200E-01 0.228000E-01 0.210400E-01 0.226400E-01 0.210400E-01 0.216000E-01 0.186400E-01 0.171200E-01 0.169600E-01 0.183200E-01 0.165600E-01 0.168800E-01 0.143200E-01 0.128800E-01 0.136000E-01 0.130400E-01 0.112000E-01 0.112000E-01 0.107200E-01 0.106400E-01 0.944000E-02 0.992000E-02 0.904000E-02 0.984000E-02 0.728000E-02 0.816000E-02 0.912000E-02 0.560000E-02 0.680000E-02 0.688000E-02 0.536000E-02 0.520000E-02 0.528000E-02 0.360000E-02 0.464000E-02 0.448000E-02 0.408000E-02 0.312000E-02 0.368000E-02 0.352000E-02 0.360000E-02 0.296000E-02 0.352000E-02 0.248000E-02 0.160000E-02 0.256000E-02 0.240000E-02 0.144000E-02 0.152000E-02 0.176000E-02 0.160000E-02 0.136000E-02 0.192000E-02 0.128000E-02 0.232000E-02 0.880000E-03 0.560000E-03 0.104000E-02 0.880000E-03 0.560000E-03 0.800000E-03 0.104000E-02 0.880000E-03 0.880000E-03 0.320000E-03 0.960000E-03 0.560000E-03 0.240000E-03 0.240000E-03 0.320000E-03 0.640000E-03 0.400000E-03 0.240000E-03 0.480000E-03 0.800000E-04 0.240000E-03 0.240000E-03 0.320000E-03 0.400000E-03 0.240000E-03 0.160000E-03 0.800000E-04 0.320000E-03 0.800000E-04 0.160000E-03 0.000000E+00 0.240000E-03 0.000000E+00 0.000000E+00 0.000000E+00 0.000000E+00 0.000000E+00 0.800000E-04 0.000000E+00 0.000000E+00 0.800000E-04 0.800000E-04 0.000000E+00 0.000000E+00 0.000000E+00 0.000000E+00 0.000000E+00 0.000000E+00 0.000000E+00 0.000000E+00 0.000000E+00 0.000000E+00 0.000000E+00 0.000000E+00 0.000000E+00 0.000000E+00
 0.346000E+00 0.310160E+00 0.247440E+00 0.229120E+00 0.209680E+00 0.178640E+00 0.167840E+00 0.163760E+00 0.152240E+00 0.139040E+00 0.135120E+00 0.121360E+00 0.112880E+00 0.112560E+00 0.104560E+00 0.959200E-01 0.955200E-01 0.843200E-01 0.793600E-01 0.781600E-01 0.760800E-01 0.729600E-01 0.712000E-01 0.645600E-01 0.642400E-01 0.607200E-01 0.556000E-01 0.548000E-01 0.549600E-01 0.488000E-01 0.452800E-01 0.439200E-01 0.448800E-01 0.428800E-01 0.413600E-01 0.340000E-01 0.344000E-01 0.321600E-01 0.319200E-01 0.312800E-01 0.296000E-01 0.284800E-01 0.254400E-01 0.251200E-01 0.243200E-01 0.232800E-01 0.235200E-01 0.220000E-01 0.204800E-01 0.195200E-01 0.186400E-01 0.189600E-01 0.160000E-01 0.164000E-01 0.130400E-01 0.157600E-01 0.124000E-01 0.131200E-01 0.115200E-01 0.122400E-01 0.117600E-01 0.108000E-01 0.960000E-02 0.108000E-01 0.928000E-02 0.896000E-02 0.848000E-02 0.776000E-02 0.776000E-02 0.856000E-02 0.600000E-02 0.672000E-02 0.552000E-02 0.704000E-02 0.656000E-02 0.600000E-02 0.528000E-02 0.528000E-02 0.400000E-02 0.432000E-02 0.392000E-02 0.344000E-02 0.392000E-02 0.376000E-02 0.376000E-02 0.352000E-02 0.392000E-02 0.160000E-02 0.216000E-02 0.256000E-02 0.208000E-02 0.240000E-02 0.232000E-02 0.240000E-02 0.176000E-02 0.152000E-02 0.152000E-02 0.136000E-02 0.960000E-03 0.184000E-02 0.144000E-02 0.144000E-02 0.128000E-02 0.880000E-03 0.128000E-02 0.136000E-02 0.320000E-03 0.320000E-03 0.560000E-03 0.560000E-03 0.720000E-03 0.800000E-03 0.400000E-03 0.640000E-03 0.560000E-03 0.800000E-03 0.160000E-03 0.640000E-03 0.560000E-03 0.560000E-03 0.160000E-03 0.400000E-03 0.160000E-03 0.160000E-03 0.400000E-03 0.800000E-04 0.320000E-03 0.480000E-03 0.800000E-04 0.160000E-03 0.160000E-03 0.240000E-03 0.320000E-03 0.160000E-03 0.400000E-03 0.000000E+00 0.800000E-04 0.160000E-03 0.160000E-03 0.800000E-04 0.000000E+00 0.000000E+00 0.000000E+00 0.160000E-03 0.000000E+00 0.000000E+00 0.000000E+00 0.000000E+00 0.000000E+00 0.160000E-03 0.000000E+00 0.000000E+00 0.000000E+00 0.000000E+00 0.000000E+00 0.000000E+00 0.000000E+00 0.000000E+00 0.000000E+00 0.000000E+00 0.000000E+00 0.000000E+00 0.000000E+00 0.000000E+00 0.000000E+00 0.000000E+00 0.000000E+00 0.000000E+00 0.000000E+00 0.000000E+00 0.000000E+00 0.000000E+00 0.000000E+00 0.000000E+00 0.000000E+00 0.000000E+00 0.000000E+00 0.000000E+00 0.000000E+00 0.000000E+00 0.000000E+00 0.800000E-04 0.000000E+00 0.000000E+00 0.000000E+00 0.000000E+00 0.000000E+00 0.000000E+00 0.000000E+00 0.000000E+00 0.000000E+00 0.000000E+00 0.000000E+00 0.000000E+00 0.000000E+00 0.000000E+00 0.000000E+00 0.000000E+00 0.000000E+00 0.000000E+00
 0.756480E+00 0.655680E+00 0.491120E+00 0.405360E+00 0.344240E+00 0.308160E+00 0.271200E+00 0.246320E+00 0.223520E+00 0.201600E+00 0.189520E+00 0.167840E+00 0.159920E+00 0.147840E+00 0.131360E+00 0.133680E+00 0.119120E+00 0.106080E+00 0.104480E+00 0.962400E-01 0.886400E-01 0.832000E-01 0.824800E-01 0.731200E-01 0.749600E-01 0.658400E-01 0.627200E-01 0.604000E-01 0.595200E-01 0.536000E-01 0.516000E-01 0.536000E-01 0.452800E-01 0.414400E-01 0.400800E-01 0.369600E-01 0.378400E-01 0.330400E-01 0.324000E-01 0.310400E-01 0.314400E-01 0.281600E-01 0.277600E-01 0.269600E-01 0.244000E-01 0.223200E-01 0.217600E-01 0.200000E-01 0.187200E-01 0.176800E-01 0.180800E-01 0.152000E-01 0.150400E-01 0.150400E-01 0.123200E-01 0.150400E-01 0.139200E-01 0.130400E-01 0.116000E-01 0.105600E-01 0.105600E-01 0.108000E-01 0.101600E-01 0.880000E-02 0.816000E-02 0.736000E-02 0.904000E-02 0.624000E-02 0.688000E-02 0.672000E-02 0.536000E-02 0.568000E-02 0.784000E-02 0.384000E-02 0.360000E-02 0.456000E-02 0.440000E-02 0.400000E-02 0.432000E-02 0.320000E-02 0.392000E-02 0.264000E-02 0.360000E-02 0.368000E-02 0.256000E-02 0.304000E-02 0.328000E-02 0.344000E-02 0.192000E-02 0.160000E-02 0.216000E-02 0.144000E-02 0.120000E-02 0.184000E-02 0.192000E-02 0.144000E-02 0.152000E-02 0.880000E-03 0.128000E-02 0.128000E-02 0.104000E-02 0.720000E-03 0.104000E-02 0.144000E-02 0.104000E-02 0.800000E-03 0.800000E-03 0.160000E-03 0.400000E-03 0.240000E-03 0.400000E-03 0.960000E-03 0.560000E-03 0.560000E-03 0.560000E-03 0.960000E-03 0.240000E-03 0.320000E-03 0.480000E-03 0.560000E-03 0.560000E-03 0.320000E-03 0.240000E-03 0.000000E+00 0.320000E-03 0.240000E-03 0.160000E-03 0.000000E+00 0.320000E-03 0.800000E-04 0.160000E-03 0.160000E-03 0.160000E-03 0.000000E+00 0.000000E+00 0.800000E-04 0.800000E-04 0.000000E+00 0.000000E+00 0.000000E+00 0.000000E+00 0.800000E-04 0.160000E-03 0.800000E-04 0.000000E+00 0.000000E+00 0.800000E-04 0.000000E+00 0.000000E+00 0.000000E+00 0.000000E+00 0.160000E-03 0.000000E+00 0.000000E+00 0.000000E+00 0.000000E+00 0.000000E+00 0.000000E+00 0.000000E+00 0.000000E+00 0.000000E+00 0.000000E+00 0.800000E-04 0.000000E+00 0.800000E-04 0.000000E+00 0.000000E+00 0.000000E+00 0.000000E+00 0.800000E-04 0.000000E+00 0.000000E+00 0.000000E+00 0.000000E+00 0.000000E+00 0.000000E+00 0.000000E+00 0.000000E+00 0.000000E+00 0.000000E+00 0.000000E+00 0.000000E+00 0.000000E+00 0.000000E+00 0.000000E+00 0.000000E+00 0.000000E+00 0.000000E+00 0.000000E+00 0.000000E+00 0.000000E+00 0.000000E+00 0.000000E+00 0.000000E+00 0.000000E+00 0.000000E+00 0.000000E+00 0.000000E+00 0.000000E+00 0.000000E+00
 0.333200E+00 0.305920E+00 0.250960E+00 0.220240E+00 0.198560E+00 0.177360E+00 0.168240E+00 0.162640E+00 0.147520E+00 0.139840E+00 0.123920E+00 0.119680E+00 0.115840E+00 0.107440E+00 0.104720E+00 0.948000E-01 0.915200E-01 0.850400E-01 0.811200E-01 0.755200E-01 0.764000E-01 0.767200E-01 0.680800E-01 0.629600E-01 0.620800E-01 0.544000E-01 0.560800E-01 0.531200E-01 0.536800E-01 0.466400E-01 0.461600E-01 0.404800E-01 0.431200E-01 0.377600E-01 0.371200E-01 0.356800E-01 0.357600E-01 0.314400E-01 0.312800E-01 0.295200E-01 0.264000E-01 0.281600E-01 0.284800E-01 0.249600E-01 0.216000E-01 0.214400E-01 0.200000E-01 0.200800E-01 0.198400E-01 0.180000E-01 0.154400E-01 0.171200E-01 0.145600E-01 0.160000E-01 0.136000E-01 0.131200E-01 0.132800E-01 0.147200E-01 0.135200E-01 0.112800E-01 0.116800E-01 0.106400E-01 0.107200E-01 0.952000E-02 0.912000E-02 0.100000E-01 0.816000E-02 0.624000E-02 0.744000E-02 0.560000E-02 0.648000E-02 0.576000E-02 0.720000E-02 0.616000E-02 0.592000E-02 0.472000E-02 0.472000E-02 0.344000E-02 0.376000E-02 0.480000E-02 0.552000E-02 0.384000E-02 0.376000E-02 0.392000E-02 0.456000E-02 0.296000E-02 0.288000E-02 0.232000E-02 0.280000E-02 0.296000E-02 0.280000E-02 0.304000E-02 0.224000E-02 0.184000E-02 0.176000E-02 0.152000E-02 0.192000E-02 0.208000E-02 0.960000E-03 0.112000E-02 0.800000E-03 0.112000E-02 0.112000E-02 0.104000E-02 0.112000E-02 0.960000E-03 0.640000E-03 0.880000E-03 0.480000E-03 0.560000E-03 0.720000E-03 0.560000E-03 0.720000E-03 0.640000E-03 0.800000E-03 0.560000E-03 0.720000E-03 0.800000E-04 0.640000E-03 0.240000E-03 0.400000E-03 0.320000E-03 0.480000E-03 0.240000E-03 0.160000E-03 0.560000E-03 0.000000E+00 0.400000E-03 0.160000E-03 0.240000E-03 0.160000E-03 0.160000E-03 0.160000E-03 0.000000E+00 0.160000E-03 0.800000E-04 0.240000E-03 0.000000E+00 0.000000E+00 0.800000E-04 0.800000E-04 0.800000E-04 0.800000E-04 0.000000E+00 0.800000E-04 0.000000E+00 0.000000E+00 0.240000E-03 0.000000E+00 0.000000E+00 0.800000E-04 0.800000E-04 0.000000E+00 0.000000E+00 0.000000E+00 0.000000E+00 0.000000E+00 0.000000E+00 0.000000E+00 0.000000E+00 0.000000E+00 0.000000E+00 0.000000E+00 0.000000E+00 0.000000E+00 0.000000E+00 0.000000E+00 0.000000E+00 0.000000E+00 0.000000E+00 0.000000E+00 0.000000E+00 0.000000E+00 0.000000E+00 0.000000E+00 0.000000E+00 0.000000E+00 0.000000E+00 0.000000E+00 0.000000E+00 0.000000E+00 0.000000E+00 0.000000E+00 0.000000E+00 0.000000E+00 0.000000E+00 0.000000E+00 0.000000E+00 0.000000E+00 0.000000E+00 0.000000E+00 0.000000E+00 0.000000E+00 0.000000E+00 0.000000E+00 0.000000E+00 0.000000E+00 0.000000E+00 0.000000E+00 0.000000E+00
 0.740000E+00 0.615120E+00 0.481280E+00 0.395520E+00 0.330240E+00 0.300560E+00 0.267520E+00 0.234400E+00 0.209600E+00 0.192960E+00 0.181600E+00 0.162080E+00 0.147600E+00 0.137280E+00 0.134960E+00 0.124960E+00 0.115440E+00 0.106640E+00 0.104320E+00 0.923200E-01 0.920800E-01 0.815200E-01 0.800000E-01 0.684000E-01 0.652000E-01 0.678400E-01 0.641600E-01 0.584800E-01 0.553600E-01 0.489600E-01 0.476800E-01 0.456800E-01 0.462400E-01 0.404800E-01 0.429600E-01 0.396800E-01 0.375200E-01 0.362400E-01 0.287200E-01 0.313600E-01 0.264000E-01 0.276800E-01 0.280000E-01 0.245600E-01 0.254400E-01 0.202400E-01 0.208000E-01 0.207200E-01 0.202400E-01 0.178400E-01 0.176800E-01 0.163200E-01 0.156800E-01 0.144800E-01 0.151200E-01 0.115200E-01 0.146400E-01 0.113600E-01 0.109600E-01 0.110400E-01 0.904000E-02 0.880000E-02 0.103200E-01 0.896000E-02 0.840000E-02 0.712000E-02 0.808000E-02 0.688000E-02 0.664000E-02 0.616000E-02 0.536000E-02 0.512000E-02 0.472000E-02 0.576000E-02 0.528000E-02 0.552000E-02 0.440000E-02 0.464000E-02 0.352000E-02 0.400000E-02 0.368000E-02 0.392000E-02 0.248000E-02 0.272000E-02 0.272000E-02 0.264000E-02 0.264000E-02 0.280000E-02 0.224000E-02 0.136000E-02 0.176000E-02 0.248000E-02 0.144000E-02 0.176000E-02 0.176000E-02 0.176000E-02 0.192000E-02 0.960000E-03 0.152000E-02 0.104000E-02 0.152000E-02 0.800000E-03 0.112000E-02 0.960000E-03 0.720000E-03 0.112000E-02 0.560000E-03 0.800000E-03 0.720000E-03 0.640000E-03 0.880000E-03 0.480000E-03 0.480000E-03 0.320000E-03 0.640000E-03 0.880000E-03 0.480000E-03 0.400000E-03 0.240000E-03 0.240000E-03 0.480000E-03 0.240000E-03 0.800000E-04 0.160000E-03 0.240000E-03 0.320000E-03 0.320000E-03 0.160000E-03 0.800000E-04 0.240000E-03 0.160000E-03 0.160000E-03 0.160000E-03 0.320000E-03 0.160000E-03 0.800000E-04 0.800000E-04 0.000000E+00 0.800000E-04 0.000000E+00 0.000000E+00 0.000000E+00 0.000000E+00 0.800000E-04 0.000000E+00 0.000000E+00 0.800000E-04 0.000000E+00 0.000000E+00 0.800000E-04 0.000000E+00 0.000000E+00 0.000000E+00 0.000000E+00 0.000000E+00 0.800000E-04 0.000000E+00 0.000000E+00 0.000000E+00 0.000000E+00 0.800000E-04 0.000000E+00 0.000000E+00 0.000000E+00 0.000000E+00 0.000000E+00 0.000000E+00 0.000000E+00 0.000000E+00 0.000000E+00 0.000000E+00 0.000000E+00 0.000000E+00 0.000000E+00 0.000000E+00 0.000000E+00 0.000000E+00 0.000000E+00 0.000000E+00 0.000000E+00 0.000000E+00 0.000000E+00 0.000000E+00 0.000000E+00 0.000000E+00 0.000000E+00 0.000000E+00 0.000000E+00 0.000000E+00 0.000000E+00 0.000000E+00 0.000000E+00 0.000000E+00 0.000000E+00 0.000000E+00 0.000000E+00 0.000000E+00 0.000000E+00 0.000000E+00 0.000000E+00
 0.589808E+01 0.399168E+01 0.226904E+01 0.183688E+01 0.158488E+01 0.137336E+01 0.122088E+01 0.112384E+01 0.100464E+01 0.925200E+00 0.840080E+00 0.784240E+00 0.729120E+00 0.687600E+00 0.613440E+00 0.579440E+00 0.565040E+00 0.508320E+00 0.483680E+00 0.458880E+00 0.426240E+00 0.408320E+00 0.380400E+00 0.365760E+00 0.345600E+00 0.328480E+00 0.314720E+00 0.296480E+00 0.271120E+00 0.266000E+00 0.250080E+00 0.236480E+00 0.226560E+00 0.212800E+00 0.206560E+00 0.201360E+00 0.183360E+00 0.175920E+00 0.170480E+00 0.166480E+00 0.154880E+00 0.148480E+00 0.141920E+00 0.131440E+00 0.130640E+00 0.118160E+00 0.116640E+00 0.111920E+00 0.113280E+00 0.102080E+00 0.102480E+00 0.944000E-01 0.912800E-01 0.833600E-01 0.825600E-01 0.740000E-01 0.761600E-01 0.710400E-01 0.705600E-01 0.671200E-01 0.660000E-01 0.649600E-01 0.599200E-01 0.584800E-01 0.536800E-01 0.503200E-01 0.460800E-01 0.463200E-01 0.450400E-01 0.430400E-01 0.400800E-01 0.384800E-01 0.417600E-01 0.356800E-01 0.349600E-01 0.338400E-01 0.313600E-01 0.277600E-01 0.292800E-01 0.263200E-01 0.261600E-01 0.234400E-01 0.242400E-01 0.235200E-01 0.208800E-01 0.209600E-01 0.216800E-01 0.166400E-01 0.192000E-01 0.154400E-01 0.158400E-01 0.156800E-01 0.142400E-01 0.136800E-01 0.144800E-01 0.132800E-01 0.130400E-01 0.116800E-01 0.124000E-01 0.984000E-02 0.100000E-01 0.100800E-01 0.744000E-02 0.840000E-02 0.920000E-02 0.704000E-02 0.824000E-02 0.736000E-02 0.768000E-02 0.784000E-02 0.528000E-02 0.600000E-02 0.456000E-02 0.440000E-02 0.552000E-02 0.424000E-02 0.376000E-02 0.384000E-02 0.432000E-02 0.400000E-02 0.328000E-02 0.272000E-02 0.296000E-02 0.264000E-02 0.312000E-02 0.224000E-02 0.216000E-02 0.224000E-02 0.272000E-02 0.176000E-02 0.184000E-02 0.144000E-02 0.160000E-02 0.176000E-02 0.136000E-02 0.160000E-02 0.104000E-02 0.960000E-03 0.560000E-03 0.880000E-03 0.128000E-02 0.560000E-03 0.640000E-03 0.560000E-03 0.640000E-03 0.104000E-02 0.320000E-03 0.480000E-03 0.640000E-03 0.480000E-03 0.160000E-03 0.240000E-03 0.400000E-03 0.160000E-03 0.240000E-03 0.160000E-03 0.320000E-03 0.240000E-03 0.240000E-03 0.560000E-03 0.000000E+00 0.000000E+00 0.160000E-03 0.160000E-03 0.000000E+00 0.240000E-03 0.000000E+00 0.160000E-03 0.160000E-03 0.800000E-04 0.800000E-04 0.160000E-03 0.160000E-03 0.000000E+00 0.000000E+00 0.000000E+00 0.000000E+00 0.160000E-03 0.000000E+00 0.000000E+00 0.800000E-04 0.000000E+00 0.000000E+00 0.000000E+00 0.000000E+00 0.800000E-04 0.000000E+00 0.000000E+00 0.000000E+00 0.000000E+00 0.000000E+00 0.000000E+00 0.000000E+00 0.000000E+00 0.000000E+00 0.000000E+00 0.000000E+00 0.000000E+00 0.000000E+00 0.000000E+00
 0.208656E+01 0.178544E+01 0.123552E+01 0.105376E+01 0.955200E+00 0.889040E+00 0.822000E+00 0.755200E+00 0.719120E+00 0.667680E+00 0.641440E+00 0.590240E+00 0.560560E+00 0.542000E+00 0.506240E+00 0.482960E+00 0.453680E+00 0.447360E+00 0.422960E+00 0.392240E+00 0.376080E+00 0.365040E+00 0.356480E+00 0.343760E+00 0.314880E+00 0.314080E+00 0.301440E+00 0.284640E+00 0.273360E+00 0.269120E+00 0.251520E+00 0.238720E+00 0.231600E+00 0.223520E+00 0.213920E+00 0.202160E+00 0.201520E+00 0.193120E+00 0.181040E+00 0.175360E+00 0.163120E+00 0.169360E+00 0.159040E+00 0.148640E+00 0.147040E+00 0.143280E+00 0.138080E+00 0.129760E+00 0.124560E+00 0.122320E+00 0.118320E+00 0.113040E+00 0.112000E+00 0.104640E+00 0.101920E+00 0.940000E-01 0.992000E-01 0.931200E-01 0.808000E-01 0.836000E-01 0.789600E-01 0.759200E-01 0.739200E-01 0.700000E-01 0.727200E-01 0.670400E-01 0.642400E-01 0.632000E-01 0.613600E-01 0.568000E-01 0.524000E-01 0.546400E-01 0.504800E-01 0.463200E-01 0.480800E-01 0.423200E-01 0.449600E-01 0.369600E-01 0.375200E-01 0.362400E-01 0.357600E-01 0.332000E-01 0.311200E-01 0.336000E-01 0.286400E-01 0.307200E-01 0.280000E-01 0.266400E-01 0.253600E-01 0.235200E-01 0.228000E-01 0.210400E-01 0.226400E-01 0.210400E-01 0.216000E-01 0.186400E-01 0.171200E-01 0.169600E-01 0.183200E-01 0.165600E-01 0.168800E-01 0.143200E-01 0.128800E-01 0.136000E-01 0.130400E-01 0.112000E-01 0.112000E-01 0.107200E-01 0.106400E-01 0.944000E-02 0.992000E-02 0.904000E-02 0.984000E-02 0.728000E-02 0.816000E-02 0.912000E-02 0.560000E-02 0.680000E-02 0.688000E-02 0.536000E-02 0.520000E-02 0.528000E-02 0.360000E-02 0.464000E-02 0.448000E-02 0.408000E-02 0.312000E-02 0.368000E-02 0.352000E-02 0.360000E-02 0.296000E-02 0.352000E-02 0.248000E-02 0.160000E-02 0.256000E-02 0.240000E-02 0.144000E-02 0.152000E-02 0.176000E-02 0.160000E-02 0.136000E-02 0.192000E-02 0.128000E-02 0.232000E-02 0.880000E-03 0.560000E-03 0.104000E-02 0.880000E-03 0.560000E-03 0.800000E-03 0.104000E-02 0.880000E-03 0.880000E-03 0.320000E-03 0.960000E-03 0.560000E-03 0.240000E-03 0.240000E-03 0.320000E-03 0.640000E-03 0.400000E-03 0.240000E-03 0.480000E-03 0.800000E-04 0.240000E-03 0.240000E-03 0.320000E-03 0.400000E-03 0.240000E-03 0.160000E-03 0.800000E-04 0.320000E-03 0.800000E-04 0.160000E-03 0.000000E+00 0.240000E-03 0.000000E+00 0.000000E+00 0.000000E+00 0.000000E+00 0.000000E+00 0.800000E-04 0.000000E+00 0.000000E+00 0.800000E-04 0.800000E-04 0.000000E+00 0.000000E+00 0.000000E+00 0.000000E+00 0.000000E+00 0.000000E+00 0.000000E+00 0.000000E+00 0.000000E+00 0.000000E+00 0.000000E+00 0.000000E+00 0.000000E+00 0.000000E+00
