### Run with WimpAnn version = wimpann-2.08                            
###   Using Pythia version   = Pythia 6.400    
###   Using nusigma version  = nusigma-1.15-pyr                        
###   Using DarkSUSY version = ds-4.1.6                                
###   WimpAnn run started at date 2007-09-07; time 14:59:34
### Neutrino oscillation parameters
#      theta_12 =  0.00000000E+00
#      theta_13 =  0.00000000E+00
#      theta_23 =  0.00000000E+00
#         delta =  0.00000000E+00
#  delta_m^2_21 =  0.81000000E-04
#  delta_m^2_31 =  0.22000000E-02
### WimpAnn run parameters
#  Annihilation channel =         2
#  Generated particles =  b                bbar            
#  WIMP mass =  0.15000000E+04
#  Number of annihilations =   2500000
#  Source = Sun
#...dPhi/dz in  200 bins from 0 to 1
#...Line  1- 6: flux at centre of Sun for neutrino 1-6
#...Line  7-12: flux at surface of Sun for neutrino 1-6
#...Line 13-18: flux at 1 AU from the Sun for neutrino 1-6
#...Line 19-24: flux at surface of Sun for secondary neutrino 1-6
#...Line 25-30: flux at 1 AU from the Sun for secondary neutrino 1-6
 0.142042E+02 0.767928E+01 0.489336E+01 0.340616E+01 0.250728E+01 0.197224E+01 0.153784E+01 0.128480E+01 0.105944E+01 0.893280E+00 0.757440E+00 0.652480E+00 0.562800E+00 0.495600E+00 0.426800E+00 0.383200E+00 0.340080E+00 0.309200E+00 0.270480E+00 0.251600E+00 0.224480E+00 0.205120E+00 0.190000E+00 0.171280E+00 0.157840E+00 0.135680E+00 0.131600E+00 0.114640E+00 0.111840E+00 0.101120E+00 0.928000E-01 0.842400E-01 0.823200E-01 0.761600E-01 0.665600E-01 0.636000E-01 0.599200E-01 0.529600E-01 0.499200E-01 0.442400E-01 0.427200E-01 0.428000E-01 0.388800E-01 0.356000E-01 0.338400E-01 0.316000E-01 0.300800E-01 0.264800E-01 0.218400E-01 0.250400E-01 0.210400E-01 0.222400E-01 0.172800E-01 0.195200E-01 0.166400E-01 0.159200E-01 0.152000E-01 0.130400E-01 0.139200E-01 0.120800E-01 0.108800E-01 0.110400E-01 0.968000E-02 0.944000E-02 0.904000E-02 0.696000E-02 0.656000E-02 0.672000E-02 0.632000E-02 0.560000E-02 0.616000E-02 0.536000E-02 0.472000E-02 0.448000E-02 0.400000E-02 0.392000E-02 0.360000E-02 0.376000E-02 0.448000E-02 0.456000E-02 0.264000E-02 0.216000E-02 0.264000E-02 0.200000E-02 0.184000E-02 0.240000E-02 0.176000E-02 0.232000E-02 0.144000E-02 0.160000E-02 0.160000E-02 0.128000E-02 0.144000E-02 0.160000E-02 0.880000E-03 0.960000E-03 0.104000E-02 0.128000E-02 0.320000E-03 0.640000E-03 0.560000E-03 0.560000E-03 0.480000E-03 0.640000E-03 0.800000E-03 0.800000E-04 0.000000E+00 0.160000E-03 0.400000E-03 0.480000E-03 0.560000E-03 0.800000E-04 0.160000E-03 0.000000E+00 0.800000E-04 0.320000E-03 0.160000E-03 0.160000E-03 0.160000E-03 0.000000E+00 0.000000E+00 0.240000E-03 0.000000E+00 0.000000E+00 0.000000E+00 0.000000E+00 0.000000E+00 0.800000E-04 0.000000E+00 0.000000E+00 0.000000E+00 0.800000E-04 0.000000E+00 0.800000E-04 0.000000E+00 0.800000E-04 0.800000E-04 0.000000E+00 0.000000E+00 0.000000E+00 0.000000E+00 0.000000E+00 0.000000E+00 0.000000E+00 0.000000E+00 0.000000E+00 0.000000E+00 0.000000E+00 0.000000E+00 0.000000E+00 0.000000E+00 0.000000E+00 0.000000E+00 0.000000E+00 0.000000E+00 0.000000E+00 0.000000E+00 0.000000E+00 0.000000E+00 0.000000E+00 0.000000E+00 0.000000E+00 0.000000E+00 0.000000E+00 0.000000E+00 0.000000E+00 0.000000E+00 0.000000E+00 0.000000E+00 0.000000E+00 0.000000E+00 0.000000E+00 0.000000E+00 0.000000E+00 0.000000E+00 0.000000E+00 0.000000E+00 0.000000E+00 0.000000E+00 0.000000E+00 0.000000E+00 0.000000E+00 0.000000E+00 0.000000E+00 0.000000E+00 0.000000E+00 0.000000E+00 0.000000E+00 0.000000E+00 0.000000E+00 0.000000E+00 0.000000E+00 0.000000E+00 0.000000E+00 0.000000E+00 0.000000E+00 0.000000E+00 0.000000E+00 0.000000E+00 0.000000E+00
 0.142645E+02 0.765248E+01 0.488312E+01 0.340880E+01 0.251088E+01 0.193528E+01 0.155368E+01 0.126112E+01 0.106280E+01 0.887120E+00 0.761040E+00 0.642720E+00 0.566880E+00 0.497440E+00 0.436640E+00 0.384800E+00 0.343680E+00 0.296640E+00 0.278640E+00 0.248400E+00 0.226000E+00 0.204240E+00 0.189920E+00 0.167200E+00 0.147760E+00 0.145360E+00 0.131600E+00 0.121040E+00 0.109760E+00 0.100880E+00 0.974400E-01 0.848000E-01 0.803200E-01 0.705600E-01 0.736800E-01 0.638400E-01 0.588000E-01 0.530400E-01 0.490400E-01 0.443200E-01 0.419200E-01 0.392800E-01 0.391200E-01 0.359200E-01 0.325600E-01 0.295200E-01 0.284800E-01 0.260000E-01 0.253600E-01 0.256800E-01 0.233600E-01 0.211200E-01 0.215200E-01 0.162400E-01 0.168000E-01 0.154400E-01 0.142400E-01 0.127200E-01 0.126400E-01 0.116800E-01 0.120000E-01 0.116000E-01 0.968000E-02 0.912000E-02 0.976000E-02 0.712000E-02 0.840000E-02 0.840000E-02 0.712000E-02 0.736000E-02 0.768000E-02 0.528000E-02 0.624000E-02 0.512000E-02 0.432000E-02 0.504000E-02 0.320000E-02 0.360000E-02 0.312000E-02 0.456000E-02 0.288000E-02 0.312000E-02 0.304000E-02 0.208000E-02 0.216000E-02 0.192000E-02 0.200000E-02 0.136000E-02 0.168000E-02 0.104000E-02 0.168000E-02 0.136000E-02 0.120000E-02 0.720000E-03 0.104000E-02 0.800000E-03 0.960000E-03 0.400000E-03 0.120000E-02 0.104000E-02 0.800000E-03 0.400000E-03 0.880000E-03 0.480000E-03 0.800000E-03 0.400000E-03 0.000000E+00 0.400000E-03 0.560000E-03 0.240000E-03 0.160000E-03 0.640000E-03 0.480000E-03 0.400000E-03 0.000000E+00 0.320000E-03 0.800000E-04 0.000000E+00 0.160000E-03 0.160000E-03 0.160000E-03 0.160000E-03 0.160000E-03 0.000000E+00 0.000000E+00 0.000000E+00 0.800000E-04 0.800000E-04 0.000000E+00 0.000000E+00 0.000000E+00 0.000000E+00 0.000000E+00 0.000000E+00 0.000000E+00 0.000000E+00 0.000000E+00 0.000000E+00 0.000000E+00 0.000000E+00 0.000000E+00 0.000000E+00 0.000000E+00 0.000000E+00 0.000000E+00 0.000000E+00 0.000000E+00 0.000000E+00 0.000000E+00 0.000000E+00 0.000000E+00 0.000000E+00 0.000000E+00 0.000000E+00 0.000000E+00 0.000000E+00 0.000000E+00 0.000000E+00 0.000000E+00 0.000000E+00 0.000000E+00 0.000000E+00 0.000000E+00 0.000000E+00 0.000000E+00 0.000000E+00 0.000000E+00 0.000000E+00 0.000000E+00 0.000000E+00 0.000000E+00 0.000000E+00 0.000000E+00 0.000000E+00 0.000000E+00 0.000000E+00 0.000000E+00 0.000000E+00 0.000000E+00 0.000000E+00 0.000000E+00 0.000000E+00 0.000000E+00 0.000000E+00 0.000000E+00 0.000000E+00 0.000000E+00 0.000000E+00 0.000000E+00 0.000000E+00 0.000000E+00 0.000000E+00 0.000000E+00 0.000000E+00 0.000000E+00 0.000000E+00 0.000000E+00 0.000000E+00 0.000000E+00 0.000000E+00
 0.143335E+02 0.763240E+01 0.485944E+01 0.337352E+01 0.250992E+01 0.193872E+01 0.154192E+01 0.126328E+01 0.105232E+01 0.877280E+00 0.752720E+00 0.644240E+00 0.560720E+00 0.501520E+00 0.440000E+00 0.389840E+00 0.338880E+00 0.303280E+00 0.271280E+00 0.250720E+00 0.215840E+00 0.206880E+00 0.182880E+00 0.169520E+00 0.150720E+00 0.137040E+00 0.128880E+00 0.117760E+00 0.112320E+00 0.101280E+00 0.938400E-01 0.849600E-01 0.768000E-01 0.730400E-01 0.676000E-01 0.656800E-01 0.565600E-01 0.558400E-01 0.500000E-01 0.480800E-01 0.437600E-01 0.396000E-01 0.386400E-01 0.357600E-01 0.340800E-01 0.324800E-01 0.273600E-01 0.280000E-01 0.240000E-01 0.256000E-01 0.217600E-01 0.208800E-01 0.188800E-01 0.179200E-01 0.165600E-01 0.147200E-01 0.142400E-01 0.120800E-01 0.119200E-01 0.128800E-01 0.124800E-01 0.113600E-01 0.976000E-02 0.108800E-01 0.896000E-02 0.920000E-02 0.856000E-02 0.760000E-02 0.704000E-02 0.584000E-02 0.712000E-02 0.464000E-02 0.608000E-02 0.432000E-02 0.488000E-02 0.360000E-02 0.432000E-02 0.336000E-02 0.296000E-02 0.256000E-02 0.312000E-02 0.344000E-02 0.312000E-02 0.280000E-02 0.216000E-02 0.224000E-02 0.208000E-02 0.184000E-02 0.120000E-02 0.136000E-02 0.144000E-02 0.112000E-02 0.152000E-02 0.880000E-03 0.112000E-02 0.960000E-03 0.104000E-02 0.112000E-02 0.800000E-03 0.720000E-03 0.480000E-03 0.480000E-03 0.640000E-03 0.800000E-03 0.160000E-03 0.560000E-03 0.320000E-03 0.800000E-04 0.640000E-03 0.160000E-03 0.240000E-03 0.160000E-03 0.240000E-03 0.320000E-03 0.000000E+00 0.320000E-03 0.800000E-04 0.160000E-03 0.160000E-03 0.800000E-04 0.240000E-03 0.160000E-03 0.160000E-03 0.800000E-04 0.000000E+00 0.000000E+00 0.800000E-04 0.800000E-04 0.000000E+00 0.800000E-04 0.000000E+00 0.000000E+00 0.000000E+00 0.800000E-04 0.000000E+00 0.000000E+00 0.800000E-04 0.000000E+00 0.000000E+00 0.000000E+00 0.000000E+00 0.000000E+00 0.000000E+00 0.000000E+00 0.000000E+00 0.000000E+00 0.000000E+00 0.000000E+00 0.000000E+00 0.000000E+00 0.000000E+00 0.000000E+00 0.000000E+00 0.000000E+00 0.000000E+00 0.000000E+00 0.000000E+00 0.000000E+00 0.000000E+00 0.000000E+00 0.000000E+00 0.000000E+00 0.000000E+00 0.000000E+00 0.000000E+00 0.000000E+00 0.000000E+00 0.000000E+00 0.000000E+00 0.000000E+00 0.000000E+00 0.000000E+00 0.000000E+00 0.000000E+00 0.000000E+00 0.000000E+00 0.000000E+00 0.000000E+00 0.000000E+00 0.000000E+00 0.000000E+00 0.000000E+00 0.000000E+00 0.000000E+00 0.000000E+00 0.000000E+00 0.000000E+00 0.000000E+00 0.000000E+00 0.000000E+00 0.000000E+00 0.000000E+00 0.000000E+00 0.000000E+00 0.000000E+00 0.000000E+00 0.000000E+00 0.000000E+00 0.000000E+00 0.000000E+00
 0.143354E+02 0.764256E+01 0.484224E+01 0.336912E+01 0.251960E+01 0.195800E+01 0.154024E+01 0.127344E+01 0.104776E+01 0.890160E+00 0.750800E+00 0.654880E+00 0.568800E+00 0.494960E+00 0.437440E+00 0.379200E+00 0.336080E+00 0.302320E+00 0.270400E+00 0.246960E+00 0.223200E+00 0.202400E+00 0.182080E+00 0.175440E+00 0.144560E+00 0.136880E+00 0.126560E+00 0.117280E+00 0.102800E+00 0.985600E-01 0.896000E-01 0.865600E-01 0.820800E-01 0.700000E-01 0.699200E-01 0.643200E-01 0.596800E-01 0.536000E-01 0.510400E-01 0.512800E-01 0.473600E-01 0.415200E-01 0.386400E-01 0.342400E-01 0.326400E-01 0.335200E-01 0.275200E-01 0.257600E-01 0.271200E-01 0.248000E-01 0.243200E-01 0.210400E-01 0.188000E-01 0.164000E-01 0.164000E-01 0.149600E-01 0.144800E-01 0.132800E-01 0.120800E-01 0.132000E-01 0.115200E-01 0.113600E-01 0.960000E-02 0.112000E-01 0.888000E-02 0.816000E-02 0.720000E-02 0.744000E-02 0.696000E-02 0.584000E-02 0.536000E-02 0.464000E-02 0.488000E-02 0.512000E-02 0.448000E-02 0.560000E-02 0.408000E-02 0.384000E-02 0.312000E-02 0.240000E-02 0.288000E-02 0.280000E-02 0.208000E-02 0.296000E-02 0.256000E-02 0.176000E-02 0.224000E-02 0.216000E-02 0.120000E-02 0.168000E-02 0.152000E-02 0.168000E-02 0.152000E-02 0.128000E-02 0.120000E-02 0.880000E-03 0.800000E-03 0.640000E-03 0.104000E-02 0.480000E-03 0.560000E-03 0.400000E-03 0.960000E-03 0.400000E-03 0.640000E-03 0.480000E-03 0.320000E-03 0.480000E-03 0.880000E-03 0.160000E-03 0.320000E-03 0.240000E-03 0.160000E-03 0.400000E-03 0.480000E-03 0.160000E-03 0.240000E-03 0.160000E-03 0.160000E-03 0.800000E-04 0.160000E-03 0.000000E+00 0.160000E-03 0.000000E+00 0.000000E+00 0.000000E+00 0.800000E-04 0.800000E-04 0.800000E-04 0.800000E-04 0.000000E+00 0.000000E+00 0.800000E-04 0.000000E+00 0.000000E+00 0.000000E+00 0.000000E+00 0.000000E+00 0.000000E+00 0.000000E+00 0.000000E+00 0.000000E+00 0.000000E+00 0.000000E+00 0.000000E+00 0.000000E+00 0.000000E+00 0.000000E+00 0.000000E+00 0.000000E+00 0.000000E+00 0.000000E+00 0.000000E+00 0.000000E+00 0.000000E+00 0.000000E+00 0.000000E+00 0.000000E+00 0.000000E+00 0.000000E+00 0.000000E+00 0.000000E+00 0.000000E+00 0.000000E+00 0.000000E+00 0.000000E+00 0.000000E+00 0.000000E+00 0.000000E+00 0.000000E+00 0.000000E+00 0.000000E+00 0.000000E+00 0.000000E+00 0.000000E+00 0.000000E+00 0.000000E+00 0.000000E+00 0.000000E+00 0.000000E+00 0.000000E+00 0.000000E+00 0.000000E+00 0.000000E+00 0.000000E+00 0.000000E+00 0.000000E+00 0.000000E+00 0.000000E+00 0.000000E+00 0.000000E+00 0.000000E+00 0.000000E+00 0.000000E+00 0.000000E+00 0.000000E+00 0.000000E+00 0.000000E+00 0.000000E+00 0.000000E+00
 0.415912E+01 0.278072E+01 0.200584E+01 0.149272E+01 0.114928E+01 0.907520E+00 0.742400E+00 0.594160E+00 0.498160E+00 0.414800E+00 0.350960E+00 0.300080E+00 0.262240E+00 0.216000E+00 0.194160E+00 0.165840E+00 0.148000E+00 0.132560E+00 0.115520E+00 0.979200E-01 0.850400E-01 0.829600E-01 0.710400E-01 0.667200E-01 0.563200E-01 0.509600E-01 0.463200E-01 0.419200E-01 0.366400E-01 0.350400E-01 0.323200E-01 0.311200E-01 0.262400E-01 0.252800E-01 0.202400E-01 0.196000E-01 0.178400E-01 0.140800E-01 0.126400E-01 0.117600E-01 0.117600E-01 0.115200E-01 0.992000E-02 0.680000E-02 0.792000E-02 0.656000E-02 0.728000E-02 0.536000E-02 0.512000E-02 0.464000E-02 0.496000E-02 0.400000E-02 0.288000E-02 0.280000E-02 0.264000E-02 0.320000E-02 0.272000E-02 0.320000E-02 0.192000E-02 0.192000E-02 0.160000E-02 0.128000E-02 0.168000E-02 0.136000E-02 0.104000E-02 0.720000E-03 0.112000E-02 0.104000E-02 0.720000E-03 0.720000E-03 0.160000E-03 0.320000E-03 0.400000E-03 0.160000E-03 0.000000E+00 0.160000E-03 0.400000E-03 0.240000E-03 0.160000E-03 0.240000E-03 0.160000E-03 0.240000E-03 0.000000E+00 0.000000E+00 0.000000E+00 0.800000E-04 0.800000E-04 0.000000E+00 0.000000E+00 0.000000E+00 0.800000E-04 0.000000E+00 0.800000E-04 0.000000E+00 0.800000E-04 0.800000E-04 0.000000E+00 0.800000E-04 0.160000E-03 0.000000E+00 0.000000E+00 0.000000E+00 0.000000E+00 0.000000E+00 0.000000E+00 0.000000E+00 0.000000E+00 0.000000E+00 0.000000E+00 0.000000E+00 0.000000E+00 0.000000E+00 0.000000E+00 0.000000E+00 0.000000E+00 0.000000E+00 0.000000E+00 0.000000E+00 0.000000E+00 0.000000E+00 0.000000E+00 0.000000E+00 0.000000E+00 0.000000E+00 0.000000E+00 0.000000E+00 0.000000E+00 0.000000E+00 0.000000E+00 0.000000E+00 0.000000E+00 0.000000E+00 0.000000E+00 0.000000E+00 0.000000E+00 0.000000E+00 0.000000E+00 0.000000E+00 0.000000E+00 0.000000E+00 0.000000E+00 0.000000E+00 0.000000E+00 0.000000E+00 0.000000E+00 0.000000E+00 0.000000E+00 0.000000E+00 0.000000E+00 0.000000E+00 0.000000E+00 0.000000E+00 0.000000E+00 0.000000E+00 0.000000E+00 0.000000E+00 0.000000E+00 0.000000E+00 0.000000E+00 0.000000E+00 0.000000E+00 0.000000E+00 0.000000E+00 0.000000E+00 0.000000E+00 0.000000E+00 0.000000E+00 0.000000E+00 0.000000E+00 0.000000E+00 0.000000E+00 0.000000E+00 0.000000E+00 0.000000E+00 0.000000E+00 0.000000E+00 0.000000E+00 0.000000E+00 0.000000E+00 0.000000E+00 0.000000E+00 0.000000E+00 0.000000E+00 0.000000E+00 0.000000E+00 0.000000E+00 0.000000E+00 0.000000E+00 0.000000E+00 0.000000E+00 0.000000E+00 0.000000E+00 0.000000E+00 0.000000E+00 0.000000E+00 0.000000E+00 0.000000E+00 0.000000E+00 0.000000E+00 0.000000E+00
 0.413888E+01 0.280464E+01 0.200512E+01 0.149272E+01 0.116288E+01 0.913440E+00 0.735520E+00 0.607280E+00 0.497920E+00 0.418640E+00 0.349760E+00 0.296720E+00 0.259280E+00 0.220080E+00 0.191280E+00 0.164480E+00 0.145920E+00 0.129520E+00 0.113920E+00 0.100320E+00 0.876000E-01 0.780000E-01 0.692000E-01 0.635200E-01 0.580000E-01 0.521600E-01 0.443200E-01 0.435200E-01 0.364000E-01 0.316000E-01 0.300000E-01 0.285600E-01 0.228800E-01 0.224000E-01 0.185600E-01 0.181600E-01 0.176800E-01 0.156000E-01 0.129600E-01 0.122400E-01 0.115200E-01 0.125600E-01 0.896000E-02 0.888000E-02 0.688000E-02 0.672000E-02 0.736000E-02 0.592000E-02 0.504000E-02 0.440000E-02 0.464000E-02 0.384000E-02 0.288000E-02 0.336000E-02 0.256000E-02 0.224000E-02 0.216000E-02 0.224000E-02 0.160000E-02 0.216000E-02 0.176000E-02 0.192000E-02 0.120000E-02 0.136000E-02 0.960000E-03 0.800000E-03 0.128000E-02 0.880000E-03 0.800000E-03 0.400000E-03 0.320000E-03 0.560000E-03 0.640000E-03 0.720000E-03 0.240000E-03 0.240000E-03 0.240000E-03 0.160000E-03 0.800000E-04 0.160000E-03 0.000000E+00 0.160000E-03 0.160000E-03 0.000000E+00 0.000000E+00 0.800000E-04 0.800000E-04 0.800000E-04 0.160000E-03 0.800000E-04 0.800000E-04 0.000000E+00 0.160000E-03 0.160000E-03 0.160000E-03 0.000000E+00 0.000000E+00 0.000000E+00 0.800000E-04 0.000000E+00 0.000000E+00 0.000000E+00 0.000000E+00 0.800000E-04 0.000000E+00 0.000000E+00 0.000000E+00 0.000000E+00 0.000000E+00 0.000000E+00 0.000000E+00 0.000000E+00 0.000000E+00 0.000000E+00 0.000000E+00 0.000000E+00 0.000000E+00 0.000000E+00 0.000000E+00 0.000000E+00 0.000000E+00 0.000000E+00 0.000000E+00 0.000000E+00 0.000000E+00 0.000000E+00 0.000000E+00 0.000000E+00 0.000000E+00 0.000000E+00 0.000000E+00 0.000000E+00 0.000000E+00 0.000000E+00 0.000000E+00 0.000000E+00 0.000000E+00 0.000000E+00 0.000000E+00 0.000000E+00 0.000000E+00 0.000000E+00 0.000000E+00 0.000000E+00 0.000000E+00 0.000000E+00 0.000000E+00 0.000000E+00 0.000000E+00 0.000000E+00 0.000000E+00 0.000000E+00 0.000000E+00 0.000000E+00 0.000000E+00 0.000000E+00 0.000000E+00 0.000000E+00 0.000000E+00 0.000000E+00 0.000000E+00 0.000000E+00 0.000000E+00 0.000000E+00 0.000000E+00 0.000000E+00 0.000000E+00 0.000000E+00 0.000000E+00 0.000000E+00 0.000000E+00 0.000000E+00 0.000000E+00 0.000000E+00 0.000000E+00 0.000000E+00 0.000000E+00 0.000000E+00 0.000000E+00 0.000000E+00 0.000000E+00 0.000000E+00 0.000000E+00 0.000000E+00 0.000000E+00 0.000000E+00 0.000000E+00 0.000000E+00 0.000000E+00 0.000000E+00 0.000000E+00 0.000000E+00 0.000000E+00 0.000000E+00 0.000000E+00 0.000000E+00 0.000000E+00 0.000000E+00 0.000000E+00 0.000000E+00
 0.144002E+02 0.741680E+01 0.451632E+01 0.300224E+01 0.210576E+01 0.157440E+01 0.116592E+01 0.937840E+00 0.728160E+00 0.588160E+00 0.475440E+00 0.387680E+00 0.316800E+00 0.272880E+00 0.222240E+00 0.190240E+00 0.162480E+00 0.135120E+00 0.111040E+00 0.988000E-01 0.851200E-01 0.764000E-01 0.672800E-01 0.564000E-01 0.486400E-01 0.396000E-01 0.370400E-01 0.277600E-01 0.280800E-01 0.261600E-01 0.228800E-01 0.159200E-01 0.166400E-01 0.159200E-01 0.134400E-01 0.123200E-01 0.108000E-01 0.840000E-02 0.896000E-02 0.632000E-02 0.704000E-02 0.640000E-02 0.488000E-02 0.424000E-02 0.336000E-02 0.208000E-02 0.368000E-02 0.216000E-02 0.184000E-02 0.216000E-02 0.208000E-02 0.152000E-02 0.144000E-02 0.168000E-02 0.880000E-03 0.720000E-03 0.800000E-03 0.104000E-02 0.880000E-03 0.960000E-03 0.880000E-03 0.480000E-03 0.560000E-03 0.320000E-03 0.240000E-03 0.240000E-03 0.320000E-03 0.240000E-03 0.800000E-04 0.240000E-03 0.800000E-04 0.160000E-03 0.800000E-04 0.160000E-03 0.160000E-03 0.160000E-03 0.160000E-03 0.000000E+00 0.160000E-03 0.160000E-03 0.800000E-04 0.000000E+00 0.000000E+00 0.000000E+00 0.000000E+00 0.000000E+00 0.000000E+00 0.000000E+00 0.000000E+00 0.000000E+00 0.000000E+00 0.000000E+00 0.000000E+00 0.000000E+00 0.000000E+00 0.000000E+00 0.000000E+00 0.000000E+00 0.000000E+00 0.000000E+00 0.000000E+00 0.000000E+00 0.000000E+00 0.000000E+00 0.000000E+00 0.000000E+00 0.000000E+00 0.000000E+00 0.000000E+00 0.000000E+00 0.000000E+00 0.000000E+00 0.000000E+00 0.000000E+00 0.000000E+00 0.000000E+00 0.000000E+00 0.000000E+00 0.000000E+00 0.000000E+00 0.000000E+00 0.000000E+00 0.000000E+00 0.000000E+00 0.000000E+00 0.000000E+00 0.000000E+00 0.000000E+00 0.000000E+00 0.000000E+00 0.000000E+00 0.000000E+00 0.000000E+00 0.000000E+00 0.000000E+00 0.000000E+00 0.000000E+00 0.000000E+00 0.000000E+00 0.000000E+00 0.000000E+00 0.000000E+00 0.000000E+00 0.000000E+00 0.000000E+00 0.000000E+00 0.000000E+00 0.000000E+00 0.000000E+00 0.000000E+00 0.000000E+00 0.000000E+00 0.000000E+00 0.000000E+00 0.000000E+00 0.000000E+00 0.000000E+00 0.000000E+00 0.000000E+00 0.000000E+00 0.000000E+00 0.000000E+00 0.000000E+00 0.000000E+00 0.000000E+00 0.000000E+00 0.000000E+00 0.000000E+00 0.000000E+00 0.000000E+00 0.000000E+00 0.000000E+00 0.000000E+00 0.000000E+00 0.000000E+00 0.000000E+00 0.000000E+00 0.000000E+00 0.000000E+00 0.000000E+00 0.000000E+00 0.000000E+00 0.000000E+00 0.000000E+00 0.000000E+00 0.000000E+00 0.000000E+00 0.000000E+00 0.000000E+00 0.000000E+00 0.000000E+00 0.000000E+00 0.000000E+00 0.000000E+00 0.000000E+00 0.000000E+00 0.000000E+00 0.000000E+00 0.000000E+00 0.000000E+00
 0.144200E+02 0.751848E+01 0.466968E+01 0.316992E+01 0.225496E+01 0.170176E+01 0.133424E+01 0.104784E+01 0.859040E+00 0.682480E+00 0.578480E+00 0.470240E+00 0.401840E+00 0.339280E+00 0.292320E+00 0.246160E+00 0.213120E+00 0.179200E+00 0.168320E+00 0.141840E+00 0.125440E+00 0.114000E+00 0.984800E-01 0.825600E-01 0.722400E-01 0.684000E-01 0.629600E-01 0.532800E-01 0.470400E-01 0.400000E-01 0.391200E-01 0.342400E-01 0.312800E-01 0.252800E-01 0.251200E-01 0.223200E-01 0.176000E-01 0.185600E-01 0.163200E-01 0.123200E-01 0.129600E-01 0.107200E-01 0.920000E-02 0.108000E-01 0.800000E-02 0.704000E-02 0.688000E-02 0.592000E-02 0.504000E-02 0.552000E-02 0.576000E-02 0.432000E-02 0.384000E-02 0.280000E-02 0.328000E-02 0.312000E-02 0.232000E-02 0.288000E-02 0.160000E-02 0.240000E-02 0.160000E-02 0.224000E-02 0.112000E-02 0.960000E-03 0.112000E-02 0.960000E-03 0.960000E-03 0.136000E-02 0.960000E-03 0.640000E-03 0.640000E-03 0.640000E-03 0.560000E-03 0.240000E-03 0.560000E-03 0.480000E-03 0.240000E-03 0.320000E-03 0.720000E-03 0.400000E-03 0.240000E-03 0.000000E+00 0.160000E-03 0.240000E-03 0.800000E-04 0.800000E-04 0.160000E-03 0.160000E-03 0.800000E-04 0.000000E+00 0.800000E-04 0.000000E+00 0.000000E+00 0.000000E+00 0.160000E-03 0.000000E+00 0.800000E-04 0.000000E+00 0.000000E+00 0.000000E+00 0.800000E-04 0.000000E+00 0.160000E-03 0.000000E+00 0.000000E+00 0.800000E-04 0.000000E+00 0.000000E+00 0.000000E+00 0.000000E+00 0.800000E-04 0.000000E+00 0.800000E-04 0.000000E+00 0.000000E+00 0.800000E-04 0.000000E+00 0.000000E+00 0.000000E+00 0.000000E+00 0.000000E+00 0.000000E+00 0.000000E+00 0.000000E+00 0.000000E+00 0.000000E+00 0.000000E+00 0.000000E+00 0.000000E+00 0.000000E+00 0.000000E+00 0.000000E+00 0.000000E+00 0.000000E+00 0.000000E+00 0.000000E+00 0.000000E+00 0.000000E+00 0.000000E+00 0.000000E+00 0.000000E+00 0.000000E+00 0.000000E+00 0.000000E+00 0.000000E+00 0.000000E+00 0.000000E+00 0.000000E+00 0.000000E+00 0.000000E+00 0.000000E+00 0.000000E+00 0.000000E+00 0.000000E+00 0.000000E+00 0.000000E+00 0.000000E+00 0.000000E+00 0.000000E+00 0.000000E+00 0.000000E+00 0.000000E+00 0.000000E+00 0.000000E+00 0.000000E+00 0.000000E+00 0.000000E+00 0.000000E+00 0.000000E+00 0.000000E+00 0.000000E+00 0.000000E+00 0.000000E+00 0.000000E+00 0.000000E+00 0.000000E+00 0.000000E+00 0.000000E+00 0.000000E+00 0.000000E+00 0.000000E+00 0.000000E+00 0.000000E+00 0.000000E+00 0.000000E+00 0.000000E+00 0.000000E+00 0.000000E+00 0.000000E+00 0.000000E+00 0.000000E+00 0.000000E+00 0.000000E+00 0.000000E+00 0.000000E+00 0.000000E+00 0.000000E+00 0.000000E+00 0.000000E+00 0.000000E+00
 0.145261E+02 0.737528E+01 0.448408E+01 0.296712E+01 0.210624E+01 0.155544E+01 0.117712E+01 0.911920E+00 0.729760E+00 0.581440E+00 0.474480E+00 0.383360E+00 0.315760E+00 0.266400E+00 0.226320E+00 0.188480E+00 0.156000E+00 0.137360E+00 0.112080E+00 0.974400E-01 0.877600E-01 0.757600E-01 0.627200E-01 0.543200E-01 0.460800E-01 0.418400E-01 0.404000E-01 0.305600E-01 0.293600E-01 0.260800E-01 0.216800E-01 0.192000E-01 0.157600E-01 0.141600E-01 0.138400E-01 0.132000E-01 0.984000E-02 0.808000E-02 0.768000E-02 0.632000E-02 0.576000E-02 0.600000E-02 0.440000E-02 0.504000E-02 0.416000E-02 0.312000E-02 0.360000E-02 0.328000E-02 0.152000E-02 0.200000E-02 0.208000E-02 0.160000E-02 0.136000E-02 0.800000E-03 0.176000E-02 0.800000E-03 0.720000E-03 0.560000E-03 0.480000E-03 0.640000E-03 0.640000E-03 0.960000E-03 0.560000E-03 0.480000E-03 0.480000E-03 0.160000E-03 0.320000E-03 0.160000E-03 0.560000E-03 0.800000E-04 0.400000E-03 0.320000E-03 0.160000E-03 0.160000E-03 0.800000E-04 0.000000E+00 0.000000E+00 0.800000E-04 0.800000E-04 0.000000E+00 0.800000E-04 0.800000E-04 0.800000E-04 0.800000E-04 0.000000E+00 0.000000E+00 0.800000E-04 0.000000E+00 0.000000E+00 0.000000E+00 0.800000E-04 0.000000E+00 0.000000E+00 0.000000E+00 0.800000E-04 0.000000E+00 0.000000E+00 0.800000E-04 0.000000E+00 0.000000E+00 0.000000E+00 0.800000E-04 0.800000E-04 0.000000E+00 0.000000E+00 0.000000E+00 0.000000E+00 0.000000E+00 0.000000E+00 0.000000E+00 0.000000E+00 0.000000E+00 0.000000E+00 0.000000E+00 0.000000E+00 0.000000E+00 0.000000E+00 0.000000E+00 0.000000E+00 0.000000E+00 0.000000E+00 0.000000E+00 0.000000E+00 0.000000E+00 0.000000E+00 0.000000E+00 0.000000E+00 0.000000E+00 0.000000E+00 0.000000E+00 0.000000E+00 0.000000E+00 0.000000E+00 0.000000E+00 0.000000E+00 0.000000E+00 0.000000E+00 0.000000E+00 0.000000E+00 0.000000E+00 0.000000E+00 0.000000E+00 0.000000E+00 0.000000E+00 0.000000E+00 0.000000E+00 0.000000E+00 0.000000E+00 0.000000E+00 0.000000E+00 0.000000E+00 0.000000E+00 0.000000E+00 0.000000E+00 0.000000E+00 0.000000E+00 0.000000E+00 0.000000E+00 0.000000E+00 0.000000E+00 0.000000E+00 0.000000E+00 0.000000E+00 0.000000E+00 0.000000E+00 0.000000E+00 0.000000E+00 0.000000E+00 0.000000E+00 0.000000E+00 0.000000E+00 0.000000E+00 0.000000E+00 0.000000E+00 0.000000E+00 0.000000E+00 0.000000E+00 0.000000E+00 0.000000E+00 0.000000E+00 0.000000E+00 0.000000E+00 0.000000E+00 0.000000E+00 0.000000E+00 0.000000E+00 0.000000E+00 0.000000E+00 0.000000E+00 0.000000E+00 0.000000E+00 0.000000E+00 0.000000E+00 0.000000E+00 0.000000E+00 0.000000E+00 0.000000E+00 0.000000E+00 0.000000E+00 0.000000E+00
 0.145022E+02 0.750136E+01 0.461680E+01 0.313392E+01 0.227328E+01 0.172160E+01 0.130200E+01 0.105576E+01 0.842160E+00 0.701440E+00 0.565200E+00 0.475440E+00 0.414880E+00 0.339520E+00 0.292160E+00 0.245040E+00 0.214480E+00 0.181120E+00 0.157440E+00 0.144400E+00 0.127440E+00 0.106080E+00 0.964800E-01 0.900800E-01 0.694400E-01 0.652800E-01 0.575200E-01 0.539200E-01 0.452000E-01 0.444800E-01 0.373600E-01 0.331200E-01 0.328800E-01 0.250400E-01 0.256000E-01 0.222400E-01 0.198400E-01 0.160000E-01 0.165600E-01 0.173600E-01 0.146400E-01 0.115200E-01 0.944000E-02 0.896000E-02 0.880000E-02 0.800000E-02 0.776000E-02 0.648000E-02 0.648000E-02 0.464000E-02 0.472000E-02 0.464000E-02 0.440000E-02 0.344000E-02 0.200000E-02 0.304000E-02 0.248000E-02 0.224000E-02 0.144000E-02 0.176000E-02 0.144000E-02 0.168000E-02 0.184000E-02 0.176000E-02 0.104000E-02 0.560000E-03 0.240000E-03 0.800000E-03 0.120000E-02 0.112000E-02 0.480000E-03 0.560000E-03 0.720000E-03 0.400000E-03 0.720000E-03 0.320000E-03 0.720000E-03 0.240000E-03 0.800000E-04 0.800000E-04 0.160000E-03 0.800000E-04 0.320000E-03 0.000000E+00 0.640000E-03 0.000000E+00 0.800000E-04 0.160000E-03 0.000000E+00 0.160000E-03 0.000000E+00 0.160000E-03 0.000000E+00 0.400000E-03 0.000000E+00 0.800000E-04 0.160000E-03 0.000000E+00 0.000000E+00 0.000000E+00 0.000000E+00 0.000000E+00 0.000000E+00 0.800000E-04 0.000000E+00 0.000000E+00 0.800000E-04 0.000000E+00 0.000000E+00 0.000000E+00 0.000000E+00 0.000000E+00 0.000000E+00 0.000000E+00 0.000000E+00 0.000000E+00 0.000000E+00 0.000000E+00 0.000000E+00 0.000000E+00 0.000000E+00 0.000000E+00 0.000000E+00 0.000000E+00 0.000000E+00 0.000000E+00 0.000000E+00 0.000000E+00 0.000000E+00 0.000000E+00 0.000000E+00 0.000000E+00 0.000000E+00 0.000000E+00 0.000000E+00 0.000000E+00 0.000000E+00 0.000000E+00 0.000000E+00 0.000000E+00 0.000000E+00 0.000000E+00 0.000000E+00 0.000000E+00 0.000000E+00 0.000000E+00 0.000000E+00 0.000000E+00 0.000000E+00 0.000000E+00 0.000000E+00 0.000000E+00 0.000000E+00 0.000000E+00 0.000000E+00 0.000000E+00 0.000000E+00 0.000000E+00 0.000000E+00 0.000000E+00 0.000000E+00 0.000000E+00 0.000000E+00 0.000000E+00 0.000000E+00 0.000000E+00 0.000000E+00 0.000000E+00 0.000000E+00 0.000000E+00 0.000000E+00 0.000000E+00 0.000000E+00 0.000000E+00 0.000000E+00 0.000000E+00 0.000000E+00 0.000000E+00 0.000000E+00 0.000000E+00 0.000000E+00 0.000000E+00 0.000000E+00 0.000000E+00 0.000000E+00 0.000000E+00 0.000000E+00 0.000000E+00 0.000000E+00 0.000000E+00 0.000000E+00 0.000000E+00 0.000000E+00 0.000000E+00 0.000000E+00 0.000000E+00 0.000000E+00 0.000000E+00 0.000000E+00 0.000000E+00
 0.548712E+01 0.313760E+01 0.215144E+01 0.151928E+01 0.112272E+01 0.834240E+00 0.652960E+00 0.501760E+00 0.399200E+00 0.314240E+00 0.253840E+00 0.211120E+00 0.171200E+00 0.137520E+00 0.119120E+00 0.937600E-01 0.811200E-01 0.681600E-01 0.576800E-01 0.463200E-01 0.397600E-01 0.356000E-01 0.283200E-01 0.234400E-01 0.212800E-01 0.186400E-01 0.156800E-01 0.126400E-01 0.108800E-01 0.107200E-01 0.776000E-02 0.816000E-02 0.656000E-02 0.584000E-02 0.448000E-02 0.320000E-02 0.336000E-02 0.216000E-02 0.240000E-02 0.208000E-02 0.232000E-02 0.136000E-02 0.208000E-02 0.104000E-02 0.128000E-02 0.480000E-03 0.112000E-02 0.640000E-03 0.800000E-03 0.880000E-03 0.560000E-03 0.480000E-03 0.160000E-03 0.240000E-03 0.240000E-03 0.240000E-03 0.000000E+00 0.240000E-03 0.240000E-03 0.000000E+00 0.240000E-03 0.160000E-03 0.800000E-04 0.000000E+00 0.800000E-04 0.160000E-03 0.000000E+00 0.000000E+00 0.000000E+00 0.000000E+00 0.800000E-04 0.800000E-04 0.000000E+00 0.000000E+00 0.000000E+00 0.000000E+00 0.800000E-04 0.000000E+00 0.000000E+00 0.000000E+00 0.000000E+00 0.000000E+00 0.000000E+00 0.000000E+00 0.000000E+00 0.000000E+00 0.000000E+00 0.000000E+00 0.000000E+00 0.000000E+00 0.000000E+00 0.000000E+00 0.000000E+00 0.000000E+00 0.000000E+00 0.000000E+00 0.000000E+00 0.000000E+00 0.000000E+00 0.000000E+00 0.000000E+00 0.000000E+00 0.000000E+00 0.000000E+00 0.000000E+00 0.000000E+00 0.000000E+00 0.000000E+00 0.000000E+00 0.000000E+00 0.000000E+00 0.000000E+00 0.000000E+00 0.000000E+00 0.000000E+00 0.000000E+00 0.000000E+00 0.000000E+00 0.000000E+00 0.000000E+00 0.000000E+00 0.000000E+00 0.000000E+00 0.000000E+00 0.000000E+00 0.000000E+00 0.000000E+00 0.000000E+00 0.000000E+00 0.000000E+00 0.000000E+00 0.000000E+00 0.000000E+00 0.000000E+00 0.000000E+00 0.000000E+00 0.000000E+00 0.000000E+00 0.000000E+00 0.000000E+00 0.000000E+00 0.000000E+00 0.000000E+00 0.000000E+00 0.000000E+00 0.000000E+00 0.000000E+00 0.000000E+00 0.000000E+00 0.000000E+00 0.000000E+00 0.000000E+00 0.000000E+00 0.000000E+00 0.000000E+00 0.000000E+00 0.000000E+00 0.000000E+00 0.000000E+00 0.000000E+00 0.000000E+00 0.000000E+00 0.000000E+00 0.000000E+00 0.000000E+00 0.000000E+00 0.000000E+00 0.000000E+00 0.000000E+00 0.000000E+00 0.000000E+00 0.000000E+00 0.000000E+00 0.000000E+00 0.000000E+00 0.000000E+00 0.000000E+00 0.000000E+00 0.000000E+00 0.000000E+00 0.000000E+00 0.000000E+00 0.000000E+00 0.000000E+00 0.000000E+00 0.000000E+00 0.000000E+00 0.000000E+00 0.000000E+00 0.000000E+00 0.000000E+00 0.000000E+00 0.000000E+00 0.000000E+00 0.000000E+00 0.000000E+00 0.000000E+00 0.000000E+00 0.000000E+00 0.000000E+00
 0.479256E+01 0.306656E+01 0.212760E+01 0.154448E+01 0.116992E+01 0.894320E+00 0.704880E+00 0.567520E+00 0.448080E+00 0.360960E+00 0.297280E+00 0.252160E+00 0.206960E+00 0.172160E+00 0.145920E+00 0.122080E+00 0.101680E+00 0.885600E-01 0.756000E-01 0.645600E-01 0.548000E-01 0.482400E-01 0.423200E-01 0.364800E-01 0.335200E-01 0.281600E-01 0.245600E-01 0.220800E-01 0.183200E-01 0.136800E-01 0.135200E-01 0.122400E-01 0.110400E-01 0.944000E-02 0.688000E-02 0.656000E-02 0.624000E-02 0.624000E-02 0.504000E-02 0.432000E-02 0.368000E-02 0.360000E-02 0.232000E-02 0.344000E-02 0.200000E-02 0.168000E-02 0.224000E-02 0.120000E-02 0.136000E-02 0.960000E-03 0.112000E-02 0.104000E-02 0.400000E-03 0.560000E-03 0.560000E-03 0.480000E-03 0.560000E-03 0.400000E-03 0.400000E-03 0.480000E-03 0.000000E+00 0.800000E-04 0.000000E+00 0.240000E-03 0.000000E+00 0.800000E-04 0.800000E-04 0.800000E-04 0.160000E-03 0.800000E-04 0.000000E+00 0.800000E-04 0.160000E-03 0.160000E-03 0.000000E+00 0.000000E+00 0.000000E+00 0.800000E-04 0.000000E+00 0.000000E+00 0.000000E+00 0.000000E+00 0.000000E+00 0.000000E+00 0.000000E+00 0.000000E+00 0.800000E-04 0.800000E-04 0.000000E+00 0.000000E+00 0.000000E+00 0.000000E+00 0.000000E+00 0.000000E+00 0.800000E-04 0.000000E+00 0.000000E+00 0.000000E+00 0.000000E+00 0.000000E+00 0.000000E+00 0.000000E+00 0.000000E+00 0.000000E+00 0.000000E+00 0.000000E+00 0.000000E+00 0.000000E+00 0.000000E+00 0.000000E+00 0.000000E+00 0.000000E+00 0.000000E+00 0.000000E+00 0.000000E+00 0.000000E+00 0.000000E+00 0.000000E+00 0.000000E+00 0.000000E+00 0.000000E+00 0.000000E+00 0.000000E+00 0.000000E+00 0.000000E+00 0.000000E+00 0.000000E+00 0.000000E+00 0.000000E+00 0.000000E+00 0.000000E+00 0.000000E+00 0.000000E+00 0.000000E+00 0.000000E+00 0.000000E+00 0.000000E+00 0.000000E+00 0.000000E+00 0.000000E+00 0.000000E+00 0.000000E+00 0.000000E+00 0.000000E+00 0.000000E+00 0.000000E+00 0.000000E+00 0.000000E+00 0.000000E+00 0.000000E+00 0.000000E+00 0.000000E+00 0.000000E+00 0.000000E+00 0.000000E+00 0.000000E+00 0.000000E+00 0.000000E+00 0.000000E+00 0.000000E+00 0.000000E+00 0.000000E+00 0.000000E+00 0.000000E+00 0.000000E+00 0.000000E+00 0.000000E+00 0.000000E+00 0.000000E+00 0.000000E+00 0.000000E+00 0.000000E+00 0.000000E+00 0.000000E+00 0.000000E+00 0.000000E+00 0.000000E+00 0.000000E+00 0.000000E+00 0.000000E+00 0.000000E+00 0.000000E+00 0.000000E+00 0.000000E+00 0.000000E+00 0.000000E+00 0.000000E+00 0.000000E+00 0.000000E+00 0.000000E+00 0.000000E+00 0.000000E+00 0.000000E+00 0.000000E+00 0.000000E+00 0.000000E+00 0.000000E+00 0.000000E+00 0.000000E+00 0.000000E+00
 0.144002E+02 0.741680E+01 0.451632E+01 0.300224E+01 0.210576E+01 0.157440E+01 0.116592E+01 0.937840E+00 0.728160E+00 0.588160E+00 0.475440E+00 0.387680E+00 0.316800E+00 0.272880E+00 0.222240E+00 0.190240E+00 0.162480E+00 0.135120E+00 0.111040E+00 0.988000E-01 0.851200E-01 0.764000E-01 0.672800E-01 0.564000E-01 0.486400E-01 0.396000E-01 0.370400E-01 0.277600E-01 0.280800E-01 0.261600E-01 0.228800E-01 0.159200E-01 0.166400E-01 0.159200E-01 0.134400E-01 0.123200E-01 0.108000E-01 0.840000E-02 0.896000E-02 0.632000E-02 0.704000E-02 0.640000E-02 0.488000E-02 0.424000E-02 0.336000E-02 0.208000E-02 0.368000E-02 0.216000E-02 0.184000E-02 0.216000E-02 0.208000E-02 0.152000E-02 0.144000E-02 0.168000E-02 0.880000E-03 0.720000E-03 0.800000E-03 0.104000E-02 0.880000E-03 0.960000E-03 0.880000E-03 0.480000E-03 0.560000E-03 0.320000E-03 0.240000E-03 0.240000E-03 0.320000E-03 0.240000E-03 0.800000E-04 0.240000E-03 0.800000E-04 0.160000E-03 0.800000E-04 0.160000E-03 0.160000E-03 0.160000E-03 0.160000E-03 0.000000E+00 0.160000E-03 0.160000E-03 0.800000E-04 0.000000E+00 0.000000E+00 0.000000E+00 0.000000E+00 0.000000E+00 0.000000E+00 0.000000E+00 0.000000E+00 0.000000E+00 0.000000E+00 0.000000E+00 0.000000E+00 0.000000E+00 0.000000E+00 0.000000E+00 0.000000E+00 0.000000E+00 0.000000E+00 0.000000E+00 0.000000E+00 0.000000E+00 0.000000E+00 0.000000E+00 0.000000E+00 0.000000E+00 0.000000E+00 0.000000E+00 0.000000E+00 0.000000E+00 0.000000E+00 0.000000E+00 0.000000E+00 0.000000E+00 0.000000E+00 0.000000E+00 0.000000E+00 0.000000E+00 0.000000E+00 0.000000E+00 0.000000E+00 0.000000E+00 0.000000E+00 0.000000E+00 0.000000E+00 0.000000E+00 0.000000E+00 0.000000E+00 0.000000E+00 0.000000E+00 0.000000E+00 0.000000E+00 0.000000E+00 0.000000E+00 0.000000E+00 0.000000E+00 0.000000E+00 0.000000E+00 0.000000E+00 0.000000E+00 0.000000E+00 0.000000E+00 0.000000E+00 0.000000E+00 0.000000E+00 0.000000E+00 0.000000E+00 0.000000E+00 0.000000E+00 0.000000E+00 0.000000E+00 0.000000E+00 0.000000E+00 0.000000E+00 0.000000E+00 0.000000E+00 0.000000E+00 0.000000E+00 0.000000E+00 0.000000E+00 0.000000E+00 0.000000E+00 0.000000E+00 0.000000E+00 0.000000E+00 0.000000E+00 0.000000E+00 0.000000E+00 0.000000E+00 0.000000E+00 0.000000E+00 0.000000E+00 0.000000E+00 0.000000E+00 0.000000E+00 0.000000E+00 0.000000E+00 0.000000E+00 0.000000E+00 0.000000E+00 0.000000E+00 0.000000E+00 0.000000E+00 0.000000E+00 0.000000E+00 0.000000E+00 0.000000E+00 0.000000E+00 0.000000E+00 0.000000E+00 0.000000E+00 0.000000E+00 0.000000E+00 0.000000E+00 0.000000E+00 0.000000E+00 0.000000E+00 0.000000E+00 0.000000E+00 0.000000E+00
 0.144200E+02 0.751848E+01 0.466968E+01 0.316992E+01 0.225496E+01 0.170176E+01 0.133424E+01 0.104784E+01 0.859040E+00 0.682480E+00 0.578480E+00 0.470240E+00 0.401840E+00 0.339280E+00 0.292320E+00 0.246160E+00 0.213120E+00 0.179200E+00 0.168320E+00 0.141840E+00 0.125440E+00 0.114000E+00 0.984800E-01 0.825600E-01 0.722400E-01 0.684000E-01 0.629600E-01 0.532800E-01 0.470400E-01 0.400000E-01 0.391200E-01 0.342400E-01 0.312800E-01 0.252800E-01 0.251200E-01 0.223200E-01 0.176000E-01 0.185600E-01 0.163200E-01 0.123200E-01 0.129600E-01 0.107200E-01 0.920000E-02 0.108000E-01 0.800000E-02 0.704000E-02 0.688000E-02 0.592000E-02 0.504000E-02 0.552000E-02 0.576000E-02 0.432000E-02 0.384000E-02 0.280000E-02 0.328000E-02 0.312000E-02 0.232000E-02 0.288000E-02 0.160000E-02 0.240000E-02 0.160000E-02 0.224000E-02 0.112000E-02 0.960000E-03 0.112000E-02 0.960000E-03 0.960000E-03 0.136000E-02 0.960000E-03 0.640000E-03 0.640000E-03 0.640000E-03 0.560000E-03 0.240000E-03 0.560000E-03 0.480000E-03 0.240000E-03 0.320000E-03 0.720000E-03 0.400000E-03 0.240000E-03 0.000000E+00 0.160000E-03 0.240000E-03 0.800000E-04 0.800000E-04 0.160000E-03 0.160000E-03 0.800000E-04 0.000000E+00 0.800000E-04 0.000000E+00 0.000000E+00 0.000000E+00 0.160000E-03 0.000000E+00 0.800000E-04 0.000000E+00 0.000000E+00 0.000000E+00 0.800000E-04 0.000000E+00 0.160000E-03 0.000000E+00 0.000000E+00 0.800000E-04 0.000000E+00 0.000000E+00 0.000000E+00 0.000000E+00 0.800000E-04 0.000000E+00 0.800000E-04 0.000000E+00 0.000000E+00 0.800000E-04 0.000000E+00 0.000000E+00 0.000000E+00 0.000000E+00 0.000000E+00 0.000000E+00 0.000000E+00 0.000000E+00 0.000000E+00 0.000000E+00 0.000000E+00 0.000000E+00 0.000000E+00 0.000000E+00 0.000000E+00 0.000000E+00 0.000000E+00 0.000000E+00 0.000000E+00 0.000000E+00 0.000000E+00 0.000000E+00 0.000000E+00 0.000000E+00 0.000000E+00 0.000000E+00 0.000000E+00 0.000000E+00 0.000000E+00 0.000000E+00 0.000000E+00 0.000000E+00 0.000000E+00 0.000000E+00 0.000000E+00 0.000000E+00 0.000000E+00 0.000000E+00 0.000000E+00 0.000000E+00 0.000000E+00 0.000000E+00 0.000000E+00 0.000000E+00 0.000000E+00 0.000000E+00 0.000000E+00 0.000000E+00 0.000000E+00 0.000000E+00 0.000000E+00 0.000000E+00 0.000000E+00 0.000000E+00 0.000000E+00 0.000000E+00 0.000000E+00 0.000000E+00 0.000000E+00 0.000000E+00 0.000000E+00 0.000000E+00 0.000000E+00 0.000000E+00 0.000000E+00 0.000000E+00 0.000000E+00 0.000000E+00 0.000000E+00 0.000000E+00 0.000000E+00 0.000000E+00 0.000000E+00 0.000000E+00 0.000000E+00 0.000000E+00 0.000000E+00 0.000000E+00 0.000000E+00 0.000000E+00 0.000000E+00 0.000000E+00 0.000000E+00 0.000000E+00
 0.145261E+02 0.737528E+01 0.448408E+01 0.296712E+01 0.210624E+01 0.155544E+01 0.117712E+01 0.911920E+00 0.729760E+00 0.581440E+00 0.474480E+00 0.383360E+00 0.315760E+00 0.266400E+00 0.226320E+00 0.188480E+00 0.156000E+00 0.137360E+00 0.112080E+00 0.974400E-01 0.877600E-01 0.757600E-01 0.627200E-01 0.543200E-01 0.460800E-01 0.418400E-01 0.404000E-01 0.305600E-01 0.293600E-01 0.260800E-01 0.216800E-01 0.192000E-01 0.157600E-01 0.141600E-01 0.138400E-01 0.132000E-01 0.984000E-02 0.808000E-02 0.768000E-02 0.632000E-02 0.576000E-02 0.600000E-02 0.440000E-02 0.504000E-02 0.416000E-02 0.312000E-02 0.360000E-02 0.328000E-02 0.152000E-02 0.200000E-02 0.208000E-02 0.160000E-02 0.136000E-02 0.800000E-03 0.176000E-02 0.800000E-03 0.720000E-03 0.560000E-03 0.480000E-03 0.640000E-03 0.640000E-03 0.960000E-03 0.560000E-03 0.480000E-03 0.480000E-03 0.160000E-03 0.320000E-03 0.160000E-03 0.560000E-03 0.800000E-04 0.400000E-03 0.320000E-03 0.160000E-03 0.160000E-03 0.800000E-04 0.000000E+00 0.000000E+00 0.800000E-04 0.800000E-04 0.000000E+00 0.800000E-04 0.800000E-04 0.800000E-04 0.800000E-04 0.000000E+00 0.000000E+00 0.800000E-04 0.000000E+00 0.000000E+00 0.000000E+00 0.800000E-04 0.000000E+00 0.000000E+00 0.000000E+00 0.800000E-04 0.000000E+00 0.000000E+00 0.800000E-04 0.000000E+00 0.000000E+00 0.000000E+00 0.800000E-04 0.800000E-04 0.000000E+00 0.000000E+00 0.000000E+00 0.000000E+00 0.000000E+00 0.000000E+00 0.000000E+00 0.000000E+00 0.000000E+00 0.000000E+00 0.000000E+00 0.000000E+00 0.000000E+00 0.000000E+00 0.000000E+00 0.000000E+00 0.000000E+00 0.000000E+00 0.000000E+00 0.000000E+00 0.000000E+00 0.000000E+00 0.000000E+00 0.000000E+00 0.000000E+00 0.000000E+00 0.000000E+00 0.000000E+00 0.000000E+00 0.000000E+00 0.000000E+00 0.000000E+00 0.000000E+00 0.000000E+00 0.000000E+00 0.000000E+00 0.000000E+00 0.000000E+00 0.000000E+00 0.000000E+00 0.000000E+00 0.000000E+00 0.000000E+00 0.000000E+00 0.000000E+00 0.000000E+00 0.000000E+00 0.000000E+00 0.000000E+00 0.000000E+00 0.000000E+00 0.000000E+00 0.000000E+00 0.000000E+00 0.000000E+00 0.000000E+00 0.000000E+00 0.000000E+00 0.000000E+00 0.000000E+00 0.000000E+00 0.000000E+00 0.000000E+00 0.000000E+00 0.000000E+00 0.000000E+00 0.000000E+00 0.000000E+00 0.000000E+00 0.000000E+00 0.000000E+00 0.000000E+00 0.000000E+00 0.000000E+00 0.000000E+00 0.000000E+00 0.000000E+00 0.000000E+00 0.000000E+00 0.000000E+00 0.000000E+00 0.000000E+00 0.000000E+00 0.000000E+00 0.000000E+00 0.000000E+00 0.000000E+00 0.000000E+00 0.000000E+00 0.000000E+00 0.000000E+00 0.000000E+00 0.000000E+00 0.000000E+00 0.000000E+00 0.000000E+00 0.000000E+00
 0.145022E+02 0.750136E+01 0.461680E+01 0.313392E+01 0.227328E+01 0.172160E+01 0.130200E+01 0.105576E+01 0.842160E+00 0.701440E+00 0.565200E+00 0.475440E+00 0.414880E+00 0.339520E+00 0.292160E+00 0.245040E+00 0.214480E+00 0.181120E+00 0.157440E+00 0.144400E+00 0.127440E+00 0.106080E+00 0.964800E-01 0.900800E-01 0.694400E-01 0.652800E-01 0.575200E-01 0.539200E-01 0.452000E-01 0.444800E-01 0.373600E-01 0.331200E-01 0.328800E-01 0.250400E-01 0.256000E-01 0.222400E-01 0.198400E-01 0.160000E-01 0.165600E-01 0.173600E-01 0.146400E-01 0.115200E-01 0.944000E-02 0.896000E-02 0.880000E-02 0.800000E-02 0.776000E-02 0.648000E-02 0.648000E-02 0.464000E-02 0.472000E-02 0.464000E-02 0.440000E-02 0.344000E-02 0.200000E-02 0.304000E-02 0.248000E-02 0.224000E-02 0.144000E-02 0.176000E-02 0.144000E-02 0.168000E-02 0.184000E-02 0.176000E-02 0.104000E-02 0.560000E-03 0.240000E-03 0.800000E-03 0.120000E-02 0.112000E-02 0.480000E-03 0.560000E-03 0.720000E-03 0.400000E-03 0.720000E-03 0.320000E-03 0.720000E-03 0.240000E-03 0.800000E-04 0.800000E-04 0.160000E-03 0.800000E-04 0.320000E-03 0.000000E+00 0.640000E-03 0.000000E+00 0.800000E-04 0.160000E-03 0.000000E+00 0.160000E-03 0.000000E+00 0.160000E-03 0.000000E+00 0.400000E-03 0.000000E+00 0.800000E-04 0.160000E-03 0.000000E+00 0.000000E+00 0.000000E+00 0.000000E+00 0.000000E+00 0.000000E+00 0.800000E-04 0.000000E+00 0.000000E+00 0.800000E-04 0.000000E+00 0.000000E+00 0.000000E+00 0.000000E+00 0.000000E+00 0.000000E+00 0.000000E+00 0.000000E+00 0.000000E+00 0.000000E+00 0.000000E+00 0.000000E+00 0.000000E+00 0.000000E+00 0.000000E+00 0.000000E+00 0.000000E+00 0.000000E+00 0.000000E+00 0.000000E+00 0.000000E+00 0.000000E+00 0.000000E+00 0.000000E+00 0.000000E+00 0.000000E+00 0.000000E+00 0.000000E+00 0.000000E+00 0.000000E+00 0.000000E+00 0.000000E+00 0.000000E+00 0.000000E+00 0.000000E+00 0.000000E+00 0.000000E+00 0.000000E+00 0.000000E+00 0.000000E+00 0.000000E+00 0.000000E+00 0.000000E+00 0.000000E+00 0.000000E+00 0.000000E+00 0.000000E+00 0.000000E+00 0.000000E+00 0.000000E+00 0.000000E+00 0.000000E+00 0.000000E+00 0.000000E+00 0.000000E+00 0.000000E+00 0.000000E+00 0.000000E+00 0.000000E+00 0.000000E+00 0.000000E+00 0.000000E+00 0.000000E+00 0.000000E+00 0.000000E+00 0.000000E+00 0.000000E+00 0.000000E+00 0.000000E+00 0.000000E+00 0.000000E+00 0.000000E+00 0.000000E+00 0.000000E+00 0.000000E+00 0.000000E+00 0.000000E+00 0.000000E+00 0.000000E+00 0.000000E+00 0.000000E+00 0.000000E+00 0.000000E+00 0.000000E+00 0.000000E+00 0.000000E+00 0.000000E+00 0.000000E+00 0.000000E+00 0.000000E+00 0.000000E+00 0.000000E+00 0.000000E+00
 0.548712E+01 0.313760E+01 0.215144E+01 0.151928E+01 0.112272E+01 0.834240E+00 0.652960E+00 0.501760E+00 0.399200E+00 0.314240E+00 0.253840E+00 0.211120E+00 0.171200E+00 0.137520E+00 0.119120E+00 0.937600E-01 0.811200E-01 0.681600E-01 0.576800E-01 0.463200E-01 0.397600E-01 0.356000E-01 0.283200E-01 0.234400E-01 0.212800E-01 0.186400E-01 0.156800E-01 0.126400E-01 0.108800E-01 0.107200E-01 0.776000E-02 0.816000E-02 0.656000E-02 0.584000E-02 0.448000E-02 0.320000E-02 0.336000E-02 0.216000E-02 0.240000E-02 0.208000E-02 0.232000E-02 0.136000E-02 0.208000E-02 0.104000E-02 0.128000E-02 0.480000E-03 0.112000E-02 0.640000E-03 0.800000E-03 0.880000E-03 0.560000E-03 0.480000E-03 0.160000E-03 0.240000E-03 0.240000E-03 0.240000E-03 0.000000E+00 0.240000E-03 0.240000E-03 0.000000E+00 0.240000E-03 0.160000E-03 0.800000E-04 0.000000E+00 0.800000E-04 0.160000E-03 0.000000E+00 0.000000E+00 0.000000E+00 0.000000E+00 0.800000E-04 0.800000E-04 0.000000E+00 0.000000E+00 0.000000E+00 0.000000E+00 0.800000E-04 0.000000E+00 0.000000E+00 0.000000E+00 0.000000E+00 0.000000E+00 0.000000E+00 0.000000E+00 0.000000E+00 0.000000E+00 0.000000E+00 0.000000E+00 0.000000E+00 0.000000E+00 0.000000E+00 0.000000E+00 0.000000E+00 0.000000E+00 0.000000E+00 0.000000E+00 0.000000E+00 0.000000E+00 0.000000E+00 0.000000E+00 0.000000E+00 0.000000E+00 0.000000E+00 0.000000E+00 0.000000E+00 0.000000E+00 0.000000E+00 0.000000E+00 0.000000E+00 0.000000E+00 0.000000E+00 0.000000E+00 0.000000E+00 0.000000E+00 0.000000E+00 0.000000E+00 0.000000E+00 0.000000E+00 0.000000E+00 0.000000E+00 0.000000E+00 0.000000E+00 0.000000E+00 0.000000E+00 0.000000E+00 0.000000E+00 0.000000E+00 0.000000E+00 0.000000E+00 0.000000E+00 0.000000E+00 0.000000E+00 0.000000E+00 0.000000E+00 0.000000E+00 0.000000E+00 0.000000E+00 0.000000E+00 0.000000E+00 0.000000E+00 0.000000E+00 0.000000E+00 0.000000E+00 0.000000E+00 0.000000E+00 0.000000E+00 0.000000E+00 0.000000E+00 0.000000E+00 0.000000E+00 0.000000E+00 0.000000E+00 0.000000E+00 0.000000E+00 0.000000E+00 0.000000E+00 0.000000E+00 0.000000E+00 0.000000E+00 0.000000E+00 0.000000E+00 0.000000E+00 0.000000E+00 0.000000E+00 0.000000E+00 0.000000E+00 0.000000E+00 0.000000E+00 0.000000E+00 0.000000E+00 0.000000E+00 0.000000E+00 0.000000E+00 0.000000E+00 0.000000E+00 0.000000E+00 0.000000E+00 0.000000E+00 0.000000E+00 0.000000E+00 0.000000E+00 0.000000E+00 0.000000E+00 0.000000E+00 0.000000E+00 0.000000E+00 0.000000E+00 0.000000E+00 0.000000E+00 0.000000E+00 0.000000E+00 0.000000E+00 0.000000E+00 0.000000E+00 0.000000E+00 0.000000E+00 0.000000E+00 0.000000E+00 0.000000E+00 0.000000E+00
 0.479256E+01 0.306656E+01 0.212760E+01 0.154448E+01 0.116992E+01 0.894320E+00 0.704880E+00 0.567520E+00 0.448080E+00 0.360960E+00 0.297280E+00 0.252160E+00 0.206960E+00 0.172160E+00 0.145920E+00 0.122080E+00 0.101680E+00 0.885600E-01 0.756000E-01 0.645600E-01 0.548000E-01 0.482400E-01 0.423200E-01 0.364800E-01 0.335200E-01 0.281600E-01 0.245600E-01 0.220800E-01 0.183200E-01 0.136800E-01 0.135200E-01 0.122400E-01 0.110400E-01 0.944000E-02 0.688000E-02 0.656000E-02 0.624000E-02 0.624000E-02 0.504000E-02 0.432000E-02 0.368000E-02 0.360000E-02 0.232000E-02 0.344000E-02 0.200000E-02 0.168000E-02 0.224000E-02 0.120000E-02 0.136000E-02 0.960000E-03 0.112000E-02 0.104000E-02 0.400000E-03 0.560000E-03 0.560000E-03 0.480000E-03 0.560000E-03 0.400000E-03 0.400000E-03 0.480000E-03 0.000000E+00 0.800000E-04 0.000000E+00 0.240000E-03 0.000000E+00 0.800000E-04 0.800000E-04 0.800000E-04 0.160000E-03 0.800000E-04 0.000000E+00 0.800000E-04 0.160000E-03 0.160000E-03 0.000000E+00 0.000000E+00 0.000000E+00 0.800000E-04 0.000000E+00 0.000000E+00 0.000000E+00 0.000000E+00 0.000000E+00 0.000000E+00 0.000000E+00 0.000000E+00 0.800000E-04 0.800000E-04 0.000000E+00 0.000000E+00 0.000000E+00 0.000000E+00 0.000000E+00 0.000000E+00 0.800000E-04 0.000000E+00 0.000000E+00 0.000000E+00 0.000000E+00 0.000000E+00 0.000000E+00 0.000000E+00 0.000000E+00 0.000000E+00 0.000000E+00 0.000000E+00 0.000000E+00 0.000000E+00 0.000000E+00 0.000000E+00 0.000000E+00 0.000000E+00 0.000000E+00 0.000000E+00 0.000000E+00 0.000000E+00 0.000000E+00 0.000000E+00 0.000000E+00 0.000000E+00 0.000000E+00 0.000000E+00 0.000000E+00 0.000000E+00 0.000000E+00 0.000000E+00 0.000000E+00 0.000000E+00 0.000000E+00 0.000000E+00 0.000000E+00 0.000000E+00 0.000000E+00 0.000000E+00 0.000000E+00 0.000000E+00 0.000000E+00 0.000000E+00 0.000000E+00 0.000000E+00 0.000000E+00 0.000000E+00 0.000000E+00 0.000000E+00 0.000000E+00 0.000000E+00 0.000000E+00 0.000000E+00 0.000000E+00 0.000000E+00 0.000000E+00 0.000000E+00 0.000000E+00 0.000000E+00 0.000000E+00 0.000000E+00 0.000000E+00 0.000000E+00 0.000000E+00 0.000000E+00 0.000000E+00 0.000000E+00 0.000000E+00 0.000000E+00 0.000000E+00 0.000000E+00 0.000000E+00 0.000000E+00 0.000000E+00 0.000000E+00 0.000000E+00 0.000000E+00 0.000000E+00 0.000000E+00 0.000000E+00 0.000000E+00 0.000000E+00 0.000000E+00 0.000000E+00 0.000000E+00 0.000000E+00 0.000000E+00 0.000000E+00 0.000000E+00 0.000000E+00 0.000000E+00 0.000000E+00 0.000000E+00 0.000000E+00 0.000000E+00 0.000000E+00 0.000000E+00 0.000000E+00 0.000000E+00 0.000000E+00 0.000000E+00 0.000000E+00 0.000000E+00 0.000000E+00 0.000000E+00
 0.117600E+00 0.519200E-01 0.308000E-01 0.220000E-01 0.149600E-01 0.110400E-01 0.776000E-02 0.488000E-02 0.440000E-02 0.304000E-02 0.224000E-02 0.144000E-02 0.152000E-02 0.120000E-02 0.112000E-02 0.560000E-03 0.880000E-03 0.400000E-03 0.400000E-03 0.560000E-03 0.800000E-04 0.160000E-03 0.160000E-03 0.000000E+00 0.800000E-04 0.000000E+00 0.800000E-04 0.000000E+00 0.000000E+00 0.000000E+00 0.000000E+00 0.000000E+00 0.000000E+00 0.800000E-04 0.000000E+00 0.000000E+00 0.000000E+00 0.000000E+00 0.000000E+00 0.000000E+00 0.000000E+00 0.000000E+00 0.000000E+00 0.000000E+00 0.000000E+00 0.000000E+00 0.000000E+00 0.000000E+00 0.000000E+00 0.000000E+00 0.000000E+00 0.000000E+00 0.000000E+00 0.000000E+00 0.000000E+00 0.000000E+00 0.000000E+00 0.000000E+00 0.000000E+00 0.000000E+00 0.000000E+00 0.000000E+00 0.000000E+00 0.000000E+00 0.000000E+00 0.000000E+00 0.000000E+00 0.000000E+00 0.000000E+00 0.000000E+00 0.000000E+00 0.000000E+00 0.000000E+00 0.000000E+00 0.000000E+00 0.000000E+00 0.000000E+00 0.000000E+00 0.000000E+00 0.000000E+00 0.000000E+00 0.000000E+00 0.000000E+00 0.000000E+00 0.000000E+00 0.000000E+00 0.000000E+00 0.000000E+00 0.000000E+00 0.000000E+00 0.000000E+00 0.000000E+00 0.000000E+00 0.000000E+00 0.000000E+00 0.000000E+00 0.000000E+00 0.000000E+00 0.000000E+00 0.000000E+00 0.000000E+00 0.000000E+00 0.000000E+00 0.000000E+00 0.000000E+00 0.000000E+00 0.000000E+00 0.000000E+00 0.000000E+00 0.000000E+00 0.000000E+00 0.000000E+00 0.000000E+00 0.000000E+00 0.000000E+00 0.000000E+00 0.000000E+00 0.000000E+00 0.000000E+00 0.000000E+00 0.000000E+00 0.000000E+00 0.000000E+00 0.000000E+00 0.000000E+00 0.000000E+00 0.000000E+00 0.000000E+00 0.000000E+00 0.000000E+00 0.000000E+00 0.000000E+00 0.000000E+00 0.000000E+00 0.000000E+00 0.000000E+00 0.000000E+00 0.000000E+00 0.000000E+00 0.000000E+00 0.000000E+00 0.000000E+00 0.000000E+00 0.000000E+00 0.000000E+00 0.000000E+00 0.000000E+00 0.000000E+00 0.000000E+00 0.000000E+00 0.000000E+00 0.000000E+00 0.000000E+00 0.000000E+00 0.000000E+00 0.000000E+00 0.000000E+00 0.000000E+00 0.000000E+00 0.000000E+00 0.000000E+00 0.000000E+00 0.000000E+00 0.000000E+00 0.000000E+00 0.000000E+00 0.000000E+00 0.000000E+00 0.000000E+00 0.000000E+00 0.000000E+00 0.000000E+00 0.000000E+00 0.000000E+00 0.000000E+00 0.000000E+00 0.000000E+00 0.000000E+00 0.000000E+00 0.000000E+00 0.000000E+00 0.000000E+00 0.000000E+00 0.000000E+00 0.000000E+00 0.000000E+00 0.000000E+00 0.000000E+00 0.000000E+00 0.000000E+00 0.000000E+00 0.000000E+00 0.000000E+00 0.000000E+00 0.000000E+00 0.000000E+00 0.000000E+00 0.000000E+00 0.000000E+00 0.000000E+00
 0.211760E+00 0.744800E-01 0.383200E-01 0.227200E-01 0.149600E-01 0.103200E-01 0.832000E-02 0.488000E-02 0.376000E-02 0.264000E-02 0.208000E-02 0.208000E-02 0.640000E-03 0.120000E-02 0.640000E-03 0.880000E-03 0.560000E-03 0.560000E-03 0.400000E-03 0.320000E-03 0.160000E-03 0.000000E+00 0.800000E-04 0.000000E+00 0.800000E-04 0.800000E-04 0.800000E-04 0.800000E-04 0.800000E-04 0.000000E+00 0.000000E+00 0.000000E+00 0.000000E+00 0.800000E-04 0.000000E+00 0.000000E+00 0.000000E+00 0.000000E+00 0.000000E+00 0.000000E+00 0.000000E+00 0.000000E+00 0.000000E+00 0.000000E+00 0.000000E+00 0.000000E+00 0.000000E+00 0.000000E+00 0.000000E+00 0.000000E+00 0.000000E+00 0.000000E+00 0.000000E+00 0.000000E+00 0.000000E+00 0.000000E+00 0.000000E+00 0.000000E+00 0.000000E+00 0.000000E+00 0.000000E+00 0.000000E+00 0.000000E+00 0.000000E+00 0.000000E+00 0.000000E+00 0.000000E+00 0.000000E+00 0.000000E+00 0.000000E+00 0.000000E+00 0.000000E+00 0.000000E+00 0.000000E+00 0.000000E+00 0.000000E+00 0.000000E+00 0.000000E+00 0.000000E+00 0.000000E+00 0.000000E+00 0.000000E+00 0.000000E+00 0.000000E+00 0.000000E+00 0.000000E+00 0.000000E+00 0.000000E+00 0.000000E+00 0.000000E+00 0.000000E+00 0.000000E+00 0.000000E+00 0.000000E+00 0.000000E+00 0.000000E+00 0.000000E+00 0.000000E+00 0.000000E+00 0.000000E+00 0.000000E+00 0.000000E+00 0.000000E+00 0.000000E+00 0.000000E+00 0.000000E+00 0.000000E+00 0.000000E+00 0.000000E+00 0.000000E+00 0.000000E+00 0.000000E+00 0.000000E+00 0.000000E+00 0.000000E+00 0.000000E+00 0.000000E+00 0.000000E+00 0.000000E+00 0.000000E+00 0.000000E+00 0.000000E+00 0.000000E+00 0.000000E+00 0.000000E+00 0.000000E+00 0.000000E+00 0.000000E+00 0.000000E+00 0.000000E+00 0.000000E+00 0.000000E+00 0.000000E+00 0.000000E+00 0.000000E+00 0.000000E+00 0.000000E+00 0.000000E+00 0.000000E+00 0.000000E+00 0.000000E+00 0.000000E+00 0.000000E+00 0.000000E+00 0.000000E+00 0.000000E+00 0.000000E+00 0.000000E+00 0.000000E+00 0.000000E+00 0.000000E+00 0.000000E+00 0.000000E+00 0.000000E+00 0.000000E+00 0.000000E+00 0.000000E+00 0.000000E+00 0.000000E+00 0.000000E+00 0.000000E+00 0.000000E+00 0.000000E+00 0.000000E+00 0.000000E+00 0.000000E+00 0.000000E+00 0.000000E+00 0.000000E+00 0.000000E+00 0.000000E+00 0.000000E+00 0.000000E+00 0.000000E+00 0.000000E+00 0.000000E+00 0.000000E+00 0.000000E+00 0.000000E+00 0.000000E+00 0.000000E+00 0.000000E+00 0.000000E+00 0.000000E+00 0.000000E+00 0.000000E+00 0.000000E+00 0.000000E+00 0.000000E+00 0.000000E+00 0.000000E+00 0.000000E+00 0.000000E+00 0.000000E+00 0.000000E+00 0.000000E+00 0.000000E+00 0.000000E+00 0.000000E+00 0.000000E+00
 0.115920E+00 0.528800E-01 0.292000E-01 0.208800E-01 0.120000E-01 0.984000E-02 0.592000E-02 0.576000E-02 0.376000E-02 0.376000E-02 0.256000E-02 0.232000E-02 0.152000E-02 0.640000E-03 0.960000E-03 0.720000E-03 0.720000E-03 0.400000E-03 0.640000E-03 0.800000E-04 0.240000E-03 0.160000E-03 0.800000E-04 0.800000E-04 0.320000E-03 0.800000E-04 0.000000E+00 0.000000E+00 0.800000E-04 0.000000E+00 0.800000E-04 0.000000E+00 0.000000E+00 0.000000E+00 0.000000E+00 0.000000E+00 0.000000E+00 0.000000E+00 0.000000E+00 0.000000E+00 0.000000E+00 0.000000E+00 0.000000E+00 0.000000E+00 0.000000E+00 0.000000E+00 0.000000E+00 0.000000E+00 0.000000E+00 0.000000E+00 0.000000E+00 0.000000E+00 0.000000E+00 0.000000E+00 0.000000E+00 0.000000E+00 0.000000E+00 0.000000E+00 0.000000E+00 0.000000E+00 0.000000E+00 0.000000E+00 0.000000E+00 0.000000E+00 0.000000E+00 0.000000E+00 0.000000E+00 0.000000E+00 0.000000E+00 0.000000E+00 0.000000E+00 0.000000E+00 0.000000E+00 0.000000E+00 0.000000E+00 0.000000E+00 0.000000E+00 0.000000E+00 0.000000E+00 0.000000E+00 0.000000E+00 0.000000E+00 0.000000E+00 0.000000E+00 0.000000E+00 0.000000E+00 0.000000E+00 0.000000E+00 0.000000E+00 0.000000E+00 0.000000E+00 0.000000E+00 0.000000E+00 0.000000E+00 0.000000E+00 0.000000E+00 0.000000E+00 0.000000E+00 0.000000E+00 0.000000E+00 0.000000E+00 0.000000E+00 0.000000E+00 0.000000E+00 0.000000E+00 0.000000E+00 0.000000E+00 0.000000E+00 0.000000E+00 0.000000E+00 0.000000E+00 0.000000E+00 0.000000E+00 0.000000E+00 0.000000E+00 0.000000E+00 0.000000E+00 0.000000E+00 0.000000E+00 0.000000E+00 0.000000E+00 0.000000E+00 0.000000E+00 0.000000E+00 0.000000E+00 0.000000E+00 0.000000E+00 0.000000E+00 0.000000E+00 0.000000E+00 0.000000E+00 0.000000E+00 0.000000E+00 0.000000E+00 0.000000E+00 0.000000E+00 0.000000E+00 0.000000E+00 0.000000E+00 0.000000E+00 0.000000E+00 0.000000E+00 0.000000E+00 0.000000E+00 0.000000E+00 0.000000E+00 0.000000E+00 0.000000E+00 0.000000E+00 0.000000E+00 0.000000E+00 0.000000E+00 0.000000E+00 0.000000E+00 0.000000E+00 0.000000E+00 0.000000E+00 0.000000E+00 0.000000E+00 0.000000E+00 0.000000E+00 0.000000E+00 0.000000E+00 0.000000E+00 0.000000E+00 0.000000E+00 0.000000E+00 0.000000E+00 0.000000E+00 0.000000E+00 0.000000E+00 0.000000E+00 0.000000E+00 0.000000E+00 0.000000E+00 0.000000E+00 0.000000E+00 0.000000E+00 0.000000E+00 0.000000E+00 0.000000E+00 0.000000E+00 0.000000E+00 0.000000E+00 0.000000E+00 0.000000E+00 0.000000E+00 0.000000E+00 0.000000E+00 0.000000E+00 0.000000E+00 0.000000E+00 0.000000E+00 0.000000E+00 0.000000E+00 0.000000E+00 0.000000E+00 0.000000E+00 0.000000E+00 0.000000E+00
 0.210800E+00 0.687200E-01 0.372000E-01 0.236000E-01 0.143200E-01 0.100800E-01 0.680000E-02 0.576000E-02 0.504000E-02 0.312000E-02 0.192000E-02 0.160000E-02 0.176000E-02 0.880000E-03 0.560000E-03 0.480000E-03 0.560000E-03 0.320000E-03 0.240000E-03 0.400000E-03 0.400000E-03 0.160000E-03 0.160000E-03 0.000000E+00 0.000000E+00 0.000000E+00 0.000000E+00 0.000000E+00 0.800000E-04 0.160000E-03 0.000000E+00 0.000000E+00 0.000000E+00 0.000000E+00 0.000000E+00 0.000000E+00 0.000000E+00 0.000000E+00 0.000000E+00 0.000000E+00 0.000000E+00 0.000000E+00 0.000000E+00 0.000000E+00 0.000000E+00 0.000000E+00 0.000000E+00 0.000000E+00 0.000000E+00 0.000000E+00 0.000000E+00 0.000000E+00 0.000000E+00 0.000000E+00 0.000000E+00 0.000000E+00 0.000000E+00 0.000000E+00 0.000000E+00 0.000000E+00 0.000000E+00 0.000000E+00 0.000000E+00 0.000000E+00 0.000000E+00 0.000000E+00 0.000000E+00 0.000000E+00 0.000000E+00 0.000000E+00 0.000000E+00 0.000000E+00 0.000000E+00 0.000000E+00 0.000000E+00 0.000000E+00 0.000000E+00 0.000000E+00 0.000000E+00 0.000000E+00 0.000000E+00 0.000000E+00 0.000000E+00 0.000000E+00 0.000000E+00 0.000000E+00 0.000000E+00 0.000000E+00 0.000000E+00 0.000000E+00 0.000000E+00 0.000000E+00 0.000000E+00 0.000000E+00 0.000000E+00 0.000000E+00 0.000000E+00 0.000000E+00 0.000000E+00 0.000000E+00 0.000000E+00 0.000000E+00 0.000000E+00 0.000000E+00 0.000000E+00 0.000000E+00 0.000000E+00 0.000000E+00 0.000000E+00 0.000000E+00 0.000000E+00 0.000000E+00 0.000000E+00 0.000000E+00 0.000000E+00 0.000000E+00 0.000000E+00 0.000000E+00 0.000000E+00 0.000000E+00 0.000000E+00 0.000000E+00 0.000000E+00 0.000000E+00 0.000000E+00 0.000000E+00 0.000000E+00 0.000000E+00 0.000000E+00 0.000000E+00 0.000000E+00 0.000000E+00 0.000000E+00 0.000000E+00 0.000000E+00 0.000000E+00 0.000000E+00 0.000000E+00 0.000000E+00 0.000000E+00 0.000000E+00 0.000000E+00 0.000000E+00 0.000000E+00 0.000000E+00 0.000000E+00 0.000000E+00 0.000000E+00 0.000000E+00 0.000000E+00 0.000000E+00 0.000000E+00 0.000000E+00 0.000000E+00 0.000000E+00 0.000000E+00 0.000000E+00 0.000000E+00 0.000000E+00 0.000000E+00 0.000000E+00 0.000000E+00 0.000000E+00 0.000000E+00 0.000000E+00 0.000000E+00 0.000000E+00 0.000000E+00 0.000000E+00 0.000000E+00 0.000000E+00 0.000000E+00 0.000000E+00 0.000000E+00 0.000000E+00 0.000000E+00 0.000000E+00 0.000000E+00 0.000000E+00 0.000000E+00 0.000000E+00 0.000000E+00 0.000000E+00 0.000000E+00 0.000000E+00 0.000000E+00 0.000000E+00 0.000000E+00 0.000000E+00 0.000000E+00 0.000000E+00 0.000000E+00 0.000000E+00 0.000000E+00 0.000000E+00 0.000000E+00 0.000000E+00 0.000000E+00 0.000000E+00 0.000000E+00
 0.117688E+01 0.316960E+00 0.179120E+00 0.106240E+00 0.739200E-01 0.467200E-01 0.318400E-01 0.255200E-01 0.200800E-01 0.127200E-01 0.106400E-01 0.872000E-02 0.552000E-02 0.432000E-02 0.360000E-02 0.264000E-02 0.352000E-02 0.208000E-02 0.168000E-02 0.104000E-02 0.800000E-03 0.640000E-03 0.104000E-02 0.640000E-03 0.240000E-03 0.480000E-03 0.160000E-03 0.800000E-04 0.160000E-03 0.400000E-03 0.160000E-03 0.160000E-03 0.000000E+00 0.160000E-03 0.800000E-04 0.000000E+00 0.000000E+00 0.000000E+00 0.000000E+00 0.000000E+00 0.000000E+00 0.000000E+00 0.000000E+00 0.000000E+00 0.000000E+00 0.000000E+00 0.000000E+00 0.000000E+00 0.000000E+00 0.000000E+00 0.000000E+00 0.000000E+00 0.000000E+00 0.000000E+00 0.000000E+00 0.000000E+00 0.000000E+00 0.000000E+00 0.000000E+00 0.000000E+00 0.000000E+00 0.000000E+00 0.000000E+00 0.000000E+00 0.000000E+00 0.000000E+00 0.000000E+00 0.000000E+00 0.000000E+00 0.000000E+00 0.000000E+00 0.000000E+00 0.000000E+00 0.000000E+00 0.000000E+00 0.000000E+00 0.000000E+00 0.000000E+00 0.000000E+00 0.000000E+00 0.000000E+00 0.000000E+00 0.000000E+00 0.000000E+00 0.000000E+00 0.000000E+00 0.000000E+00 0.000000E+00 0.000000E+00 0.000000E+00 0.000000E+00 0.000000E+00 0.000000E+00 0.000000E+00 0.000000E+00 0.000000E+00 0.000000E+00 0.000000E+00 0.000000E+00 0.000000E+00 0.000000E+00 0.000000E+00 0.000000E+00 0.000000E+00 0.000000E+00 0.000000E+00 0.000000E+00 0.000000E+00 0.000000E+00 0.000000E+00 0.000000E+00 0.000000E+00 0.000000E+00 0.000000E+00 0.000000E+00 0.000000E+00 0.000000E+00 0.000000E+00 0.000000E+00 0.000000E+00 0.000000E+00 0.000000E+00 0.000000E+00 0.000000E+00 0.000000E+00 0.000000E+00 0.000000E+00 0.000000E+00 0.000000E+00 0.000000E+00 0.000000E+00 0.000000E+00 0.000000E+00 0.000000E+00 0.000000E+00 0.000000E+00 0.000000E+00 0.000000E+00 0.000000E+00 0.000000E+00 0.000000E+00 0.000000E+00 0.000000E+00 0.000000E+00 0.000000E+00 0.000000E+00 0.000000E+00 0.000000E+00 0.000000E+00 0.000000E+00 0.000000E+00 0.000000E+00 0.000000E+00 0.000000E+00 0.000000E+00 0.000000E+00 0.000000E+00 0.000000E+00 0.000000E+00 0.000000E+00 0.000000E+00 0.000000E+00 0.000000E+00 0.000000E+00 0.000000E+00 0.000000E+00 0.000000E+00 0.000000E+00 0.000000E+00 0.000000E+00 0.000000E+00 0.000000E+00 0.000000E+00 0.000000E+00 0.000000E+00 0.000000E+00 0.000000E+00 0.000000E+00 0.000000E+00 0.000000E+00 0.000000E+00 0.000000E+00 0.000000E+00 0.000000E+00 0.000000E+00 0.000000E+00 0.000000E+00 0.000000E+00 0.000000E+00 0.000000E+00 0.000000E+00 0.000000E+00 0.000000E+00 0.000000E+00 0.000000E+00 0.000000E+00 0.000000E+00 0.000000E+00 0.000000E+00 0.000000E+00
 0.604240E+00 0.254400E+00 0.158720E+00 0.104080E+00 0.704800E-01 0.536000E-01 0.449600E-01 0.317600E-01 0.231200E-01 0.166400E-01 0.132800E-01 0.126400E-01 0.952000E-02 0.560000E-02 0.560000E-02 0.552000E-02 0.312000E-02 0.320000E-02 0.296000E-02 0.232000E-02 0.152000E-02 0.160000E-02 0.136000E-02 0.960000E-03 0.136000E-02 0.480000E-03 0.720000E-03 0.800000E-03 0.240000E-03 0.240000E-03 0.480000E-03 0.400000E-03 0.320000E-03 0.480000E-03 0.160000E-03 0.800000E-04 0.240000E-03 0.240000E-03 0.000000E+00 0.000000E+00 0.000000E+00 0.160000E-03 0.800000E-04 0.800000E-04 0.800000E-04 0.000000E+00 0.000000E+00 0.800000E-04 0.000000E+00 0.000000E+00 0.000000E+00 0.000000E+00 0.000000E+00 0.000000E+00 0.000000E+00 0.000000E+00 0.000000E+00 0.000000E+00 0.000000E+00 0.000000E+00 0.000000E+00 0.000000E+00 0.000000E+00 0.000000E+00 0.000000E+00 0.000000E+00 0.000000E+00 0.000000E+00 0.000000E+00 0.000000E+00 0.000000E+00 0.000000E+00 0.000000E+00 0.000000E+00 0.000000E+00 0.000000E+00 0.000000E+00 0.000000E+00 0.000000E+00 0.000000E+00 0.000000E+00 0.000000E+00 0.000000E+00 0.000000E+00 0.000000E+00 0.000000E+00 0.000000E+00 0.000000E+00 0.000000E+00 0.000000E+00 0.000000E+00 0.000000E+00 0.000000E+00 0.000000E+00 0.000000E+00 0.000000E+00 0.000000E+00 0.000000E+00 0.000000E+00 0.000000E+00 0.000000E+00 0.000000E+00 0.000000E+00 0.000000E+00 0.000000E+00 0.000000E+00 0.000000E+00 0.000000E+00 0.000000E+00 0.000000E+00 0.000000E+00 0.000000E+00 0.000000E+00 0.000000E+00 0.000000E+00 0.000000E+00 0.000000E+00 0.000000E+00 0.000000E+00 0.000000E+00 0.000000E+00 0.000000E+00 0.000000E+00 0.000000E+00 0.000000E+00 0.000000E+00 0.000000E+00 0.000000E+00 0.000000E+00 0.000000E+00 0.000000E+00 0.000000E+00 0.000000E+00 0.000000E+00 0.000000E+00 0.000000E+00 0.000000E+00 0.000000E+00 0.000000E+00 0.000000E+00 0.000000E+00 0.000000E+00 0.000000E+00 0.000000E+00 0.000000E+00 0.000000E+00 0.000000E+00 0.000000E+00 0.000000E+00 0.000000E+00 0.000000E+00 0.000000E+00 0.000000E+00 0.000000E+00 0.000000E+00 0.000000E+00 0.000000E+00 0.000000E+00 0.000000E+00 0.000000E+00 0.000000E+00 0.000000E+00 0.000000E+00 0.000000E+00 0.000000E+00 0.000000E+00 0.000000E+00 0.000000E+00 0.000000E+00 0.000000E+00 0.000000E+00 0.000000E+00 0.000000E+00 0.000000E+00 0.000000E+00 0.000000E+00 0.000000E+00 0.000000E+00 0.000000E+00 0.000000E+00 0.000000E+00 0.000000E+00 0.000000E+00 0.000000E+00 0.000000E+00 0.000000E+00 0.000000E+00 0.000000E+00 0.000000E+00 0.000000E+00 0.000000E+00 0.000000E+00 0.000000E+00 0.000000E+00 0.000000E+00 0.000000E+00 0.000000E+00 0.000000E+00 0.000000E+00 0.000000E+00
 0.117600E+00 0.519200E-01 0.308000E-01 0.220000E-01 0.149600E-01 0.110400E-01 0.776000E-02 0.488000E-02 0.440000E-02 0.304000E-02 0.224000E-02 0.144000E-02 0.152000E-02 0.120000E-02 0.112000E-02 0.560000E-03 0.880000E-03 0.400000E-03 0.400000E-03 0.560000E-03 0.800000E-04 0.160000E-03 0.160000E-03 0.000000E+00 0.800000E-04 0.000000E+00 0.800000E-04 0.000000E+00 0.000000E+00 0.000000E+00 0.000000E+00 0.000000E+00 0.000000E+00 0.800000E-04 0.000000E+00 0.000000E+00 0.000000E+00 0.000000E+00 0.000000E+00 0.000000E+00 0.000000E+00 0.000000E+00 0.000000E+00 0.000000E+00 0.000000E+00 0.000000E+00 0.000000E+00 0.000000E+00 0.000000E+00 0.000000E+00 0.000000E+00 0.000000E+00 0.000000E+00 0.000000E+00 0.000000E+00 0.000000E+00 0.000000E+00 0.000000E+00 0.000000E+00 0.000000E+00 0.000000E+00 0.000000E+00 0.000000E+00 0.000000E+00 0.000000E+00 0.000000E+00 0.000000E+00 0.000000E+00 0.000000E+00 0.000000E+00 0.000000E+00 0.000000E+00 0.000000E+00 0.000000E+00 0.000000E+00 0.000000E+00 0.000000E+00 0.000000E+00 0.000000E+00 0.000000E+00 0.000000E+00 0.000000E+00 0.000000E+00 0.000000E+00 0.000000E+00 0.000000E+00 0.000000E+00 0.000000E+00 0.000000E+00 0.000000E+00 0.000000E+00 0.000000E+00 0.000000E+00 0.000000E+00 0.000000E+00 0.000000E+00 0.000000E+00 0.000000E+00 0.000000E+00 0.000000E+00 0.000000E+00 0.000000E+00 0.000000E+00 0.000000E+00 0.000000E+00 0.000000E+00 0.000000E+00 0.000000E+00 0.000000E+00 0.000000E+00 0.000000E+00 0.000000E+00 0.000000E+00 0.000000E+00 0.000000E+00 0.000000E+00 0.000000E+00 0.000000E+00 0.000000E+00 0.000000E+00 0.000000E+00 0.000000E+00 0.000000E+00 0.000000E+00 0.000000E+00 0.000000E+00 0.000000E+00 0.000000E+00 0.000000E+00 0.000000E+00 0.000000E+00 0.000000E+00 0.000000E+00 0.000000E+00 0.000000E+00 0.000000E+00 0.000000E+00 0.000000E+00 0.000000E+00 0.000000E+00 0.000000E+00 0.000000E+00 0.000000E+00 0.000000E+00 0.000000E+00 0.000000E+00 0.000000E+00 0.000000E+00 0.000000E+00 0.000000E+00 0.000000E+00 0.000000E+00 0.000000E+00 0.000000E+00 0.000000E+00 0.000000E+00 0.000000E+00 0.000000E+00 0.000000E+00 0.000000E+00 0.000000E+00 0.000000E+00 0.000000E+00 0.000000E+00 0.000000E+00 0.000000E+00 0.000000E+00 0.000000E+00 0.000000E+00 0.000000E+00 0.000000E+00 0.000000E+00 0.000000E+00 0.000000E+00 0.000000E+00 0.000000E+00 0.000000E+00 0.000000E+00 0.000000E+00 0.000000E+00 0.000000E+00 0.000000E+00 0.000000E+00 0.000000E+00 0.000000E+00 0.000000E+00 0.000000E+00 0.000000E+00 0.000000E+00 0.000000E+00 0.000000E+00 0.000000E+00 0.000000E+00 0.000000E+00 0.000000E+00 0.000000E+00 0.000000E+00 0.000000E+00 0.000000E+00 0.000000E+00
 0.211760E+00 0.744800E-01 0.383200E-01 0.227200E-01 0.149600E-01 0.103200E-01 0.832000E-02 0.488000E-02 0.376000E-02 0.264000E-02 0.208000E-02 0.208000E-02 0.640000E-03 0.120000E-02 0.640000E-03 0.880000E-03 0.560000E-03 0.560000E-03 0.400000E-03 0.320000E-03 0.160000E-03 0.000000E+00 0.800000E-04 0.000000E+00 0.800000E-04 0.800000E-04 0.800000E-04 0.800000E-04 0.800000E-04 0.000000E+00 0.000000E+00 0.000000E+00 0.000000E+00 0.800000E-04 0.000000E+00 0.000000E+00 0.000000E+00 0.000000E+00 0.000000E+00 0.000000E+00 0.000000E+00 0.000000E+00 0.000000E+00 0.000000E+00 0.000000E+00 0.000000E+00 0.000000E+00 0.000000E+00 0.000000E+00 0.000000E+00 0.000000E+00 0.000000E+00 0.000000E+00 0.000000E+00 0.000000E+00 0.000000E+00 0.000000E+00 0.000000E+00 0.000000E+00 0.000000E+00 0.000000E+00 0.000000E+00 0.000000E+00 0.000000E+00 0.000000E+00 0.000000E+00 0.000000E+00 0.000000E+00 0.000000E+00 0.000000E+00 0.000000E+00 0.000000E+00 0.000000E+00 0.000000E+00 0.000000E+00 0.000000E+00 0.000000E+00 0.000000E+00 0.000000E+00 0.000000E+00 0.000000E+00 0.000000E+00 0.000000E+00 0.000000E+00 0.000000E+00 0.000000E+00 0.000000E+00 0.000000E+00 0.000000E+00 0.000000E+00 0.000000E+00 0.000000E+00 0.000000E+00 0.000000E+00 0.000000E+00 0.000000E+00 0.000000E+00 0.000000E+00 0.000000E+00 0.000000E+00 0.000000E+00 0.000000E+00 0.000000E+00 0.000000E+00 0.000000E+00 0.000000E+00 0.000000E+00 0.000000E+00 0.000000E+00 0.000000E+00 0.000000E+00 0.000000E+00 0.000000E+00 0.000000E+00 0.000000E+00 0.000000E+00 0.000000E+00 0.000000E+00 0.000000E+00 0.000000E+00 0.000000E+00 0.000000E+00 0.000000E+00 0.000000E+00 0.000000E+00 0.000000E+00 0.000000E+00 0.000000E+00 0.000000E+00 0.000000E+00 0.000000E+00 0.000000E+00 0.000000E+00 0.000000E+00 0.000000E+00 0.000000E+00 0.000000E+00 0.000000E+00 0.000000E+00 0.000000E+00 0.000000E+00 0.000000E+00 0.000000E+00 0.000000E+00 0.000000E+00 0.000000E+00 0.000000E+00 0.000000E+00 0.000000E+00 0.000000E+00 0.000000E+00 0.000000E+00 0.000000E+00 0.000000E+00 0.000000E+00 0.000000E+00 0.000000E+00 0.000000E+00 0.000000E+00 0.000000E+00 0.000000E+00 0.000000E+00 0.000000E+00 0.000000E+00 0.000000E+00 0.000000E+00 0.000000E+00 0.000000E+00 0.000000E+00 0.000000E+00 0.000000E+00 0.000000E+00 0.000000E+00 0.000000E+00 0.000000E+00 0.000000E+00 0.000000E+00 0.000000E+00 0.000000E+00 0.000000E+00 0.000000E+00 0.000000E+00 0.000000E+00 0.000000E+00 0.000000E+00 0.000000E+00 0.000000E+00 0.000000E+00 0.000000E+00 0.000000E+00 0.000000E+00 0.000000E+00 0.000000E+00 0.000000E+00 0.000000E+00 0.000000E+00 0.000000E+00 0.000000E+00 0.000000E+00 0.000000E+00
 0.115920E+00 0.528800E-01 0.292000E-01 0.208800E-01 0.120000E-01 0.984000E-02 0.592000E-02 0.576000E-02 0.376000E-02 0.376000E-02 0.256000E-02 0.232000E-02 0.152000E-02 0.640000E-03 0.960000E-03 0.720000E-03 0.720000E-03 0.400000E-03 0.640000E-03 0.800000E-04 0.240000E-03 0.160000E-03 0.800000E-04 0.800000E-04 0.320000E-03 0.800000E-04 0.000000E+00 0.000000E+00 0.800000E-04 0.000000E+00 0.800000E-04 0.000000E+00 0.000000E+00 0.000000E+00 0.000000E+00 0.000000E+00 0.000000E+00 0.000000E+00 0.000000E+00 0.000000E+00 0.000000E+00 0.000000E+00 0.000000E+00 0.000000E+00 0.000000E+00 0.000000E+00 0.000000E+00 0.000000E+00 0.000000E+00 0.000000E+00 0.000000E+00 0.000000E+00 0.000000E+00 0.000000E+00 0.000000E+00 0.000000E+00 0.000000E+00 0.000000E+00 0.000000E+00 0.000000E+00 0.000000E+00 0.000000E+00 0.000000E+00 0.000000E+00 0.000000E+00 0.000000E+00 0.000000E+00 0.000000E+00 0.000000E+00 0.000000E+00 0.000000E+00 0.000000E+00 0.000000E+00 0.000000E+00 0.000000E+00 0.000000E+00 0.000000E+00 0.000000E+00 0.000000E+00 0.000000E+00 0.000000E+00 0.000000E+00 0.000000E+00 0.000000E+00 0.000000E+00 0.000000E+00 0.000000E+00 0.000000E+00 0.000000E+00 0.000000E+00 0.000000E+00 0.000000E+00 0.000000E+00 0.000000E+00 0.000000E+00 0.000000E+00 0.000000E+00 0.000000E+00 0.000000E+00 0.000000E+00 0.000000E+00 0.000000E+00 0.000000E+00 0.000000E+00 0.000000E+00 0.000000E+00 0.000000E+00 0.000000E+00 0.000000E+00 0.000000E+00 0.000000E+00 0.000000E+00 0.000000E+00 0.000000E+00 0.000000E+00 0.000000E+00 0.000000E+00 0.000000E+00 0.000000E+00 0.000000E+00 0.000000E+00 0.000000E+00 0.000000E+00 0.000000E+00 0.000000E+00 0.000000E+00 0.000000E+00 0.000000E+00 0.000000E+00 0.000000E+00 0.000000E+00 0.000000E+00 0.000000E+00 0.000000E+00 0.000000E+00 0.000000E+00 0.000000E+00 0.000000E+00 0.000000E+00 0.000000E+00 0.000000E+00 0.000000E+00 0.000000E+00 0.000000E+00 0.000000E+00 0.000000E+00 0.000000E+00 0.000000E+00 0.000000E+00 0.000000E+00 0.000000E+00 0.000000E+00 0.000000E+00 0.000000E+00 0.000000E+00 0.000000E+00 0.000000E+00 0.000000E+00 0.000000E+00 0.000000E+00 0.000000E+00 0.000000E+00 0.000000E+00 0.000000E+00 0.000000E+00 0.000000E+00 0.000000E+00 0.000000E+00 0.000000E+00 0.000000E+00 0.000000E+00 0.000000E+00 0.000000E+00 0.000000E+00 0.000000E+00 0.000000E+00 0.000000E+00 0.000000E+00 0.000000E+00 0.000000E+00 0.000000E+00 0.000000E+00 0.000000E+00 0.000000E+00 0.000000E+00 0.000000E+00 0.000000E+00 0.000000E+00 0.000000E+00 0.000000E+00 0.000000E+00 0.000000E+00 0.000000E+00 0.000000E+00 0.000000E+00 0.000000E+00 0.000000E+00 0.000000E+00 0.000000E+00 0.000000E+00
 0.210800E+00 0.687200E-01 0.372000E-01 0.236000E-01 0.143200E-01 0.100800E-01 0.680000E-02 0.576000E-02 0.504000E-02 0.312000E-02 0.192000E-02 0.160000E-02 0.176000E-02 0.880000E-03 0.560000E-03 0.480000E-03 0.560000E-03 0.320000E-03 0.240000E-03 0.400000E-03 0.400000E-03 0.160000E-03 0.160000E-03 0.000000E+00 0.000000E+00 0.000000E+00 0.000000E+00 0.000000E+00 0.800000E-04 0.160000E-03 0.000000E+00 0.000000E+00 0.000000E+00 0.000000E+00 0.000000E+00 0.000000E+00 0.000000E+00 0.000000E+00 0.000000E+00 0.000000E+00 0.000000E+00 0.000000E+00 0.000000E+00 0.000000E+00 0.000000E+00 0.000000E+00 0.000000E+00 0.000000E+00 0.000000E+00 0.000000E+00 0.000000E+00 0.000000E+00 0.000000E+00 0.000000E+00 0.000000E+00 0.000000E+00 0.000000E+00 0.000000E+00 0.000000E+00 0.000000E+00 0.000000E+00 0.000000E+00 0.000000E+00 0.000000E+00 0.000000E+00 0.000000E+00 0.000000E+00 0.000000E+00 0.000000E+00 0.000000E+00 0.000000E+00 0.000000E+00 0.000000E+00 0.000000E+00 0.000000E+00 0.000000E+00 0.000000E+00 0.000000E+00 0.000000E+00 0.000000E+00 0.000000E+00 0.000000E+00 0.000000E+00 0.000000E+00 0.000000E+00 0.000000E+00 0.000000E+00 0.000000E+00 0.000000E+00 0.000000E+00 0.000000E+00 0.000000E+00 0.000000E+00 0.000000E+00 0.000000E+00 0.000000E+00 0.000000E+00 0.000000E+00 0.000000E+00 0.000000E+00 0.000000E+00 0.000000E+00 0.000000E+00 0.000000E+00 0.000000E+00 0.000000E+00 0.000000E+00 0.000000E+00 0.000000E+00 0.000000E+00 0.000000E+00 0.000000E+00 0.000000E+00 0.000000E+00 0.000000E+00 0.000000E+00 0.000000E+00 0.000000E+00 0.000000E+00 0.000000E+00 0.000000E+00 0.000000E+00 0.000000E+00 0.000000E+00 0.000000E+00 0.000000E+00 0.000000E+00 0.000000E+00 0.000000E+00 0.000000E+00 0.000000E+00 0.000000E+00 0.000000E+00 0.000000E+00 0.000000E+00 0.000000E+00 0.000000E+00 0.000000E+00 0.000000E+00 0.000000E+00 0.000000E+00 0.000000E+00 0.000000E+00 0.000000E+00 0.000000E+00 0.000000E+00 0.000000E+00 0.000000E+00 0.000000E+00 0.000000E+00 0.000000E+00 0.000000E+00 0.000000E+00 0.000000E+00 0.000000E+00 0.000000E+00 0.000000E+00 0.000000E+00 0.000000E+00 0.000000E+00 0.000000E+00 0.000000E+00 0.000000E+00 0.000000E+00 0.000000E+00 0.000000E+00 0.000000E+00 0.000000E+00 0.000000E+00 0.000000E+00 0.000000E+00 0.000000E+00 0.000000E+00 0.000000E+00 0.000000E+00 0.000000E+00 0.000000E+00 0.000000E+00 0.000000E+00 0.000000E+00 0.000000E+00 0.000000E+00 0.000000E+00 0.000000E+00 0.000000E+00 0.000000E+00 0.000000E+00 0.000000E+00 0.000000E+00 0.000000E+00 0.000000E+00 0.000000E+00 0.000000E+00 0.000000E+00 0.000000E+00 0.000000E+00 0.000000E+00 0.000000E+00 0.000000E+00 0.000000E+00
 0.117688E+01 0.316960E+00 0.179120E+00 0.106240E+00 0.739200E-01 0.467200E-01 0.318400E-01 0.255200E-01 0.200800E-01 0.127200E-01 0.106400E-01 0.872000E-02 0.552000E-02 0.432000E-02 0.360000E-02 0.264000E-02 0.352000E-02 0.208000E-02 0.168000E-02 0.104000E-02 0.800000E-03 0.640000E-03 0.104000E-02 0.640000E-03 0.240000E-03 0.480000E-03 0.160000E-03 0.800000E-04 0.160000E-03 0.400000E-03 0.160000E-03 0.160000E-03 0.000000E+00 0.160000E-03 0.800000E-04 0.000000E+00 0.000000E+00 0.000000E+00 0.000000E+00 0.000000E+00 0.000000E+00 0.000000E+00 0.000000E+00 0.000000E+00 0.000000E+00 0.000000E+00 0.000000E+00 0.000000E+00 0.000000E+00 0.000000E+00 0.000000E+00 0.000000E+00 0.000000E+00 0.000000E+00 0.000000E+00 0.000000E+00 0.000000E+00 0.000000E+00 0.000000E+00 0.000000E+00 0.000000E+00 0.000000E+00 0.000000E+00 0.000000E+00 0.000000E+00 0.000000E+00 0.000000E+00 0.000000E+00 0.000000E+00 0.000000E+00 0.000000E+00 0.000000E+00 0.000000E+00 0.000000E+00 0.000000E+00 0.000000E+00 0.000000E+00 0.000000E+00 0.000000E+00 0.000000E+00 0.000000E+00 0.000000E+00 0.000000E+00 0.000000E+00 0.000000E+00 0.000000E+00 0.000000E+00 0.000000E+00 0.000000E+00 0.000000E+00 0.000000E+00 0.000000E+00 0.000000E+00 0.000000E+00 0.000000E+00 0.000000E+00 0.000000E+00 0.000000E+00 0.000000E+00 0.000000E+00 0.000000E+00 0.000000E+00 0.000000E+00 0.000000E+00 0.000000E+00 0.000000E+00 0.000000E+00 0.000000E+00 0.000000E+00 0.000000E+00 0.000000E+00 0.000000E+00 0.000000E+00 0.000000E+00 0.000000E+00 0.000000E+00 0.000000E+00 0.000000E+00 0.000000E+00 0.000000E+00 0.000000E+00 0.000000E+00 0.000000E+00 0.000000E+00 0.000000E+00 0.000000E+00 0.000000E+00 0.000000E+00 0.000000E+00 0.000000E+00 0.000000E+00 0.000000E+00 0.000000E+00 0.000000E+00 0.000000E+00 0.000000E+00 0.000000E+00 0.000000E+00 0.000000E+00 0.000000E+00 0.000000E+00 0.000000E+00 0.000000E+00 0.000000E+00 0.000000E+00 0.000000E+00 0.000000E+00 0.000000E+00 0.000000E+00 0.000000E+00 0.000000E+00 0.000000E+00 0.000000E+00 0.000000E+00 0.000000E+00 0.000000E+00 0.000000E+00 0.000000E+00 0.000000E+00 0.000000E+00 0.000000E+00 0.000000E+00 0.000000E+00 0.000000E+00 0.000000E+00 0.000000E+00 0.000000E+00 0.000000E+00 0.000000E+00 0.000000E+00 0.000000E+00 0.000000E+00 0.000000E+00 0.000000E+00 0.000000E+00 0.000000E+00 0.000000E+00 0.000000E+00 0.000000E+00 0.000000E+00 0.000000E+00 0.000000E+00 0.000000E+00 0.000000E+00 0.000000E+00 0.000000E+00 0.000000E+00 0.000000E+00 0.000000E+00 0.000000E+00 0.000000E+00 0.000000E+00 0.000000E+00 0.000000E+00 0.000000E+00 0.000000E+00 0.000000E+00 0.000000E+00 0.000000E+00 0.000000E+00
 0.604240E+00 0.254400E+00 0.158720E+00 0.104080E+00 0.704800E-01 0.536000E-01 0.449600E-01 0.317600E-01 0.231200E-01 0.166400E-01 0.132800E-01 0.126400E-01 0.952000E-02 0.560000E-02 0.560000E-02 0.552000E-02 0.312000E-02 0.320000E-02 0.296000E-02 0.232000E-02 0.152000E-02 0.160000E-02 0.136000E-02 0.960000E-03 0.136000E-02 0.480000E-03 0.720000E-03 0.800000E-03 0.240000E-03 0.240000E-03 0.480000E-03 0.400000E-03 0.320000E-03 0.480000E-03 0.160000E-03 0.800000E-04 0.240000E-03 0.240000E-03 0.000000E+00 0.000000E+00 0.000000E+00 0.160000E-03 0.800000E-04 0.800000E-04 0.800000E-04 0.000000E+00 0.000000E+00 0.800000E-04 0.000000E+00 0.000000E+00 0.000000E+00 0.000000E+00 0.000000E+00 0.000000E+00 0.000000E+00 0.000000E+00 0.000000E+00 0.000000E+00 0.000000E+00 0.000000E+00 0.000000E+00 0.000000E+00 0.000000E+00 0.000000E+00 0.000000E+00 0.000000E+00 0.000000E+00 0.000000E+00 0.000000E+00 0.000000E+00 0.000000E+00 0.000000E+00 0.000000E+00 0.000000E+00 0.000000E+00 0.000000E+00 0.000000E+00 0.000000E+00 0.000000E+00 0.000000E+00 0.000000E+00 0.000000E+00 0.000000E+00 0.000000E+00 0.000000E+00 0.000000E+00 0.000000E+00 0.000000E+00 0.000000E+00 0.000000E+00 0.000000E+00 0.000000E+00 0.000000E+00 0.000000E+00 0.000000E+00 0.000000E+00 0.000000E+00 0.000000E+00 0.000000E+00 0.000000E+00 0.000000E+00 0.000000E+00 0.000000E+00 0.000000E+00 0.000000E+00 0.000000E+00 0.000000E+00 0.000000E+00 0.000000E+00 0.000000E+00 0.000000E+00 0.000000E+00 0.000000E+00 0.000000E+00 0.000000E+00 0.000000E+00 0.000000E+00 0.000000E+00 0.000000E+00 0.000000E+00 0.000000E+00 0.000000E+00 0.000000E+00 0.000000E+00 0.000000E+00 0.000000E+00 0.000000E+00 0.000000E+00 0.000000E+00 0.000000E+00 0.000000E+00 0.000000E+00 0.000000E+00 0.000000E+00 0.000000E+00 0.000000E+00 0.000000E+00 0.000000E+00 0.000000E+00 0.000000E+00 0.000000E+00 0.000000E+00 0.000000E+00 0.000000E+00 0.000000E+00 0.000000E+00 0.000000E+00 0.000000E+00 0.000000E+00 0.000000E+00 0.000000E+00 0.000000E+00 0.000000E+00 0.000000E+00 0.000000E+00 0.000000E+00 0.000000E+00 0.000000E+00 0.000000E+00 0.000000E+00 0.000000E+00 0.000000E+00 0.000000E+00 0.000000E+00 0.000000E+00 0.000000E+00 0.000000E+00 0.000000E+00 0.000000E+00 0.000000E+00 0.000000E+00 0.000000E+00 0.000000E+00 0.000000E+00 0.000000E+00 0.000000E+00 0.000000E+00 0.000000E+00 0.000000E+00 0.000000E+00 0.000000E+00 0.000000E+00 0.000000E+00 0.000000E+00 0.000000E+00 0.000000E+00 0.000000E+00 0.000000E+00 0.000000E+00 0.000000E+00 0.000000E+00 0.000000E+00 0.000000E+00 0.000000E+00 0.000000E+00 0.000000E+00 0.000000E+00 0.000000E+00 0.000000E+00 0.000000E+00
