### Run with WimpAnn version = wimpann-2.08                            
###   Using Pythia version   = Pythia 6.400    
###   Using nusigma version  = nusigma-1.15-pyr                        
###   Using DarkSUSY version = ds-4.1.6                                
###   WimpAnn run started at date 2007-09-09; time 00:58:52
### Neutrino oscillation parameters
#      theta_12 =  0.00000000E+00
#      theta_13 =  0.00000000E+00
#      theta_23 =  0.00000000E+00
#         delta =  0.00000000E+00
#  delta_m^2_21 =  0.81000000E-04
#  delta_m^2_31 =  0.22000000E-02
### WimpAnn run parameters
#  Annihilation channel =         3
#  Generated particles =  t                tbar            
#  WIMP mass =  0.20000000E+04
#  Number of annihilations =   2500000
#  Source = Earth
#...dPhi/dz in  200 bins from 0 to 1
#...Line  1- 6: flux at centre of Earth for neutrino 1-6
 0.145496E+02 0.808864E+01 0.583392E+01 0.452488E+01 0.365960E+01 0.302312E+01 0.254736E+01 0.219640E+01 0.188640E+01 0.167240E+01 0.148856E+01 0.131000E+01 0.118088E+01 0.109128E+01 0.978000E+00 0.904400E+00 0.829920E+00 0.759920E+00 0.707600E+00 0.670160E+00 0.625360E+00 0.581600E+00 0.548880E+00 0.526480E+00 0.495360E+00 0.471360E+00 0.440800E+00 0.421840E+00 0.406960E+00 0.382960E+00 0.365680E+00 0.354480E+00 0.352160E+00 0.325520E+00 0.320240E+00 0.311840E+00 0.293280E+00 0.292720E+00 0.288000E+00 0.282320E+00 0.263280E+00 0.271680E+00 0.262480E+00 0.256240E+00 0.248800E+00 0.242000E+00 0.240560E+00 0.229760E+00 0.223520E+00 0.233760E+00 0.225680E+00 0.215600E+00 0.215920E+00 0.205280E+00 0.204800E+00 0.201920E+00 0.201840E+00 0.193040E+00 0.184160E+00 0.187600E+00 0.183040E+00 0.186320E+00 0.187360E+00 0.175920E+00 0.177920E+00 0.167440E+00 0.169760E+00 0.166560E+00 0.168720E+00 0.164240E+00 0.167680E+00 0.151120E+00 0.148560E+00 0.151840E+00 0.146160E+00 0.145040E+00 0.151840E+00 0.146320E+00 0.142320E+00 0.141200E+00 0.136800E+00 0.138320E+00 0.136640E+00 0.130320E+00 0.124320E+00 0.124240E+00 0.124240E+00 0.122640E+00 0.122160E+00 0.121440E+00 0.113200E+00 0.115360E+00 0.117120E+00 0.115120E+00 0.109280E+00 0.104160E+00 0.106720E+00 0.104240E+00 0.105120E+00 0.968800E-01 0.963200E-01 0.971200E-01 0.893600E-01 0.872800E-01 0.927200E-01 0.872000E-01 0.844000E-01 0.856000E-01 0.795200E-01 0.779200E-01 0.811200E-01 0.847200E-01 0.752800E-01 0.724000E-01 0.712800E-01 0.750400E-01 0.716800E-01 0.679200E-01 0.649600E-01 0.608800E-01 0.612800E-01 0.605600E-01 0.606400E-01 0.575200E-01 0.544000E-01 0.569600E-01 0.532800E-01 0.523200E-01 0.517600E-01 0.500000E-01 0.557600E-01 0.494400E-01 0.449600E-01 0.435200E-01 0.428800E-01 0.386400E-01 0.450400E-01 0.350400E-01 0.383200E-01 0.342400E-01 0.364800E-01 0.345600E-01 0.349600E-01 0.322400E-01 0.305600E-01 0.309600E-01 0.273600E-01 0.291200E-01 0.269600E-01 0.282400E-01 0.255200E-01 0.232800E-01 0.238400E-01 0.228800E-01 0.228000E-01 0.212800E-01 0.228000E-01 0.188800E-01 0.176800E-01 0.163200E-01 0.155200E-01 0.175200E-01 0.148800E-01 0.148800E-01 0.121600E-01 0.123200E-01 0.132000E-01 0.122400E-01 0.112000E-01 0.108000E-01 0.100800E-01 0.904000E-02 0.760000E-02 0.776000E-02 0.608000E-02 0.608000E-02 0.600000E-02 0.576000E-02 0.424000E-02 0.416000E-02 0.576000E-02 0.336000E-02 0.328000E-02 0.304000E-02 0.240000E-02 0.192000E-02 0.184000E-02 0.184000E-02 0.136000E-02 0.112000E-02 0.560000E-03 0.560000E-03 0.800000E-03 0.400000E-03 0.160000E-03 0.480000E-03 0.800000E-04 0.800000E-04 0.000000E+00 0.000000E+00
 0.145508E+02 0.809296E+01 0.586280E+01 0.449416E+01 0.363464E+01 0.300688E+01 0.255280E+01 0.217648E+01 0.190808E+01 0.166968E+01 0.147104E+01 0.132888E+01 0.117576E+01 0.108136E+01 0.985760E+00 0.904720E+00 0.824560E+00 0.752880E+00 0.712720E+00 0.653920E+00 0.612160E+00 0.589600E+00 0.532320E+00 0.517200E+00 0.479840E+00 0.463120E+00 0.445440E+00 0.426000E+00 0.404800E+00 0.392960E+00 0.375840E+00 0.355920E+00 0.340320E+00 0.326160E+00 0.316000E+00 0.306240E+00 0.308720E+00 0.295520E+00 0.289840E+00 0.274240E+00 0.277920E+00 0.259520E+00 0.254240E+00 0.255120E+00 0.256560E+00 0.245040E+00 0.247360E+00 0.237040E+00 0.230640E+00 0.229600E+00 0.216720E+00 0.216080E+00 0.215280E+00 0.210480E+00 0.206160E+00 0.202240E+00 0.201840E+00 0.200560E+00 0.189840E+00 0.194320E+00 0.188480E+00 0.181200E+00 0.187440E+00 0.175600E+00 0.175280E+00 0.172000E+00 0.167600E+00 0.173760E+00 0.164720E+00 0.164080E+00 0.160160E+00 0.162480E+00 0.154560E+00 0.150720E+00 0.146320E+00 0.147200E+00 0.142960E+00 0.141920E+00 0.140160E+00 0.139840E+00 0.135600E+00 0.128080E+00 0.133280E+00 0.132960E+00 0.130480E+00 0.124560E+00 0.130080E+00 0.127600E+00 0.115520E+00 0.117520E+00 0.113680E+00 0.116000E+00 0.116400E+00 0.112080E+00 0.104480E+00 0.105200E+00 0.110400E+00 0.103840E+00 0.984800E-01 0.993600E-01 0.951200E-01 0.967200E-01 0.948000E-01 0.924000E-01 0.870400E-01 0.909600E-01 0.845600E-01 0.851200E-01 0.804000E-01 0.784000E-01 0.784000E-01 0.783200E-01 0.816000E-01 0.730400E-01 0.692800E-01 0.702400E-01 0.709600E-01 0.658400E-01 0.660800E-01 0.603200E-01 0.655200E-01 0.620800E-01 0.614400E-01 0.579200E-01 0.556800E-01 0.559200E-01 0.542400E-01 0.501600E-01 0.553600E-01 0.540800E-01 0.484000E-01 0.470400E-01 0.481600E-01 0.449600E-01 0.430400E-01 0.438400E-01 0.430400E-01 0.415200E-01 0.404000E-01 0.367200E-01 0.352800E-01 0.376800E-01 0.352000E-01 0.371200E-01 0.328800E-01 0.321600E-01 0.291200E-01 0.304000E-01 0.292800E-01 0.258400E-01 0.276000E-01 0.268000E-01 0.243200E-01 0.224000E-01 0.218400E-01 0.193600E-01 0.192800E-01 0.188800E-01 0.186400E-01 0.191200E-01 0.168800E-01 0.180000E-01 0.140800E-01 0.150400E-01 0.146400E-01 0.127200E-01 0.118400E-01 0.116800E-01 0.109600E-01 0.840000E-02 0.968000E-02 0.864000E-02 0.784000E-02 0.744000E-02 0.768000E-02 0.696000E-02 0.632000E-02 0.664000E-02 0.544000E-02 0.488000E-02 0.352000E-02 0.344000E-02 0.320000E-02 0.256000E-02 0.288000E-02 0.304000E-02 0.248000E-02 0.168000E-02 0.216000E-02 0.152000E-02 0.800000E-03 0.560000E-03 0.400000E-03 0.800000E-03 0.000000E+00 0.160000E-03 0.000000E+00 0.000000E+00 0.000000E+00 0.000000E+00
 0.146762E+02 0.814176E+01 0.580160E+01 0.449384E+01 0.364632E+01 0.298384E+01 0.254864E+01 0.215232E+01 0.188600E+01 0.163728E+01 0.144824E+01 0.130392E+01 0.118552E+01 0.107832E+01 0.971600E+00 0.881840E+00 0.826880E+00 0.738480E+00 0.700720E+00 0.652000E+00 0.612320E+00 0.567040E+00 0.544080E+00 0.515120E+00 0.484640E+00 0.453440E+00 0.438160E+00 0.427680E+00 0.399840E+00 0.385280E+00 0.371600E+00 0.353280E+00 0.339040E+00 0.331680E+00 0.317280E+00 0.309120E+00 0.303120E+00 0.289920E+00 0.287840E+00 0.278640E+00 0.271280E+00 0.260160E+00 0.257840E+00 0.254880E+00 0.244560E+00 0.246720E+00 0.240480E+00 0.234400E+00 0.228640E+00 0.220560E+00 0.223760E+00 0.219680E+00 0.213200E+00 0.211520E+00 0.202080E+00 0.201680E+00 0.197200E+00 0.200240E+00 0.192080E+00 0.192080E+00 0.186960E+00 0.179280E+00 0.179600E+00 0.181120E+00 0.176400E+00 0.178320E+00 0.170640E+00 0.168400E+00 0.162640E+00 0.166800E+00 0.159680E+00 0.159520E+00 0.158480E+00 0.154320E+00 0.157040E+00 0.146400E+00 0.148240E+00 0.145920E+00 0.140800E+00 0.139840E+00 0.137920E+00 0.136000E+00 0.133040E+00 0.128960E+00 0.129440E+00 0.121920E+00 0.119040E+00 0.126000E+00 0.122480E+00 0.119360E+00 0.109440E+00 0.112320E+00 0.114320E+00 0.107760E+00 0.105280E+00 0.106320E+00 0.103360E+00 0.100480E+00 0.978400E-01 0.984000E-01 0.944800E-01 0.938400E-01 0.962400E-01 0.948000E-01 0.896800E-01 0.912000E-01 0.902400E-01 0.840000E-01 0.812800E-01 0.838400E-01 0.785600E-01 0.776000E-01 0.788000E-01 0.783200E-01 0.688000E-01 0.712000E-01 0.684000E-01 0.651200E-01 0.667200E-01 0.675200E-01 0.641600E-01 0.633600E-01 0.537600E-01 0.594400E-01 0.580800E-01 0.513600E-01 0.554400E-01 0.527200E-01 0.508800E-01 0.526400E-01 0.487200E-01 0.481600E-01 0.465600E-01 0.445600E-01 0.464000E-01 0.435200E-01 0.424800E-01 0.428800E-01 0.396800E-01 0.365600E-01 0.379200E-01 0.372800E-01 0.342400E-01 0.333600E-01 0.316000E-01 0.325600E-01 0.287200E-01 0.268800E-01 0.269600E-01 0.263200E-01 0.260000E-01 0.238400E-01 0.245600E-01 0.239200E-01 0.216800E-01 0.192800E-01 0.181600E-01 0.180800E-01 0.177600E-01 0.176800E-01 0.178400E-01 0.160800E-01 0.143200E-01 0.123200E-01 0.150400E-01 0.124800E-01 0.133600E-01 0.115200E-01 0.104000E-01 0.968000E-02 0.102400E-01 0.101600E-01 0.728000E-02 0.680000E-02 0.856000E-02 0.712000E-02 0.600000E-02 0.584000E-02 0.512000E-02 0.472000E-02 0.496000E-02 0.448000E-02 0.432000E-02 0.240000E-02 0.240000E-02 0.184000E-02 0.248000E-02 0.136000E-02 0.160000E-02 0.880000E-03 0.720000E-03 0.720000E-03 0.400000E-03 0.560000E-03 0.800000E-04 0.800000E-04 0.000000E+00 0.000000E+00 0.000000E+00 0.000000E+00
 0.146778E+02 0.814048E+01 0.579560E+01 0.448752E+01 0.365160E+01 0.302680E+01 0.252016E+01 0.217376E+01 0.186152E+01 0.167208E+01 0.146104E+01 0.131312E+01 0.117424E+01 0.105872E+01 0.961280E+00 0.886240E+00 0.819440E+00 0.748800E+00 0.704720E+00 0.656960E+00 0.609760E+00 0.583360E+00 0.526960E+00 0.515840E+00 0.482960E+00 0.464640E+00 0.433200E+00 0.417280E+00 0.402560E+00 0.389280E+00 0.370480E+00 0.354720E+00 0.337520E+00 0.334400E+00 0.323760E+00 0.316000E+00 0.306800E+00 0.289520E+00 0.278640E+00 0.274320E+00 0.272480E+00 0.268240E+00 0.249680E+00 0.250160E+00 0.245280E+00 0.241520E+00 0.240320E+00 0.234160E+00 0.225040E+00 0.218000E+00 0.221120E+00 0.219280E+00 0.215200E+00 0.211280E+00 0.209200E+00 0.201520E+00 0.201520E+00 0.201440E+00 0.186160E+00 0.189440E+00 0.182000E+00 0.187200E+00 0.176080E+00 0.176720E+00 0.179600E+00 0.180400E+00 0.173440E+00 0.165440E+00 0.157840E+00 0.162080E+00 0.154960E+00 0.149920E+00 0.154720E+00 0.149280E+00 0.150160E+00 0.150640E+00 0.145600E+00 0.146240E+00 0.138480E+00 0.139600E+00 0.138720E+00 0.140000E+00 0.138960E+00 0.124320E+00 0.124880E+00 0.124480E+00 0.123520E+00 0.128640E+00 0.120800E+00 0.118640E+00 0.106880E+00 0.114400E+00 0.115520E+00 0.109840E+00 0.101040E+00 0.104400E+00 0.105360E+00 0.104160E+00 0.100320E+00 0.100720E+00 0.957600E-01 0.938400E-01 0.946400E-01 0.897600E-01 0.916000E-01 0.890400E-01 0.860800E-01 0.792800E-01 0.845600E-01 0.799200E-01 0.789600E-01 0.808000E-01 0.784000E-01 0.745600E-01 0.728800E-01 0.720800E-01 0.673600E-01 0.673600E-01 0.690400E-01 0.645600E-01 0.639200E-01 0.620800E-01 0.602400E-01 0.590400E-01 0.595200E-01 0.531200E-01 0.528800E-01 0.525600E-01 0.530400E-01 0.533600E-01 0.492800E-01 0.447200E-01 0.470400E-01 0.445600E-01 0.472000E-01 0.417600E-01 0.396800E-01 0.407200E-01 0.373600E-01 0.400000E-01 0.374400E-01 0.359200E-01 0.341600E-01 0.337600E-01 0.335200E-01 0.299200E-01 0.308800E-01 0.283200E-01 0.272000E-01 0.223200E-01 0.273600E-01 0.229600E-01 0.225600E-01 0.224800E-01 0.224800E-01 0.187200E-01 0.212800E-01 0.194400E-01 0.170400E-01 0.180800E-01 0.160000E-01 0.152800E-01 0.148000E-01 0.148000E-01 0.156000E-01 0.131200E-01 0.134400E-01 0.108800E-01 0.116800E-01 0.102400E-01 0.960000E-02 0.912000E-02 0.936000E-02 0.736000E-02 0.768000E-02 0.848000E-02 0.512000E-02 0.368000E-02 0.528000E-02 0.496000E-02 0.456000E-02 0.392000E-02 0.288000E-02 0.288000E-02 0.216000E-02 0.224000E-02 0.192000E-02 0.184000E-02 0.176000E-02 0.880000E-03 0.640000E-03 0.128000E-02 0.720000E-03 0.320000E-03 0.400000E-03 0.160000E-03 0.160000E-03 0.000000E+00 0.000000E+00 0.000000E+00
 0.675056E+01 0.432624E+01 0.341632E+01 0.281848E+01 0.237992E+01 0.209720E+01 0.185080E+01 0.165736E+01 0.150224E+01 0.135536E+01 0.122944E+01 0.112512E+01 0.105272E+01 0.976880E+00 0.909920E+00 0.854640E+00 0.784560E+00 0.769920E+00 0.721120E+00 0.678560E+00 0.652560E+00 0.605760E+00 0.569280E+00 0.562400E+00 0.524640E+00 0.517040E+00 0.492000E+00 0.471840E+00 0.455440E+00 0.450720E+00 0.426640E+00 0.409920E+00 0.402960E+00 0.382720E+00 0.382720E+00 0.363680E+00 0.356240E+00 0.343120E+00 0.337760E+00 0.335920E+00 0.321920E+00 0.317040E+00 0.302080E+00 0.301360E+00 0.285600E+00 0.291760E+00 0.279120E+00 0.282240E+00 0.269680E+00 0.273520E+00 0.259520E+00 0.251600E+00 0.257680E+00 0.242800E+00 0.241120E+00 0.243760E+00 0.224560E+00 0.230320E+00 0.218000E+00 0.220320E+00 0.220320E+00 0.204720E+00 0.205600E+00 0.210160E+00 0.200960E+00 0.205280E+00 0.193600E+00 0.192960E+00 0.188320E+00 0.179120E+00 0.179840E+00 0.167520E+00 0.176000E+00 0.171600E+00 0.171760E+00 0.168480E+00 0.168160E+00 0.150720E+00 0.152720E+00 0.146240E+00 0.144400E+00 0.148560E+00 0.148880E+00 0.142160E+00 0.133200E+00 0.130080E+00 0.132880E+00 0.131840E+00 0.124400E+00 0.125760E+00 0.124800E+00 0.124960E+00 0.122080E+00 0.113840E+00 0.112960E+00 0.114080E+00 0.110320E+00 0.110560E+00 0.106640E+00 0.103840E+00 0.104160E+00 0.103520E+00 0.986400E-01 0.949600E-01 0.953600E-01 0.925600E-01 0.860000E-01 0.850400E-01 0.858400E-01 0.803200E-01 0.800800E-01 0.802400E-01 0.788000E-01 0.804000E-01 0.776800E-01 0.703200E-01 0.696000E-01 0.678400E-01 0.657600E-01 0.672800E-01 0.640000E-01 0.603200E-01 0.629600E-01 0.597600E-01 0.581600E-01 0.573600E-01 0.548000E-01 0.534400E-01 0.558400E-01 0.498400E-01 0.486400E-01 0.524000E-01 0.457600E-01 0.448800E-01 0.431200E-01 0.467200E-01 0.393600E-01 0.410400E-01 0.428000E-01 0.387200E-01 0.352800E-01 0.333600E-01 0.353600E-01 0.340000E-01 0.317600E-01 0.312800E-01 0.326400E-01 0.279200E-01 0.260000E-01 0.255200E-01 0.248000E-01 0.256800E-01 0.227200E-01 0.246400E-01 0.208000E-01 0.232800E-01 0.172000E-01 0.210400E-01 0.180000E-01 0.179200E-01 0.152000E-01 0.163200E-01 0.161600E-01 0.145600E-01 0.147200E-01 0.128800E-01 0.127200E-01 0.116800E-01 0.107200E-01 0.920000E-02 0.103200E-01 0.760000E-02 0.880000E-02 0.816000E-02 0.752000E-02 0.696000E-02 0.592000E-02 0.568000E-02 0.488000E-02 0.464000E-02 0.456000E-02 0.392000E-02 0.296000E-02 0.296000E-02 0.208000E-02 0.224000E-02 0.168000E-02 0.120000E-02 0.128000E-02 0.104000E-02 0.640000E-03 0.800000E-03 0.112000E-02 0.160000E-03 0.400000E-03 0.160000E-03 0.800000E-04 0.000000E+00 0.000000E+00 0.000000E+00
 0.675584E+01 0.436424E+01 0.339576E+01 0.279872E+01 0.238656E+01 0.208936E+01 0.184680E+01 0.165112E+01 0.151856E+01 0.135032E+01 0.123544E+01 0.115728E+01 0.104752E+01 0.994720E+00 0.908320E+00 0.839920E+00 0.796000E+00 0.743120E+00 0.716800E+00 0.679200E+00 0.645760E+00 0.613760E+00 0.571120E+00 0.550080E+00 0.530000E+00 0.518640E+00 0.481680E+00 0.464240E+00 0.469440E+00 0.430080E+00 0.428640E+00 0.415520E+00 0.405040E+00 0.374880E+00 0.382160E+00 0.372720E+00 0.348960E+00 0.352160E+00 0.348480E+00 0.334560E+00 0.318080E+00 0.322960E+00 0.307840E+00 0.294640E+00 0.299200E+00 0.286960E+00 0.283600E+00 0.267440E+00 0.266800E+00 0.265360E+00 0.253040E+00 0.254640E+00 0.257040E+00 0.249040E+00 0.243440E+00 0.241600E+00 0.233520E+00 0.224880E+00 0.226400E+00 0.220320E+00 0.215440E+00 0.209040E+00 0.210480E+00 0.200240E+00 0.201680E+00 0.192800E+00 0.194720E+00 0.186800E+00 0.181920E+00 0.186720E+00 0.179200E+00 0.172080E+00 0.178720E+00 0.170240E+00 0.156400E+00 0.168720E+00 0.158320E+00 0.156000E+00 0.150720E+00 0.154000E+00 0.152720E+00 0.146640E+00 0.149040E+00 0.140560E+00 0.136000E+00 0.135440E+00 0.135600E+00 0.134240E+00 0.133920E+00 0.122240E+00 0.124080E+00 0.118240E+00 0.112320E+00 0.113840E+00 0.117920E+00 0.111200E+00 0.111760E+00 0.108560E+00 0.108240E+00 0.105840E+00 0.991200E-01 0.980000E-01 0.959200E-01 0.916000E-01 0.935200E-01 0.947200E-01 0.867200E-01 0.886400E-01 0.853600E-01 0.861600E-01 0.842400E-01 0.776000E-01 0.734400E-01 0.720800E-01 0.758400E-01 0.731200E-01 0.750400E-01 0.678400E-01 0.683200E-01 0.663200E-01 0.695200E-01 0.619200E-01 0.616800E-01 0.576000E-01 0.602400E-01 0.605600E-01 0.536800E-01 0.539200E-01 0.497600E-01 0.550400E-01 0.481600E-01 0.473600E-01 0.466400E-01 0.442400E-01 0.424000E-01 0.416000E-01 0.408000E-01 0.405600E-01 0.382400E-01 0.399200E-01 0.352800E-01 0.356800E-01 0.348800E-01 0.336000E-01 0.326400E-01 0.320000E-01 0.288000E-01 0.305600E-01 0.287200E-01 0.272000E-01 0.250400E-01 0.243200E-01 0.260000E-01 0.264800E-01 0.223200E-01 0.216000E-01 0.200000E-01 0.213600E-01 0.188000E-01 0.180800E-01 0.166400E-01 0.193600E-01 0.156800E-01 0.139200E-01 0.148800E-01 0.119200E-01 0.116800E-01 0.125600E-01 0.992000E-02 0.976000E-02 0.100000E-01 0.105600E-01 0.816000E-02 0.800000E-02 0.704000E-02 0.712000E-02 0.592000E-02 0.560000E-02 0.488000E-02 0.416000E-02 0.440000E-02 0.360000E-02 0.264000E-02 0.312000E-02 0.280000E-02 0.304000E-02 0.240000E-02 0.112000E-02 0.168000E-02 0.152000E-02 0.960000E-03 0.480000E-03 0.320000E-03 0.160000E-03 0.320000E-03 0.240000E-03 0.160000E-03 0.000000E+00 0.000000E+00 0.000000E+00
