### Run with WimpAnn version = wimpann-2.08                            
###   Using Pythia version   = Pythia 6.400    
###   Using nusigma version  = nusigma-1.15-pyr                        
###   Using DarkSUSY version = ds-4.1.6                                
###   WimpAnn run started at date 2007-09-09; time 02:28:58
### Neutrino oscillation parameters
#      theta_12 =  0.00000000E+00
#      theta_13 =  0.00000000E+00
#      theta_23 =  0.00000000E+00
#         delta =  0.00000000E+00
#  delta_m^2_21 =  0.81000000E-04
#  delta_m^2_31 =  0.22000000E-02
### WimpAnn run parameters
#  Annihilation channel =         5
#  Generated particles =  W+               W-              
#  WIMP mass =  0.20000000E+04
#  Number of annihilations =   2500000
#  Source = Earth
#...dPhi/dz in  200 bins from 0 to 1
#...Line  1- 6: flux at centre of Earth for neutrino 1-6
 0.138112E+01 0.102608E+01 0.837280E+00 0.722000E+00 0.637360E+00 0.571440E+00 0.523120E+00 0.463920E+00 0.428480E+00 0.396800E+00 0.375040E+00 0.341200E+00 0.331440E+00 0.313360E+00 0.291520E+00 0.286000E+00 0.265520E+00 0.251680E+00 0.238800E+00 0.239360E+00 0.234400E+00 0.220480E+00 0.210240E+00 0.212320E+00 0.201920E+00 0.202560E+00 0.188560E+00 0.191280E+00 0.184800E+00 0.184480E+00 0.181120E+00 0.170640E+00 0.173120E+00 0.170000E+00 0.163760E+00 0.160480E+00 0.163040E+00 0.156000E+00 0.156080E+00 0.148320E+00 0.151360E+00 0.144080E+00 0.150880E+00 0.153200E+00 0.142240E+00 0.148960E+00 0.146400E+00 0.144240E+00 0.138320E+00 0.145920E+00 0.135440E+00 0.136000E+00 0.131280E+00 0.131520E+00 0.135040E+00 0.132240E+00 0.136160E+00 0.129680E+00 0.126400E+00 0.127040E+00 0.124160E+00 0.128000E+00 0.131520E+00 0.129840E+00 0.127680E+00 0.130320E+00 0.125120E+00 0.121600E+00 0.125520E+00 0.123920E+00 0.123120E+00 0.123520E+00 0.115280E+00 0.121280E+00 0.127760E+00 0.125920E+00 0.121440E+00 0.121440E+00 0.120400E+00 0.120240E+00 0.118640E+00 0.118800E+00 0.115920E+00 0.114160E+00 0.116480E+00 0.120800E+00 0.122160E+00 0.117040E+00 0.116000E+00 0.119360E+00 0.116880E+00 0.113040E+00 0.118080E+00 0.117920E+00 0.118960E+00 0.114240E+00 0.115600E+00 0.117200E+00 0.113680E+00 0.112320E+00 0.114960E+00 0.113040E+00 0.116320E+00 0.114560E+00 0.116160E+00 0.114880E+00 0.113360E+00 0.109120E+00 0.113840E+00 0.110000E+00 0.111600E+00 0.116240E+00 0.110560E+00 0.111920E+00 0.108960E+00 0.111120E+00 0.113360E+00 0.114800E+00 0.110960E+00 0.111680E+00 0.104000E+00 0.114320E+00 0.111840E+00 0.107200E+00 0.106960E+00 0.105200E+00 0.109920E+00 0.111120E+00 0.112000E+00 0.109440E+00 0.106400E+00 0.107440E+00 0.110560E+00 0.108880E+00 0.107360E+00 0.110800E+00 0.106080E+00 0.112160E+00 0.108640E+00 0.109360E+00 0.106240E+00 0.108880E+00 0.105840E+00 0.108640E+00 0.108960E+00 0.108800E+00 0.108880E+00 0.105120E+00 0.110720E+00 0.105040E+00 0.112320E+00 0.109200E+00 0.106320E+00 0.107040E+00 0.103440E+00 0.999200E-01 0.104560E+00 0.110320E+00 0.108640E+00 0.106560E+00 0.101200E+00 0.110160E+00 0.109360E+00 0.109520E+00 0.104400E+00 0.110000E+00 0.109200E+00 0.110800E+00 0.109200E+00 0.106480E+00 0.106160E+00 0.110880E+00 0.107600E+00 0.110240E+00 0.114080E+00 0.107520E+00 0.115520E+00 0.111840E+00 0.104720E+00 0.104880E+00 0.110880E+00 0.111600E+00 0.106800E+00 0.104480E+00 0.103840E+00 0.115040E+00 0.106640E+00 0.107760E+00 0.103520E+00 0.111680E+00 0.109360E+00 0.110000E+00 0.107520E+00 0.108400E+00 0.110720E+00 0.106480E+00 0.109440E+00 0.108080E+00 0.108560E+00 0.100400E+00
 0.136272E+01 0.102504E+01 0.843600E+00 0.725520E+00 0.636880E+00 0.560720E+00 0.516240E+00 0.470400E+00 0.436000E+00 0.402000E+00 0.375600E+00 0.342720E+00 0.326640E+00 0.311840E+00 0.292480E+00 0.283840E+00 0.266160E+00 0.253440E+00 0.246000E+00 0.236720E+00 0.230400E+00 0.225760E+00 0.213440E+00 0.206080E+00 0.198640E+00 0.196960E+00 0.197200E+00 0.189120E+00 0.181680E+00 0.182560E+00 0.179760E+00 0.172000E+00 0.169120E+00 0.169920E+00 0.166400E+00 0.163040E+00 0.164080E+00 0.153360E+00 0.157680E+00 0.147600E+00 0.142800E+00 0.151200E+00 0.147120E+00 0.147680E+00 0.146640E+00 0.138080E+00 0.139920E+00 0.143200E+00 0.145760E+00 0.137280E+00 0.138560E+00 0.138560E+00 0.134560E+00 0.137360E+00 0.135040E+00 0.138800E+00 0.131120E+00 0.133040E+00 0.127680E+00 0.129440E+00 0.127920E+00 0.125040E+00 0.125920E+00 0.131280E+00 0.126080E+00 0.126320E+00 0.121840E+00 0.126720E+00 0.126240E+00 0.123600E+00 0.122240E+00 0.118640E+00 0.118080E+00 0.119920E+00 0.126000E+00 0.127120E+00 0.117520E+00 0.125760E+00 0.117280E+00 0.116560E+00 0.121280E+00 0.117040E+00 0.118160E+00 0.116320E+00 0.121760E+00 0.114000E+00 0.114000E+00 0.118000E+00 0.117840E+00 0.113440E+00 0.117600E+00 0.112960E+00 0.115200E+00 0.116400E+00 0.113680E+00 0.114400E+00 0.113360E+00 0.117280E+00 0.110880E+00 0.114320E+00 0.117840E+00 0.115120E+00 0.109760E+00 0.114960E+00 0.112160E+00 0.108480E+00 0.110880E+00 0.113120E+00 0.110720E+00 0.109920E+00 0.103840E+00 0.111360E+00 0.104400E+00 0.107200E+00 0.113360E+00 0.110080E+00 0.109440E+00 0.118240E+00 0.106800E+00 0.109920E+00 0.110560E+00 0.114240E+00 0.108480E+00 0.112000E+00 0.112400E+00 0.114160E+00 0.107920E+00 0.116720E+00 0.114800E+00 0.113200E+00 0.109280E+00 0.112160E+00 0.115120E+00 0.112400E+00 0.107440E+00 0.109040E+00 0.112240E+00 0.109280E+00 0.110240E+00 0.113600E+00 0.107120E+00 0.109520E+00 0.108160E+00 0.107280E+00 0.108080E+00 0.102000E+00 0.105920E+00 0.106880E+00 0.109280E+00 0.105440E+00 0.103200E+00 0.105600E+00 0.106960E+00 0.109280E+00 0.107280E+00 0.109760E+00 0.108960E+00 0.112480E+00 0.107360E+00 0.110640E+00 0.115120E+00 0.108000E+00 0.109360E+00 0.106560E+00 0.103920E+00 0.105200E+00 0.111680E+00 0.110160E+00 0.107120E+00 0.106480E+00 0.111040E+00 0.109760E+00 0.104960E+00 0.107040E+00 0.104800E+00 0.106640E+00 0.108000E+00 0.101760E+00 0.103040E+00 0.109840E+00 0.108720E+00 0.107920E+00 0.104800E+00 0.107200E+00 0.108480E+00 0.104400E+00 0.104880E+00 0.109600E+00 0.106320E+00 0.109200E+00 0.102720E+00 0.102880E+00 0.101040E+00 0.106880E+00 0.112880E+00 0.105280E+00 0.101280E+00 0.110400E+00 0.112320E+00 0.976000E-01
 0.141888E+01 0.103192E+01 0.829280E+00 0.715280E+00 0.627920E+00 0.558960E+00 0.507680E+00 0.472080E+00 0.430080E+00 0.394880E+00 0.366240E+00 0.349840E+00 0.322400E+00 0.314000E+00 0.287440E+00 0.271120E+00 0.268800E+00 0.258880E+00 0.247600E+00 0.237840E+00 0.230160E+00 0.219040E+00 0.215040E+00 0.208240E+00 0.202480E+00 0.196000E+00 0.187200E+00 0.186480E+00 0.179120E+00 0.178720E+00 0.174640E+00 0.169920E+00 0.157760E+00 0.162000E+00 0.169600E+00 0.160800E+00 0.164160E+00 0.150960E+00 0.151600E+00 0.152000E+00 0.150960E+00 0.149360E+00 0.146720E+00 0.149040E+00 0.143600E+00 0.140080E+00 0.140400E+00 0.142160E+00 0.139920E+00 0.136000E+00 0.134320E+00 0.138640E+00 0.136720E+00 0.131120E+00 0.128160E+00 0.127680E+00 0.130000E+00 0.129760E+00 0.130800E+00 0.132160E+00 0.123920E+00 0.130800E+00 0.126960E+00 0.131520E+00 0.127360E+00 0.129200E+00 0.125040E+00 0.130240E+00 0.129760E+00 0.125680E+00 0.116880E+00 0.125280E+00 0.124080E+00 0.122640E+00 0.119120E+00 0.115840E+00 0.122320E+00 0.119360E+00 0.114400E+00 0.124480E+00 0.127280E+00 0.115520E+00 0.119280E+00 0.114880E+00 0.110800E+00 0.115200E+00 0.120320E+00 0.120560E+00 0.112240E+00 0.115120E+00 0.117680E+00 0.116800E+00 0.108400E+00 0.111600E+00 0.116640E+00 0.117920E+00 0.116720E+00 0.115040E+00 0.112640E+00 0.120320E+00 0.116640E+00 0.105520E+00 0.113200E+00 0.113360E+00 0.109360E+00 0.117360E+00 0.111840E+00 0.119280E+00 0.112560E+00 0.110800E+00 0.118320E+00 0.114000E+00 0.108320E+00 0.105760E+00 0.114240E+00 0.108080E+00 0.113120E+00 0.115600E+00 0.110480E+00 0.112240E+00 0.107440E+00 0.115280E+00 0.112000E+00 0.115200E+00 0.113040E+00 0.110800E+00 0.110640E+00 0.108560E+00 0.108080E+00 0.109600E+00 0.105840E+00 0.109920E+00 0.112240E+00 0.109680E+00 0.106400E+00 0.112560E+00 0.111040E+00 0.114560E+00 0.114480E+00 0.107680E+00 0.111520E+00 0.105920E+00 0.111360E+00 0.104480E+00 0.114640E+00 0.102960E+00 0.108640E+00 0.108800E+00 0.107760E+00 0.111040E+00 0.107440E+00 0.106480E+00 0.107280E+00 0.107440E+00 0.112000E+00 0.111920E+00 0.113200E+00 0.105840E+00 0.103440E+00 0.112240E+00 0.109120E+00 0.104640E+00 0.111280E+00 0.104480E+00 0.109680E+00 0.106800E+00 0.104320E+00 0.109360E+00 0.106640E+00 0.104400E+00 0.111840E+00 0.103120E+00 0.108080E+00 0.110240E+00 0.106400E+00 0.111040E+00 0.108000E+00 0.106800E+00 0.104800E+00 0.105280E+00 0.111760E+00 0.108800E+00 0.111760E+00 0.106000E+00 0.109600E+00 0.111440E+00 0.109920E+00 0.109280E+00 0.105520E+00 0.104720E+00 0.102960E+00 0.106480E+00 0.111200E+00 0.109600E+00 0.109840E+00 0.106400E+00 0.111200E+00 0.104000E+00 0.105440E+00 0.932000E-01
 0.140840E+01 0.101816E+01 0.852480E+00 0.726800E+00 0.641680E+00 0.561280E+00 0.513280E+00 0.469440E+00 0.425920E+00 0.399760E+00 0.370560E+00 0.346000E+00 0.311200E+00 0.303840E+00 0.284480E+00 0.274000E+00 0.264480E+00 0.249280E+00 0.231200E+00 0.236320E+00 0.228000E+00 0.224240E+00 0.215440E+00 0.201440E+00 0.199760E+00 0.191920E+00 0.193280E+00 0.178960E+00 0.182880E+00 0.185600E+00 0.167360E+00 0.158640E+00 0.177600E+00 0.168160E+00 0.164640E+00 0.161200E+00 0.162240E+00 0.160960E+00 0.157920E+00 0.153200E+00 0.151360E+00 0.148800E+00 0.147200E+00 0.143760E+00 0.151520E+00 0.146240E+00 0.142160E+00 0.145120E+00 0.137520E+00 0.143440E+00 0.136960E+00 0.133120E+00 0.137360E+00 0.135840E+00 0.137200E+00 0.126400E+00 0.135360E+00 0.124400E+00 0.132560E+00 0.129360E+00 0.130080E+00 0.124320E+00 0.127040E+00 0.125280E+00 0.129280E+00 0.129680E+00 0.121280E+00 0.118960E+00 0.123360E+00 0.121680E+00 0.121520E+00 0.122480E+00 0.114560E+00 0.121520E+00 0.124960E+00 0.116880E+00 0.118400E+00 0.121760E+00 0.118160E+00 0.119440E+00 0.117680E+00 0.122080E+00 0.120960E+00 0.116240E+00 0.125040E+00 0.115280E+00 0.116000E+00 0.117040E+00 0.115280E+00 0.117280E+00 0.119040E+00 0.116000E+00 0.116000E+00 0.118000E+00 0.110800E+00 0.113280E+00 0.115680E+00 0.116160E+00 0.114080E+00 0.116160E+00 0.112880E+00 0.114640E+00 0.113040E+00 0.113120E+00 0.114480E+00 0.112480E+00 0.116160E+00 0.112560E+00 0.114640E+00 0.114800E+00 0.115200E+00 0.111280E+00 0.109360E+00 0.111680E+00 0.110960E+00 0.110400E+00 0.119040E+00 0.117040E+00 0.107200E+00 0.109280E+00 0.113040E+00 0.110480E+00 0.108880E+00 0.111440E+00 0.110800E+00 0.107040E+00 0.107200E+00 0.116400E+00 0.107200E+00 0.111280E+00 0.109520E+00 0.108080E+00 0.114800E+00 0.112480E+00 0.111760E+00 0.107200E+00 0.111040E+00 0.106880E+00 0.107360E+00 0.104000E+00 0.112160E+00 0.115360E+00 0.110160E+00 0.108560E+00 0.112640E+00 0.108400E+00 0.109840E+00 0.105920E+00 0.107120E+00 0.109360E+00 0.105200E+00 0.107600E+00 0.111760E+00 0.111280E+00 0.108480E+00 0.107600E+00 0.110960E+00 0.106000E+00 0.108240E+00 0.107200E+00 0.104880E+00 0.109120E+00 0.110240E+00 0.110880E+00 0.105200E+00 0.110720E+00 0.105840E+00 0.108480E+00 0.108880E+00 0.110160E+00 0.104480E+00 0.112400E+00 0.105920E+00 0.105120E+00 0.106560E+00 0.111600E+00 0.111440E+00 0.108240E+00 0.108480E+00 0.115520E+00 0.106560E+00 0.108960E+00 0.110480E+00 0.108480E+00 0.107440E+00 0.102480E+00 0.109360E+00 0.112400E+00 0.108880E+00 0.104320E+00 0.106160E+00 0.103920E+00 0.111040E+00 0.107360E+00 0.109840E+00 0.107200E+00 0.106400E+00 0.109760E+00 0.107840E+00 0.972800E-01
 0.123344E+01 0.938640E+00 0.836080E+00 0.762960E+00 0.719280E+00 0.660960E+00 0.633280E+00 0.608880E+00 0.580000E+00 0.545760E+00 0.544800E+00 0.509760E+00 0.497040E+00 0.489040E+00 0.473440E+00 0.456560E+00 0.448240E+00 0.431760E+00 0.426400E+00 0.428160E+00 0.399440E+00 0.389040E+00 0.388320E+00 0.382240E+00 0.382560E+00 0.360640E+00 0.359120E+00 0.352880E+00 0.352400E+00 0.334400E+00 0.326640E+00 0.331040E+00 0.314080E+00 0.317840E+00 0.311280E+00 0.307440E+00 0.292400E+00 0.297600E+00 0.288880E+00 0.281520E+00 0.279440E+00 0.278240E+00 0.270480E+00 0.267200E+00 0.263600E+00 0.267600E+00 0.257200E+00 0.264480E+00 0.254560E+00 0.245280E+00 0.240880E+00 0.239120E+00 0.238640E+00 0.242320E+00 0.230080E+00 0.226240E+00 0.227280E+00 0.224960E+00 0.224960E+00 0.224480E+00 0.224880E+00 0.214240E+00 0.210480E+00 0.212480E+00 0.213760E+00 0.205040E+00 0.200800E+00 0.200160E+00 0.197520E+00 0.197440E+00 0.200320E+00 0.200080E+00 0.193280E+00 0.189840E+00 0.187040E+00 0.187280E+00 0.184880E+00 0.181120E+00 0.180560E+00 0.179680E+00 0.174800E+00 0.182880E+00 0.178960E+00 0.178400E+00 0.172320E+00 0.168320E+00 0.171440E+00 0.169840E+00 0.169040E+00 0.165200E+00 0.169840E+00 0.164400E+00 0.162000E+00 0.168640E+00 0.157680E+00 0.162000E+00 0.154880E+00 0.152000E+00 0.159520E+00 0.149680E+00 0.152000E+00 0.149040E+00 0.151200E+00 0.148480E+00 0.143920E+00 0.144320E+00 0.139840E+00 0.141120E+00 0.137600E+00 0.146560E+00 0.143520E+00 0.141200E+00 0.139200E+00 0.138960E+00 0.134800E+00 0.136720E+00 0.132880E+00 0.136720E+00 0.137680E+00 0.135120E+00 0.134960E+00 0.133120E+00 0.134000E+00 0.136320E+00 0.135280E+00 0.130960E+00 0.129760E+00 0.129360E+00 0.130240E+00 0.126880E+00 0.125360E+00 0.124560E+00 0.120480E+00 0.119840E+00 0.126080E+00 0.119920E+00 0.123520E+00 0.123360E+00 0.129360E+00 0.117520E+00 0.124720E+00 0.120160E+00 0.119440E+00 0.118240E+00 0.123520E+00 0.114640E+00 0.117680E+00 0.117200E+00 0.123760E+00 0.118640E+00 0.118720E+00 0.117600E+00 0.117680E+00 0.112960E+00 0.112320E+00 0.111840E+00 0.110800E+00 0.114320E+00 0.109760E+00 0.109680E+00 0.107360E+00 0.120400E+00 0.110160E+00 0.109440E+00 0.105680E+00 0.111520E+00 0.110320E+00 0.109840E+00 0.107680E+00 0.112320E+00 0.109120E+00 0.110720E+00 0.108240E+00 0.106960E+00 0.107120E+00 0.105040E+00 0.108320E+00 0.103360E+00 0.106320E+00 0.111040E+00 0.106880E+00 0.107120E+00 0.104240E+00 0.114560E+00 0.108080E+00 0.105520E+00 0.107760E+00 0.107680E+00 0.102720E+00 0.112320E+00 0.108000E+00 0.103520E+00 0.106720E+00 0.107680E+00 0.109520E+00 0.107200E+00 0.113040E+00 0.104000E+00 0.103040E+00 0.844000E-01
 0.123784E+01 0.944000E+00 0.818400E+00 0.750800E+00 0.714000E+00 0.668320E+00 0.624240E+00 0.598400E+00 0.561360E+00 0.550880E+00 0.531920E+00 0.520720E+00 0.503040E+00 0.480240E+00 0.465440E+00 0.464160E+00 0.440000E+00 0.442960E+00 0.425760E+00 0.421280E+00 0.406640E+00 0.388880E+00 0.380400E+00 0.376160E+00 0.376240E+00 0.367360E+00 0.353360E+00 0.346560E+00 0.341680E+00 0.343360E+00 0.334160E+00 0.319600E+00 0.326000E+00 0.309920E+00 0.315520E+00 0.292160E+00 0.303200E+00 0.302000E+00 0.289120E+00 0.284800E+00 0.278960E+00 0.278080E+00 0.281840E+00 0.274560E+00 0.267040E+00 0.262640E+00 0.258880E+00 0.256880E+00 0.250800E+00 0.240960E+00 0.242640E+00 0.240000E+00 0.238720E+00 0.242160E+00 0.234800E+00 0.234000E+00 0.231760E+00 0.224560E+00 0.224800E+00 0.220640E+00 0.222800E+00 0.216160E+00 0.213920E+00 0.209040E+00 0.204480E+00 0.210400E+00 0.204560E+00 0.199520E+00 0.204800E+00 0.200800E+00 0.200000E+00 0.196160E+00 0.195200E+00 0.183600E+00 0.190800E+00 0.190640E+00 0.187920E+00 0.179360E+00 0.180240E+00 0.182720E+00 0.177760E+00 0.177920E+00 0.175840E+00 0.177040E+00 0.173520E+00 0.160960E+00 0.168160E+00 0.166640E+00 0.167120E+00 0.165840E+00 0.166960E+00 0.159680E+00 0.162160E+00 0.158240E+00 0.160880E+00 0.158320E+00 0.152400E+00 0.150080E+00 0.153920E+00 0.147200E+00 0.153440E+00 0.154640E+00 0.153120E+00 0.146080E+00 0.147520E+00 0.138560E+00 0.144320E+00 0.147920E+00 0.143280E+00 0.139280E+00 0.136640E+00 0.139760E+00 0.141920E+00 0.144400E+00 0.139120E+00 0.138400E+00 0.135600E+00 0.135280E+00 0.133120E+00 0.130640E+00 0.127280E+00 0.134880E+00 0.130720E+00 0.133920E+00 0.133280E+00 0.130640E+00 0.124720E+00 0.129760E+00 0.127040E+00 0.128640E+00 0.128240E+00 0.120400E+00 0.125520E+00 0.127440E+00 0.124000E+00 0.126240E+00 0.126000E+00 0.120800E+00 0.124320E+00 0.123040E+00 0.120960E+00 0.124240E+00 0.122400E+00 0.116800E+00 0.114720E+00 0.118480E+00 0.125840E+00 0.117040E+00 0.119680E+00 0.119600E+00 0.116000E+00 0.116400E+00 0.116000E+00 0.115280E+00 0.118480E+00 0.115680E+00 0.113440E+00 0.119040E+00 0.116320E+00 0.110960E+00 0.114400E+00 0.110320E+00 0.110400E+00 0.109200E+00 0.115600E+00 0.116640E+00 0.113040E+00 0.106160E+00 0.115760E+00 0.113120E+00 0.115520E+00 0.111440E+00 0.110880E+00 0.111200E+00 0.111120E+00 0.115040E+00 0.105440E+00 0.105840E+00 0.108880E+00 0.110080E+00 0.104720E+00 0.110320E+00 0.112560E+00 0.106800E+00 0.108960E+00 0.112480E+00 0.106800E+00 0.111280E+00 0.107760E+00 0.106960E+00 0.112160E+00 0.109120E+00 0.105040E+00 0.107920E+00 0.102640E+00 0.109040E+00 0.105520E+00 0.107440E+00 0.105440E+00 0.847200E-01
