### Run with WimpAnn version = wimpann-2.08                            
###   Using Pythia version   = Pythia 6.400    
###   Using nusigma version  = nusigma-1.15-pyr                        
###   Using DarkSUSY version = ds-4.1.6                                
###   WimpAnn run started at date 2007-09-05; time 14:17:49
### Neutrino oscillation parameters
#      theta_12 =  0.00000000E+00
#      theta_13 =  0.00000000E+00
#      theta_23 =  0.00000000E+00
#         delta =  0.00000000E+00
#  delta_m^2_21 =  0.81000000E-04
#  delta_m^2_31 =  0.22000000E-02
### WimpAnn run parameters
#  Annihilation channel =         1
#  Generated particles =  c                cbar            
#  WIMP mass =  0.10000000E+02
#  Number of annihilations =   2500000
#  Source = Earth
#...dPhi/dz in  200 bins from 0 to 1
#...Line  1- 6: flux at centre of Earth for neutrino 1-6
 0.622400E-01 0.260960E+00 0.393840E+00 0.445200E+00 0.465520E+00 0.461200E+00 0.464640E+00 0.465440E+00 0.461680E+00 0.450320E+00 0.436480E+00 0.434720E+00 0.435920E+00 0.415360E+00 0.415280E+00 0.413680E+00 0.402560E+00 0.392160E+00 0.369840E+00 0.377600E+00 0.358480E+00 0.350000E+00 0.346160E+00 0.342320E+00 0.336240E+00 0.330640E+00 0.319680E+00 0.305120E+00 0.300880E+00 0.292800E+00 0.287760E+00 0.271360E+00 0.264880E+00 0.248320E+00 0.251920E+00 0.242880E+00 0.231120E+00 0.221920E+00 0.228720E+00 0.212800E+00 0.206560E+00 0.198160E+00 0.189440E+00 0.190800E+00 0.182480E+00 0.172000E+00 0.171040E+00 0.163200E+00 0.156640E+00 0.149760E+00 0.143280E+00 0.140000E+00 0.139920E+00 0.130880E+00 0.116320E+00 0.116320E+00 0.111920E+00 0.107200E+00 0.104400E+00 0.990400E-01 0.955200E-01 0.906400E-01 0.913600E-01 0.826400E-01 0.794400E-01 0.798400E-01 0.732000E-01 0.706400E-01 0.701600E-01 0.624000E-01 0.585600E-01 0.588800E-01 0.539200E-01 0.529600E-01 0.501600E-01 0.466400E-01 0.448000E-01 0.387200E-01 0.412000E-01 0.387200E-01 0.360000E-01 0.388800E-01 0.351200E-01 0.288000E-01 0.296000E-01 0.306400E-01 0.285600E-01 0.248800E-01 0.231200E-01 0.232800E-01 0.216800E-01 0.202400E-01 0.205600E-01 0.166400E-01 0.157600E-01 0.165600E-01 0.159200E-01 0.153600E-01 0.120000E-01 0.144800E-01 0.112800E-01 0.130400E-01 0.104000E-01 0.100800E-01 0.928000E-02 0.904000E-02 0.720000E-02 0.656000E-02 0.840000E-02 0.616000E-02 0.632000E-02 0.480000E-02 0.552000E-02 0.600000E-02 0.480000E-02 0.440000E-02 0.416000E-02 0.464000E-02 0.344000E-02 0.320000E-02 0.296000E-02 0.312000E-02 0.304000E-02 0.136000E-02 0.224000E-02 0.248000E-02 0.208000E-02 0.128000E-02 0.192000E-02 0.160000E-02 0.200000E-02 0.960000E-03 0.800000E-03 0.880000E-03 0.120000E-02 0.960000E-03 0.800000E-03 0.880000E-03 0.480000E-03 0.560000E-03 0.880000E-03 0.400000E-03 0.480000E-03 0.240000E-03 0.240000E-03 0.480000E-03 0.320000E-03 0.240000E-03 0.160000E-03 0.320000E-03 0.560000E-03 0.160000E-03 0.160000E-03 0.160000E-03 0.000000E+00 0.000000E+00 0.000000E+00 0.800000E-04 0.160000E-03 0.800000E-04 0.800000E-04 0.800000E-04 0.000000E+00 0.800000E-04 0.000000E+00 0.800000E-04 0.000000E+00 0.000000E+00 0.800000E-04 0.000000E+00 0.000000E+00 0.000000E+00 0.000000E+00 0.000000E+00 0.000000E+00 0.000000E+00 0.000000E+00 0.000000E+00 0.000000E+00 0.000000E+00 0.000000E+00 0.000000E+00 0.000000E+00 0.000000E+00 0.000000E+00 0.000000E+00 0.000000E+00 0.000000E+00 0.000000E+00 0.000000E+00 0.000000E+00 0.000000E+00 0.000000E+00 0.000000E+00 0.000000E+00 0.000000E+00 0.000000E+00 0.000000E+00 0.000000E+00 0.000000E+00
 0.612800E-01 0.256240E+00 0.389760E+00 0.448240E+00 0.453920E+00 0.458080E+00 0.471040E+00 0.459600E+00 0.468720E+00 0.457520E+00 0.445520E+00 0.435440E+00 0.435040E+00 0.425360E+00 0.422160E+00 0.409680E+00 0.392960E+00 0.392080E+00 0.383120E+00 0.365200E+00 0.361840E+00 0.352400E+00 0.347440E+00 0.347840E+00 0.327920E+00 0.322960E+00 0.318720E+00 0.304480E+00 0.289840E+00 0.294800E+00 0.282240E+00 0.278160E+00 0.265120E+00 0.256480E+00 0.253040E+00 0.241520E+00 0.237600E+00 0.232720E+00 0.223200E+00 0.210240E+00 0.209920E+00 0.197680E+00 0.189360E+00 0.184560E+00 0.181360E+00 0.171040E+00 0.162400E+00 0.163520E+00 0.151840E+00 0.147200E+00 0.137280E+00 0.141440E+00 0.135680E+00 0.128160E+00 0.123360E+00 0.119280E+00 0.116480E+00 0.108720E+00 0.102720E+00 0.966400E-01 0.987200E-01 0.909600E-01 0.871200E-01 0.831200E-01 0.784000E-01 0.752800E-01 0.756800E-01 0.710400E-01 0.672000E-01 0.631200E-01 0.604800E-01 0.592800E-01 0.566400E-01 0.544800E-01 0.521600E-01 0.488000E-01 0.452000E-01 0.446400E-01 0.427200E-01 0.400000E-01 0.380800E-01 0.360000E-01 0.312000E-01 0.307200E-01 0.299200E-01 0.316000E-01 0.264000E-01 0.264000E-01 0.246400E-01 0.220800E-01 0.212000E-01 0.200800E-01 0.179200E-01 0.172000E-01 0.160800E-01 0.165600E-01 0.156800E-01 0.136800E-01 0.139200E-01 0.112000E-01 0.131200E-01 0.124000E-01 0.108800E-01 0.952000E-02 0.896000E-02 0.896000E-02 0.896000E-02 0.712000E-02 0.736000E-02 0.632000E-02 0.696000E-02 0.520000E-02 0.472000E-02 0.440000E-02 0.560000E-02 0.392000E-02 0.424000E-02 0.392000E-02 0.360000E-02 0.392000E-02 0.272000E-02 0.336000E-02 0.272000E-02 0.184000E-02 0.256000E-02 0.216000E-02 0.200000E-02 0.208000E-02 0.128000E-02 0.192000E-02 0.152000E-02 0.128000E-02 0.104000E-02 0.560000E-03 0.112000E-02 0.880000E-03 0.480000E-03 0.880000E-03 0.240000E-03 0.960000E-03 0.480000E-03 0.640000E-03 0.240000E-03 0.320000E-03 0.320000E-03 0.160000E-03 0.800000E-04 0.800000E-04 0.000000E+00 0.160000E-03 0.320000E-03 0.160000E-03 0.160000E-03 0.160000E-03 0.000000E+00 0.160000E-03 0.800000E-04 0.800000E-04 0.000000E+00 0.240000E-03 0.000000E+00 0.800000E-04 0.800000E-04 0.800000E-04 0.000000E+00 0.000000E+00 0.000000E+00 0.000000E+00 0.000000E+00 0.000000E+00 0.000000E+00 0.000000E+00 0.000000E+00 0.000000E+00 0.000000E+00 0.000000E+00 0.000000E+00 0.000000E+00 0.000000E+00 0.000000E+00 0.000000E+00 0.000000E+00 0.000000E+00 0.000000E+00 0.000000E+00 0.000000E+00 0.000000E+00 0.000000E+00 0.000000E+00 0.000000E+00 0.000000E+00 0.000000E+00 0.000000E+00 0.000000E+00 0.000000E+00 0.000000E+00 0.000000E+00 0.000000E+00 0.000000E+00 0.000000E+00
 0.640800E-01 0.268480E+00 0.403040E+00 0.466960E+00 0.474480E+00 0.469040E+00 0.469120E+00 0.470320E+00 0.464320E+00 0.462320E+00 0.449760E+00 0.446960E+00 0.442080E+00 0.431840E+00 0.427120E+00 0.416160E+00 0.405360E+00 0.400800E+00 0.395920E+00 0.380000E+00 0.365360E+00 0.363440E+00 0.349760E+00 0.344000E+00 0.341120E+00 0.332320E+00 0.318800E+00 0.305040E+00 0.297040E+00 0.286720E+00 0.281760E+00 0.274320E+00 0.268720E+00 0.246400E+00 0.257280E+00 0.244800E+00 0.233840E+00 0.235120E+00 0.219520E+00 0.213280E+00 0.207600E+00 0.197600E+00 0.184880E+00 0.182400E+00 0.177520E+00 0.170480E+00 0.168640E+00 0.155120E+00 0.147600E+00 0.150160E+00 0.140320E+00 0.133680E+00 0.125840E+00 0.128880E+00 0.123200E+00 0.113440E+00 0.106960E+00 0.104640E+00 0.101600E+00 0.946400E-01 0.956000E-01 0.940800E-01 0.829600E-01 0.794400E-01 0.786400E-01 0.723200E-01 0.696800E-01 0.660000E-01 0.660000E-01 0.622400E-01 0.565600E-01 0.527200E-01 0.548800E-01 0.523200E-01 0.519200E-01 0.436800E-01 0.461600E-01 0.388000E-01 0.400000E-01 0.346400E-01 0.352800E-01 0.316000E-01 0.297600E-01 0.301600E-01 0.270400E-01 0.259200E-01 0.256800E-01 0.220000E-01 0.230400E-01 0.227200E-01 0.214400E-01 0.181600E-01 0.190400E-01 0.169600E-01 0.156800E-01 0.139200E-01 0.128000E-01 0.128000E-01 0.120000E-01 0.129600E-01 0.101600E-01 0.992000E-02 0.824000E-02 0.944000E-02 0.100000E-01 0.824000E-02 0.752000E-02 0.760000E-02 0.688000E-02 0.648000E-02 0.608000E-02 0.600000E-02 0.448000E-02 0.528000E-02 0.456000E-02 0.440000E-02 0.320000E-02 0.320000E-02 0.264000E-02 0.312000E-02 0.192000E-02 0.272000E-02 0.248000E-02 0.256000E-02 0.240000E-02 0.152000E-02 0.184000E-02 0.176000E-02 0.216000E-02 0.152000E-02 0.136000E-02 0.112000E-02 0.800000E-03 0.880000E-03 0.104000E-02 0.960000E-03 0.720000E-03 0.720000E-03 0.480000E-03 0.104000E-02 0.640000E-03 0.560000E-03 0.160000E-03 0.400000E-03 0.240000E-03 0.000000E+00 0.240000E-03 0.800000E-04 0.160000E-03 0.160000E-03 0.240000E-03 0.240000E-03 0.800000E-04 0.160000E-03 0.000000E+00 0.800000E-04 0.000000E+00 0.800000E-04 0.800000E-04 0.000000E+00 0.800000E-04 0.000000E+00 0.800000E-04 0.000000E+00 0.160000E-03 0.800000E-04 0.000000E+00 0.000000E+00 0.000000E+00 0.000000E+00 0.000000E+00 0.000000E+00 0.000000E+00 0.800000E-04 0.000000E+00 0.000000E+00 0.000000E+00 0.000000E+00 0.000000E+00 0.000000E+00 0.000000E+00 0.000000E+00 0.000000E+00 0.000000E+00 0.000000E+00 0.000000E+00 0.000000E+00 0.000000E+00 0.000000E+00 0.000000E+00 0.000000E+00 0.000000E+00 0.000000E+00 0.000000E+00 0.000000E+00 0.000000E+00 0.000000E+00 0.000000E+00 0.000000E+00 0.000000E+00
 0.623200E-01 0.277680E+00 0.405520E+00 0.450400E+00 0.465520E+00 0.483440E+00 0.470240E+00 0.465200E+00 0.475520E+00 0.461280E+00 0.453440E+00 0.457120E+00 0.443360E+00 0.421680E+00 0.435920E+00 0.414000E+00 0.416800E+00 0.397920E+00 0.382960E+00 0.384480E+00 0.373280E+00 0.356640E+00 0.358960E+00 0.340640E+00 0.327120E+00 0.319360E+00 0.319920E+00 0.303760E+00 0.295040E+00 0.293520E+00 0.279360E+00 0.279760E+00 0.261840E+00 0.257760E+00 0.251360E+00 0.242320E+00 0.240240E+00 0.228480E+00 0.222080E+00 0.219920E+00 0.204480E+00 0.191280E+00 0.191600E+00 0.185440E+00 0.177120E+00 0.166880E+00 0.163520E+00 0.163200E+00 0.156320E+00 0.152080E+00 0.143280E+00 0.139760E+00 0.128160E+00 0.124000E+00 0.125760E+00 0.114080E+00 0.108480E+00 0.105760E+00 0.100320E+00 0.927200E-01 0.928800E-01 0.902400E-01 0.836000E-01 0.828800E-01 0.778400E-01 0.720000E-01 0.689600E-01 0.688800E-01 0.612800E-01 0.597600E-01 0.571200E-01 0.552800E-01 0.542400E-01 0.493600E-01 0.476000E-01 0.446400E-01 0.423200E-01 0.429600E-01 0.379200E-01 0.371200E-01 0.326400E-01 0.324800E-01 0.354400E-01 0.276000E-01 0.296800E-01 0.246400E-01 0.261600E-01 0.250400E-01 0.205600E-01 0.215200E-01 0.201600E-01 0.204000E-01 0.190400E-01 0.189600E-01 0.177600E-01 0.150400E-01 0.138400E-01 0.132000E-01 0.132800E-01 0.952000E-02 0.105600E-01 0.976000E-02 0.115200E-01 0.904000E-02 0.936000E-02 0.696000E-02 0.856000E-02 0.800000E-02 0.552000E-02 0.632000E-02 0.520000E-02 0.584000E-02 0.520000E-02 0.400000E-02 0.520000E-02 0.352000E-02 0.384000E-02 0.336000E-02 0.344000E-02 0.360000E-02 0.192000E-02 0.240000E-02 0.168000E-02 0.216000E-02 0.256000E-02 0.192000E-02 0.184000E-02 0.152000E-02 0.176000E-02 0.176000E-02 0.104000E-02 0.112000E-02 0.144000E-02 0.880000E-03 0.120000E-02 0.400000E-03 0.880000E-03 0.720000E-03 0.640000E-03 0.480000E-03 0.320000E-03 0.560000E-03 0.480000E-03 0.240000E-03 0.480000E-03 0.160000E-03 0.320000E-03 0.240000E-03 0.320000E-03 0.240000E-03 0.160000E-03 0.800000E-04 0.800000E-04 0.480000E-03 0.160000E-03 0.000000E+00 0.800000E-04 0.800000E-04 0.000000E+00 0.800000E-04 0.800000E-04 0.000000E+00 0.000000E+00 0.000000E+00 0.000000E+00 0.000000E+00 0.800000E-04 0.000000E+00 0.800000E-04 0.000000E+00 0.000000E+00 0.800000E-04 0.000000E+00 0.000000E+00 0.000000E+00 0.000000E+00 0.000000E+00 0.000000E+00 0.000000E+00 0.000000E+00 0.000000E+00 0.000000E+00 0.000000E+00 0.000000E+00 0.000000E+00 0.000000E+00 0.000000E+00 0.000000E+00 0.000000E+00 0.000000E+00 0.000000E+00 0.000000E+00 0.000000E+00 0.000000E+00 0.000000E+00 0.000000E+00 0.000000E+00 0.000000E+00 0.000000E+00 0.000000E+00
 0.384000E-02 0.131200E-01 0.150400E-01 0.149600E-01 0.188800E-01 0.196800E-01 0.165600E-01 0.152800E-01 0.169600E-01 0.183200E-01 0.168800E-01 0.140000E-01 0.140800E-01 0.157600E-01 0.119200E-01 0.136800E-01 0.116800E-01 0.113600E-01 0.100000E-01 0.105600E-01 0.824000E-02 0.776000E-02 0.744000E-02 0.688000E-02 0.672000E-02 0.560000E-02 0.544000E-02 0.520000E-02 0.360000E-02 0.464000E-02 0.352000E-02 0.368000E-02 0.344000E-02 0.344000E-02 0.272000E-02 0.384000E-02 0.384000E-02 0.288000E-02 0.280000E-02 0.256000E-02 0.200000E-02 0.240000E-02 0.232000E-02 0.152000E-02 0.200000E-02 0.232000E-02 0.296000E-02 0.296000E-02 0.248000E-02 0.240000E-02 0.184000E-02 0.200000E-02 0.248000E-02 0.192000E-02 0.248000E-02 0.184000E-02 0.208000E-02 0.224000E-02 0.112000E-02 0.168000E-02 0.152000E-02 0.224000E-02 0.168000E-02 0.160000E-02 0.160000E-02 0.208000E-02 0.120000E-02 0.168000E-02 0.800000E-03 0.152000E-02 0.152000E-02 0.136000E-02 0.880000E-03 0.960000E-03 0.640000E-03 0.128000E-02 0.120000E-02 0.960000E-03 0.560000E-03 0.152000E-02 0.104000E-02 0.136000E-02 0.640000E-03 0.800000E-03 0.640000E-03 0.720000E-03 0.720000E-03 0.720000E-03 0.104000E-02 0.640000E-03 0.720000E-03 0.560000E-03 0.480000E-03 0.640000E-03 0.400000E-03 0.400000E-03 0.640000E-03 0.800000E-04 0.560000E-03 0.240000E-03 0.160000E-03 0.560000E-03 0.160000E-03 0.480000E-03 0.400000E-03 0.400000E-03 0.160000E-03 0.160000E-03 0.480000E-03 0.320000E-03 0.320000E-03 0.400000E-03 0.480000E-03 0.800000E-04 0.240000E-03 0.160000E-03 0.160000E-03 0.240000E-03 0.800000E-04 0.800000E-04 0.160000E-03 0.240000E-03 0.800000E-04 0.800000E-04 0.000000E+00 0.160000E-03 0.000000E+00 0.800000E-04 0.160000E-03 0.000000E+00 0.800000E-04 0.000000E+00 0.000000E+00 0.000000E+00 0.000000E+00 0.000000E+00 0.800000E-04 0.000000E+00 0.000000E+00 0.000000E+00 0.000000E+00 0.800000E-04 0.800000E-04 0.000000E+00 0.800000E-04 0.800000E-04 0.000000E+00 0.000000E+00 0.000000E+00 0.000000E+00 0.000000E+00 0.000000E+00 0.000000E+00 0.000000E+00 0.000000E+00 0.000000E+00 0.000000E+00 0.800000E-04 0.000000E+00 0.000000E+00 0.000000E+00 0.800000E-04 0.000000E+00 0.000000E+00 0.000000E+00 0.000000E+00 0.000000E+00 0.000000E+00 0.000000E+00 0.000000E+00 0.000000E+00 0.000000E+00 0.000000E+00 0.000000E+00 0.000000E+00 0.000000E+00 0.000000E+00 0.000000E+00 0.000000E+00 0.000000E+00 0.000000E+00 0.000000E+00 0.000000E+00 0.000000E+00 0.000000E+00 0.000000E+00 0.000000E+00 0.000000E+00 0.000000E+00 0.000000E+00 0.000000E+00 0.000000E+00 0.000000E+00 0.000000E+00 0.000000E+00 0.000000E+00 0.000000E+00 0.000000E+00 0.000000E+00 0.000000E+00
 0.384000E-02 0.140000E-01 0.148000E-01 0.184000E-01 0.160800E-01 0.171200E-01 0.174400E-01 0.156000E-01 0.155200E-01 0.154400E-01 0.170400E-01 0.155200E-01 0.144800E-01 0.151200E-01 0.132000E-01 0.133600E-01 0.133600E-01 0.131200E-01 0.100000E-01 0.120800E-01 0.864000E-02 0.872000E-02 0.656000E-02 0.592000E-02 0.656000E-02 0.584000E-02 0.528000E-02 0.448000E-02 0.384000E-02 0.360000E-02 0.328000E-02 0.376000E-02 0.312000E-02 0.288000E-02 0.288000E-02 0.344000E-02 0.400000E-02 0.208000E-02 0.256000E-02 0.224000E-02 0.352000E-02 0.320000E-02 0.216000E-02 0.216000E-02 0.304000E-02 0.192000E-02 0.160000E-02 0.304000E-02 0.264000E-02 0.208000E-02 0.232000E-02 0.168000E-02 0.152000E-02 0.152000E-02 0.184000E-02 0.160000E-02 0.208000E-02 0.184000E-02 0.200000E-02 0.200000E-02 0.192000E-02 0.216000E-02 0.152000E-02 0.152000E-02 0.168000E-02 0.160000E-02 0.192000E-02 0.880000E-03 0.160000E-02 0.112000E-02 0.144000E-02 0.144000E-02 0.800000E-03 0.128000E-02 0.128000E-02 0.880000E-03 0.120000E-02 0.800000E-03 0.104000E-02 0.640000E-03 0.104000E-02 0.128000E-02 0.960000E-03 0.800000E-03 0.560000E-03 0.880000E-03 0.104000E-02 0.560000E-03 0.112000E-02 0.560000E-03 0.400000E-03 0.800000E-03 0.320000E-03 0.160000E-03 0.400000E-03 0.240000E-03 0.320000E-03 0.560000E-03 0.320000E-03 0.720000E-03 0.320000E-03 0.400000E-03 0.640000E-03 0.320000E-03 0.400000E-03 0.480000E-03 0.400000E-03 0.320000E-03 0.240000E-03 0.800000E-04 0.320000E-03 0.560000E-03 0.320000E-03 0.400000E-03 0.240000E-03 0.000000E+00 0.800000E-04 0.160000E-03 0.160000E-03 0.240000E-03 0.240000E-03 0.160000E-03 0.000000E+00 0.800000E-04 0.160000E-03 0.240000E-03 0.240000E-03 0.800000E-04 0.800000E-04 0.000000E+00 0.160000E-03 0.800000E-04 0.000000E+00 0.000000E+00 0.000000E+00 0.000000E+00 0.800000E-04 0.000000E+00 0.000000E+00 0.800000E-04 0.800000E-04 0.000000E+00 0.000000E+00 0.000000E+00 0.000000E+00 0.000000E+00 0.800000E-04 0.000000E+00 0.000000E+00 0.000000E+00 0.000000E+00 0.800000E-04 0.000000E+00 0.000000E+00 0.000000E+00 0.000000E+00 0.800000E-04 0.000000E+00 0.000000E+00 0.000000E+00 0.000000E+00 0.000000E+00 0.000000E+00 0.000000E+00 0.000000E+00 0.000000E+00 0.000000E+00 0.000000E+00 0.000000E+00 0.000000E+00 0.000000E+00 0.000000E+00 0.000000E+00 0.000000E+00 0.000000E+00 0.000000E+00 0.000000E+00 0.000000E+00 0.000000E+00 0.000000E+00 0.000000E+00 0.000000E+00 0.000000E+00 0.000000E+00 0.000000E+00 0.000000E+00 0.000000E+00 0.000000E+00 0.000000E+00 0.000000E+00 0.000000E+00 0.000000E+00 0.000000E+00 0.000000E+00 0.000000E+00 0.000000E+00 0.000000E+00 0.000000E+00 0.000000E+00 0.000000E+00
