### Run with WimpAnn version = wimpann-2.08                            
###   Using Pythia version   = Pythia 6.400    
###   Using nusigma version  = nusigma-1.15-pyr                        
###   Using DarkSUSY version = ds-4.1.6                                
###   WimpAnn run started at date 2007-09-08; time 16:27:32
### Neutrino oscillation parameters
#      theta_12 =  0.00000000E+00
#      theta_13 =  0.00000000E+00
#      theta_23 =  0.00000000E+00
#         delta =  0.00000000E+00
#  delta_m^2_21 =  0.81000000E-04
#  delta_m^2_31 =  0.22000000E-02
### WimpAnn run parameters
#  Annihilation channel =         1
#  Generated particles =  c                cbar            
#  WIMP mass =  0.20000000E+04
#  Number of annihilations =   2500000
#  Source = Earth
#...dPhi/dz in  200 bins from 0 to 1
#...Line  1- 6: flux at centre of Earth for neutrino 1-6
 0.425304E+01 0.233928E+01 0.178536E+01 0.147520E+01 0.124296E+01 0.108760E+01 0.961840E+00 0.857200E+00 0.762800E+00 0.689120E+00 0.622000E+00 0.561440E+00 0.510640E+00 0.472320E+00 0.437120E+00 0.392480E+00 0.362640E+00 0.340560E+00 0.303520E+00 0.290080E+00 0.267120E+00 0.254240E+00 0.225040E+00 0.211120E+00 0.201040E+00 0.184720E+00 0.172000E+00 0.157440E+00 0.152720E+00 0.146800E+00 0.128880E+00 0.123280E+00 0.117680E+00 0.108320E+00 0.103360E+00 0.957600E-01 0.867200E-01 0.780800E-01 0.770400E-01 0.743200E-01 0.713600E-01 0.627200E-01 0.589600E-01 0.541600E-01 0.526400E-01 0.471200E-01 0.465600E-01 0.433600E-01 0.430400E-01 0.353600E-01 0.379200E-01 0.338400E-01 0.330400E-01 0.298400E-01 0.280000E-01 0.260000E-01 0.280800E-01 0.220000E-01 0.240000E-01 0.216800E-01 0.168800E-01 0.186400E-01 0.178400E-01 0.174400E-01 0.148000E-01 0.138400E-01 0.126400E-01 0.107200E-01 0.103200E-01 0.944000E-02 0.984000E-02 0.904000E-02 0.936000E-02 0.776000E-02 0.720000E-02 0.752000E-02 0.712000E-02 0.624000E-02 0.504000E-02 0.616000E-02 0.456000E-02 0.480000E-02 0.456000E-02 0.456000E-02 0.584000E-02 0.352000E-02 0.320000E-02 0.272000E-02 0.312000E-02 0.216000E-02 0.264000E-02 0.240000E-02 0.232000E-02 0.224000E-02 0.184000E-02 0.192000E-02 0.176000E-02 0.176000E-02 0.136000E-02 0.128000E-02 0.880000E-03 0.104000E-02 0.112000E-02 0.720000E-03 0.800000E-03 0.112000E-02 0.480000E-03 0.800000E-03 0.720000E-03 0.720000E-03 0.640000E-03 0.240000E-03 0.720000E-03 0.320000E-03 0.160000E-03 0.800000E-04 0.400000E-03 0.720000E-03 0.160000E-03 0.480000E-03 0.480000E-03 0.240000E-03 0.800000E-04 0.320000E-03 0.160000E-03 0.160000E-03 0.240000E-03 0.000000E+00 0.000000E+00 0.240000E-03 0.160000E-03 0.160000E-03 0.000000E+00 0.000000E+00 0.000000E+00 0.000000E+00 0.160000E-03 0.000000E+00 0.800000E-04 0.800000E-04 0.000000E+00 0.000000E+00 0.000000E+00 0.000000E+00 0.000000E+00 0.000000E+00 0.000000E+00 0.800000E-04 0.000000E+00 0.000000E+00 0.000000E+00 0.000000E+00 0.000000E+00 0.000000E+00 0.000000E+00 0.000000E+00 0.000000E+00 0.000000E+00 0.000000E+00 0.000000E+00 0.000000E+00 0.000000E+00 0.000000E+00 0.000000E+00 0.000000E+00 0.000000E+00 0.000000E+00 0.000000E+00 0.000000E+00 0.000000E+00 0.000000E+00 0.000000E+00 0.000000E+00 0.000000E+00 0.000000E+00 0.000000E+00 0.000000E+00 0.000000E+00 0.000000E+00 0.000000E+00 0.000000E+00 0.000000E+00 0.000000E+00 0.000000E+00 0.000000E+00 0.000000E+00 0.000000E+00 0.000000E+00 0.000000E+00 0.000000E+00 0.000000E+00 0.000000E+00 0.000000E+00 0.000000E+00 0.000000E+00 0.000000E+00 0.000000E+00 0.000000E+00 0.000000E+00 0.000000E+00
 0.425304E+01 0.236224E+01 0.177968E+01 0.147096E+01 0.123968E+01 0.106288E+01 0.945360E+00 0.849200E+00 0.761760E+00 0.688880E+00 0.623040E+00 0.553280E+00 0.517760E+00 0.459040E+00 0.433280E+00 0.392080E+00 0.357520E+00 0.329840E+00 0.310320E+00 0.285040E+00 0.277200E+00 0.246400E+00 0.237840E+00 0.214960E+00 0.199680E+00 0.187600E+00 0.170000E+00 0.155360E+00 0.150400E+00 0.141520E+00 0.124800E+00 0.128560E+00 0.110240E+00 0.106400E+00 0.102000E+00 0.987200E-01 0.908800E-01 0.802400E-01 0.774400E-01 0.702400E-01 0.703200E-01 0.616000E-01 0.599200E-01 0.565600E-01 0.540800E-01 0.496800E-01 0.454400E-01 0.463200E-01 0.447200E-01 0.363200E-01 0.384000E-01 0.324800E-01 0.320800E-01 0.280800E-01 0.254400E-01 0.277600E-01 0.232000E-01 0.253600E-01 0.214400E-01 0.210400E-01 0.194400E-01 0.163200E-01 0.164000E-01 0.153600E-01 0.139200E-01 0.130400E-01 0.137600E-01 0.128800E-01 0.108000E-01 0.114400E-01 0.880000E-02 0.864000E-02 0.936000E-02 0.744000E-02 0.736000E-02 0.712000E-02 0.728000E-02 0.464000E-02 0.600000E-02 0.520000E-02 0.544000E-02 0.392000E-02 0.352000E-02 0.416000E-02 0.408000E-02 0.360000E-02 0.368000E-02 0.328000E-02 0.248000E-02 0.328000E-02 0.288000E-02 0.264000E-02 0.200000E-02 0.200000E-02 0.200000E-02 0.176000E-02 0.192000E-02 0.152000E-02 0.104000E-02 0.104000E-02 0.128000E-02 0.128000E-02 0.176000E-02 0.720000E-03 0.720000E-03 0.800000E-03 0.960000E-03 0.640000E-03 0.160000E-03 0.800000E-03 0.560000E-03 0.400000E-03 0.320000E-03 0.400000E-03 0.560000E-03 0.560000E-03 0.480000E-03 0.000000E+00 0.160000E-03 0.320000E-03 0.240000E-03 0.240000E-03 0.000000E+00 0.240000E-03 0.800000E-04 0.160000E-03 0.800000E-04 0.320000E-03 0.240000E-03 0.000000E+00 0.800000E-04 0.800000E-04 0.800000E-04 0.800000E-04 0.240000E-03 0.000000E+00 0.800000E-04 0.000000E+00 0.000000E+00 0.800000E-04 0.800000E-04 0.800000E-04 0.000000E+00 0.000000E+00 0.000000E+00 0.000000E+00 0.000000E+00 0.160000E-03 0.000000E+00 0.000000E+00 0.000000E+00 0.000000E+00 0.000000E+00 0.000000E+00 0.000000E+00 0.000000E+00 0.000000E+00 0.000000E+00 0.000000E+00 0.000000E+00 0.000000E+00 0.000000E+00 0.000000E+00 0.000000E+00 0.000000E+00 0.000000E+00 0.000000E+00 0.000000E+00 0.000000E+00 0.000000E+00 0.000000E+00 0.000000E+00 0.000000E+00 0.000000E+00 0.000000E+00 0.000000E+00 0.000000E+00 0.000000E+00 0.000000E+00 0.000000E+00 0.000000E+00 0.000000E+00 0.000000E+00 0.000000E+00 0.000000E+00 0.000000E+00 0.000000E+00 0.000000E+00 0.000000E+00 0.000000E+00 0.000000E+00 0.000000E+00 0.000000E+00 0.000000E+00 0.000000E+00 0.000000E+00 0.000000E+00 0.000000E+00 0.000000E+00 0.000000E+00
 0.430264E+01 0.237216E+01 0.178144E+01 0.145448E+01 0.124560E+01 0.107376E+01 0.950160E+00 0.859120E+00 0.756240E+00 0.695520E+00 0.625360E+00 0.559440E+00 0.523440E+00 0.454720E+00 0.436160E+00 0.404160E+00 0.349840E+00 0.329040E+00 0.300720E+00 0.297920E+00 0.258400E+00 0.244960E+00 0.228960E+00 0.206880E+00 0.192320E+00 0.178880E+00 0.173760E+00 0.160400E+00 0.151040E+00 0.137920E+00 0.126560E+00 0.119360E+00 0.114480E+00 0.103200E+00 0.969600E-01 0.914400E-01 0.855200E-01 0.769600E-01 0.725600E-01 0.729600E-01 0.652800E-01 0.588800E-01 0.574400E-01 0.543200E-01 0.512800E-01 0.476800E-01 0.476000E-01 0.432800E-01 0.380800E-01 0.375200E-01 0.364000E-01 0.328800E-01 0.292800E-01 0.287200E-01 0.256000E-01 0.238400E-01 0.216800E-01 0.216800E-01 0.224800E-01 0.183200E-01 0.182400E-01 0.157600E-01 0.154400E-01 0.148800E-01 0.147200E-01 0.128800E-01 0.992000E-02 0.100000E-01 0.120800E-01 0.107200E-01 0.119200E-01 0.968000E-02 0.832000E-02 0.864000E-02 0.808000E-02 0.624000E-02 0.592000E-02 0.544000E-02 0.544000E-02 0.448000E-02 0.360000E-02 0.416000E-02 0.304000E-02 0.360000E-02 0.352000E-02 0.400000E-02 0.352000E-02 0.272000E-02 0.256000E-02 0.184000E-02 0.192000E-02 0.288000E-02 0.192000E-02 0.160000E-02 0.128000E-02 0.128000E-02 0.168000E-02 0.128000E-02 0.112000E-02 0.112000E-02 0.720000E-03 0.112000E-02 0.720000E-03 0.104000E-02 0.560000E-03 0.880000E-03 0.800000E-03 0.480000E-03 0.320000E-03 0.400000E-03 0.880000E-03 0.800000E-03 0.400000E-03 0.320000E-03 0.240000E-03 0.400000E-03 0.240000E-03 0.800000E-04 0.800000E-04 0.320000E-03 0.800000E-04 0.160000E-03 0.000000E+00 0.240000E-03 0.240000E-03 0.320000E-03 0.800000E-04 0.000000E+00 0.800000E-04 0.240000E-03 0.000000E+00 0.800000E-04 0.800000E-04 0.000000E+00 0.000000E+00 0.000000E+00 0.000000E+00 0.000000E+00 0.000000E+00 0.800000E-04 0.000000E+00 0.000000E+00 0.000000E+00 0.000000E+00 0.000000E+00 0.800000E-04 0.000000E+00 0.800000E-04 0.800000E-04 0.000000E+00 0.000000E+00 0.000000E+00 0.000000E+00 0.000000E+00 0.000000E+00 0.000000E+00 0.000000E+00 0.000000E+00 0.000000E+00 0.000000E+00 0.000000E+00 0.000000E+00 0.000000E+00 0.000000E+00 0.000000E+00 0.000000E+00 0.000000E+00 0.000000E+00 0.000000E+00 0.000000E+00 0.000000E+00 0.000000E+00 0.000000E+00 0.000000E+00 0.000000E+00 0.000000E+00 0.000000E+00 0.000000E+00 0.000000E+00 0.000000E+00 0.000000E+00 0.000000E+00 0.000000E+00 0.000000E+00 0.000000E+00 0.000000E+00 0.000000E+00 0.000000E+00 0.000000E+00 0.000000E+00 0.000000E+00 0.000000E+00 0.000000E+00 0.000000E+00 0.000000E+00 0.000000E+00 0.000000E+00 0.000000E+00 0.000000E+00 0.000000E+00
 0.429424E+01 0.239848E+01 0.178736E+01 0.147992E+01 0.124760E+01 0.108776E+01 0.960880E+00 0.846560E+00 0.766400E+00 0.672400E+00 0.607760E+00 0.562240E+00 0.519040E+00 0.468080E+00 0.425360E+00 0.398240E+00 0.370160E+00 0.337280E+00 0.313920E+00 0.280240E+00 0.268960E+00 0.246400E+00 0.232640E+00 0.202880E+00 0.197280E+00 0.189200E+00 0.170640E+00 0.153600E+00 0.142720E+00 0.134960E+00 0.130880E+00 0.119440E+00 0.110000E+00 0.108080E+00 0.984800E-01 0.898400E-01 0.879200E-01 0.740800E-01 0.724000E-01 0.675200E-01 0.676000E-01 0.646400E-01 0.560800E-01 0.552000E-01 0.510400E-01 0.456800E-01 0.398400E-01 0.386400E-01 0.421600E-01 0.351200E-01 0.357600E-01 0.334400E-01 0.317600E-01 0.288800E-01 0.269600E-01 0.256800E-01 0.236800E-01 0.216800E-01 0.182400E-01 0.185600E-01 0.200000E-01 0.184000E-01 0.189600E-01 0.142400E-01 0.148800E-01 0.132800E-01 0.120000E-01 0.110400E-01 0.102400E-01 0.952000E-02 0.920000E-02 0.872000E-02 0.840000E-02 0.784000E-02 0.744000E-02 0.720000E-02 0.704000E-02 0.784000E-02 0.624000E-02 0.376000E-02 0.464000E-02 0.512000E-02 0.384000E-02 0.352000E-02 0.464000E-02 0.296000E-02 0.344000E-02 0.272000E-02 0.296000E-02 0.264000E-02 0.216000E-02 0.176000E-02 0.144000E-02 0.160000E-02 0.160000E-02 0.136000E-02 0.176000E-02 0.136000E-02 0.176000E-02 0.144000E-02 0.120000E-02 0.640000E-03 0.144000E-02 0.880000E-03 0.640000E-03 0.640000E-03 0.720000E-03 0.400000E-03 0.640000E-03 0.320000E-03 0.400000E-03 0.400000E-03 0.720000E-03 0.240000E-03 0.320000E-03 0.560000E-03 0.480000E-03 0.240000E-03 0.320000E-03 0.240000E-03 0.800000E-04 0.240000E-03 0.320000E-03 0.800000E-04 0.240000E-03 0.800000E-04 0.000000E+00 0.240000E-03 0.000000E+00 0.800000E-04 0.000000E+00 0.000000E+00 0.800000E-04 0.000000E+00 0.800000E-04 0.800000E-04 0.000000E+00 0.000000E+00 0.000000E+00 0.000000E+00 0.000000E+00 0.160000E-03 0.000000E+00 0.000000E+00 0.800000E-04 0.800000E-04 0.000000E+00 0.000000E+00 0.000000E+00 0.000000E+00 0.000000E+00 0.000000E+00 0.000000E+00 0.000000E+00 0.000000E+00 0.000000E+00 0.000000E+00 0.000000E+00 0.000000E+00 0.000000E+00 0.000000E+00 0.000000E+00 0.000000E+00 0.000000E+00 0.000000E+00 0.000000E+00 0.000000E+00 0.000000E+00 0.000000E+00 0.000000E+00 0.000000E+00 0.000000E+00 0.000000E+00 0.000000E+00 0.000000E+00 0.000000E+00 0.000000E+00 0.000000E+00 0.000000E+00 0.000000E+00 0.000000E+00 0.000000E+00 0.000000E+00 0.000000E+00 0.000000E+00 0.000000E+00 0.000000E+00 0.000000E+00 0.000000E+00 0.000000E+00 0.000000E+00 0.000000E+00 0.000000E+00 0.000000E+00 0.000000E+00 0.000000E+00 0.000000E+00 0.000000E+00 0.000000E+00 0.000000E+00
 0.522560E+00 0.229120E+00 0.137600E+00 0.988000E-01 0.784000E-01 0.605600E-01 0.454400E-01 0.364800E-01 0.303200E-01 0.245600E-01 0.231200E-01 0.212800E-01 0.169600E-01 0.140800E-01 0.109600E-01 0.119200E-01 0.880000E-02 0.888000E-02 0.600000E-02 0.568000E-02 0.512000E-02 0.528000E-02 0.520000E-02 0.568000E-02 0.432000E-02 0.304000E-02 0.336000E-02 0.376000E-02 0.336000E-02 0.208000E-02 0.264000E-02 0.248000E-02 0.272000E-02 0.208000E-02 0.128000E-02 0.192000E-02 0.144000E-02 0.184000E-02 0.184000E-02 0.136000E-02 0.112000E-02 0.160000E-02 0.112000E-02 0.184000E-02 0.128000E-02 0.144000E-02 0.128000E-02 0.128000E-02 0.800000E-03 0.880000E-03 0.112000E-02 0.720000E-03 0.640000E-03 0.720000E-03 0.480000E-03 0.480000E-03 0.560000E-03 0.720000E-03 0.720000E-03 0.880000E-03 0.880000E-03 0.720000E-03 0.320000E-03 0.480000E-03 0.320000E-03 0.400000E-03 0.480000E-03 0.400000E-03 0.320000E-03 0.240000E-03 0.160000E-03 0.320000E-03 0.560000E-03 0.800000E-04 0.800000E-04 0.000000E+00 0.160000E-03 0.240000E-03 0.800000E-04 0.240000E-03 0.320000E-03 0.320000E-03 0.240000E-03 0.800000E-04 0.800000E-04 0.160000E-03 0.160000E-03 0.160000E-03 0.800000E-04 0.000000E+00 0.000000E+00 0.160000E-03 0.800000E-04 0.800000E-04 0.240000E-03 0.240000E-03 0.800000E-04 0.160000E-03 0.800000E-04 0.000000E+00 0.000000E+00 0.000000E+00 0.800000E-04 0.000000E+00 0.000000E+00 0.800000E-04 0.000000E+00 0.000000E+00 0.000000E+00 0.000000E+00 0.000000E+00 0.000000E+00 0.800000E-04 0.000000E+00 0.000000E+00 0.000000E+00 0.000000E+00 0.000000E+00 0.000000E+00 0.000000E+00 0.000000E+00 0.000000E+00 0.000000E+00 0.000000E+00 0.000000E+00 0.000000E+00 0.000000E+00 0.000000E+00 0.800000E-04 0.000000E+00 0.000000E+00 0.000000E+00 0.000000E+00 0.000000E+00 0.000000E+00 0.000000E+00 0.000000E+00 0.000000E+00 0.000000E+00 0.000000E+00 0.000000E+00 0.000000E+00 0.000000E+00 0.000000E+00 0.000000E+00 0.000000E+00 0.000000E+00 0.000000E+00 0.000000E+00 0.000000E+00 0.000000E+00 0.000000E+00 0.000000E+00 0.000000E+00 0.000000E+00 0.000000E+00 0.800000E-04 0.000000E+00 0.000000E+00 0.000000E+00 0.000000E+00 0.000000E+00 0.000000E+00 0.000000E+00 0.000000E+00 0.000000E+00 0.000000E+00 0.000000E+00 0.000000E+00 0.000000E+00 0.000000E+00 0.000000E+00 0.000000E+00 0.000000E+00 0.000000E+00 0.000000E+00 0.000000E+00 0.000000E+00 0.000000E+00 0.000000E+00 0.000000E+00 0.000000E+00 0.000000E+00 0.000000E+00 0.000000E+00 0.000000E+00 0.000000E+00 0.000000E+00 0.000000E+00 0.000000E+00 0.000000E+00 0.000000E+00 0.000000E+00 0.000000E+00 0.000000E+00 0.000000E+00 0.000000E+00 0.000000E+00 0.000000E+00 0.000000E+00
 0.529520E+00 0.228960E+00 0.136800E+00 0.968000E-01 0.776000E-01 0.571200E-01 0.446400E-01 0.396800E-01 0.338400E-01 0.244800E-01 0.216800E-01 0.196800E-01 0.149600E-01 0.145600E-01 0.125600E-01 0.104800E-01 0.872000E-02 0.888000E-02 0.760000E-02 0.656000E-02 0.488000E-02 0.512000E-02 0.504000E-02 0.408000E-02 0.552000E-02 0.424000E-02 0.344000E-02 0.304000E-02 0.248000E-02 0.296000E-02 0.272000E-02 0.272000E-02 0.200000E-02 0.168000E-02 0.184000E-02 0.168000E-02 0.168000E-02 0.184000E-02 0.184000E-02 0.168000E-02 0.136000E-02 0.880000E-03 0.880000E-03 0.112000E-02 0.960000E-03 0.152000E-02 0.136000E-02 0.880000E-03 0.640000E-03 0.104000E-02 0.144000E-02 0.480000E-03 0.104000E-02 0.400000E-03 0.480000E-03 0.800000E-03 0.400000E-03 0.640000E-03 0.480000E-03 0.240000E-03 0.480000E-03 0.480000E-03 0.320000E-03 0.480000E-03 0.320000E-03 0.640000E-03 0.640000E-03 0.400000E-03 0.320000E-03 0.720000E-03 0.800000E-04 0.320000E-03 0.320000E-03 0.800000E-04 0.800000E-04 0.240000E-03 0.160000E-03 0.160000E-03 0.800000E-04 0.320000E-03 0.800000E-04 0.160000E-03 0.160000E-03 0.000000E+00 0.160000E-03 0.800000E-04 0.800000E-04 0.800000E-04 0.160000E-03 0.000000E+00 0.160000E-03 0.160000E-03 0.000000E+00 0.160000E-03 0.240000E-03 0.000000E+00 0.000000E+00 0.800000E-04 0.000000E+00 0.800000E-04 0.160000E-03 0.000000E+00 0.000000E+00 0.000000E+00 0.000000E+00 0.000000E+00 0.800000E-04 0.000000E+00 0.000000E+00 0.000000E+00 0.000000E+00 0.000000E+00 0.800000E-04 0.000000E+00 0.000000E+00 0.800000E-04 0.000000E+00 0.000000E+00 0.000000E+00 0.000000E+00 0.800000E-04 0.000000E+00 0.000000E+00 0.000000E+00 0.000000E+00 0.000000E+00 0.000000E+00 0.000000E+00 0.000000E+00 0.000000E+00 0.000000E+00 0.000000E+00 0.000000E+00 0.000000E+00 0.000000E+00 0.000000E+00 0.000000E+00 0.000000E+00 0.000000E+00 0.000000E+00 0.000000E+00 0.000000E+00 0.000000E+00 0.000000E+00 0.000000E+00 0.000000E+00 0.000000E+00 0.000000E+00 0.000000E+00 0.000000E+00 0.000000E+00 0.000000E+00 0.000000E+00 0.000000E+00 0.000000E+00 0.000000E+00 0.000000E+00 0.000000E+00 0.000000E+00 0.000000E+00 0.000000E+00 0.000000E+00 0.000000E+00 0.000000E+00 0.000000E+00 0.000000E+00 0.000000E+00 0.000000E+00 0.000000E+00 0.000000E+00 0.000000E+00 0.000000E+00 0.000000E+00 0.000000E+00 0.000000E+00 0.000000E+00 0.000000E+00 0.000000E+00 0.000000E+00 0.000000E+00 0.000000E+00 0.000000E+00 0.000000E+00 0.000000E+00 0.000000E+00 0.000000E+00 0.000000E+00 0.000000E+00 0.000000E+00 0.000000E+00 0.000000E+00 0.000000E+00 0.000000E+00 0.000000E+00 0.000000E+00 0.000000E+00 0.000000E+00 0.000000E+00 0.000000E+00 0.000000E+00
