### Run with WimpAnn version = wimpann-2.08                            
###   Using Pythia version   = Pythia 6.400    
###   Using nusigma version  = nusigma-1.15-pyr                        
###   Using DarkSUSY version = ds-4.1.6                                
###   WimpAnn run started at date 2007-09-12; time 05:01:15
### Neutrino oscillation parameters
#      theta_12 =  0.00000000E+00
#      theta_13 =  0.00000000E+00
#      theta_23 =  0.00000000E+00
#         delta =  0.00000000E+00
#  delta_m^2_21 =  0.81000000E-04
#  delta_m^2_31 =  0.22000000E-02
### WimpAnn run parameters
#  Annihilation channel =         4
#  Generated particles =  tau-             tau+            
#  WIMP mass =  0.80300000E+02
#  Number of annihilations =   2500000
#  Source = Sun
#...dPhi/dz in  200 bins from 0 to 1
#...Line  1- 6: flux at centre of Sun for neutrino 1-6
#...Line  7-12: flux at surface of Sun for neutrino 1-6
#...Line 13-18: flux at 1 AU from the Sun for neutrino 1-6
#...Line 19-24: flux at surface of Sun for secondary neutrino 1-6
#...Line 25-30: flux at 1 AU from the Sun for secondary neutrino 1-6
 0.350320E+00 0.367600E+00 0.366480E+00 0.373280E+00 0.362080E+00 0.365520E+00 0.357040E+00 0.362560E+00 0.356880E+00 0.370160E+00 0.363120E+00 0.364560E+00 0.354240E+00 0.365840E+00 0.350800E+00 0.361520E+00 0.363760E+00 0.348960E+00 0.357600E+00 0.349840E+00 0.351280E+00 0.346480E+00 0.343680E+00 0.353200E+00 0.346960E+00 0.350880E+00 0.344800E+00 0.346560E+00 0.344640E+00 0.352960E+00 0.336000E+00 0.343520E+00 0.337360E+00 0.333600E+00 0.331920E+00 0.331920E+00 0.331360E+00 0.323040E+00 0.326960E+00 0.319040E+00 0.322000E+00 0.312720E+00 0.302000E+00 0.313520E+00 0.312240E+00 0.316240E+00 0.316640E+00 0.307440E+00 0.303600E+00 0.296800E+00 0.305120E+00 0.294320E+00 0.284480E+00 0.299600E+00 0.296240E+00 0.289280E+00 0.282800E+00 0.291280E+00 0.283360E+00 0.278320E+00 0.281200E+00 0.274800E+00 0.281040E+00 0.271120E+00 0.268000E+00 0.257120E+00 0.257840E+00 0.257920E+00 0.266240E+00 0.263440E+00 0.251920E+00 0.246320E+00 0.249120E+00 0.248960E+00 0.240800E+00 0.237200E+00 0.239440E+00 0.242480E+00 0.230000E+00 0.234400E+00 0.229520E+00 0.226720E+00 0.230960E+00 0.223520E+00 0.207680E+00 0.211120E+00 0.208560E+00 0.209040E+00 0.205680E+00 0.204640E+00 0.200800E+00 0.199200E+00 0.193200E+00 0.193520E+00 0.193840E+00 0.188480E+00 0.184720E+00 0.186640E+00 0.183360E+00 0.174000E+00 0.174880E+00 0.173760E+00 0.177440E+00 0.161920E+00 0.169920E+00 0.162960E+00 0.162000E+00 0.151200E+00 0.148320E+00 0.147440E+00 0.150320E+00 0.147520E+00 0.145200E+00 0.140160E+00 0.133040E+00 0.128320E+00 0.135920E+00 0.131680E+00 0.124720E+00 0.130480E+00 0.122160E+00 0.120480E+00 0.122160E+00 0.113040E+00 0.109200E+00 0.110080E+00 0.107280E+00 0.102000E+00 0.100000E+00 0.943200E-01 0.948000E-01 0.937600E-01 0.909600E-01 0.856000E-01 0.903200E-01 0.816800E-01 0.834400E-01 0.863200E-01 0.752000E-01 0.769600E-01 0.752800E-01 0.700000E-01 0.702400E-01 0.662400E-01 0.632800E-01 0.631200E-01 0.614400E-01 0.611200E-01 0.540000E-01 0.564800E-01 0.541600E-01 0.489600E-01 0.474400E-01 0.426400E-01 0.421600E-01 0.426400E-01 0.407200E-01 0.417600E-01 0.383200E-01 0.368800E-01 0.336000E-01 0.343200E-01 0.292000E-01 0.292000E-01 0.277600E-01 0.243200E-01 0.216800E-01 0.240000E-01 0.251200E-01 0.216000E-01 0.222400E-01 0.178400E-01 0.140000E-01 0.144800E-01 0.148800E-01 0.121600E-01 0.119200E-01 0.129600E-01 0.127200E-01 0.904000E-02 0.800000E-02 0.760000E-02 0.688000E-02 0.672000E-02 0.600000E-02 0.496000E-02 0.400000E-02 0.408000E-02 0.448000E-02 0.192000E-02 0.144000E-02 0.136000E-02 0.144000E-02 0.152000E-02 0.880000E-03 0.480000E-03 0.320000E-03 0.400000E-03 0.800000E-04 0.000000E+00
 0.356640E+00 0.369600E+00 0.367200E+00 0.366800E+00 0.367760E+00 0.369040E+00 0.355840E+00 0.359920E+00 0.351120E+00 0.361280E+00 0.367760E+00 0.350720E+00 0.366240E+00 0.351840E+00 0.350720E+00 0.361520E+00 0.367360E+00 0.347440E+00 0.348480E+00 0.349360E+00 0.350160E+00 0.355600E+00 0.361920E+00 0.351680E+00 0.345920E+00 0.349920E+00 0.345360E+00 0.342080E+00 0.341360E+00 0.335280E+00 0.327360E+00 0.334960E+00 0.350240E+00 0.328560E+00 0.326320E+00 0.328480E+00 0.327200E+00 0.332560E+00 0.327520E+00 0.323840E+00 0.319440E+00 0.317040E+00 0.324000E+00 0.320240E+00 0.311520E+00 0.308240E+00 0.300880E+00 0.302720E+00 0.310720E+00 0.302320E+00 0.303440E+00 0.294080E+00 0.292240E+00 0.297200E+00 0.292240E+00 0.290640E+00 0.287520E+00 0.290400E+00 0.286080E+00 0.273840E+00 0.275680E+00 0.280880E+00 0.279200E+00 0.269760E+00 0.269360E+00 0.261120E+00 0.257760E+00 0.259040E+00 0.255200E+00 0.257680E+00 0.253040E+00 0.256480E+00 0.250800E+00 0.255440E+00 0.245440E+00 0.246160E+00 0.245280E+00 0.237200E+00 0.232480E+00 0.221520E+00 0.225760E+00 0.224080E+00 0.220720E+00 0.218720E+00 0.219200E+00 0.210720E+00 0.212160E+00 0.214960E+00 0.204000E+00 0.204000E+00 0.197600E+00 0.196000E+00 0.200880E+00 0.192800E+00 0.187840E+00 0.192080E+00 0.187120E+00 0.179360E+00 0.176800E+00 0.181360E+00 0.176640E+00 0.170320E+00 0.173200E+00 0.164400E+00 0.157920E+00 0.157920E+00 0.162560E+00 0.158640E+00 0.155520E+00 0.158880E+00 0.145040E+00 0.140160E+00 0.143600E+00 0.140000E+00 0.133280E+00 0.133360E+00 0.135600E+00 0.126000E+00 0.124400E+00 0.122960E+00 0.119360E+00 0.114480E+00 0.119600E+00 0.113360E+00 0.111920E+00 0.107520E+00 0.104720E+00 0.104640E+00 0.974400E-01 0.993600E-01 0.988800E-01 0.945600E-01 0.881600E-01 0.919200E-01 0.871200E-01 0.819200E-01 0.808000E-01 0.788000E-01 0.772800E-01 0.765600E-01 0.692800E-01 0.692800E-01 0.697600E-01 0.637600E-01 0.659200E-01 0.676000E-01 0.613600E-01 0.548800E-01 0.585600E-01 0.548800E-01 0.536800E-01 0.496000E-01 0.507200E-01 0.484800E-01 0.504000E-01 0.448000E-01 0.420000E-01 0.359200E-01 0.408000E-01 0.364800E-01 0.332000E-01 0.362400E-01 0.292800E-01 0.281600E-01 0.277600E-01 0.318400E-01 0.227200E-01 0.233600E-01 0.212800E-01 0.231200E-01 0.207200E-01 0.169600E-01 0.177600E-01 0.147200E-01 0.144800E-01 0.149600E-01 0.131200E-01 0.126400E-01 0.104800E-01 0.100000E-01 0.864000E-02 0.720000E-02 0.688000E-02 0.528000E-02 0.648000E-02 0.592000E-02 0.520000E-02 0.384000E-02 0.312000E-02 0.304000E-02 0.216000E-02 0.184000E-02 0.152000E-02 0.128000E-02 0.880000E-03 0.104000E-02 0.480000E-03 0.800000E-04 0.000000E+00 0.000000E+00
 0.351440E+00 0.372160E+00 0.357680E+00 0.362080E+00 0.366000E+00 0.363200E+00 0.354080E+00 0.358160E+00 0.355200E+00 0.346880E+00 0.358640E+00 0.338640E+00 0.348480E+00 0.351040E+00 0.354960E+00 0.341360E+00 0.339840E+00 0.336240E+00 0.341360E+00 0.335680E+00 0.340480E+00 0.338400E+00 0.339760E+00 0.337760E+00 0.332880E+00 0.338160E+00 0.335440E+00 0.339040E+00 0.329440E+00 0.344560E+00 0.329440E+00 0.337280E+00 0.318560E+00 0.328240E+00 0.328640E+00 0.316560E+00 0.326560E+00 0.320800E+00 0.316560E+00 0.315280E+00 0.311840E+00 0.305120E+00 0.303360E+00 0.303120E+00 0.301440E+00 0.310800E+00 0.303040E+00 0.302080E+00 0.299360E+00 0.291360E+00 0.291360E+00 0.295040E+00 0.295360E+00 0.279040E+00 0.295200E+00 0.280400E+00 0.278960E+00 0.273680E+00 0.276000E+00 0.266880E+00 0.266960E+00 0.266960E+00 0.262560E+00 0.264800E+00 0.265040E+00 0.262480E+00 0.264400E+00 0.257440E+00 0.257440E+00 0.251280E+00 0.247680E+00 0.244480E+00 0.238880E+00 0.234160E+00 0.231920E+00 0.233840E+00 0.227760E+00 0.227520E+00 0.222560E+00 0.227040E+00 0.225680E+00 0.219760E+00 0.221840E+00 0.219040E+00 0.205680E+00 0.206720E+00 0.202400E+00 0.204800E+00 0.199040E+00 0.191840E+00 0.191520E+00 0.188880E+00 0.189200E+00 0.187520E+00 0.185360E+00 0.184560E+00 0.181120E+00 0.173760E+00 0.179840E+00 0.172960E+00 0.165600E+00 0.164720E+00 0.161360E+00 0.162400E+00 0.160080E+00 0.150080E+00 0.154480E+00 0.149120E+00 0.150000E+00 0.152800E+00 0.147600E+00 0.144720E+00 0.141360E+00 0.133120E+00 0.134560E+00 0.129280E+00 0.130400E+00 0.126560E+00 0.123120E+00 0.122720E+00 0.118080E+00 0.115680E+00 0.114320E+00 0.109040E+00 0.106880E+00 0.104080E+00 0.102640E+00 0.101360E+00 0.964800E-01 0.935200E-01 0.939200E-01 0.920000E-01 0.865600E-01 0.872800E-01 0.830400E-01 0.806400E-01 0.740000E-01 0.767200E-01 0.768800E-01 0.704000E-01 0.687200E-01 0.684000E-01 0.630400E-01 0.668800E-01 0.625600E-01 0.610400E-01 0.603200E-01 0.530400E-01 0.468800E-01 0.507200E-01 0.506400E-01 0.475200E-01 0.470400E-01 0.405600E-01 0.406400E-01 0.460000E-01 0.372000E-01 0.384000E-01 0.332000E-01 0.308000E-01 0.321600E-01 0.323200E-01 0.273600E-01 0.285600E-01 0.256000E-01 0.236000E-01 0.229600E-01 0.206400E-01 0.200800E-01 0.178400E-01 0.192000E-01 0.167200E-01 0.140800E-01 0.148000E-01 0.129600E-01 0.147200E-01 0.117600E-01 0.115200E-01 0.936000E-02 0.968000E-02 0.824000E-02 0.712000E-02 0.584000E-02 0.608000E-02 0.576000E-02 0.320000E-02 0.368000E-02 0.256000E-02 0.240000E-02 0.256000E-02 0.176000E-02 0.960000E-03 0.800000E-03 0.560000E-03 0.560000E-03 0.240000E-03 0.800000E-04 0.000000E+00 0.000000E+00 0.000000E+00
 0.346000E+00 0.362240E+00 0.360000E+00 0.360240E+00 0.358560E+00 0.353840E+00 0.361440E+00 0.363280E+00 0.356880E+00 0.355520E+00 0.354000E+00 0.355760E+00 0.343280E+00 0.359600E+00 0.348000E+00 0.358240E+00 0.352560E+00 0.348480E+00 0.335680E+00 0.339040E+00 0.352000E+00 0.347200E+00 0.344480E+00 0.334400E+00 0.327280E+00 0.331760E+00 0.333040E+00 0.331920E+00 0.334960E+00 0.321520E+00 0.329200E+00 0.320400E+00 0.333440E+00 0.324880E+00 0.323520E+00 0.330880E+00 0.312240E+00 0.314640E+00 0.316720E+00 0.319360E+00 0.315920E+00 0.322160E+00 0.314640E+00 0.308000E+00 0.313360E+00 0.307360E+00 0.305440E+00 0.292560E+00 0.299360E+00 0.298960E+00 0.278560E+00 0.286480E+00 0.289200E+00 0.283840E+00 0.282800E+00 0.282160E+00 0.277520E+00 0.282960E+00 0.276160E+00 0.267200E+00 0.278400E+00 0.265920E+00 0.264640E+00 0.266960E+00 0.261520E+00 0.259920E+00 0.268720E+00 0.260880E+00 0.250640E+00 0.243760E+00 0.239280E+00 0.244720E+00 0.244720E+00 0.240720E+00 0.243840E+00 0.238320E+00 0.224560E+00 0.232640E+00 0.225520E+00 0.222880E+00 0.220160E+00 0.218080E+00 0.206640E+00 0.213040E+00 0.210800E+00 0.207280E+00 0.208320E+00 0.204640E+00 0.206640E+00 0.196720E+00 0.200880E+00 0.194080E+00 0.197520E+00 0.177760E+00 0.184560E+00 0.182480E+00 0.182320E+00 0.178400E+00 0.178000E+00 0.172000E+00 0.163440E+00 0.169840E+00 0.164640E+00 0.162960E+00 0.161360E+00 0.163600E+00 0.150240E+00 0.154080E+00 0.148960E+00 0.148320E+00 0.151520E+00 0.141040E+00 0.144000E+00 0.138880E+00 0.135280E+00 0.128800E+00 0.127520E+00 0.122000E+00 0.125200E+00 0.121200E+00 0.116560E+00 0.115440E+00 0.110000E+00 0.111280E+00 0.102800E+00 0.103920E+00 0.102640E+00 0.102880E+00 0.100480E+00 0.927200E-01 0.949600E-01 0.867200E-01 0.876000E-01 0.848000E-01 0.840800E-01 0.832800E-01 0.796000E-01 0.735200E-01 0.748800E-01 0.734400E-01 0.692800E-01 0.674400E-01 0.621600E-01 0.619200E-01 0.649600E-01 0.571200E-01 0.594400E-01 0.612800E-01 0.520800E-01 0.514400E-01 0.512000E-01 0.470400E-01 0.460800E-01 0.466400E-01 0.429600E-01 0.394400E-01 0.340800E-01 0.344800E-01 0.323200E-01 0.347200E-01 0.315200E-01 0.316800E-01 0.287200E-01 0.309600E-01 0.268800E-01 0.251200E-01 0.209600E-01 0.224000E-01 0.191200E-01 0.196000E-01 0.188000E-01 0.157600E-01 0.142400E-01 0.155200E-01 0.132800E-01 0.110400E-01 0.104800E-01 0.108000E-01 0.105600E-01 0.848000E-02 0.944000E-02 0.760000E-02 0.688000E-02 0.408000E-02 0.456000E-02 0.496000E-02 0.336000E-02 0.264000E-02 0.320000E-02 0.232000E-02 0.112000E-02 0.128000E-02 0.880000E-03 0.120000E-02 0.240000E-03 0.320000E-03 0.800000E-04 0.000000E+00 0.000000E+00 0.000000E+00
 0.194632E+01 0.188552E+01 0.189568E+01 0.188024E+01 0.186136E+01 0.184712E+01 0.187112E+01 0.183544E+01 0.183128E+01 0.183104E+01 0.179256E+01 0.180912E+01 0.179888E+01 0.179800E+01 0.179968E+01 0.176808E+01 0.174424E+01 0.176680E+01 0.173296E+01 0.174552E+01 0.175136E+01 0.172376E+01 0.173800E+01 0.171672E+01 0.170256E+01 0.170528E+01 0.168944E+01 0.168264E+01 0.167928E+01 0.165992E+01 0.167328E+01 0.164120E+01 0.164664E+01 0.163376E+01 0.163864E+01 0.161680E+01 0.160608E+01 0.159792E+01 0.158656E+01 0.158056E+01 0.155048E+01 0.156296E+01 0.153632E+01 0.155304E+01 0.152288E+01 0.151168E+01 0.150560E+01 0.151240E+01 0.149040E+01 0.147920E+01 0.147208E+01 0.147432E+01 0.147160E+01 0.143936E+01 0.146368E+01 0.141256E+01 0.142568E+01 0.141400E+01 0.140880E+01 0.139840E+01 0.138416E+01 0.136192E+01 0.136160E+01 0.134720E+01 0.134464E+01 0.132392E+01 0.131848E+01 0.130744E+01 0.130928E+01 0.129136E+01 0.127872E+01 0.128080E+01 0.127224E+01 0.127648E+01 0.123456E+01 0.123392E+01 0.124352E+01 0.120136E+01 0.120680E+01 0.120080E+01 0.117312E+01 0.117840E+01 0.116528E+01 0.116480E+01 0.114080E+01 0.113344E+01 0.111152E+01 0.109584E+01 0.109736E+01 0.111080E+01 0.110728E+01 0.109520E+01 0.107024E+01 0.106880E+01 0.106112E+01 0.102880E+01 0.104976E+01 0.102256E+01 0.101000E+01 0.100168E+01 0.992640E+00 0.992640E+00 0.967040E+00 0.960400E+00 0.956160E+00 0.943520E+00 0.931600E+00 0.917760E+00 0.935200E+00 0.909120E+00 0.901920E+00 0.899840E+00 0.892960E+00 0.878480E+00 0.863760E+00 0.855760E+00 0.848560E+00 0.840800E+00 0.844880E+00 0.824160E+00 0.830000E+00 0.811200E+00 0.800880E+00 0.803440E+00 0.779840E+00 0.780960E+00 0.773440E+00 0.772400E+00 0.751040E+00 0.738080E+00 0.741360E+00 0.729280E+00 0.720640E+00 0.725360E+00 0.710880E+00 0.699200E+00 0.697520E+00 0.673600E+00 0.674560E+00 0.660320E+00 0.654400E+00 0.642160E+00 0.652320E+00 0.641600E+00 0.624240E+00 0.619200E+00 0.604960E+00 0.587280E+00 0.587920E+00 0.561840E+00 0.574560E+00 0.557520E+00 0.538640E+00 0.527920E+00 0.522480E+00 0.510000E+00 0.503520E+00 0.494400E+00 0.470000E+00 0.466880E+00 0.426320E+00 0.413600E+00 0.384560E+00 0.379600E+00 0.359520E+00 0.342880E+00 0.325600E+00 0.307920E+00 0.297760E+00 0.286800E+00 0.269440E+00 0.263680E+00 0.250000E+00 0.253840E+00 0.232800E+00 0.240000E+00 0.221120E+00 0.218960E+00 0.204800E+00 0.199680E+00 0.194880E+00 0.192800E+00 0.185920E+00 0.186320E+00 0.168400E+00 0.163280E+00 0.157280E+00 0.149600E+00 0.146160E+00 0.142560E+00 0.143600E+00 0.133280E+00 0.129280E+00 0.128800E+00 0.117360E+00 0.122640E+00 0.116400E+00 0.112400E+00 0.736800E-01 0.640000E-03
 0.194080E+01 0.191520E+01 0.190840E+01 0.190200E+01 0.185200E+01 0.186936E+01 0.187112E+01 0.181792E+01 0.182992E+01 0.181288E+01 0.181936E+01 0.181960E+01 0.179000E+01 0.180120E+01 0.179376E+01 0.181328E+01 0.178384E+01 0.175752E+01 0.174480E+01 0.175088E+01 0.174504E+01 0.173896E+01 0.172096E+01 0.170840E+01 0.172184E+01 0.169896E+01 0.170176E+01 0.169016E+01 0.167088E+01 0.164688E+01 0.167088E+01 0.164240E+01 0.163440E+01 0.162960E+01 0.160352E+01 0.159328E+01 0.159744E+01 0.159520E+01 0.160136E+01 0.156424E+01 0.157304E+01 0.154688E+01 0.154536E+01 0.154296E+01 0.151520E+01 0.151592E+01 0.152544E+01 0.149544E+01 0.147672E+01 0.148752E+01 0.147952E+01 0.147128E+01 0.144160E+01 0.144360E+01 0.143992E+01 0.143448E+01 0.140272E+01 0.141432E+01 0.141224E+01 0.137280E+01 0.138592E+01 0.138184E+01 0.136192E+01 0.135320E+01 0.132848E+01 0.133344E+01 0.131864E+01 0.128480E+01 0.130504E+01 0.128760E+01 0.128632E+01 0.125704E+01 0.127408E+01 0.125600E+01 0.124728E+01 0.123648E+01 0.122944E+01 0.120840E+01 0.119600E+01 0.119352E+01 0.121000E+01 0.119336E+01 0.117624E+01 0.114936E+01 0.114392E+01 0.113704E+01 0.112152E+01 0.112200E+01 0.109072E+01 0.108096E+01 0.110176E+01 0.106872E+01 0.107448E+01 0.106488E+01 0.105888E+01 0.105248E+01 0.102424E+01 0.103648E+01 0.101360E+01 0.100112E+01 0.997840E+00 0.973280E+00 0.974640E+00 0.975360E+00 0.957600E+00 0.956320E+00 0.930640E+00 0.918320E+00 0.937840E+00 0.932400E+00 0.906160E+00 0.888560E+00 0.904000E+00 0.883200E+00 0.870800E+00 0.858560E+00 0.852880E+00 0.849520E+00 0.830320E+00 0.837200E+00 0.832800E+00 0.816880E+00 0.801520E+00 0.785840E+00 0.778080E+00 0.777600E+00 0.769120E+00 0.771120E+00 0.753920E+00 0.749120E+00 0.733440E+00 0.740240E+00 0.716160E+00 0.706480E+00 0.686080E+00 0.699360E+00 0.691120E+00 0.700640E+00 0.676080E+00 0.650960E+00 0.661520E+00 0.644720E+00 0.648960E+00 0.633920E+00 0.621920E+00 0.600800E+00 0.616480E+00 0.598080E+00 0.582400E+00 0.575760E+00 0.555120E+00 0.559520E+00 0.541280E+00 0.535520E+00 0.525680E+00 0.513360E+00 0.485920E+00 0.487440E+00 0.465840E+00 0.446400E+00 0.435440E+00 0.404960E+00 0.394560E+00 0.387920E+00 0.352720E+00 0.348400E+00 0.337760E+00 0.307040E+00 0.300800E+00 0.287440E+00 0.276320E+00 0.266880E+00 0.248880E+00 0.243760E+00 0.234320E+00 0.223440E+00 0.223200E+00 0.228000E+00 0.205280E+00 0.204080E+00 0.198480E+00 0.192000E+00 0.177920E+00 0.183280E+00 0.172960E+00 0.161280E+00 0.151920E+00 0.153120E+00 0.149920E+00 0.152080E+00 0.142000E+00 0.132240E+00 0.131440E+00 0.123120E+00 0.124400E+00 0.114320E+00 0.115200E+00 0.110240E+00 0.756800E-01 0.400000E-03
 0.447120E+00 0.474000E+00 0.469680E+00 0.467360E+00 0.447040E+00 0.442560E+00 0.429920E+00 0.428960E+00 0.425280E+00 0.433760E+00 0.421680E+00 0.419440E+00 0.408240E+00 0.409040E+00 0.396480E+00 0.402320E+00 0.398160E+00 0.384480E+00 0.389920E+00 0.380960E+00 0.376800E+00 0.369600E+00 0.368720E+00 0.371840E+00 0.363760E+00 0.365120E+00 0.359920E+00 0.361120E+00 0.353280E+00 0.358640E+00 0.339600E+00 0.340000E+00 0.338720E+00 0.332240E+00 0.329600E+00 0.330960E+00 0.325840E+00 0.317840E+00 0.316560E+00 0.306080E+00 0.312560E+00 0.299920E+00 0.295120E+00 0.300640E+00 0.298320E+00 0.298320E+00 0.297920E+00 0.288800E+00 0.281520E+00 0.276720E+00 0.279520E+00 0.270880E+00 0.264480E+00 0.277120E+00 0.265600E+00 0.263600E+00 0.258160E+00 0.259360E+00 0.252720E+00 0.249360E+00 0.251200E+00 0.243920E+00 0.245120E+00 0.238480E+00 0.233600E+00 0.222720E+00 0.224800E+00 0.222480E+00 0.233280E+00 0.227600E+00 0.218480E+00 0.211440E+00 0.211440E+00 0.208080E+00 0.203600E+00 0.202880E+00 0.198320E+00 0.202160E+00 0.191120E+00 0.195440E+00 0.193440E+00 0.189040E+00 0.189840E+00 0.184240E+00 0.170240E+00 0.169840E+00 0.169040E+00 0.167280E+00 0.164640E+00 0.162080E+00 0.160640E+00 0.157440E+00 0.154320E+00 0.153200E+00 0.151200E+00 0.149600E+00 0.145120E+00 0.148960E+00 0.143600E+00 0.131600E+00 0.137360E+00 0.135440E+00 0.138480E+00 0.126560E+00 0.131600E+00 0.121440E+00 0.123360E+00 0.113520E+00 0.112560E+00 0.113760E+00 0.111840E+00 0.110960E+00 0.107360E+00 0.101200E+00 0.964800E-01 0.940800E-01 0.992800E-01 0.982400E-01 0.898400E-01 0.932800E-01 0.883200E-01 0.883200E-01 0.873600E-01 0.815200E-01 0.813600E-01 0.801600E-01 0.760000E-01 0.704800E-01 0.685600E-01 0.680000E-01 0.648000E-01 0.656000E-01 0.623200E-01 0.601600E-01 0.622400E-01 0.559200E-01 0.551200E-01 0.592800E-01 0.532800E-01 0.526400E-01 0.492800E-01 0.492000E-01 0.486400E-01 0.448000E-01 0.410400E-01 0.414400E-01 0.417600E-01 0.381600E-01 0.357600E-01 0.374400E-01 0.361600E-01 0.321600E-01 0.330400E-01 0.282400E-01 0.268800E-01 0.272800E-01 0.259200E-01 0.278400E-01 0.240800E-01 0.231200E-01 0.213600E-01 0.212800E-01 0.166400E-01 0.189600E-01 0.183200E-01 0.143200E-01 0.133600E-01 0.152800E-01 0.158400E-01 0.146400E-01 0.134400E-01 0.105600E-01 0.928000E-02 0.848000E-02 0.880000E-02 0.688000E-02 0.696000E-02 0.816000E-02 0.712000E-02 0.440000E-02 0.464000E-02 0.424000E-02 0.424000E-02 0.432000E-02 0.352000E-02 0.248000E-02 0.256000E-02 0.248000E-02 0.288000E-02 0.144000E-02 0.880000E-03 0.800000E-03 0.720000E-03 0.880000E-03 0.400000E-03 0.800000E-04 0.240000E-03 0.400000E-03 0.800000E-04 0.000000E+00
 0.508480E+00 0.563600E+00 0.532160E+00 0.506160E+00 0.486800E+00 0.480800E+00 0.453040E+00 0.451920E+00 0.434800E+00 0.434800E+00 0.440640E+00 0.418960E+00 0.424320E+00 0.409360E+00 0.403600E+00 0.410800E+00 0.410080E+00 0.386640E+00 0.388320E+00 0.388560E+00 0.382720E+00 0.387040E+00 0.390640E+00 0.377520E+00 0.366960E+00 0.371520E+00 0.362560E+00 0.360320E+00 0.354800E+00 0.350560E+00 0.339520E+00 0.346320E+00 0.359040E+00 0.339120E+00 0.334720E+00 0.330880E+00 0.331280E+00 0.334560E+00 0.328000E+00 0.326400E+00 0.318480E+00 0.318320E+00 0.324320E+00 0.317280E+00 0.304080E+00 0.302880E+00 0.296320E+00 0.294960E+00 0.300880E+00 0.295440E+00 0.289600E+00 0.281040E+00 0.282480E+00 0.286480E+00 0.278880E+00 0.277760E+00 0.271280E+00 0.274240E+00 0.270240E+00 0.257040E+00 0.259920E+00 0.262000E+00 0.259920E+00 0.254080E+00 0.252000E+00 0.244320E+00 0.240880E+00 0.240400E+00 0.232720E+00 0.237840E+00 0.231360E+00 0.230080E+00 0.231920E+00 0.231600E+00 0.224960E+00 0.224800E+00 0.217600E+00 0.214320E+00 0.207600E+00 0.196880E+00 0.203200E+00 0.201520E+00 0.197760E+00 0.192560E+00 0.195920E+00 0.184160E+00 0.189680E+00 0.188880E+00 0.180000E+00 0.180320E+00 0.173360E+00 0.173440E+00 0.175120E+00 0.168560E+00 0.165200E+00 0.166080E+00 0.160720E+00 0.152880E+00 0.153040E+00 0.156000E+00 0.153680E+00 0.146880E+00 0.146480E+00 0.142080E+00 0.135120E+00 0.135120E+00 0.140240E+00 0.132720E+00 0.130240E+00 0.134800E+00 0.121760E+00 0.117760E+00 0.119680E+00 0.119520E+00 0.109920E+00 0.107920E+00 0.115360E+00 0.104640E+00 0.102720E+00 0.101760E+00 0.982400E-01 0.910400E-01 0.974400E-01 0.938400E-01 0.919200E-01 0.884800E-01 0.858400E-01 0.838400E-01 0.788800E-01 0.816000E-01 0.821600E-01 0.765600E-01 0.720000E-01 0.731200E-01 0.708000E-01 0.626400E-01 0.641600E-01 0.649600E-01 0.624800E-01 0.603200E-01 0.559200E-01 0.538400E-01 0.556000E-01 0.503200E-01 0.517600E-01 0.522400E-01 0.472800E-01 0.428000E-01 0.450400E-01 0.421600E-01 0.395200E-01 0.388800E-01 0.400000E-01 0.371200E-01 0.395200E-01 0.337600E-01 0.333600E-01 0.285600E-01 0.311200E-01 0.266400E-01 0.251200E-01 0.271200E-01 0.216800E-01 0.215200E-01 0.208000E-01 0.249600E-01 0.165600E-01 0.180000E-01 0.153600E-01 0.168000E-01 0.156800E-01 0.125600E-01 0.133600E-01 0.976000E-02 0.112800E-01 0.110400E-01 0.104000E-01 0.912000E-02 0.808000E-02 0.768000E-02 0.624000E-02 0.504000E-02 0.528000E-02 0.376000E-02 0.464000E-02 0.408000E-02 0.416000E-02 0.328000E-02 0.232000E-02 0.240000E-02 0.168000E-02 0.136000E-02 0.112000E-02 0.720000E-03 0.720000E-03 0.800000E-03 0.320000E-03 0.800000E-04 0.000000E+00 0.000000E+00
 0.447520E+00 0.473920E+00 0.451120E+00 0.451040E+00 0.446000E+00 0.443360E+00 0.428960E+00 0.423200E+00 0.420720E+00 0.406400E+00 0.412240E+00 0.390640E+00 0.395600E+00 0.390800E+00 0.397840E+00 0.376560E+00 0.375600E+00 0.366400E+00 0.371600E+00 0.369920E+00 0.366480E+00 0.365200E+00 0.365280E+00 0.356640E+00 0.351200E+00 0.353920E+00 0.346560E+00 0.351040E+00 0.337840E+00 0.345280E+00 0.337920E+00 0.340080E+00 0.320960E+00 0.328720E+00 0.326240E+00 0.316960E+00 0.319920E+00 0.312640E+00 0.309040E+00 0.306480E+00 0.304800E+00 0.295920E+00 0.290240E+00 0.290320E+00 0.288400E+00 0.293760E+00 0.291920E+00 0.287280E+00 0.284240E+00 0.271280E+00 0.270880E+00 0.272560E+00 0.268880E+00 0.252560E+00 0.271680E+00 0.252480E+00 0.252240E+00 0.247040E+00 0.243200E+00 0.237760E+00 0.240480E+00 0.239520E+00 0.234080E+00 0.233920E+00 0.233440E+00 0.230080E+00 0.235440E+00 0.219600E+00 0.222480E+00 0.216480E+00 0.214160E+00 0.206560E+00 0.202160E+00 0.198240E+00 0.199120E+00 0.196320E+00 0.194800E+00 0.190720E+00 0.183840E+00 0.190560E+00 0.187760E+00 0.182320E+00 0.185440E+00 0.178480E+00 0.170640E+00 0.167440E+00 0.163840E+00 0.166080E+00 0.160480E+00 0.150160E+00 0.150240E+00 0.147840E+00 0.148720E+00 0.147920E+00 0.144560E+00 0.145760E+00 0.140960E+00 0.135520E+00 0.138160E+00 0.134720E+00 0.130480E+00 0.126000E+00 0.123920E+00 0.125680E+00 0.123280E+00 0.114720E+00 0.118320E+00 0.111760E+00 0.111680E+00 0.111840E+00 0.111920E+00 0.109120E+00 0.106960E+00 0.988000E-01 0.990400E-01 0.936000E-01 0.951200E-01 0.926400E-01 0.902400E-01 0.896800E-01 0.846400E-01 0.840000E-01 0.825600E-01 0.779200E-01 0.733600E-01 0.748800E-01 0.729600E-01 0.723200E-01 0.694400E-01 0.664000E-01 0.666400E-01 0.644800E-01 0.605600E-01 0.598400E-01 0.564000E-01 0.560800E-01 0.513600E-01 0.532800E-01 0.534400E-01 0.487200E-01 0.467200E-01 0.460000E-01 0.425600E-01 0.467200E-01 0.417600E-01 0.400000E-01 0.404800E-01 0.346400E-01 0.300000E-01 0.328800E-01 0.317600E-01 0.300800E-01 0.304000E-01 0.254400E-01 0.274400E-01 0.297600E-01 0.231200E-01 0.248000E-01 0.216800E-01 0.198400E-01 0.207200E-01 0.206400E-01 0.187200E-01 0.182400E-01 0.168800E-01 0.147200E-01 0.155200E-01 0.124000E-01 0.120000E-01 0.116800E-01 0.129600E-01 0.992000E-02 0.816000E-02 0.968000E-02 0.808000E-02 0.936000E-02 0.760000E-02 0.728000E-02 0.552000E-02 0.536000E-02 0.432000E-02 0.432000E-02 0.424000E-02 0.336000E-02 0.352000E-02 0.224000E-02 0.232000E-02 0.128000E-02 0.152000E-02 0.152000E-02 0.880000E-03 0.640000E-03 0.480000E-03 0.480000E-03 0.480000E-03 0.000000E+00 0.000000E+00 0.000000E+00 0.000000E+00 0.000000E+00
 0.498560E+00 0.549440E+00 0.520240E+00 0.494080E+00 0.479520E+00 0.459600E+00 0.459520E+00 0.454480E+00 0.439840E+00 0.430240E+00 0.429520E+00 0.419440E+00 0.402000E+00 0.416880E+00 0.401360E+00 0.407680E+00 0.395600E+00 0.386320E+00 0.372720E+00 0.373440E+00 0.387280E+00 0.376240E+00 0.371840E+00 0.360560E+00 0.352000E+00 0.352640E+00 0.351600E+00 0.348960E+00 0.349920E+00 0.338160E+00 0.338960E+00 0.329120E+00 0.338960E+00 0.332000E+00 0.329920E+00 0.333600E+00 0.315280E+00 0.317520E+00 0.319200E+00 0.319040E+00 0.313600E+00 0.320400E+00 0.310320E+00 0.304240E+00 0.307040E+00 0.303120E+00 0.296560E+00 0.288080E+00 0.288400E+00 0.289920E+00 0.270480E+00 0.275600E+00 0.275520E+00 0.272960E+00 0.271520E+00 0.273440E+00 0.262160E+00 0.267200E+00 0.260560E+00 0.253440E+00 0.263120E+00 0.251520E+00 0.248560E+00 0.248320E+00 0.242320E+00 0.240160E+00 0.248400E+00 0.237920E+00 0.230960E+00 0.227520E+00 0.218480E+00 0.222320E+00 0.221520E+00 0.218400E+00 0.222720E+00 0.216400E+00 0.203520E+00 0.211600E+00 0.199840E+00 0.198720E+00 0.198000E+00 0.194160E+00 0.189280E+00 0.190000E+00 0.191200E+00 0.184800E+00 0.185920E+00 0.179760E+00 0.182240E+00 0.174640E+00 0.174160E+00 0.167440E+00 0.172560E+00 0.154640E+00 0.162640E+00 0.157680E+00 0.158640E+00 0.155600E+00 0.149360E+00 0.149440E+00 0.139040E+00 0.144480E+00 0.138560E+00 0.137360E+00 0.137120E+00 0.140320E+00 0.128000E+00 0.129120E+00 0.125360E+00 0.125440E+00 0.124320E+00 0.119440E+00 0.119360E+00 0.117200E+00 0.112640E+00 0.106480E+00 0.106400E+00 0.101920E+00 0.104400E+00 0.101360E+00 0.983200E-01 0.952000E-01 0.880000E-01 0.898400E-01 0.845600E-01 0.843200E-01 0.829600E-01 0.841600E-01 0.823200E-01 0.756000E-01 0.768000E-01 0.698400E-01 0.700800E-01 0.704800E-01 0.659200E-01 0.666400E-01 0.648800E-01 0.580000E-01 0.590400E-01 0.572000E-01 0.549600E-01 0.539200E-01 0.491200E-01 0.471200E-01 0.518400E-01 0.459200E-01 0.475200E-01 0.488000E-01 0.400000E-01 0.392000E-01 0.408000E-01 0.353600E-01 0.342400E-01 0.352000E-01 0.336800E-01 0.295200E-01 0.254400E-01 0.258400E-01 0.236000E-01 0.269600E-01 0.231200E-01 0.232800E-01 0.216800E-01 0.247200E-01 0.192800E-01 0.196000E-01 0.164000E-01 0.156000E-01 0.137600E-01 0.143200E-01 0.142400E-01 0.109600E-01 0.106400E-01 0.119200E-01 0.944000E-02 0.832000E-02 0.768000E-02 0.768000E-02 0.704000E-02 0.592000E-02 0.672000E-02 0.528000E-02 0.528000E-02 0.304000E-02 0.328000E-02 0.360000E-02 0.232000E-02 0.192000E-02 0.264000E-02 0.192000E-02 0.112000E-02 0.104000E-02 0.720000E-03 0.800000E-03 0.160000E-03 0.240000E-03 0.800000E-04 0.000000E+00 0.000000E+00 0.000000E+00
 0.326928E+01 0.317904E+01 0.302320E+01 0.288232E+01 0.266256E+01 0.250808E+01 0.246088E+01 0.239536E+01 0.234752E+01 0.231912E+01 0.225768E+01 0.225168E+01 0.220976E+01 0.218712E+01 0.216880E+01 0.211440E+01 0.206872E+01 0.206864E+01 0.202232E+01 0.201976E+01 0.201960E+01 0.198248E+01 0.197720E+01 0.193896E+01 0.191896E+01 0.190624E+01 0.187752E+01 0.187080E+01 0.184736E+01 0.182720E+01 0.182432E+01 0.178592E+01 0.177864E+01 0.175600E+01 0.175160E+01 0.172128E+01 0.171200E+01 0.169024E+01 0.167304E+01 0.165120E+01 0.162424E+01 0.162712E+01 0.160328E+01 0.160320E+01 0.157352E+01 0.155040E+01 0.154024E+01 0.153960E+01 0.151872E+01 0.149688E+01 0.148392E+01 0.147728E+01 0.146904E+01 0.143624E+01 0.144432E+01 0.139648E+01 0.140408E+01 0.139520E+01 0.137824E+01 0.136264E+01 0.134520E+01 0.132776E+01 0.131104E+01 0.129888E+01 0.128608E+01 0.126576E+01 0.125848E+01 0.124672E+01 0.124400E+01 0.122344E+01 0.120416E+01 0.119712E+01 0.118672E+01 0.119032E+01 0.115656E+01 0.114496E+01 0.114712E+01 0.110920E+01 0.110968E+01 0.110136E+01 0.107888E+01 0.107352E+01 0.105632E+01 0.105376E+01 0.102512E+01 0.101960E+01 0.999280E+00 0.977520E+00 0.982320E+00 0.983040E+00 0.980560E+00 0.971600E+00 0.944000E+00 0.938880E+00 0.935040E+00 0.900560E+00 0.914080E+00 0.886880E+00 0.872720E+00 0.870160E+00 0.854320E+00 0.850640E+00 0.830720E+00 0.816800E+00 0.809600E+00 0.807760E+00 0.788800E+00 0.772560E+00 0.782320E+00 0.766480E+00 0.750080E+00 0.753360E+00 0.740400E+00 0.723440E+00 0.709040E+00 0.708480E+00 0.697120E+00 0.682400E+00 0.694480E+00 0.668480E+00 0.672960E+00 0.657920E+00 0.647280E+00 0.648880E+00 0.629440E+00 0.632080E+00 0.618000E+00 0.616960E+00 0.591600E+00 0.578960E+00 0.581040E+00 0.572000E+00 0.558720E+00 0.565440E+00 0.548960E+00 0.540960E+00 0.538320E+00 0.521280E+00 0.524160E+00 0.504720E+00 0.502320E+00 0.487040E+00 0.489200E+00 0.489760E+00 0.469840E+00 0.463520E+00 0.445520E+00 0.435520E+00 0.436880E+00 0.419040E+00 0.420880E+00 0.407120E+00 0.400640E+00 0.392880E+00 0.382800E+00 0.373440E+00 0.368880E+00 0.360080E+00 0.335600E+00 0.336560E+00 0.306400E+00 0.291200E+00 0.275440E+00 0.270480E+00 0.258800E+00 0.246880E+00 0.232160E+00 0.215760E+00 0.207680E+00 0.202880E+00 0.188480E+00 0.188320E+00 0.173680E+00 0.175360E+00 0.163040E+00 0.162960E+00 0.154160E+00 0.147040E+00 0.140080E+00 0.134080E+00 0.133200E+00 0.128320E+00 0.126560E+00 0.125200E+00 0.110480E+00 0.109440E+00 0.104320E+00 0.992800E-01 0.100400E+00 0.940000E-01 0.956800E-01 0.847200E-01 0.820800E-01 0.849600E-01 0.763200E-01 0.780800E-01 0.728000E-01 0.721600E-01 0.484000E-01 0.560000E-03
 0.243208E+01 0.242896E+01 0.239352E+01 0.236280E+01 0.224504E+01 0.221352E+01 0.220688E+01 0.213680E+01 0.213368E+01 0.210016E+01 0.208848E+01 0.208688E+01 0.205224E+01 0.203840E+01 0.202632E+01 0.204008E+01 0.200096E+01 0.196752E+01 0.193288E+01 0.195128E+01 0.193272E+01 0.191680E+01 0.188872E+01 0.186848E+01 0.187448E+01 0.184928E+01 0.184264E+01 0.182616E+01 0.180168E+01 0.176864E+01 0.179216E+01 0.175504E+01 0.174144E+01 0.173424E+01 0.169872E+01 0.168752E+01 0.167592E+01 0.167432E+01 0.167704E+01 0.163048E+01 0.164056E+01 0.161112E+01 0.161008E+01 0.159008E+01 0.156744E+01 0.156024E+01 0.156552E+01 0.153232E+01 0.151304E+01 0.151512E+01 0.149848E+01 0.149568E+01 0.145968E+01 0.146416E+01 0.144792E+01 0.144496E+01 0.141560E+01 0.141432E+01 0.141280E+01 0.137152E+01 0.138104E+01 0.136680E+01 0.134920E+01 0.133712E+01 0.131392E+01 0.131424E+01 0.129936E+01 0.126432E+01 0.127824E+01 0.125528E+01 0.125176E+01 0.122184E+01 0.123640E+01 0.121656E+01 0.119824E+01 0.119144E+01 0.118736E+01 0.116112E+01 0.114824E+01 0.114464E+01 0.115448E+01 0.114112E+01 0.111360E+01 0.109536E+01 0.108920E+01 0.108072E+01 0.106720E+01 0.105504E+01 0.102984E+01 0.101720E+01 0.103488E+01 0.100584E+01 0.100504E+01 0.991280E+00 0.986400E+00 0.974000E+00 0.953600E+00 0.954480E+00 0.929920E+00 0.922000E+00 0.914880E+00 0.892160E+00 0.892240E+00 0.892400E+00 0.873440E+00 0.870320E+00 0.847360E+00 0.833520E+00 0.850960E+00 0.839680E+00 0.818800E+00 0.798000E+00 0.809040E+00 0.793120E+00 0.775520E+00 0.770880E+00 0.758720E+00 0.752800E+00 0.738640E+00 0.741440E+00 0.738800E+00 0.723200E+00 0.708720E+00 0.689360E+00 0.684160E+00 0.682000E+00 0.673360E+00 0.666960E+00 0.657360E+00 0.650080E+00 0.629600E+00 0.645040E+00 0.613760E+00 0.604240E+00 0.591360E+00 0.597520E+00 0.596240E+00 0.600000E+00 0.577360E+00 0.555280E+00 0.562320E+00 0.542720E+00 0.551920E+00 0.532160E+00 0.530880E+00 0.505040E+00 0.518720E+00 0.502800E+00 0.485760E+00 0.480720E+00 0.459440E+00 0.466880E+00 0.449520E+00 0.440880E+00 0.432160E+00 0.420800E+00 0.400800E+00 0.396400E+00 0.382240E+00 0.366320E+00 0.358080E+00 0.330320E+00 0.323440E+00 0.314480E+00 0.287440E+00 0.279280E+00 0.271600E+00 0.248000E+00 0.239520E+00 0.228720E+00 0.222160E+00 0.214560E+00 0.198400E+00 0.192160E+00 0.184560E+00 0.176880E+00 0.175520E+00 0.181280E+00 0.163040E+00 0.164640E+00 0.157840E+00 0.153840E+00 0.140240E+00 0.142480E+00 0.134720E+00 0.128800E+00 0.118960E+00 0.118000E+00 0.118320E+00 0.118400E+00 0.110400E+00 0.101760E+00 0.100640E+00 0.938400E-01 0.956800E-01 0.863200E-01 0.868000E-01 0.841600E-01 0.580800E-01 0.400000E-03
 0.447120E+00 0.474000E+00 0.469680E+00 0.467360E+00 0.447040E+00 0.442560E+00 0.429920E+00 0.428960E+00 0.425280E+00 0.433760E+00 0.421680E+00 0.419440E+00 0.408240E+00 0.409040E+00 0.396480E+00 0.402320E+00 0.398160E+00 0.384480E+00 0.389920E+00 0.380960E+00 0.376800E+00 0.369600E+00 0.368720E+00 0.371840E+00 0.363760E+00 0.365120E+00 0.359920E+00 0.361120E+00 0.353280E+00 0.358640E+00 0.339600E+00 0.340000E+00 0.338720E+00 0.332240E+00 0.329600E+00 0.330960E+00 0.325840E+00 0.317840E+00 0.316560E+00 0.306080E+00 0.312560E+00 0.299920E+00 0.295120E+00 0.300640E+00 0.298320E+00 0.298320E+00 0.297920E+00 0.288800E+00 0.281520E+00 0.276720E+00 0.279520E+00 0.270880E+00 0.264480E+00 0.277120E+00 0.265600E+00 0.263600E+00 0.258160E+00 0.259360E+00 0.252720E+00 0.249360E+00 0.251200E+00 0.243920E+00 0.245120E+00 0.238480E+00 0.233600E+00 0.222720E+00 0.224800E+00 0.222480E+00 0.233280E+00 0.227600E+00 0.218480E+00 0.211440E+00 0.211440E+00 0.208080E+00 0.203600E+00 0.202880E+00 0.198320E+00 0.202160E+00 0.191120E+00 0.195440E+00 0.193440E+00 0.189040E+00 0.189840E+00 0.184240E+00 0.170240E+00 0.169840E+00 0.169040E+00 0.167280E+00 0.164640E+00 0.162080E+00 0.160640E+00 0.157440E+00 0.154320E+00 0.153200E+00 0.151200E+00 0.149600E+00 0.145120E+00 0.148960E+00 0.143600E+00 0.131600E+00 0.137360E+00 0.135440E+00 0.138480E+00 0.126560E+00 0.131600E+00 0.121440E+00 0.123360E+00 0.113520E+00 0.112560E+00 0.113760E+00 0.111840E+00 0.110960E+00 0.107360E+00 0.101200E+00 0.964800E-01 0.940800E-01 0.992800E-01 0.982400E-01 0.898400E-01 0.932800E-01 0.883200E-01 0.883200E-01 0.873600E-01 0.815200E-01 0.813600E-01 0.801600E-01 0.760000E-01 0.704800E-01 0.685600E-01 0.680000E-01 0.648000E-01 0.656000E-01 0.623200E-01 0.601600E-01 0.622400E-01 0.559200E-01 0.551200E-01 0.592800E-01 0.532800E-01 0.526400E-01 0.492800E-01 0.492000E-01 0.486400E-01 0.448000E-01 0.410400E-01 0.414400E-01 0.417600E-01 0.381600E-01 0.357600E-01 0.374400E-01 0.361600E-01 0.321600E-01 0.330400E-01 0.282400E-01 0.268800E-01 0.272800E-01 0.259200E-01 0.278400E-01 0.240800E-01 0.231200E-01 0.213600E-01 0.212800E-01 0.166400E-01 0.189600E-01 0.183200E-01 0.143200E-01 0.133600E-01 0.152800E-01 0.158400E-01 0.146400E-01 0.134400E-01 0.105600E-01 0.928000E-02 0.848000E-02 0.880000E-02 0.688000E-02 0.696000E-02 0.816000E-02 0.712000E-02 0.440000E-02 0.464000E-02 0.424000E-02 0.424000E-02 0.432000E-02 0.352000E-02 0.248000E-02 0.256000E-02 0.248000E-02 0.288000E-02 0.144000E-02 0.880000E-03 0.800000E-03 0.720000E-03 0.880000E-03 0.400000E-03 0.800000E-04 0.240000E-03 0.400000E-03 0.800000E-04 0.000000E+00
 0.508480E+00 0.563600E+00 0.532160E+00 0.506160E+00 0.486800E+00 0.480800E+00 0.453040E+00 0.451920E+00 0.434800E+00 0.434800E+00 0.440640E+00 0.418960E+00 0.424320E+00 0.409360E+00 0.403600E+00 0.410800E+00 0.410080E+00 0.386640E+00 0.388320E+00 0.388560E+00 0.382720E+00 0.387040E+00 0.390640E+00 0.377520E+00 0.366960E+00 0.371520E+00 0.362560E+00 0.360320E+00 0.354800E+00 0.350560E+00 0.339520E+00 0.346320E+00 0.359040E+00 0.339120E+00 0.334720E+00 0.330880E+00 0.331280E+00 0.334560E+00 0.328000E+00 0.326400E+00 0.318480E+00 0.318320E+00 0.324320E+00 0.317280E+00 0.304080E+00 0.302880E+00 0.296320E+00 0.294960E+00 0.300880E+00 0.295440E+00 0.289600E+00 0.281040E+00 0.282480E+00 0.286480E+00 0.278880E+00 0.277760E+00 0.271280E+00 0.274240E+00 0.270240E+00 0.257040E+00 0.259920E+00 0.262000E+00 0.259920E+00 0.254080E+00 0.252000E+00 0.244320E+00 0.240880E+00 0.240400E+00 0.232720E+00 0.237840E+00 0.231360E+00 0.230080E+00 0.231920E+00 0.231600E+00 0.224960E+00 0.224800E+00 0.217600E+00 0.214320E+00 0.207600E+00 0.196880E+00 0.203200E+00 0.201520E+00 0.197760E+00 0.192560E+00 0.195920E+00 0.184160E+00 0.189680E+00 0.188880E+00 0.180000E+00 0.180320E+00 0.173360E+00 0.173440E+00 0.175120E+00 0.168560E+00 0.165200E+00 0.166080E+00 0.160720E+00 0.152880E+00 0.153040E+00 0.156000E+00 0.153680E+00 0.146880E+00 0.146480E+00 0.142080E+00 0.135120E+00 0.135120E+00 0.140240E+00 0.132720E+00 0.130240E+00 0.134800E+00 0.121760E+00 0.117760E+00 0.119680E+00 0.119520E+00 0.109920E+00 0.107920E+00 0.115360E+00 0.104640E+00 0.102720E+00 0.101760E+00 0.982400E-01 0.910400E-01 0.974400E-01 0.938400E-01 0.919200E-01 0.884800E-01 0.858400E-01 0.838400E-01 0.788800E-01 0.816000E-01 0.821600E-01 0.765600E-01 0.720000E-01 0.731200E-01 0.708000E-01 0.626400E-01 0.641600E-01 0.649600E-01 0.624800E-01 0.603200E-01 0.559200E-01 0.538400E-01 0.556000E-01 0.503200E-01 0.517600E-01 0.522400E-01 0.472800E-01 0.428000E-01 0.450400E-01 0.421600E-01 0.395200E-01 0.388800E-01 0.400000E-01 0.371200E-01 0.395200E-01 0.337600E-01 0.333600E-01 0.285600E-01 0.311200E-01 0.266400E-01 0.251200E-01 0.271200E-01 0.216800E-01 0.215200E-01 0.208000E-01 0.249600E-01 0.165600E-01 0.180000E-01 0.153600E-01 0.168000E-01 0.156800E-01 0.125600E-01 0.133600E-01 0.976000E-02 0.112800E-01 0.110400E-01 0.104000E-01 0.912000E-02 0.808000E-02 0.768000E-02 0.624000E-02 0.504000E-02 0.528000E-02 0.376000E-02 0.464000E-02 0.408000E-02 0.416000E-02 0.328000E-02 0.232000E-02 0.240000E-02 0.168000E-02 0.136000E-02 0.112000E-02 0.720000E-03 0.720000E-03 0.800000E-03 0.320000E-03 0.800000E-04 0.000000E+00 0.000000E+00
 0.447520E+00 0.473920E+00 0.451120E+00 0.451040E+00 0.446000E+00 0.443360E+00 0.428960E+00 0.423200E+00 0.420720E+00 0.406400E+00 0.412240E+00 0.390640E+00 0.395600E+00 0.390800E+00 0.397840E+00 0.376560E+00 0.375600E+00 0.366400E+00 0.371600E+00 0.369920E+00 0.366480E+00 0.365200E+00 0.365280E+00 0.356640E+00 0.351200E+00 0.353920E+00 0.346560E+00 0.351040E+00 0.337840E+00 0.345280E+00 0.337920E+00 0.340080E+00 0.320960E+00 0.328720E+00 0.326240E+00 0.316960E+00 0.319920E+00 0.312640E+00 0.309040E+00 0.306480E+00 0.304800E+00 0.295920E+00 0.290240E+00 0.290320E+00 0.288400E+00 0.293760E+00 0.291920E+00 0.287280E+00 0.284240E+00 0.271280E+00 0.270880E+00 0.272560E+00 0.268880E+00 0.252560E+00 0.271680E+00 0.252480E+00 0.252240E+00 0.246960E+00 0.243200E+00 0.237760E+00 0.240480E+00 0.239520E+00 0.234080E+00 0.233920E+00 0.233440E+00 0.230080E+00 0.235440E+00 0.219600E+00 0.222480E+00 0.216480E+00 0.214160E+00 0.206560E+00 0.202160E+00 0.198240E+00 0.199120E+00 0.196320E+00 0.194800E+00 0.190720E+00 0.183840E+00 0.190560E+00 0.187760E+00 0.182320E+00 0.185440E+00 0.178480E+00 0.170640E+00 0.167440E+00 0.163840E+00 0.166080E+00 0.160480E+00 0.150160E+00 0.150240E+00 0.147840E+00 0.148720E+00 0.147920E+00 0.144560E+00 0.145760E+00 0.140960E+00 0.135520E+00 0.138160E+00 0.134720E+00 0.130480E+00 0.126000E+00 0.123920E+00 0.125680E+00 0.123280E+00 0.114720E+00 0.118320E+00 0.111760E+00 0.111680E+00 0.111840E+00 0.111920E+00 0.109120E+00 0.106960E+00 0.988000E-01 0.990400E-01 0.936000E-01 0.951200E-01 0.926400E-01 0.902400E-01 0.896800E-01 0.846400E-01 0.840000E-01 0.825600E-01 0.779200E-01 0.733600E-01 0.748800E-01 0.729600E-01 0.723200E-01 0.694400E-01 0.664000E-01 0.666400E-01 0.644800E-01 0.605600E-01 0.598400E-01 0.564000E-01 0.560800E-01 0.513600E-01 0.532800E-01 0.534400E-01 0.487200E-01 0.467200E-01 0.460000E-01 0.425600E-01 0.467200E-01 0.417600E-01 0.400000E-01 0.404800E-01 0.346400E-01 0.300000E-01 0.328800E-01 0.317600E-01 0.300800E-01 0.304000E-01 0.254400E-01 0.274400E-01 0.297600E-01 0.231200E-01 0.248000E-01 0.216800E-01 0.198400E-01 0.207200E-01 0.206400E-01 0.187200E-01 0.182400E-01 0.168800E-01 0.147200E-01 0.155200E-01 0.124000E-01 0.120000E-01 0.116800E-01 0.129600E-01 0.992000E-02 0.816000E-02 0.968000E-02 0.808000E-02 0.936000E-02 0.760000E-02 0.728000E-02 0.552000E-02 0.536000E-02 0.432000E-02 0.432000E-02 0.424000E-02 0.336000E-02 0.352000E-02 0.224000E-02 0.232000E-02 0.128000E-02 0.152000E-02 0.152000E-02 0.880000E-03 0.640000E-03 0.480000E-03 0.480000E-03 0.480000E-03 0.000000E+00 0.000000E+00 0.000000E+00 0.000000E+00 0.000000E+00
 0.498560E+00 0.549440E+00 0.520240E+00 0.494080E+00 0.479520E+00 0.459600E+00 0.459520E+00 0.454480E+00 0.439840E+00 0.430240E+00 0.429520E+00 0.419440E+00 0.402000E+00 0.416880E+00 0.401360E+00 0.407680E+00 0.395600E+00 0.386320E+00 0.372720E+00 0.373440E+00 0.387280E+00 0.376240E+00 0.371840E+00 0.360560E+00 0.352000E+00 0.352640E+00 0.351600E+00 0.348960E+00 0.349920E+00 0.338160E+00 0.338960E+00 0.329120E+00 0.338960E+00 0.332000E+00 0.329920E+00 0.333600E+00 0.315280E+00 0.317520E+00 0.319200E+00 0.319040E+00 0.313600E+00 0.320400E+00 0.310320E+00 0.304240E+00 0.307040E+00 0.303120E+00 0.296560E+00 0.288080E+00 0.288400E+00 0.289920E+00 0.270480E+00 0.275600E+00 0.275520E+00 0.272960E+00 0.271520E+00 0.273440E+00 0.262160E+00 0.267200E+00 0.260560E+00 0.253440E+00 0.263120E+00 0.251520E+00 0.248560E+00 0.248320E+00 0.242320E+00 0.240160E+00 0.248400E+00 0.237920E+00 0.230960E+00 0.227520E+00 0.218480E+00 0.222320E+00 0.221520E+00 0.218400E+00 0.222720E+00 0.216400E+00 0.203520E+00 0.211600E+00 0.199840E+00 0.198720E+00 0.198000E+00 0.194160E+00 0.189280E+00 0.190000E+00 0.191200E+00 0.184800E+00 0.185920E+00 0.179760E+00 0.182240E+00 0.174640E+00 0.174160E+00 0.167440E+00 0.172560E+00 0.154640E+00 0.162640E+00 0.157680E+00 0.158640E+00 0.155600E+00 0.149360E+00 0.149440E+00 0.139040E+00 0.144480E+00 0.138560E+00 0.137360E+00 0.137120E+00 0.140320E+00 0.128000E+00 0.129120E+00 0.125360E+00 0.125440E+00 0.124320E+00 0.119440E+00 0.119360E+00 0.117200E+00 0.112640E+00 0.106480E+00 0.106400E+00 0.101920E+00 0.104400E+00 0.101360E+00 0.983200E-01 0.952000E-01 0.880000E-01 0.898400E-01 0.845600E-01 0.843200E-01 0.829600E-01 0.841600E-01 0.823200E-01 0.756000E-01 0.768000E-01 0.698400E-01 0.700800E-01 0.704800E-01 0.659200E-01 0.666400E-01 0.648800E-01 0.580000E-01 0.590400E-01 0.572000E-01 0.549600E-01 0.539200E-01 0.491200E-01 0.471200E-01 0.518400E-01 0.459200E-01 0.475200E-01 0.488000E-01 0.400000E-01 0.392000E-01 0.408000E-01 0.353600E-01 0.342400E-01 0.352000E-01 0.336800E-01 0.295200E-01 0.254400E-01 0.258400E-01 0.236000E-01 0.269600E-01 0.231200E-01 0.232800E-01 0.216800E-01 0.247200E-01 0.192800E-01 0.196000E-01 0.164000E-01 0.156000E-01 0.137600E-01 0.143200E-01 0.142400E-01 0.109600E-01 0.106400E-01 0.119200E-01 0.944000E-02 0.832000E-02 0.768000E-02 0.768000E-02 0.704000E-02 0.592000E-02 0.672000E-02 0.528000E-02 0.528000E-02 0.304000E-02 0.328000E-02 0.360000E-02 0.232000E-02 0.192000E-02 0.264000E-02 0.192000E-02 0.112000E-02 0.104000E-02 0.720000E-03 0.800000E-03 0.160000E-03 0.240000E-03 0.800000E-04 0.000000E+00 0.000000E+00 0.000000E+00
 0.326928E+01 0.317904E+01 0.302320E+01 0.288232E+01 0.266256E+01 0.250808E+01 0.246088E+01 0.239536E+01 0.234752E+01 0.231912E+01 0.225768E+01 0.225168E+01 0.220976E+01 0.218712E+01 0.216880E+01 0.211440E+01 0.206872E+01 0.206864E+01 0.202232E+01 0.201976E+01 0.201960E+01 0.198248E+01 0.197720E+01 0.193896E+01 0.191896E+01 0.190624E+01 0.187752E+01 0.187080E+01 0.184736E+01 0.182720E+01 0.182432E+01 0.178592E+01 0.177864E+01 0.175600E+01 0.175160E+01 0.172128E+01 0.171200E+01 0.169024E+01 0.167304E+01 0.165120E+01 0.162424E+01 0.162712E+01 0.160328E+01 0.160320E+01 0.157352E+01 0.155040E+01 0.154024E+01 0.153960E+01 0.151872E+01 0.149688E+01 0.148392E+01 0.147728E+01 0.146904E+01 0.143624E+01 0.144432E+01 0.139648E+01 0.140408E+01 0.139528E+01 0.137824E+01 0.136264E+01 0.134520E+01 0.132776E+01 0.131104E+01 0.129888E+01 0.128608E+01 0.126576E+01 0.125848E+01 0.124672E+01 0.124400E+01 0.122344E+01 0.120416E+01 0.119712E+01 0.118672E+01 0.119032E+01 0.115656E+01 0.114496E+01 0.114712E+01 0.110920E+01 0.110968E+01 0.110136E+01 0.107888E+01 0.107352E+01 0.105632E+01 0.105376E+01 0.102512E+01 0.101960E+01 0.999280E+00 0.977520E+00 0.982320E+00 0.983040E+00 0.980560E+00 0.971600E+00 0.944000E+00 0.938880E+00 0.935040E+00 0.900560E+00 0.914080E+00 0.886880E+00 0.872720E+00 0.870160E+00 0.854320E+00 0.850640E+00 0.830720E+00 0.816800E+00 0.809600E+00 0.807760E+00 0.788800E+00 0.772560E+00 0.782320E+00 0.766480E+00 0.750080E+00 0.753360E+00 0.740400E+00 0.723440E+00 0.709040E+00 0.708480E+00 0.697120E+00 0.682400E+00 0.694480E+00 0.668480E+00 0.672960E+00 0.657920E+00 0.647280E+00 0.648880E+00 0.629440E+00 0.632080E+00 0.618000E+00 0.616960E+00 0.591600E+00 0.578960E+00 0.581040E+00 0.572000E+00 0.558720E+00 0.565440E+00 0.548960E+00 0.540960E+00 0.538320E+00 0.521280E+00 0.524160E+00 0.504720E+00 0.502320E+00 0.487040E+00 0.489200E+00 0.489760E+00 0.469840E+00 0.463520E+00 0.445520E+00 0.435520E+00 0.436880E+00 0.419040E+00 0.420880E+00 0.407120E+00 0.400640E+00 0.392880E+00 0.382800E+00 0.373440E+00 0.368880E+00 0.360080E+00 0.335600E+00 0.336560E+00 0.306400E+00 0.291200E+00 0.275440E+00 0.270480E+00 0.258800E+00 0.246880E+00 0.232160E+00 0.215760E+00 0.207680E+00 0.202880E+00 0.188480E+00 0.188320E+00 0.173680E+00 0.175360E+00 0.163040E+00 0.162960E+00 0.154160E+00 0.147040E+00 0.140080E+00 0.134080E+00 0.133200E+00 0.128320E+00 0.126560E+00 0.125200E+00 0.110480E+00 0.109440E+00 0.104320E+00 0.992800E-01 0.100400E+00 0.940000E-01 0.956800E-01 0.847200E-01 0.820800E-01 0.849600E-01 0.763200E-01 0.780800E-01 0.728000E-01 0.721600E-01 0.484000E-01 0.560000E-03
 0.243208E+01 0.242896E+01 0.239352E+01 0.236280E+01 0.224504E+01 0.221352E+01 0.220688E+01 0.213680E+01 0.213368E+01 0.210016E+01 0.208848E+01 0.208688E+01 0.205224E+01 0.203840E+01 0.202632E+01 0.204008E+01 0.200096E+01 0.196752E+01 0.193288E+01 0.195128E+01 0.193272E+01 0.191680E+01 0.188872E+01 0.186848E+01 0.187448E+01 0.184928E+01 0.184264E+01 0.182616E+01 0.180168E+01 0.176864E+01 0.179216E+01 0.175504E+01 0.174144E+01 0.173424E+01 0.169872E+01 0.168752E+01 0.167592E+01 0.167432E+01 0.167704E+01 0.163048E+01 0.164056E+01 0.161112E+01 0.161008E+01 0.159008E+01 0.156744E+01 0.156024E+01 0.156552E+01 0.153232E+01 0.151304E+01 0.151512E+01 0.149848E+01 0.149568E+01 0.145968E+01 0.146416E+01 0.144792E+01 0.144496E+01 0.141560E+01 0.141432E+01 0.141280E+01 0.137152E+01 0.138104E+01 0.136680E+01 0.134920E+01 0.133712E+01 0.131392E+01 0.131424E+01 0.129936E+01 0.126432E+01 0.127824E+01 0.125528E+01 0.125176E+01 0.122184E+01 0.123640E+01 0.121656E+01 0.119824E+01 0.119144E+01 0.118736E+01 0.116112E+01 0.114824E+01 0.114464E+01 0.115448E+01 0.114112E+01 0.111360E+01 0.109536E+01 0.108920E+01 0.108072E+01 0.106720E+01 0.105504E+01 0.102984E+01 0.101720E+01 0.103488E+01 0.100584E+01 0.100504E+01 0.991280E+00 0.986400E+00 0.974000E+00 0.953600E+00 0.954480E+00 0.929920E+00 0.922000E+00 0.914880E+00 0.892160E+00 0.892240E+00 0.892400E+00 0.873440E+00 0.870320E+00 0.847360E+00 0.833520E+00 0.850960E+00 0.839680E+00 0.818800E+00 0.798000E+00 0.809040E+00 0.793120E+00 0.775520E+00 0.770880E+00 0.758720E+00 0.752800E+00 0.738640E+00 0.741440E+00 0.738800E+00 0.723200E+00 0.708720E+00 0.689360E+00 0.684160E+00 0.682000E+00 0.673360E+00 0.666960E+00 0.657360E+00 0.650080E+00 0.629600E+00 0.645040E+00 0.613760E+00 0.604240E+00 0.591360E+00 0.597520E+00 0.596240E+00 0.600000E+00 0.577360E+00 0.555280E+00 0.562320E+00 0.542720E+00 0.551920E+00 0.532160E+00 0.530880E+00 0.505040E+00 0.518720E+00 0.502800E+00 0.485760E+00 0.480720E+00 0.459440E+00 0.466880E+00 0.449520E+00 0.440880E+00 0.432160E+00 0.420800E+00 0.400800E+00 0.396400E+00 0.382240E+00 0.366320E+00 0.358080E+00 0.330320E+00 0.323440E+00 0.314480E+00 0.287440E+00 0.279280E+00 0.271600E+00 0.248000E+00 0.239520E+00 0.228720E+00 0.222160E+00 0.214560E+00 0.198400E+00 0.192160E+00 0.184560E+00 0.176880E+00 0.175520E+00 0.181280E+00 0.163040E+00 0.164640E+00 0.157840E+00 0.153840E+00 0.140240E+00 0.142480E+00 0.134720E+00 0.128800E+00 0.118960E+00 0.118000E+00 0.118320E+00 0.118400E+00 0.110400E+00 0.101760E+00 0.100640E+00 0.938400E-01 0.956800E-01 0.863200E-01 0.868000E-01 0.841600E-01 0.580800E-01 0.400000E-03
 0.768000E-01 0.879200E-01 0.858400E-01 0.752800E-01 0.692000E-01 0.626400E-01 0.613600E-01 0.532000E-01 0.548800E-01 0.519200E-01 0.498400E-01 0.485600E-01 0.468800E-01 0.415200E-01 0.401600E-01 0.406400E-01 0.375200E-01 0.343200E-01 0.327200E-01 0.297600E-01 0.300800E-01 0.284800E-01 0.290400E-01 0.268800E-01 0.254400E-01 0.232000E-01 0.225600E-01 0.255200E-01 0.204000E-01 0.214400E-01 0.186400E-01 0.161600E-01 0.200800E-01 0.168800E-01 0.150400E-01 0.176800E-01 0.172800E-01 0.161600E-01 0.126400E-01 0.118400E-01 0.106400E-01 0.129600E-01 0.134400E-01 0.120000E-01 0.104800E-01 0.105600E-01 0.992000E-02 0.976000E-02 0.104800E-01 0.984000E-02 0.744000E-02 0.880000E-02 0.760000E-02 0.816000E-02 0.480000E-02 0.688000E-02 0.768000E-02 0.520000E-02 0.576000E-02 0.536000E-02 0.600000E-02 0.520000E-02 0.520000E-02 0.408000E-02 0.416000E-02 0.400000E-02 0.416000E-02 0.416000E-02 0.464000E-02 0.416000E-02 0.408000E-02 0.288000E-02 0.296000E-02 0.264000E-02 0.384000E-02 0.272000E-02 0.232000E-02 0.176000E-02 0.216000E-02 0.288000E-02 0.232000E-02 0.184000E-02 0.136000E-02 0.160000E-02 0.208000E-02 0.232000E-02 0.144000E-02 0.136000E-02 0.200000E-02 0.720000E-03 0.112000E-02 0.176000E-02 0.160000E-02 0.880000E-03 0.640000E-03 0.128000E-02 0.104000E-02 0.800000E-03 0.480000E-03 0.640000E-03 0.320000E-03 0.320000E-03 0.800000E-03 0.104000E-02 0.104000E-02 0.560000E-03 0.400000E-03 0.480000E-03 0.400000E-03 0.480000E-03 0.400000E-03 0.800000E-04 0.000000E+00 0.000000E+00 0.160000E-03 0.320000E-03 0.400000E-03 0.240000E-03 0.000000E+00 0.800000E-04 0.400000E-03 0.560000E-03 0.240000E-03 0.800000E-04 0.000000E+00 0.160000E-03 0.160000E-03 0.160000E-03 0.800000E-04 0.240000E-03 0.800000E-04 0.160000E-03 0.800000E-04 0.160000E-03 0.160000E-03 0.800000E-04 0.800000E-04 0.800000E-04 0.800000E-04 0.160000E-03 0.800000E-04 0.000000E+00 0.000000E+00 0.000000E+00 0.000000E+00 0.800000E-04 0.160000E-03 0.800000E-04 0.800000E-04 0.800000E-04 0.000000E+00 0.800000E-04 0.000000E+00 0.000000E+00 0.000000E+00 0.000000E+00 0.000000E+00 0.000000E+00 0.800000E-04 0.000000E+00 0.000000E+00 0.000000E+00 0.000000E+00 0.000000E+00 0.000000E+00 0.000000E+00 0.000000E+00 0.000000E+00 0.000000E+00 0.000000E+00 0.000000E+00 0.000000E+00 0.000000E+00 0.000000E+00 0.000000E+00 0.000000E+00 0.000000E+00 0.000000E+00 0.000000E+00 0.000000E+00 0.000000E+00 0.000000E+00 0.000000E+00 0.000000E+00 0.000000E+00 0.000000E+00 0.000000E+00 0.000000E+00 0.000000E+00 0.000000E+00 0.000000E+00 0.000000E+00 0.000000E+00 0.000000E+00 0.000000E+00 0.000000E+00 0.000000E+00 0.000000E+00 0.000000E+00 0.000000E+00
 0.145680E+00 0.190400E+00 0.159120E+00 0.133920E+00 0.114880E+00 0.107760E+00 0.947200E-01 0.904800E-01 0.826400E-01 0.714400E-01 0.716800E-01 0.652800E-01 0.596000E-01 0.565600E-01 0.545600E-01 0.510400E-01 0.472000E-01 0.444000E-01 0.426400E-01 0.398400E-01 0.366400E-01 0.368000E-01 0.348000E-01 0.310400E-01 0.301600E-01 0.289600E-01 0.266400E-01 0.256000E-01 0.223200E-01 0.252800E-01 0.232800E-01 0.206400E-01 0.212800E-01 0.199200E-01 0.194400E-01 0.152800E-01 0.164000E-01 0.159200E-01 0.139200E-01 0.149600E-01 0.128800E-01 0.149600E-01 0.142400E-01 0.128800E-01 0.960000E-02 0.101600E-01 0.960000E-02 0.840000E-02 0.736000E-02 0.896000E-02 0.728000E-02 0.832000E-02 0.800000E-02 0.848000E-02 0.648000E-02 0.624000E-02 0.568000E-02 0.656000E-02 0.584000E-02 0.496000E-02 0.400000E-02 0.424000E-02 0.408000E-02 0.456000E-02 0.432000E-02 0.328000E-02 0.528000E-02 0.448000E-02 0.232000E-02 0.408000E-02 0.320000E-02 0.312000E-02 0.272000E-02 0.216000E-02 0.272000E-02 0.240000E-02 0.176000E-02 0.216000E-02 0.200000E-02 0.240000E-02 0.200000E-02 0.176000E-02 0.168000E-02 0.128000E-02 0.128000E-02 0.160000E-02 0.120000E-02 0.120000E-02 0.120000E-02 0.136000E-02 0.120000E-02 0.120000E-02 0.104000E-02 0.120000E-02 0.800000E-03 0.560000E-03 0.480000E-03 0.880000E-03 0.480000E-03 0.960000E-03 0.560000E-03 0.800000E-03 0.720000E-03 0.560000E-03 0.800000E-03 0.400000E-03 0.320000E-03 0.240000E-03 0.480000E-03 0.240000E-03 0.400000E-03 0.800000E-04 0.160000E-03 0.560000E-03 0.160000E-03 0.800000E-04 0.160000E-03 0.240000E-03 0.240000E-03 0.240000E-03 0.800000E-04 0.000000E+00 0.800000E-04 0.160000E-03 0.240000E-03 0.800000E-04 0.160000E-03 0.160000E-03 0.800000E-04 0.160000E-03 0.160000E-03 0.160000E-03 0.800000E-04 0.800000E-04 0.000000E+00 0.800000E-04 0.800000E-04 0.000000E+00 0.160000E-03 0.000000E+00 0.160000E-03 0.000000E+00 0.800000E-04 0.000000E+00 0.000000E+00 0.000000E+00 0.000000E+00 0.000000E+00 0.000000E+00 0.000000E+00 0.000000E+00 0.000000E+00 0.000000E+00 0.000000E+00 0.000000E+00 0.160000E-03 0.000000E+00 0.000000E+00 0.000000E+00 0.000000E+00 0.000000E+00 0.000000E+00 0.000000E+00 0.000000E+00 0.000000E+00 0.000000E+00 0.000000E+00 0.000000E+00 0.000000E+00 0.000000E+00 0.000000E+00 0.000000E+00 0.000000E+00 0.000000E+00 0.000000E+00 0.000000E+00 0.000000E+00 0.000000E+00 0.000000E+00 0.000000E+00 0.000000E+00 0.000000E+00 0.000000E+00 0.000000E+00 0.000000E+00 0.000000E+00 0.000000E+00 0.000000E+00 0.000000E+00 0.000000E+00 0.000000E+00 0.000000E+00 0.000000E+00 0.000000E+00 0.000000E+00 0.000000E+00 0.000000E+00 0.000000E+00 0.000000E+00 0.000000E+00
 0.752000E-01 0.813600E-01 0.747200E-01 0.719200E-01 0.631200E-01 0.644000E-01 0.598400E-01 0.534400E-01 0.553600E-01 0.505600E-01 0.483200E-01 0.439200E-01 0.412000E-01 0.380800E-01 0.392800E-01 0.349600E-01 0.354400E-01 0.304800E-01 0.324000E-01 0.329600E-01 0.301600E-01 0.309600E-01 0.274400E-01 0.278400E-01 0.263200E-01 0.240000E-01 0.220800E-01 0.237600E-01 0.198400E-01 0.185600E-01 0.200800E-01 0.177600E-01 0.174400E-01 0.160000E-01 0.152000E-01 0.158400E-01 0.176800E-01 0.129600E-01 0.148000E-01 0.139200E-01 0.141600E-01 0.128000E-01 0.125600E-01 0.108800E-01 0.120800E-01 0.936000E-02 0.117600E-01 0.888000E-02 0.952000E-02 0.952000E-02 0.848000E-02 0.832000E-02 0.768000E-02 0.736000E-02 0.736000E-02 0.640000E-02 0.584000E-02 0.552000E-02 0.432000E-02 0.504000E-02 0.608000E-02 0.552000E-02 0.504000E-02 0.448000E-02 0.528000E-02 0.336000E-02 0.384000E-02 0.344000E-02 0.432000E-02 0.376000E-02 0.360000E-02 0.280000E-02 0.232000E-02 0.336000E-02 0.248000E-02 0.216000E-02 0.240000E-02 0.304000E-02 0.208000E-02 0.232000E-02 0.248000E-02 0.200000E-02 0.200000E-02 0.128000E-02 0.128000E-02 0.160000E-02 0.152000E-02 0.880000E-03 0.152000E-02 0.160000E-02 0.128000E-02 0.112000E-02 0.960000E-03 0.800000E-03 0.960000E-03 0.960000E-03 0.480000E-03 0.128000E-02 0.560000E-03 0.480000E-03 0.640000E-03 0.960000E-03 0.720000E-03 0.800000E-03 0.400000E-03 0.400000E-03 0.240000E-03 0.560000E-03 0.000000E+00 0.800000E-04 0.240000E-03 0.160000E-03 0.800000E-04 0.320000E-03 0.160000E-03 0.480000E-03 0.400000E-03 0.320000E-03 0.240000E-03 0.160000E-03 0.800000E-04 0.000000E+00 0.320000E-03 0.160000E-03 0.800000E-04 0.240000E-03 0.160000E-03 0.000000E+00 0.800000E-04 0.160000E-03 0.800000E-04 0.000000E+00 0.240000E-03 0.240000E-03 0.800000E-04 0.000000E+00 0.000000E+00 0.000000E+00 0.160000E-03 0.800000E-04 0.000000E+00 0.000000E+00 0.000000E+00 0.800000E-04 0.000000E+00 0.000000E+00 0.000000E+00 0.000000E+00 0.000000E+00 0.000000E+00 0.000000E+00 0.000000E+00 0.000000E+00 0.000000E+00 0.000000E+00 0.800000E-04 0.000000E+00 0.000000E+00 0.000000E+00 0.000000E+00 0.000000E+00 0.000000E+00 0.000000E+00 0.000000E+00 0.000000E+00 0.000000E+00 0.000000E+00 0.000000E+00 0.000000E+00 0.000000E+00 0.000000E+00 0.000000E+00 0.000000E+00 0.000000E+00 0.000000E+00 0.000000E+00 0.000000E+00 0.000000E+00 0.000000E+00 0.000000E+00 0.000000E+00 0.000000E+00 0.000000E+00 0.000000E+00 0.000000E+00 0.000000E+00 0.000000E+00 0.000000E+00 0.000000E+00 0.000000E+00 0.000000E+00 0.000000E+00 0.000000E+00 0.000000E+00 0.000000E+00 0.000000E+00 0.000000E+00 0.000000E+00 0.000000E+00 0.000000E+00
 0.147840E+00 0.181760E+00 0.154960E+00 0.129120E+00 0.116160E+00 0.104400E+00 0.953600E-01 0.888800E-01 0.816000E-01 0.732800E-01 0.748800E-01 0.626400E-01 0.592800E-01 0.592000E-01 0.539200E-01 0.499200E-01 0.453600E-01 0.414400E-01 0.395200E-01 0.372000E-01 0.393600E-01 0.352000E-01 0.332800E-01 0.314400E-01 0.308800E-01 0.295200E-01 0.250400E-01 0.255200E-01 0.232000E-01 0.237600E-01 0.206400E-01 0.194400E-01 0.166400E-01 0.200000E-01 0.168000E-01 0.160000E-01 0.147200E-01 0.141600E-01 0.140000E-01 0.140800E-01 0.122400E-01 0.137600E-01 0.109600E-01 0.103200E-01 0.112800E-01 0.115200E-01 0.984000E-02 0.100800E-01 0.720000E-02 0.792000E-02 0.848000E-02 0.768000E-02 0.712000E-02 0.768000E-02 0.656000E-02 0.624000E-02 0.632000E-02 0.576000E-02 0.536000E-02 0.536000E-02 0.576000E-02 0.536000E-02 0.488000E-02 0.424000E-02 0.384000E-02 0.392000E-02 0.336000E-02 0.416000E-02 0.344000E-02 0.360000E-02 0.288000E-02 0.232000E-02 0.312000E-02 0.240000E-02 0.296000E-02 0.288000E-02 0.192000E-02 0.240000E-02 0.144000E-02 0.184000E-02 0.192000E-02 0.208000E-02 0.272000E-02 0.168000E-02 0.176000E-02 0.152000E-02 0.160000E-02 0.120000E-02 0.104000E-02 0.960000E-03 0.880000E-03 0.720000E-03 0.640000E-03 0.960000E-03 0.480000E-03 0.640000E-03 0.480000E-03 0.104000E-02 0.560000E-03 0.640000E-03 0.720000E-03 0.720000E-03 0.400000E-03 0.400000E-03 0.560000E-03 0.240000E-03 0.400000E-03 0.400000E-03 0.320000E-03 0.240000E-03 0.160000E-03 0.240000E-03 0.160000E-03 0.320000E-03 0.800000E-04 0.240000E-03 0.160000E-03 0.800000E-04 0.240000E-03 0.160000E-03 0.320000E-03 0.240000E-03 0.160000E-03 0.000000E+00 0.000000E+00 0.320000E-03 0.320000E-03 0.000000E+00 0.800000E-04 0.000000E+00 0.000000E+00 0.800000E-04 0.000000E+00 0.000000E+00 0.800000E-04 0.800000E-04 0.000000E+00 0.800000E-04 0.000000E+00 0.000000E+00 0.000000E+00 0.000000E+00 0.000000E+00 0.000000E+00 0.800000E-04 0.000000E+00 0.000000E+00 0.000000E+00 0.000000E+00 0.000000E+00 0.000000E+00 0.000000E+00 0.000000E+00 0.000000E+00 0.000000E+00 0.000000E+00 0.000000E+00 0.000000E+00 0.000000E+00 0.000000E+00 0.000000E+00 0.000000E+00 0.000000E+00 0.000000E+00 0.000000E+00 0.000000E+00 0.000000E+00 0.000000E+00 0.000000E+00 0.000000E+00 0.000000E+00 0.000000E+00 0.000000E+00 0.000000E+00 0.000000E+00 0.000000E+00 0.000000E+00 0.000000E+00 0.000000E+00 0.000000E+00 0.000000E+00 0.000000E+00 0.000000E+00 0.000000E+00 0.000000E+00 0.000000E+00 0.000000E+00 0.000000E+00 0.000000E+00 0.000000E+00 0.000000E+00 0.000000E+00 0.000000E+00 0.000000E+00 0.000000E+00 0.000000E+00 0.000000E+00 0.000000E+00 0.000000E+00 0.000000E+00
 0.119416E+01 0.117632E+01 0.100656E+01 0.873760E+00 0.678800E+00 0.534720E+00 0.475520E+00 0.442160E+00 0.404800E+00 0.379360E+00 0.360080E+00 0.335120E+00 0.309280E+00 0.290320E+00 0.276960E+00 0.256080E+00 0.241200E+00 0.225040E+00 0.209040E+00 0.201440E+00 0.199120E+00 0.190240E+00 0.180640E+00 0.163120E+00 0.156720E+00 0.154000E+00 0.145200E+00 0.143440E+00 0.129520E+00 0.130960E+00 0.117280E+00 0.118240E+00 0.108320E+00 0.106240E+00 0.978400E-01 0.928000E-01 0.935200E-01 0.892800E-01 0.860800E-01 0.816800E-01 0.779200E-01 0.745600E-01 0.727200E-01 0.668800E-01 0.662400E-01 0.632000E-01 0.567200E-01 0.627200E-01 0.566400E-01 0.534400E-01 0.486400E-01 0.470400E-01 0.495200E-01 0.452000E-01 0.419200E-01 0.425600E-01 0.403200E-01 0.419200E-01 0.376000E-01 0.346400E-01 0.313600E-01 0.311200E-01 0.308000E-01 0.298400E-01 0.280800E-01 0.276000E-01 0.256800E-01 0.274400E-01 0.254400E-01 0.237600E-01 0.232800E-01 0.201600E-01 0.213600E-01 0.220800E-01 0.222400E-01 0.190400E-01 0.162400E-01 0.177600E-01 0.174400E-01 0.147200E-01 0.153600E-01 0.140000E-01 0.135200E-01 0.132000E-01 0.126400E-01 0.112000E-01 0.128000E-01 0.113600E-01 0.102400E-01 0.952000E-02 0.952000E-02 0.107200E-01 0.784000E-02 0.832000E-02 0.896000E-02 0.704000E-02 0.712000E-02 0.584000E-02 0.752000E-02 0.808000E-02 0.576000E-02 0.600000E-02 0.536000E-02 0.536000E-02 0.488000E-02 0.416000E-02 0.448000E-02 0.480000E-02 0.392000E-02 0.424000E-02 0.344000E-02 0.344000E-02 0.312000E-02 0.232000E-02 0.232000E-02 0.288000E-02 0.160000E-02 0.288000E-02 0.216000E-02 0.224000E-02 0.176000E-02 0.248000E-02 0.200000E-02 0.208000E-02 0.176000E-02 0.120000E-02 0.152000E-02 0.184000E-02 0.120000E-02 0.136000E-02 0.144000E-02 0.720000E-03 0.320000E-03 0.152000E-02 0.880000E-03 0.960000E-03 0.240000E-03 0.104000E-02 0.640000E-03 0.640000E-03 0.480000E-03 0.480000E-03 0.400000E-03 0.720000E-03 0.560000E-03 0.720000E-03 0.160000E-03 0.240000E-03 0.400000E-03 0.240000E-03 0.240000E-03 0.320000E-03 0.560000E-03 0.320000E-03 0.160000E-03 0.800000E-04 0.400000E-03 0.000000E+00 0.000000E+00 0.160000E-03 0.800000E-04 0.000000E+00 0.160000E-03 0.240000E-03 0.240000E-03 0.000000E+00 0.160000E-03 0.000000E+00 0.800000E-04 0.000000E+00 0.000000E+00 0.000000E+00 0.000000E+00 0.000000E+00 0.000000E+00 0.000000E+00 0.800000E-04 0.800000E-04 0.000000E+00 0.000000E+00 0.000000E+00 0.000000E+00 0.000000E+00 0.800000E-04 0.000000E+00 0.000000E+00 0.800000E-04 0.000000E+00 0.000000E+00 0.000000E+00 0.000000E+00 0.000000E+00 0.000000E+00 0.000000E+00 0.000000E+00 0.000000E+00 0.000000E+00 0.000000E+00 0.000000E+00 0.000000E+00
 0.463520E+00 0.486480E+00 0.453600E+00 0.421120E+00 0.357520E+00 0.307920E+00 0.297520E+00 0.284000E+00 0.265040E+00 0.253440E+00 0.234480E+00 0.231200E+00 0.227520E+00 0.204880E+00 0.200880E+00 0.198880E+00 0.189120E+00 0.183120E+00 0.167520E+00 0.169920E+00 0.161920E+00 0.156240E+00 0.148800E+00 0.142080E+00 0.139600E+00 0.132400E+00 0.125440E+00 0.123760E+00 0.119600E+00 0.111040E+00 0.117040E+00 0.105120E+00 0.999200E-01 0.104240E+00 0.944800E-01 0.950400E-01 0.848000E-01 0.880800E-01 0.823200E-01 0.776000E-01 0.797600E-01 0.744800E-01 0.756800E-01 0.688800E-01 0.652000E-01 0.636000E-01 0.619200E-01 0.598400E-01 0.597600E-01 0.576000E-01 0.529600E-01 0.558400E-01 0.492000E-01 0.500800E-01 0.498400E-01 0.494400E-01 0.467200E-01 0.444000E-01 0.412800E-01 0.351200E-01 0.402400E-01 0.368000E-01 0.372800E-01 0.367200E-01 0.357600E-01 0.324800E-01 0.326400E-01 0.345600E-01 0.268800E-01 0.285600E-01 0.256800E-01 0.251200E-01 0.252000E-01 0.212800E-01 0.220800E-01 0.212800E-01 0.204800E-01 0.209600E-01 0.183200E-01 0.188800E-01 0.176800E-01 0.167200E-01 0.166400E-01 0.172800E-01 0.155200E-01 0.171200E-01 0.156000E-01 0.128800E-01 0.143200E-01 0.144000E-01 0.120000E-01 0.133600E-01 0.113600E-01 0.124000E-01 0.116800E-01 0.110400E-01 0.776000E-02 0.856000E-02 0.904000E-02 0.736000E-02 0.792000E-02 0.664000E-02 0.720000E-02 0.632000E-02 0.608000E-02 0.704000E-02 0.704000E-02 0.632000E-02 0.448000E-02 0.648000E-02 0.504000E-02 0.512000E-02 0.416000E-02 0.448000E-02 0.344000E-02 0.448000E-02 0.312000E-02 0.264000E-02 0.312000E-02 0.408000E-02 0.360000E-02 0.304000E-02 0.232000E-02 0.288000E-02 0.272000E-02 0.288000E-02 0.184000E-02 0.240000E-02 0.208000E-02 0.176000E-02 0.192000E-02 0.200000E-02 0.192000E-02 0.112000E-02 0.960000E-03 0.136000E-02 0.120000E-02 0.136000E-02 0.120000E-02 0.104000E-02 0.800000E-03 0.120000E-02 0.112000E-02 0.320000E-03 0.640000E-03 0.640000E-03 0.640000E-03 0.136000E-02 0.320000E-03 0.320000E-03 0.320000E-03 0.400000E-03 0.480000E-03 0.320000E-03 0.160000E-03 0.240000E-03 0.160000E-03 0.160000E-03 0.160000E-03 0.160000E-03 0.320000E-03 0.800000E-04 0.240000E-03 0.240000E-03 0.800000E-04 0.160000E-03 0.000000E+00 0.160000E-03 0.800000E-04 0.800000E-04 0.160000E-03 0.000000E+00 0.000000E+00 0.800000E-04 0.800000E-04 0.800000E-04 0.800000E-04 0.000000E+00 0.000000E+00 0.800000E-04 0.000000E+00 0.000000E+00 0.000000E+00 0.000000E+00 0.000000E+00 0.000000E+00 0.800000E-04 0.000000E+00 0.000000E+00 0.000000E+00 0.000000E+00 0.800000E-04 0.000000E+00 0.000000E+00 0.000000E+00 0.000000E+00 0.000000E+00 0.000000E+00 0.000000E+00 0.000000E+00
 0.768000E-01 0.879200E-01 0.858400E-01 0.752800E-01 0.692000E-01 0.626400E-01 0.613600E-01 0.532000E-01 0.548800E-01 0.519200E-01 0.498400E-01 0.485600E-01 0.468800E-01 0.415200E-01 0.401600E-01 0.406400E-01 0.375200E-01 0.343200E-01 0.327200E-01 0.297600E-01 0.300800E-01 0.284800E-01 0.290400E-01 0.268800E-01 0.254400E-01 0.232000E-01 0.225600E-01 0.255200E-01 0.204000E-01 0.214400E-01 0.186400E-01 0.161600E-01 0.200800E-01 0.168800E-01 0.150400E-01 0.176800E-01 0.172800E-01 0.161600E-01 0.126400E-01 0.118400E-01 0.106400E-01 0.129600E-01 0.134400E-01 0.120000E-01 0.104800E-01 0.105600E-01 0.992000E-02 0.976000E-02 0.104800E-01 0.984000E-02 0.744000E-02 0.880000E-02 0.760000E-02 0.816000E-02 0.480000E-02 0.688000E-02 0.768000E-02 0.520000E-02 0.576000E-02 0.536000E-02 0.600000E-02 0.520000E-02 0.520000E-02 0.408000E-02 0.416000E-02 0.400000E-02 0.416000E-02 0.416000E-02 0.464000E-02 0.416000E-02 0.408000E-02 0.288000E-02 0.296000E-02 0.264000E-02 0.384000E-02 0.272000E-02 0.232000E-02 0.176000E-02 0.216000E-02 0.288000E-02 0.232000E-02 0.184000E-02 0.136000E-02 0.160000E-02 0.208000E-02 0.232000E-02 0.144000E-02 0.136000E-02 0.200000E-02 0.720000E-03 0.112000E-02 0.176000E-02 0.160000E-02 0.880000E-03 0.640000E-03 0.128000E-02 0.104000E-02 0.800000E-03 0.480000E-03 0.640000E-03 0.320000E-03 0.320000E-03 0.800000E-03 0.104000E-02 0.104000E-02 0.560000E-03 0.400000E-03 0.480000E-03 0.400000E-03 0.480000E-03 0.400000E-03 0.800000E-04 0.000000E+00 0.000000E+00 0.160000E-03 0.320000E-03 0.400000E-03 0.240000E-03 0.000000E+00 0.800000E-04 0.400000E-03 0.560000E-03 0.240000E-03 0.800000E-04 0.000000E+00 0.160000E-03 0.160000E-03 0.160000E-03 0.800000E-04 0.240000E-03 0.800000E-04 0.160000E-03 0.800000E-04 0.160000E-03 0.160000E-03 0.800000E-04 0.800000E-04 0.800000E-04 0.800000E-04 0.160000E-03 0.800000E-04 0.000000E+00 0.000000E+00 0.000000E+00 0.000000E+00 0.800000E-04 0.160000E-03 0.800000E-04 0.800000E-04 0.800000E-04 0.000000E+00 0.800000E-04 0.000000E+00 0.000000E+00 0.000000E+00 0.000000E+00 0.000000E+00 0.000000E+00 0.800000E-04 0.000000E+00 0.000000E+00 0.000000E+00 0.000000E+00 0.000000E+00 0.000000E+00 0.000000E+00 0.000000E+00 0.000000E+00 0.000000E+00 0.000000E+00 0.000000E+00 0.000000E+00 0.000000E+00 0.000000E+00 0.000000E+00 0.000000E+00 0.000000E+00 0.000000E+00 0.000000E+00 0.000000E+00 0.000000E+00 0.000000E+00 0.000000E+00 0.000000E+00 0.000000E+00 0.000000E+00 0.000000E+00 0.000000E+00 0.000000E+00 0.000000E+00 0.000000E+00 0.000000E+00 0.000000E+00 0.000000E+00 0.000000E+00 0.000000E+00 0.000000E+00 0.000000E+00 0.000000E+00 0.000000E+00
 0.145680E+00 0.190400E+00 0.159120E+00 0.133920E+00 0.114880E+00 0.107760E+00 0.947200E-01 0.904800E-01 0.826400E-01 0.714400E-01 0.716800E-01 0.652800E-01 0.596000E-01 0.565600E-01 0.545600E-01 0.510400E-01 0.472000E-01 0.444000E-01 0.426400E-01 0.398400E-01 0.366400E-01 0.368000E-01 0.348000E-01 0.310400E-01 0.301600E-01 0.289600E-01 0.266400E-01 0.256000E-01 0.223200E-01 0.252800E-01 0.232800E-01 0.206400E-01 0.212800E-01 0.199200E-01 0.194400E-01 0.152800E-01 0.164000E-01 0.159200E-01 0.139200E-01 0.149600E-01 0.128800E-01 0.149600E-01 0.142400E-01 0.128800E-01 0.960000E-02 0.101600E-01 0.960000E-02 0.840000E-02 0.736000E-02 0.896000E-02 0.728000E-02 0.832000E-02 0.800000E-02 0.848000E-02 0.648000E-02 0.624000E-02 0.568000E-02 0.656000E-02 0.584000E-02 0.496000E-02 0.400000E-02 0.424000E-02 0.408000E-02 0.456000E-02 0.432000E-02 0.328000E-02 0.528000E-02 0.448000E-02 0.232000E-02 0.408000E-02 0.320000E-02 0.312000E-02 0.272000E-02 0.216000E-02 0.272000E-02 0.240000E-02 0.176000E-02 0.216000E-02 0.200000E-02 0.240000E-02 0.200000E-02 0.176000E-02 0.168000E-02 0.128000E-02 0.128000E-02 0.160000E-02 0.120000E-02 0.120000E-02 0.120000E-02 0.136000E-02 0.120000E-02 0.120000E-02 0.104000E-02 0.120000E-02 0.800000E-03 0.560000E-03 0.480000E-03 0.880000E-03 0.480000E-03 0.960000E-03 0.560000E-03 0.800000E-03 0.720000E-03 0.560000E-03 0.800000E-03 0.400000E-03 0.320000E-03 0.240000E-03 0.480000E-03 0.240000E-03 0.400000E-03 0.800000E-04 0.160000E-03 0.560000E-03 0.160000E-03 0.800000E-04 0.160000E-03 0.240000E-03 0.240000E-03 0.240000E-03 0.800000E-04 0.000000E+00 0.800000E-04 0.160000E-03 0.240000E-03 0.800000E-04 0.160000E-03 0.160000E-03 0.800000E-04 0.160000E-03 0.160000E-03 0.160000E-03 0.800000E-04 0.800000E-04 0.000000E+00 0.800000E-04 0.800000E-04 0.000000E+00 0.160000E-03 0.000000E+00 0.160000E-03 0.000000E+00 0.800000E-04 0.000000E+00 0.000000E+00 0.000000E+00 0.000000E+00 0.000000E+00 0.000000E+00 0.000000E+00 0.000000E+00 0.000000E+00 0.000000E+00 0.000000E+00 0.000000E+00 0.160000E-03 0.000000E+00 0.000000E+00 0.000000E+00 0.000000E+00 0.000000E+00 0.000000E+00 0.000000E+00 0.000000E+00 0.000000E+00 0.000000E+00 0.000000E+00 0.000000E+00 0.000000E+00 0.000000E+00 0.000000E+00 0.000000E+00 0.000000E+00 0.000000E+00 0.000000E+00 0.000000E+00 0.000000E+00 0.000000E+00 0.000000E+00 0.000000E+00 0.000000E+00 0.000000E+00 0.000000E+00 0.000000E+00 0.000000E+00 0.000000E+00 0.000000E+00 0.000000E+00 0.000000E+00 0.000000E+00 0.000000E+00 0.000000E+00 0.000000E+00 0.000000E+00 0.000000E+00 0.000000E+00 0.000000E+00 0.000000E+00 0.000000E+00 0.000000E+00
 0.752000E-01 0.813600E-01 0.747200E-01 0.719200E-01 0.631200E-01 0.644000E-01 0.598400E-01 0.534400E-01 0.553600E-01 0.505600E-01 0.483200E-01 0.439200E-01 0.412000E-01 0.380800E-01 0.392800E-01 0.349600E-01 0.354400E-01 0.304800E-01 0.324000E-01 0.329600E-01 0.301600E-01 0.309600E-01 0.274400E-01 0.278400E-01 0.263200E-01 0.240000E-01 0.220800E-01 0.237600E-01 0.198400E-01 0.185600E-01 0.200800E-01 0.177600E-01 0.174400E-01 0.160000E-01 0.152000E-01 0.158400E-01 0.176800E-01 0.129600E-01 0.148000E-01 0.139200E-01 0.141600E-01 0.128000E-01 0.125600E-01 0.108800E-01 0.120800E-01 0.936000E-02 0.117600E-01 0.888000E-02 0.952000E-02 0.952000E-02 0.848000E-02 0.832000E-02 0.768000E-02 0.736000E-02 0.736000E-02 0.640000E-02 0.584000E-02 0.552000E-02 0.432000E-02 0.504000E-02 0.608000E-02 0.552000E-02 0.504000E-02 0.448000E-02 0.528000E-02 0.336000E-02 0.384000E-02 0.344000E-02 0.432000E-02 0.376000E-02 0.360000E-02 0.280000E-02 0.232000E-02 0.336000E-02 0.248000E-02 0.216000E-02 0.240000E-02 0.304000E-02 0.208000E-02 0.232000E-02 0.248000E-02 0.200000E-02 0.200000E-02 0.128000E-02 0.128000E-02 0.160000E-02 0.152000E-02 0.880000E-03 0.152000E-02 0.160000E-02 0.128000E-02 0.112000E-02 0.960000E-03 0.800000E-03 0.960000E-03 0.960000E-03 0.480000E-03 0.128000E-02 0.560000E-03 0.480000E-03 0.640000E-03 0.960000E-03 0.720000E-03 0.800000E-03 0.400000E-03 0.400000E-03 0.240000E-03 0.560000E-03 0.000000E+00 0.800000E-04 0.240000E-03 0.160000E-03 0.800000E-04 0.320000E-03 0.160000E-03 0.480000E-03 0.400000E-03 0.320000E-03 0.240000E-03 0.160000E-03 0.800000E-04 0.000000E+00 0.320000E-03 0.160000E-03 0.800000E-04 0.240000E-03 0.160000E-03 0.000000E+00 0.800000E-04 0.160000E-03 0.800000E-04 0.000000E+00 0.240000E-03 0.240000E-03 0.800000E-04 0.000000E+00 0.000000E+00 0.000000E+00 0.160000E-03 0.800000E-04 0.000000E+00 0.000000E+00 0.000000E+00 0.800000E-04 0.000000E+00 0.000000E+00 0.000000E+00 0.000000E+00 0.000000E+00 0.000000E+00 0.000000E+00 0.000000E+00 0.000000E+00 0.000000E+00 0.000000E+00 0.800000E-04 0.000000E+00 0.000000E+00 0.000000E+00 0.000000E+00 0.000000E+00 0.000000E+00 0.000000E+00 0.000000E+00 0.000000E+00 0.000000E+00 0.000000E+00 0.000000E+00 0.000000E+00 0.000000E+00 0.000000E+00 0.000000E+00 0.000000E+00 0.000000E+00 0.000000E+00 0.000000E+00 0.000000E+00 0.000000E+00 0.000000E+00 0.000000E+00 0.000000E+00 0.000000E+00 0.000000E+00 0.000000E+00 0.000000E+00 0.000000E+00 0.000000E+00 0.000000E+00 0.000000E+00 0.000000E+00 0.000000E+00 0.000000E+00 0.000000E+00 0.000000E+00 0.000000E+00 0.000000E+00 0.000000E+00 0.000000E+00 0.000000E+00 0.000000E+00
 0.147840E+00 0.181760E+00 0.154960E+00 0.129120E+00 0.116160E+00 0.104400E+00 0.953600E-01 0.888800E-01 0.816000E-01 0.732800E-01 0.748800E-01 0.626400E-01 0.592800E-01 0.592000E-01 0.539200E-01 0.499200E-01 0.453600E-01 0.414400E-01 0.395200E-01 0.372000E-01 0.393600E-01 0.352000E-01 0.332800E-01 0.314400E-01 0.308800E-01 0.295200E-01 0.250400E-01 0.255200E-01 0.232000E-01 0.237600E-01 0.206400E-01 0.194400E-01 0.166400E-01 0.200000E-01 0.168000E-01 0.160000E-01 0.147200E-01 0.141600E-01 0.140000E-01 0.140800E-01 0.122400E-01 0.137600E-01 0.109600E-01 0.103200E-01 0.112800E-01 0.115200E-01 0.984000E-02 0.100800E-01 0.720000E-02 0.792000E-02 0.848000E-02 0.768000E-02 0.712000E-02 0.768000E-02 0.656000E-02 0.624000E-02 0.632000E-02 0.576000E-02 0.536000E-02 0.536000E-02 0.576000E-02 0.536000E-02 0.488000E-02 0.424000E-02 0.384000E-02 0.392000E-02 0.336000E-02 0.416000E-02 0.344000E-02 0.360000E-02 0.288000E-02 0.232000E-02 0.312000E-02 0.240000E-02 0.296000E-02 0.288000E-02 0.192000E-02 0.240000E-02 0.144000E-02 0.184000E-02 0.192000E-02 0.208000E-02 0.272000E-02 0.168000E-02 0.176000E-02 0.152000E-02 0.160000E-02 0.120000E-02 0.104000E-02 0.960000E-03 0.880000E-03 0.720000E-03 0.640000E-03 0.960000E-03 0.480000E-03 0.640000E-03 0.480000E-03 0.104000E-02 0.560000E-03 0.640000E-03 0.720000E-03 0.720000E-03 0.400000E-03 0.400000E-03 0.560000E-03 0.240000E-03 0.400000E-03 0.400000E-03 0.320000E-03 0.240000E-03 0.160000E-03 0.240000E-03 0.160000E-03 0.320000E-03 0.800000E-04 0.240000E-03 0.160000E-03 0.800000E-04 0.240000E-03 0.160000E-03 0.320000E-03 0.240000E-03 0.160000E-03 0.000000E+00 0.000000E+00 0.320000E-03 0.320000E-03 0.000000E+00 0.800000E-04 0.000000E+00 0.000000E+00 0.800000E-04 0.000000E+00 0.000000E+00 0.800000E-04 0.800000E-04 0.000000E+00 0.800000E-04 0.000000E+00 0.000000E+00 0.000000E+00 0.000000E+00 0.000000E+00 0.000000E+00 0.800000E-04 0.000000E+00 0.000000E+00 0.000000E+00 0.000000E+00 0.000000E+00 0.000000E+00 0.000000E+00 0.000000E+00 0.000000E+00 0.000000E+00 0.000000E+00 0.000000E+00 0.000000E+00 0.000000E+00 0.000000E+00 0.000000E+00 0.000000E+00 0.000000E+00 0.000000E+00 0.000000E+00 0.000000E+00 0.000000E+00 0.000000E+00 0.000000E+00 0.000000E+00 0.000000E+00 0.000000E+00 0.000000E+00 0.000000E+00 0.000000E+00 0.000000E+00 0.000000E+00 0.000000E+00 0.000000E+00 0.000000E+00 0.000000E+00 0.000000E+00 0.000000E+00 0.000000E+00 0.000000E+00 0.000000E+00 0.000000E+00 0.000000E+00 0.000000E+00 0.000000E+00 0.000000E+00 0.000000E+00 0.000000E+00 0.000000E+00 0.000000E+00 0.000000E+00 0.000000E+00 0.000000E+00 0.000000E+00 0.000000E+00
 0.119416E+01 0.117632E+01 0.100656E+01 0.873760E+00 0.678800E+00 0.534720E+00 0.475520E+00 0.442160E+00 0.404800E+00 0.379360E+00 0.360080E+00 0.335120E+00 0.309280E+00 0.290320E+00 0.276960E+00 0.256080E+00 0.241200E+00 0.225040E+00 0.209040E+00 0.201440E+00 0.199120E+00 0.190240E+00 0.180640E+00 0.163120E+00 0.156720E+00 0.154000E+00 0.145200E+00 0.143440E+00 0.129520E+00 0.130960E+00 0.117280E+00 0.118240E+00 0.108320E+00 0.106240E+00 0.978400E-01 0.928000E-01 0.935200E-01 0.892800E-01 0.860800E-01 0.816800E-01 0.779200E-01 0.745600E-01 0.727200E-01 0.668800E-01 0.662400E-01 0.632000E-01 0.567200E-01 0.627200E-01 0.566400E-01 0.534400E-01 0.486400E-01 0.470400E-01 0.495200E-01 0.452000E-01 0.419200E-01 0.425600E-01 0.403200E-01 0.419200E-01 0.376000E-01 0.346400E-01 0.313600E-01 0.311200E-01 0.308000E-01 0.298400E-01 0.280800E-01 0.276000E-01 0.256800E-01 0.274400E-01 0.254400E-01 0.237600E-01 0.232800E-01 0.201600E-01 0.213600E-01 0.220800E-01 0.222400E-01 0.190400E-01 0.162400E-01 0.177600E-01 0.174400E-01 0.147200E-01 0.153600E-01 0.140000E-01 0.135200E-01 0.132000E-01 0.126400E-01 0.112000E-01 0.128000E-01 0.113600E-01 0.102400E-01 0.952000E-02 0.952000E-02 0.107200E-01 0.784000E-02 0.832000E-02 0.896000E-02 0.704000E-02 0.712000E-02 0.584000E-02 0.752000E-02 0.808000E-02 0.576000E-02 0.600000E-02 0.536000E-02 0.536000E-02 0.488000E-02 0.416000E-02 0.448000E-02 0.480000E-02 0.392000E-02 0.424000E-02 0.344000E-02 0.344000E-02 0.312000E-02 0.232000E-02 0.232000E-02 0.288000E-02 0.160000E-02 0.288000E-02 0.216000E-02 0.224000E-02 0.176000E-02 0.248000E-02 0.200000E-02 0.208000E-02 0.176000E-02 0.120000E-02 0.152000E-02 0.184000E-02 0.120000E-02 0.136000E-02 0.144000E-02 0.720000E-03 0.320000E-03 0.152000E-02 0.880000E-03 0.960000E-03 0.240000E-03 0.104000E-02 0.640000E-03 0.640000E-03 0.480000E-03 0.480000E-03 0.400000E-03 0.720000E-03 0.560000E-03 0.720000E-03 0.160000E-03 0.240000E-03 0.400000E-03 0.240000E-03 0.240000E-03 0.320000E-03 0.560000E-03 0.320000E-03 0.160000E-03 0.800000E-04 0.400000E-03 0.000000E+00 0.000000E+00 0.160000E-03 0.800000E-04 0.000000E+00 0.160000E-03 0.240000E-03 0.240000E-03 0.000000E+00 0.160000E-03 0.000000E+00 0.800000E-04 0.000000E+00 0.000000E+00 0.000000E+00 0.000000E+00 0.000000E+00 0.000000E+00 0.000000E+00 0.800000E-04 0.800000E-04 0.000000E+00 0.000000E+00 0.000000E+00 0.000000E+00 0.000000E+00 0.800000E-04 0.000000E+00 0.000000E+00 0.800000E-04 0.000000E+00 0.000000E+00 0.000000E+00 0.000000E+00 0.000000E+00 0.000000E+00 0.000000E+00 0.000000E+00 0.000000E+00 0.000000E+00 0.000000E+00 0.000000E+00 0.000000E+00
 0.463520E+00 0.486480E+00 0.453600E+00 0.421120E+00 0.357520E+00 0.307920E+00 0.297520E+00 0.284000E+00 0.265040E+00 0.253440E+00 0.234480E+00 0.231200E+00 0.227520E+00 0.204880E+00 0.200880E+00 0.198880E+00 0.189120E+00 0.183120E+00 0.167520E+00 0.169920E+00 0.161920E+00 0.156240E+00 0.148800E+00 0.142080E+00 0.139600E+00 0.132400E+00 0.125440E+00 0.123760E+00 0.119600E+00 0.111040E+00 0.117040E+00 0.105120E+00 0.999200E-01 0.104240E+00 0.944800E-01 0.950400E-01 0.848000E-01 0.880800E-01 0.823200E-01 0.776000E-01 0.797600E-01 0.744800E-01 0.756800E-01 0.688800E-01 0.652000E-01 0.636000E-01 0.619200E-01 0.598400E-01 0.597600E-01 0.576000E-01 0.529600E-01 0.558400E-01 0.492000E-01 0.500800E-01 0.498400E-01 0.494400E-01 0.467200E-01 0.444000E-01 0.412800E-01 0.351200E-01 0.402400E-01 0.368000E-01 0.372800E-01 0.367200E-01 0.357600E-01 0.324800E-01 0.326400E-01 0.345600E-01 0.268800E-01 0.285600E-01 0.256800E-01 0.251200E-01 0.252000E-01 0.212800E-01 0.220800E-01 0.212800E-01 0.204800E-01 0.209600E-01 0.183200E-01 0.188800E-01 0.176800E-01 0.167200E-01 0.166400E-01 0.172800E-01 0.155200E-01 0.171200E-01 0.156000E-01 0.128800E-01 0.143200E-01 0.144000E-01 0.120000E-01 0.133600E-01 0.113600E-01 0.124000E-01 0.116800E-01 0.110400E-01 0.776000E-02 0.856000E-02 0.904000E-02 0.736000E-02 0.792000E-02 0.664000E-02 0.720000E-02 0.632000E-02 0.608000E-02 0.704000E-02 0.704000E-02 0.632000E-02 0.448000E-02 0.648000E-02 0.504000E-02 0.512000E-02 0.416000E-02 0.448000E-02 0.344000E-02 0.448000E-02 0.312000E-02 0.264000E-02 0.312000E-02 0.408000E-02 0.360000E-02 0.304000E-02 0.232000E-02 0.288000E-02 0.272000E-02 0.288000E-02 0.184000E-02 0.240000E-02 0.208000E-02 0.176000E-02 0.192000E-02 0.200000E-02 0.192000E-02 0.112000E-02 0.960000E-03 0.136000E-02 0.120000E-02 0.136000E-02 0.120000E-02 0.104000E-02 0.800000E-03 0.120000E-02 0.112000E-02 0.320000E-03 0.640000E-03 0.640000E-03 0.640000E-03 0.136000E-02 0.320000E-03 0.320000E-03 0.320000E-03 0.400000E-03 0.480000E-03 0.320000E-03 0.160000E-03 0.240000E-03 0.160000E-03 0.160000E-03 0.160000E-03 0.160000E-03 0.320000E-03 0.800000E-04 0.240000E-03 0.240000E-03 0.800000E-04 0.160000E-03 0.000000E+00 0.160000E-03 0.800000E-04 0.800000E-04 0.160000E-03 0.000000E+00 0.000000E+00 0.800000E-04 0.800000E-04 0.800000E-04 0.800000E-04 0.000000E+00 0.000000E+00 0.800000E-04 0.000000E+00 0.000000E+00 0.000000E+00 0.000000E+00 0.000000E+00 0.000000E+00 0.800000E-04 0.000000E+00 0.000000E+00 0.000000E+00 0.000000E+00 0.800000E-04 0.000000E+00 0.000000E+00 0.000000E+00 0.000000E+00 0.000000E+00 0.000000E+00 0.000000E+00 0.000000E+00
