### Run with WimpAnn version = wimpann-2.08                            
###   Using Pythia version   = Pythia 6.400    
###   Using nusigma version  = nusigma-1.15-pyr                        
###   Using DarkSUSY version = ds-4.1.6                                
###   WimpAnn run started at date 2007-09-11; time 00:34:20
### Neutrino oscillation parameters
#      theta_12 =  0.00000000E+00
#      theta_13 =  0.00000000E+00
#      theta_23 =  0.00000000E+00
#         delta =  0.00000000E+00
#  delta_m^2_21 =  0.81000000E-04
#  delta_m^2_31 =  0.22000000E-02
### WimpAnn run parameters
#  Annihilation channel =         4
#  Generated particles =  tau-             tau+            
#  WIMP mass =  0.50000000E+03
#  Number of annihilations =   2500000
#  Source = Sun
#...dPhi/dz in  200 bins from 0 to 1
#...Line  1- 6: flux at centre of Sun for neutrino 1-6
#...Line  7-12: flux at surface of Sun for neutrino 1-6
#...Line 13-18: flux at 1 AU from the Sun for neutrino 1-6
#...Line 19-24: flux at surface of Sun for secondary neutrino 1-6
#...Line 25-30: flux at 1 AU from the Sun for secondary neutrino 1-6
 0.362560E+00 0.369760E+00 0.372880E+00 0.377600E+00 0.373280E+00 0.372880E+00 0.366640E+00 0.365600E+00 0.369040E+00 0.363200E+00 0.368880E+00 0.363360E+00 0.363760E+00 0.362320E+00 0.358480E+00 0.355520E+00 0.364240E+00 0.361440E+00 0.367760E+00 0.361840E+00 0.359200E+00 0.342240E+00 0.352400E+00 0.350720E+00 0.349360E+00 0.345760E+00 0.338400E+00 0.338400E+00 0.335120E+00 0.342080E+00 0.346400E+00 0.345520E+00 0.332000E+00 0.329120E+00 0.334400E+00 0.331600E+00 0.324880E+00 0.335280E+00 0.325600E+00 0.320880E+00 0.322320E+00 0.308000E+00 0.316960E+00 0.310800E+00 0.319360E+00 0.308240E+00 0.308640E+00 0.304240E+00 0.313840E+00 0.291280E+00 0.296240E+00 0.296640E+00 0.304480E+00 0.299360E+00 0.292880E+00 0.280400E+00 0.281760E+00 0.288320E+00 0.274880E+00 0.276960E+00 0.283360E+00 0.271840E+00 0.278720E+00 0.277200E+00 0.267280E+00 0.258640E+00 0.254560E+00 0.262640E+00 0.257280E+00 0.251120E+00 0.249040E+00 0.247520E+00 0.243360E+00 0.244640E+00 0.246400E+00 0.230640E+00 0.242720E+00 0.230640E+00 0.236560E+00 0.231680E+00 0.231040E+00 0.224640E+00 0.216160E+00 0.221760E+00 0.219200E+00 0.214160E+00 0.206240E+00 0.209200E+00 0.202400E+00 0.208960E+00 0.204000E+00 0.192240E+00 0.200080E+00 0.192960E+00 0.196800E+00 0.190800E+00 0.186400E+00 0.178560E+00 0.173760E+00 0.179520E+00 0.173040E+00 0.173440E+00 0.166480E+00 0.166320E+00 0.162640E+00 0.162480E+00 0.160560E+00 0.156160E+00 0.151440E+00 0.143040E+00 0.149200E+00 0.148960E+00 0.142800E+00 0.137840E+00 0.135920E+00 0.136800E+00 0.123520E+00 0.129200E+00 0.123840E+00 0.116480E+00 0.115280E+00 0.120560E+00 0.110480E+00 0.108560E+00 0.112080E+00 0.107440E+00 0.107440E+00 0.995200E-01 0.945600E-01 0.101200E+00 0.940000E-01 0.964000E-01 0.907200E-01 0.828800E-01 0.901600E-01 0.827200E-01 0.843200E-01 0.802400E-01 0.750400E-01 0.776000E-01 0.745600E-01 0.684000E-01 0.602400E-01 0.693600E-01 0.616800E-01 0.632800E-01 0.579200E-01 0.594400E-01 0.552800E-01 0.529600E-01 0.525600E-01 0.496000E-01 0.500000E-01 0.460800E-01 0.453600E-01 0.432800E-01 0.377600E-01 0.364000E-01 0.357600E-01 0.351200E-01 0.320000E-01 0.333600E-01 0.308800E-01 0.311200E-01 0.261600E-01 0.273600E-01 0.258400E-01 0.244000E-01 0.214400E-01 0.218400E-01 0.187200E-01 0.192000E-01 0.187200E-01 0.154400E-01 0.144800E-01 0.129600E-01 0.116800E-01 0.113600E-01 0.121600E-01 0.920000E-02 0.768000E-02 0.880000E-02 0.704000E-02 0.512000E-02 0.632000E-02 0.512000E-02 0.352000E-02 0.440000E-02 0.392000E-02 0.200000E-02 0.168000E-02 0.160000E-02 0.880000E-03 0.120000E-02 0.560000E-03 0.560000E-03 0.560000E-03 0.160000E-03 0.000000E+00 0.800000E-04
 0.378240E+00 0.370720E+00 0.364720E+00 0.370560E+00 0.376000E+00 0.371760E+00 0.365280E+00 0.372960E+00 0.361680E+00 0.373840E+00 0.368720E+00 0.368880E+00 0.356640E+00 0.361680E+00 0.368320E+00 0.362720E+00 0.362080E+00 0.356240E+00 0.345920E+00 0.346800E+00 0.344960E+00 0.348000E+00 0.352560E+00 0.339200E+00 0.347200E+00 0.339920E+00 0.342880E+00 0.345120E+00 0.342880E+00 0.347200E+00 0.341680E+00 0.335760E+00 0.339440E+00 0.318960E+00 0.330640E+00 0.323360E+00 0.323440E+00 0.330880E+00 0.323440E+00 0.312480E+00 0.324960E+00 0.320000E+00 0.324720E+00 0.315520E+00 0.314000E+00 0.314400E+00 0.304000E+00 0.308480E+00 0.300560E+00 0.300400E+00 0.293840E+00 0.302080E+00 0.291120E+00 0.298480E+00 0.294720E+00 0.290880E+00 0.281920E+00 0.286800E+00 0.282080E+00 0.275520E+00 0.278960E+00 0.278960E+00 0.272560E+00 0.276560E+00 0.268000E+00 0.263760E+00 0.258000E+00 0.255360E+00 0.252880E+00 0.259280E+00 0.249520E+00 0.256800E+00 0.244640E+00 0.247040E+00 0.246560E+00 0.237680E+00 0.243920E+00 0.237600E+00 0.237360E+00 0.230160E+00 0.226560E+00 0.229280E+00 0.224240E+00 0.222480E+00 0.210400E+00 0.220160E+00 0.211200E+00 0.204400E+00 0.207840E+00 0.202400E+00 0.203600E+00 0.190640E+00 0.192640E+00 0.197200E+00 0.188240E+00 0.184960E+00 0.182000E+00 0.184240E+00 0.177680E+00 0.182400E+00 0.169680E+00 0.171200E+00 0.167040E+00 0.163440E+00 0.159440E+00 0.154880E+00 0.156240E+00 0.148640E+00 0.149680E+00 0.149680E+00 0.144080E+00 0.140880E+00 0.141680E+00 0.131520E+00 0.138160E+00 0.127200E+00 0.125680E+00 0.129120E+00 0.127040E+00 0.122080E+00 0.121760E+00 0.120880E+00 0.118400E+00 0.110240E+00 0.110640E+00 0.104160E+00 0.103840E+00 0.101920E+00 0.100720E+00 0.964000E-01 0.950400E-01 0.958400E-01 0.902400E-01 0.905600E-01 0.901600E-01 0.884800E-01 0.821600E-01 0.827200E-01 0.779200E-01 0.750400E-01 0.740800E-01 0.686400E-01 0.705600E-01 0.686400E-01 0.612000E-01 0.636000E-01 0.620000E-01 0.555200E-01 0.564800E-01 0.541600E-01 0.518400E-01 0.508800E-01 0.492000E-01 0.441600E-01 0.460000E-01 0.394400E-01 0.413600E-01 0.392000E-01 0.373600E-01 0.331200E-01 0.368000E-01 0.323200E-01 0.324800E-01 0.292000E-01 0.265600E-01 0.249600E-01 0.244800E-01 0.243200E-01 0.212800E-01 0.216800E-01 0.186400E-01 0.177600E-01 0.167200E-01 0.148800E-01 0.142400E-01 0.143200E-01 0.110400E-01 0.968000E-02 0.104000E-01 0.840000E-02 0.856000E-02 0.656000E-02 0.664000E-02 0.576000E-02 0.464000E-02 0.432000E-02 0.408000E-02 0.328000E-02 0.344000E-02 0.216000E-02 0.128000E-02 0.184000E-02 0.144000E-02 0.120000E-02 0.880000E-03 0.880000E-03 0.800000E-04 0.160000E-03 0.000000E+00 0.000000E+00
 0.366080E+00 0.364800E+00 0.362720E+00 0.365520E+00 0.362800E+00 0.362800E+00 0.362000E+00 0.360000E+00 0.352960E+00 0.358960E+00 0.359920E+00 0.361040E+00 0.354080E+00 0.359760E+00 0.348400E+00 0.349440E+00 0.348880E+00 0.350080E+00 0.350560E+00 0.344640E+00 0.336640E+00 0.343520E+00 0.347840E+00 0.346960E+00 0.341440E+00 0.335680E+00 0.329680E+00 0.334800E+00 0.341680E+00 0.338080E+00 0.330080E+00 0.338480E+00 0.327840E+00 0.321680E+00 0.331600E+00 0.318000E+00 0.330960E+00 0.321600E+00 0.319760E+00 0.322400E+00 0.317040E+00 0.318240E+00 0.316400E+00 0.304880E+00 0.311840E+00 0.299760E+00 0.297600E+00 0.310640E+00 0.294080E+00 0.296800E+00 0.297600E+00 0.306480E+00 0.288400E+00 0.287360E+00 0.283920E+00 0.283600E+00 0.277520E+00 0.274560E+00 0.278880E+00 0.276960E+00 0.273680E+00 0.268400E+00 0.265200E+00 0.266080E+00 0.258640E+00 0.261280E+00 0.257120E+00 0.251360E+00 0.246640E+00 0.248720E+00 0.247280E+00 0.242800E+00 0.241520E+00 0.237840E+00 0.233120E+00 0.232320E+00 0.230480E+00 0.226800E+00 0.230080E+00 0.220000E+00 0.217520E+00 0.222160E+00 0.214320E+00 0.217680E+00 0.207920E+00 0.212560E+00 0.210720E+00 0.199040E+00 0.196880E+00 0.204240E+00 0.197520E+00 0.194720E+00 0.191120E+00 0.181520E+00 0.181280E+00 0.176320E+00 0.171040E+00 0.173760E+00 0.179600E+00 0.173280E+00 0.169120E+00 0.163840E+00 0.157280E+00 0.160720E+00 0.155920E+00 0.160640E+00 0.151680E+00 0.150400E+00 0.146800E+00 0.143440E+00 0.145840E+00 0.135360E+00 0.134640E+00 0.130480E+00 0.126240E+00 0.128320E+00 0.126400E+00 0.118160E+00 0.115680E+00 0.120080E+00 0.121680E+00 0.118160E+00 0.112000E+00 0.113200E+00 0.103920E+00 0.105040E+00 0.995200E-01 0.100080E+00 0.961600E-01 0.924000E-01 0.932000E-01 0.916000E-01 0.864800E-01 0.841600E-01 0.780800E-01 0.770400E-01 0.725600E-01 0.779200E-01 0.752000E-01 0.693600E-01 0.672000E-01 0.626400E-01 0.638400E-01 0.633600E-01 0.604800E-01 0.536000E-01 0.569600E-01 0.571200E-01 0.542400E-01 0.509600E-01 0.488000E-01 0.454400E-01 0.436000E-01 0.427200E-01 0.412000E-01 0.383200E-01 0.352800E-01 0.352000E-01 0.331200E-01 0.333600E-01 0.292000E-01 0.301600E-01 0.271200E-01 0.276000E-01 0.273600E-01 0.224800E-01 0.241600E-01 0.204000E-01 0.217600E-01 0.206400E-01 0.169600E-01 0.157600E-01 0.156000E-01 0.144800E-01 0.120800E-01 0.119200E-01 0.112000E-01 0.752000E-02 0.952000E-02 0.720000E-02 0.864000E-02 0.672000E-02 0.592000E-02 0.624000E-02 0.360000E-02 0.392000E-02 0.248000E-02 0.344000E-02 0.256000E-02 0.176000E-02 0.128000E-02 0.120000E-02 0.800000E-03 0.400000E-03 0.400000E-03 0.560000E-03 0.000000E+00 0.000000E+00 0.000000E+00 0.000000E+00
 0.369120E+00 0.362320E+00 0.366640E+00 0.363840E+00 0.351120E+00 0.364160E+00 0.362240E+00 0.356400E+00 0.358480E+00 0.361440E+00 0.360880E+00 0.354800E+00 0.366080E+00 0.350160E+00 0.348720E+00 0.344640E+00 0.362480E+00 0.350000E+00 0.359760E+00 0.360240E+00 0.355520E+00 0.344080E+00 0.342080E+00 0.344720E+00 0.343440E+00 0.345120E+00 0.342480E+00 0.336560E+00 0.345280E+00 0.344000E+00 0.334640E+00 0.334240E+00 0.336080E+00 0.327680E+00 0.323520E+00 0.323840E+00 0.325040E+00 0.323920E+00 0.316560E+00 0.313680E+00 0.311360E+00 0.314960E+00 0.310480E+00 0.308880E+00 0.301920E+00 0.303040E+00 0.303200E+00 0.292160E+00 0.302880E+00 0.290880E+00 0.294240E+00 0.294960E+00 0.295360E+00 0.283040E+00 0.289360E+00 0.285840E+00 0.285840E+00 0.286480E+00 0.269280E+00 0.272000E+00 0.270960E+00 0.269200E+00 0.264560E+00 0.263040E+00 0.259680E+00 0.258880E+00 0.257840E+00 0.261440E+00 0.246000E+00 0.242320E+00 0.248560E+00 0.247760E+00 0.246560E+00 0.234160E+00 0.237680E+00 0.230720E+00 0.227920E+00 0.229360E+00 0.228400E+00 0.221520E+00 0.227120E+00 0.222000E+00 0.210560E+00 0.212880E+00 0.208720E+00 0.196800E+00 0.211200E+00 0.200720E+00 0.200000E+00 0.190800E+00 0.193680E+00 0.191040E+00 0.190000E+00 0.185440E+00 0.183760E+00 0.182320E+00 0.176720E+00 0.172640E+00 0.173600E+00 0.176000E+00 0.168240E+00 0.167600E+00 0.162240E+00 0.157680E+00 0.155120E+00 0.154960E+00 0.151920E+00 0.156400E+00 0.143760E+00 0.141200E+00 0.137920E+00 0.140640E+00 0.137440E+00 0.138400E+00 0.132640E+00 0.127360E+00 0.124480E+00 0.129040E+00 0.124320E+00 0.116320E+00 0.114160E+00 0.112160E+00 0.106640E+00 0.105840E+00 0.104160E+00 0.997600E-01 0.977600E-01 0.985600E-01 0.936000E-01 0.963200E-01 0.915200E-01 0.915200E-01 0.842400E-01 0.864000E-01 0.806400E-01 0.830400E-01 0.790400E-01 0.724800E-01 0.717600E-01 0.734400E-01 0.744000E-01 0.648800E-01 0.617600E-01 0.632800E-01 0.636000E-01 0.618400E-01 0.592000E-01 0.524000E-01 0.518400E-01 0.498400E-01 0.482400E-01 0.476000E-01 0.454400E-01 0.461600E-01 0.416000E-01 0.408000E-01 0.384000E-01 0.354400E-01 0.345600E-01 0.337600E-01 0.300000E-01 0.287200E-01 0.284800E-01 0.284800E-01 0.254400E-01 0.224800E-01 0.234400E-01 0.210400E-01 0.172000E-01 0.198400E-01 0.174400E-01 0.160000E-01 0.145600E-01 0.142400E-01 0.117600E-01 0.119200E-01 0.120800E-01 0.984000E-02 0.896000E-02 0.896000E-02 0.632000E-02 0.800000E-02 0.552000E-02 0.504000E-02 0.520000E-02 0.320000E-02 0.416000E-02 0.352000E-02 0.296000E-02 0.200000E-02 0.192000E-02 0.128000E-02 0.128000E-02 0.400000E-03 0.480000E-03 0.160000E-03 0.000000E+00 0.000000E+00 0.000000E+00 0.000000E+00
 0.200808E+01 0.194752E+01 0.191096E+01 0.191992E+01 0.191152E+01 0.186840E+01 0.188480E+01 0.184512E+01 0.183776E+01 0.185824E+01 0.181504E+01 0.182152E+01 0.180208E+01 0.183192E+01 0.178488E+01 0.181448E+01 0.181056E+01 0.177912E+01 0.176360E+01 0.175272E+01 0.177584E+01 0.173800E+01 0.174360E+01 0.172520E+01 0.170768E+01 0.170408E+01 0.169088E+01 0.167312E+01 0.167784E+01 0.167408E+01 0.167648E+01 0.163624E+01 0.163176E+01 0.163728E+01 0.165208E+01 0.161576E+01 0.159704E+01 0.160400E+01 0.160376E+01 0.158232E+01 0.154984E+01 0.155744E+01 0.155440E+01 0.155344E+01 0.155080E+01 0.149856E+01 0.150080E+01 0.149152E+01 0.148680E+01 0.149112E+01 0.147032E+01 0.145824E+01 0.147952E+01 0.142784E+01 0.143600E+01 0.141480E+01 0.142664E+01 0.140224E+01 0.141776E+01 0.141808E+01 0.136176E+01 0.137304E+01 0.137296E+01 0.135240E+01 0.133112E+01 0.134416E+01 0.132392E+01 0.131656E+01 0.129696E+01 0.129080E+01 0.127992E+01 0.126600E+01 0.123472E+01 0.125816E+01 0.124864E+01 0.122664E+01 0.121376E+01 0.119056E+01 0.121656E+01 0.119904E+01 0.117536E+01 0.115520E+01 0.116792E+01 0.116472E+01 0.112896E+01 0.115032E+01 0.112256E+01 0.109736E+01 0.110816E+01 0.107640E+01 0.109032E+01 0.108184E+01 0.106040E+01 0.106000E+01 0.105552E+01 0.103880E+01 0.102496E+01 0.100480E+01 0.102240E+01 0.101824E+01 0.987360E+00 0.977040E+00 0.957440E+00 0.962000E+00 0.965280E+00 0.942480E+00 0.949440E+00 0.916560E+00 0.916400E+00 0.905920E+00 0.928480E+00 0.899520E+00 0.883200E+00 0.869920E+00 0.863600E+00 0.861600E+00 0.861280E+00 0.846480E+00 0.842800E+00 0.824720E+00 0.813760E+00 0.807040E+00 0.792640E+00 0.793280E+00 0.782240E+00 0.774320E+00 0.769440E+00 0.757680E+00 0.741520E+00 0.743040E+00 0.722480E+00 0.722320E+00 0.717040E+00 0.712080E+00 0.703200E+00 0.685360E+00 0.675360E+00 0.677280E+00 0.675600E+00 0.657840E+00 0.658640E+00 0.637600E+00 0.643120E+00 0.625840E+00 0.626240E+00 0.605760E+00 0.604640E+00 0.596560E+00 0.586480E+00 0.580160E+00 0.557760E+00 0.538560E+00 0.527840E+00 0.523760E+00 0.517680E+00 0.499200E+00 0.486880E+00 0.472560E+00 0.464720E+00 0.454080E+00 0.424640E+00 0.405840E+00 0.390960E+00 0.377600E+00 0.363440E+00 0.336480E+00 0.316400E+00 0.313840E+00 0.292000E+00 0.281280E+00 0.268000E+00 0.261520E+00 0.253600E+00 0.244160E+00 0.228960E+00 0.229520E+00 0.208480E+00 0.212160E+00 0.207360E+00 0.203200E+00 0.193920E+00 0.186880E+00 0.182240E+00 0.176960E+00 0.162160E+00 0.158880E+00 0.153920E+00 0.150720E+00 0.141120E+00 0.142560E+00 0.136160E+00 0.124160E+00 0.127600E+00 0.122080E+00 0.119200E+00 0.113760E+00 0.112560E+00 0.102800E+00 0.757600E-01 0.640000E-03
 0.201152E+01 0.196120E+01 0.193152E+01 0.189680E+01 0.188896E+01 0.188280E+01 0.188168E+01 0.185048E+01 0.186504E+01 0.184024E+01 0.182448E+01 0.184224E+01 0.178848E+01 0.182536E+01 0.179664E+01 0.179880E+01 0.177872E+01 0.178032E+01 0.174976E+01 0.178880E+01 0.175696E+01 0.174384E+01 0.174432E+01 0.173552E+01 0.172776E+01 0.170576E+01 0.167832E+01 0.169288E+01 0.167704E+01 0.166760E+01 0.168440E+01 0.165728E+01 0.164088E+01 0.163728E+01 0.162648E+01 0.160768E+01 0.161416E+01 0.157176E+01 0.158848E+01 0.160352E+01 0.156208E+01 0.156416E+01 0.154784E+01 0.154680E+01 0.151664E+01 0.152952E+01 0.151360E+01 0.150352E+01 0.149088E+01 0.147536E+01 0.147800E+01 0.145344E+01 0.144984E+01 0.143960E+01 0.143440E+01 0.142560E+01 0.142528E+01 0.141056E+01 0.138672E+01 0.137240E+01 0.140272E+01 0.135928E+01 0.135808E+01 0.134976E+01 0.134552E+01 0.133360E+01 0.130584E+01 0.131784E+01 0.129840E+01 0.128952E+01 0.128864E+01 0.125520E+01 0.125624E+01 0.125192E+01 0.123936E+01 0.124048E+01 0.120800E+01 0.121112E+01 0.121192E+01 0.119104E+01 0.117912E+01 0.116472E+01 0.115792E+01 0.115816E+01 0.115712E+01 0.113960E+01 0.111872E+01 0.112624E+01 0.110456E+01 0.109520E+01 0.108680E+01 0.108760E+01 0.105568E+01 0.106168E+01 0.105296E+01 0.103576E+01 0.103008E+01 0.101920E+01 0.100928E+01 0.992080E+00 0.990240E+00 0.985680E+00 0.971600E+00 0.964240E+00 0.957040E+00 0.950800E+00 0.924080E+00 0.925600E+00 0.924800E+00 0.905440E+00 0.902000E+00 0.877360E+00 0.882240E+00 0.871760E+00 0.866560E+00 0.869920E+00 0.853120E+00 0.842080E+00 0.826960E+00 0.824480E+00 0.820480E+00 0.812960E+00 0.807200E+00 0.810320E+00 0.781120E+00 0.771200E+00 0.764880E+00 0.759600E+00 0.751760E+00 0.728240E+00 0.734000E+00 0.716880E+00 0.714800E+00 0.704160E+00 0.689200E+00 0.688240E+00 0.681280E+00 0.680000E+00 0.667360E+00 0.657280E+00 0.643120E+00 0.651600E+00 0.636880E+00 0.629360E+00 0.614960E+00 0.623760E+00 0.597120E+00 0.591920E+00 0.584400E+00 0.569760E+00 0.560800E+00 0.536160E+00 0.543840E+00 0.522320E+00 0.524160E+00 0.511600E+00 0.486240E+00 0.482320E+00 0.460160E+00 0.451680E+00 0.441280E+00 0.415920E+00 0.391520E+00 0.366800E+00 0.358400E+00 0.342240E+00 0.320480E+00 0.308480E+00 0.293600E+00 0.278080E+00 0.273120E+00 0.248080E+00 0.248160E+00 0.236400E+00 0.230480E+00 0.225280E+00 0.216560E+00 0.212400E+00 0.206400E+00 0.196240E+00 0.194880E+00 0.188000E+00 0.176240E+00 0.177120E+00 0.169040E+00 0.158080E+00 0.161200E+00 0.150720E+00 0.145920E+00 0.139040E+00 0.138720E+00 0.129440E+00 0.127280E+00 0.123040E+00 0.112240E+00 0.113440E+00 0.108560E+00 0.105200E+00 0.732800E-01 0.560000E-03
 0.281224E+01 0.180328E+01 0.148088E+01 0.126640E+01 0.114424E+01 0.104512E+01 0.961760E+00 0.899120E+00 0.842880E+00 0.789680E+00 0.755760E+00 0.707040E+00 0.681120E+00 0.642400E+00 0.610720E+00 0.586320E+00 0.562800E+00 0.553360E+00 0.526000E+00 0.504160E+00 0.490800E+00 0.457200E+00 0.437360E+00 0.431440E+00 0.411760E+00 0.399760E+00 0.378480E+00 0.364160E+00 0.344400E+00 0.353040E+00 0.346880E+00 0.328080E+00 0.317120E+00 0.295440E+00 0.298080E+00 0.289680E+00 0.270080E+00 0.267360E+00 0.250400E+00 0.246320E+00 0.245920E+00 0.234240E+00 0.231280E+00 0.224400E+00 0.214560E+00 0.207360E+00 0.204080E+00 0.187040E+00 0.188400E+00 0.172320E+00 0.176080E+00 0.171040E+00 0.172240E+00 0.170000E+00 0.154560E+00 0.150160E+00 0.146160E+00 0.140160E+00 0.140800E+00 0.134560E+00 0.133040E+00 0.125600E+00 0.120880E+00 0.119840E+00 0.114000E+00 0.108400E+00 0.104480E+00 0.105200E+00 0.101920E+00 0.100720E+00 0.939200E-01 0.899200E-01 0.887200E-01 0.851200E-01 0.857600E-01 0.789600E-01 0.764800E-01 0.730400E-01 0.736000E-01 0.743200E-01 0.710400E-01 0.703200E-01 0.632800E-01 0.654400E-01 0.626400E-01 0.594400E-01 0.581600E-01 0.532000E-01 0.552800E-01 0.529600E-01 0.528800E-01 0.464800E-01 0.498400E-01 0.468800E-01 0.452000E-01 0.465600E-01 0.402400E-01 0.385600E-01 0.400800E-01 0.380000E-01 0.361600E-01 0.352800E-01 0.311200E-01 0.360800E-01 0.309600E-01 0.299200E-01 0.289600E-01 0.303200E-01 0.256800E-01 0.251200E-01 0.263200E-01 0.257600E-01 0.226400E-01 0.236000E-01 0.219200E-01 0.216000E-01 0.196800E-01 0.197600E-01 0.152000E-01 0.175200E-01 0.160800E-01 0.166400E-01 0.158400E-01 0.148000E-01 0.163200E-01 0.164800E-01 0.146400E-01 0.121600E-01 0.114400E-01 0.137600E-01 0.104800E-01 0.120800E-01 0.110400E-01 0.100800E-01 0.100800E-01 0.808000E-02 0.856000E-02 0.856000E-02 0.688000E-02 0.784000E-02 0.704000E-02 0.744000E-02 0.584000E-02 0.800000E-02 0.608000E-02 0.432000E-02 0.528000E-02 0.528000E-02 0.456000E-02 0.424000E-02 0.464000E-02 0.400000E-02 0.408000E-02 0.352000E-02 0.248000E-02 0.304000E-02 0.280000E-02 0.288000E-02 0.200000E-02 0.256000E-02 0.224000E-02 0.184000E-02 0.176000E-02 0.128000E-02 0.184000E-02 0.208000E-02 0.192000E-02 0.960000E-03 0.136000E-02 0.640000E-03 0.720000E-03 0.104000E-02 0.560000E-03 0.880000E-03 0.880000E-03 0.400000E-03 0.240000E-03 0.400000E-03 0.560000E-03 0.640000E-03 0.560000E-03 0.640000E-03 0.240000E-03 0.160000E-03 0.240000E-03 0.160000E-03 0.160000E-03 0.160000E-03 0.000000E+00 0.000000E+00 0.800000E-04 0.000000E+00 0.000000E+00 0.000000E+00 0.000000E+00 0.000000E+00 0.000000E+00 0.000000E+00 0.000000E+00 0.000000E+00
 0.522448E+01 0.277336E+01 0.201600E+01 0.161680E+01 0.141352E+01 0.122448E+01 0.111480E+01 0.103272E+01 0.941040E+00 0.882160E+00 0.811840E+00 0.763040E+00 0.712080E+00 0.695840E+00 0.668640E+00 0.625600E+00 0.608400E+00 0.566640E+00 0.547760E+00 0.528080E+00 0.501440E+00 0.487840E+00 0.477680E+00 0.447280E+00 0.448080E+00 0.428400E+00 0.417360E+00 0.410320E+00 0.386560E+00 0.386560E+00 0.373840E+00 0.356640E+00 0.351840E+00 0.337200E+00 0.337360E+00 0.321440E+00 0.314560E+00 0.306880E+00 0.299280E+00 0.285600E+00 0.284480E+00 0.277440E+00 0.273360E+00 0.269520E+00 0.257520E+00 0.252000E+00 0.240080E+00 0.241120E+00 0.231760E+00 0.226960E+00 0.212000E+00 0.224880E+00 0.206960E+00 0.214960E+00 0.201760E+00 0.199200E+00 0.192320E+00 0.194880E+00 0.183520E+00 0.178240E+00 0.178240E+00 0.174800E+00 0.172640E+00 0.168080E+00 0.158480E+00 0.154880E+00 0.153840E+00 0.150960E+00 0.146080E+00 0.141920E+00 0.140960E+00 0.134480E+00 0.128080E+00 0.130240E+00 0.126400E+00 0.119760E+00 0.121280E+00 0.116240E+00 0.112640E+00 0.113920E+00 0.112640E+00 0.111120E+00 0.104320E+00 0.996000E-01 0.997600E-01 0.955200E-01 0.938400E-01 0.910400E-01 0.895200E-01 0.865600E-01 0.859200E-01 0.761600E-01 0.828000E-01 0.796800E-01 0.752800E-01 0.751200E-01 0.736800E-01 0.730400E-01 0.687200E-01 0.661600E-01 0.659200E-01 0.603200E-01 0.626400E-01 0.600800E-01 0.560800E-01 0.532800E-01 0.505600E-01 0.502400E-01 0.516000E-01 0.493600E-01 0.474400E-01 0.461600E-01 0.469600E-01 0.406400E-01 0.432800E-01 0.389600E-01 0.387200E-01 0.368800E-01 0.396000E-01 0.380800E-01 0.360800E-01 0.340000E-01 0.325600E-01 0.322400E-01 0.321600E-01 0.296000E-01 0.284000E-01 0.288000E-01 0.264000E-01 0.235200E-01 0.235200E-01 0.266400E-01 0.210400E-01 0.196800E-01 0.222400E-01 0.203200E-01 0.195200E-01 0.214400E-01 0.189600E-01 0.168800E-01 0.172000E-01 0.149600E-01 0.151200E-01 0.137600E-01 0.129600E-01 0.145600E-01 0.144800E-01 0.104800E-01 0.108800E-01 0.108000E-01 0.104800E-01 0.102400E-01 0.106400E-01 0.864000E-02 0.760000E-02 0.760000E-02 0.672000E-02 0.568000E-02 0.696000E-02 0.640000E-02 0.672000E-02 0.552000E-02 0.504000E-02 0.472000E-02 0.440000E-02 0.464000E-02 0.432000E-02 0.416000E-02 0.344000E-02 0.376000E-02 0.224000E-02 0.264000E-02 0.288000E-02 0.168000E-02 0.224000E-02 0.192000E-02 0.152000E-02 0.160000E-02 0.960000E-03 0.112000E-02 0.136000E-02 0.800000E-03 0.960000E-03 0.800000E-03 0.800000E-03 0.560000E-03 0.560000E-03 0.480000E-03 0.320000E-03 0.320000E-03 0.240000E-03 0.800000E-04 0.400000E-03 0.160000E-03 0.800000E-04 0.800000E-04 0.800000E-04 0.000000E+00 0.000000E+00 0.000000E+00
 0.272384E+01 0.177640E+01 0.143720E+01 0.124880E+01 0.112032E+01 0.101632E+01 0.939520E+00 0.875680E+00 0.836800E+00 0.773200E+00 0.744000E+00 0.694880E+00 0.652720E+00 0.640320E+00 0.600240E+00 0.576320E+00 0.555600E+00 0.520000E+00 0.513440E+00 0.484800E+00 0.464400E+00 0.441360E+00 0.439200E+00 0.413600E+00 0.406080E+00 0.382080E+00 0.375120E+00 0.368160E+00 0.361360E+00 0.350080E+00 0.327680E+00 0.322400E+00 0.303120E+00 0.287600E+00 0.291920E+00 0.265600E+00 0.269520E+00 0.257520E+00 0.248960E+00 0.246880E+00 0.229520E+00 0.226560E+00 0.222720E+00 0.213840E+00 0.214800E+00 0.202000E+00 0.193440E+00 0.189760E+00 0.180000E+00 0.171280E+00 0.177520E+00 0.172640E+00 0.158480E+00 0.157120E+00 0.159440E+00 0.150560E+00 0.142800E+00 0.134480E+00 0.138400E+00 0.131920E+00 0.124880E+00 0.123840E+00 0.116960E+00 0.116000E+00 0.110640E+00 0.107520E+00 0.102000E+00 0.100640E+00 0.952800E-01 0.979200E-01 0.951200E-01 0.907200E-01 0.876800E-01 0.816800E-01 0.832000E-01 0.780000E-01 0.745600E-01 0.756000E-01 0.744000E-01 0.667200E-01 0.690400E-01 0.650400E-01 0.623200E-01 0.643200E-01 0.592800E-01 0.601600E-01 0.592000E-01 0.518400E-01 0.548000E-01 0.505600E-01 0.488000E-01 0.464800E-01 0.458400E-01 0.461600E-01 0.417600E-01 0.380800E-01 0.381600E-01 0.378400E-01 0.375200E-01 0.372000E-01 0.369600E-01 0.354400E-01 0.307200E-01 0.336000E-01 0.295200E-01 0.297600E-01 0.288800E-01 0.260800E-01 0.272000E-01 0.264000E-01 0.236000E-01 0.224800E-01 0.186400E-01 0.214400E-01 0.209600E-01 0.200800E-01 0.206400E-01 0.180000E-01 0.190400E-01 0.171200E-01 0.177600E-01 0.170400E-01 0.158400E-01 0.148000E-01 0.128800E-01 0.161600E-01 0.127200E-01 0.119200E-01 0.123200E-01 0.108000E-01 0.100000E-01 0.976000E-02 0.102400E-01 0.832000E-02 0.784000E-02 0.880000E-02 0.856000E-02 0.696000E-02 0.736000E-02 0.800000E-02 0.640000E-02 0.608000E-02 0.656000E-02 0.616000E-02 0.600000E-02 0.528000E-02 0.432000E-02 0.552000E-02 0.544000E-02 0.328000E-02 0.408000E-02 0.328000E-02 0.328000E-02 0.200000E-02 0.264000E-02 0.296000E-02 0.368000E-02 0.256000E-02 0.272000E-02 0.160000E-02 0.232000E-02 0.280000E-02 0.216000E-02 0.176000E-02 0.216000E-02 0.960000E-03 0.152000E-02 0.112000E-02 0.880000E-03 0.144000E-02 0.880000E-03 0.104000E-02 0.640000E-03 0.112000E-02 0.640000E-03 0.640000E-03 0.560000E-03 0.560000E-03 0.480000E-03 0.480000E-03 0.480000E-03 0.160000E-03 0.240000E-03 0.400000E-03 0.800000E-04 0.240000E-03 0.000000E+00 0.000000E+00 0.000000E+00 0.800000E-04 0.000000E+00 0.000000E+00 0.800000E-04 0.000000E+00 0.000000E+00 0.800000E-04 0.000000E+00 0.000000E+00 0.000000E+00 0.000000E+00
 0.506616E+01 0.271408E+01 0.197944E+01 0.160072E+01 0.136688E+01 0.123368E+01 0.110840E+01 0.985920E+00 0.929200E+00 0.854000E+00 0.805040E+00 0.756000E+00 0.715360E+00 0.672000E+00 0.639840E+00 0.605040E+00 0.604160E+00 0.557360E+00 0.542480E+00 0.530720E+00 0.507040E+00 0.482320E+00 0.466400E+00 0.448320E+00 0.441200E+00 0.415440E+00 0.406480E+00 0.392960E+00 0.389440E+00 0.377760E+00 0.363920E+00 0.357680E+00 0.344880E+00 0.324640E+00 0.322480E+00 0.320160E+00 0.309360E+00 0.295120E+00 0.287440E+00 0.284880E+00 0.270080E+00 0.270000E+00 0.264000E+00 0.256400E+00 0.243520E+00 0.247280E+00 0.241120E+00 0.230720E+00 0.228560E+00 0.216800E+00 0.218960E+00 0.211440E+00 0.210960E+00 0.197440E+00 0.197840E+00 0.197280E+00 0.188480E+00 0.192320E+00 0.179280E+00 0.176640E+00 0.172880E+00 0.169200E+00 0.165680E+00 0.160240E+00 0.159600E+00 0.151520E+00 0.146000E+00 0.153040E+00 0.136960E+00 0.138320E+00 0.134400E+00 0.133920E+00 0.128560E+00 0.124800E+00 0.128240E+00 0.117840E+00 0.117520E+00 0.114240E+00 0.114720E+00 0.110960E+00 0.113520E+00 0.105600E+00 0.960800E-01 0.101200E+00 0.943200E-01 0.910400E-01 0.936800E-01 0.859200E-01 0.900000E-01 0.774400E-01 0.837600E-01 0.791200E-01 0.839200E-01 0.748800E-01 0.713600E-01 0.780000E-01 0.675200E-01 0.675200E-01 0.664000E-01 0.657600E-01 0.639200E-01 0.644000E-01 0.600000E-01 0.554400E-01 0.536800E-01 0.550400E-01 0.545600E-01 0.516800E-01 0.483200E-01 0.470400E-01 0.487200E-01 0.444800E-01 0.423200E-01 0.462400E-01 0.402400E-01 0.398400E-01 0.393600E-01 0.424000E-01 0.361600E-01 0.347200E-01 0.328800E-01 0.328000E-01 0.292000E-01 0.298400E-01 0.292000E-01 0.271200E-01 0.252000E-01 0.259200E-01 0.251200E-01 0.233600E-01 0.242400E-01 0.240800E-01 0.204000E-01 0.222400E-01 0.202400E-01 0.228000E-01 0.192000E-01 0.188800E-01 0.166400E-01 0.170400E-01 0.160800E-01 0.144800E-01 0.123200E-01 0.132800E-01 0.147200E-01 0.129600E-01 0.120800E-01 0.103200E-01 0.105600E-01 0.984000E-02 0.109600E-01 0.103200E-01 0.100000E-01 0.840000E-02 0.776000E-02 0.648000E-02 0.856000E-02 0.688000E-02 0.576000E-02 0.552000E-02 0.536000E-02 0.544000E-02 0.448000E-02 0.488000E-02 0.400000E-02 0.416000E-02 0.360000E-02 0.392000E-02 0.264000E-02 0.320000E-02 0.376000E-02 0.280000E-02 0.120000E-02 0.192000E-02 0.160000E-02 0.128000E-02 0.176000E-02 0.112000E-02 0.120000E-02 0.960000E-03 0.880000E-03 0.960000E-03 0.400000E-03 0.720000E-03 0.400000E-03 0.400000E-03 0.560000E-03 0.560000E-03 0.240000E-03 0.160000E-03 0.160000E-03 0.000000E+00 0.160000E-03 0.000000E+00 0.160000E-03 0.160000E-03 0.000000E+00 0.000000E+00 0.000000E+00 0.000000E+00
 0.371813E+02 0.110235E+02 0.816008E+01 0.673544E+01 0.577512E+01 0.515520E+01 0.469568E+01 0.434960E+01 0.401872E+01 0.378848E+01 0.354784E+01 0.336688E+01 0.317008E+01 0.304472E+01 0.289864E+01 0.280936E+01 0.269224E+01 0.255536E+01 0.246960E+01 0.235800E+01 0.231304E+01 0.219136E+01 0.215168E+01 0.207136E+01 0.198224E+01 0.194176E+01 0.188680E+01 0.179976E+01 0.175512E+01 0.172240E+01 0.166544E+01 0.160072E+01 0.154720E+01 0.152648E+01 0.148552E+01 0.143880E+01 0.139272E+01 0.136560E+01 0.133760E+01 0.128288E+01 0.124016E+01 0.121072E+01 0.119040E+01 0.115736E+01 0.111624E+01 0.107432E+01 0.105880E+01 0.102440E+01 0.100040E+01 0.991280E+00 0.940400E+00 0.920480E+00 0.925280E+00 0.876480E+00 0.850800E+00 0.826080E+00 0.807680E+00 0.784640E+00 0.784800E+00 0.764400E+00 0.726960E+00 0.735680E+00 0.696720E+00 0.681760E+00 0.657680E+00 0.654480E+00 0.634560E+00 0.618160E+00 0.607440E+00 0.584640E+00 0.565360E+00 0.551360E+00 0.520080E+00 0.519440E+00 0.506720E+00 0.499920E+00 0.472880E+00 0.461840E+00 0.466480E+00 0.450160E+00 0.438640E+00 0.417360E+00 0.406960E+00 0.401440E+00 0.387040E+00 0.372720E+00 0.369440E+00 0.358720E+00 0.346720E+00 0.336480E+00 0.326480E+00 0.325760E+00 0.314160E+00 0.303200E+00 0.299200E+00 0.289120E+00 0.283840E+00 0.273440E+00 0.271920E+00 0.272480E+00 0.255120E+00 0.240320E+00 0.234720E+00 0.232880E+00 0.228880E+00 0.214800E+00 0.217200E+00 0.198480E+00 0.202640E+00 0.198080E+00 0.193520E+00 0.194400E+00 0.183040E+00 0.176880E+00 0.177120E+00 0.167680E+00 0.164240E+00 0.155280E+00 0.153600E+00 0.154320E+00 0.149360E+00 0.142240E+00 0.136640E+00 0.133280E+00 0.125040E+00 0.129760E+00 0.123600E+00 0.119360E+00 0.114240E+00 0.109440E+00 0.109600E+00 0.106160E+00 0.103120E+00 0.100560E+00 0.954400E-01 0.952800E-01 0.947200E-01 0.899200E-01 0.892800E-01 0.845600E-01 0.780000E-01 0.767200E-01 0.771200E-01 0.740800E-01 0.671200E-01 0.681600E-01 0.677600E-01 0.620800E-01 0.623200E-01 0.621600E-01 0.561600E-01 0.556800E-01 0.528000E-01 0.484000E-01 0.496000E-01 0.478400E-01 0.443200E-01 0.472000E-01 0.428000E-01 0.410400E-01 0.372800E-01 0.336800E-01 0.308000E-01 0.317600E-01 0.316800E-01 0.281600E-01 0.254400E-01 0.246400E-01 0.226400E-01 0.216000E-01 0.166400E-01 0.175200E-01 0.198400E-01 0.170400E-01 0.148000E-01 0.155200E-01 0.148000E-01 0.148800E-01 0.129600E-01 0.122400E-01 0.116800E-01 0.108800E-01 0.117600E-01 0.108000E-01 0.103200E-01 0.960000E-02 0.704000E-02 0.832000E-02 0.776000E-02 0.816000E-02 0.816000E-02 0.536000E-02 0.440000E-02 0.656000E-02 0.632000E-02 0.520000E-02 0.464000E-02 0.488000E-02 0.312000E-02 0.000000E+00
 0.158430E+02 0.777504E+01 0.626464E+01 0.546256E+01 0.494088E+01 0.460080E+01 0.428744E+01 0.401784E+01 0.382224E+01 0.364368E+01 0.344464E+01 0.335912E+01 0.316040E+01 0.310872E+01 0.298912E+01 0.290040E+01 0.280512E+01 0.270432E+01 0.263048E+01 0.259624E+01 0.250592E+01 0.241704E+01 0.235136E+01 0.231736E+01 0.223824E+01 0.220736E+01 0.210896E+01 0.209608E+01 0.203176E+01 0.200056E+01 0.195216E+01 0.190088E+01 0.184752E+01 0.180392E+01 0.177480E+01 0.173736E+01 0.170336E+01 0.164816E+01 0.162744E+01 0.160016E+01 0.155448E+01 0.152464E+01 0.149024E+01 0.146224E+01 0.140864E+01 0.141304E+01 0.137096E+01 0.135184E+01 0.130472E+01 0.127336E+01 0.125432E+01 0.123736E+01 0.120576E+01 0.118240E+01 0.116296E+01 0.113360E+01 0.111152E+01 0.107960E+01 0.107128E+01 0.103880E+01 0.104072E+01 0.999920E+00 0.982960E+00 0.957520E+00 0.949840E+00 0.919280E+00 0.902000E+00 0.891040E+00 0.876560E+00 0.850080E+00 0.835200E+00 0.818320E+00 0.814160E+00 0.781440E+00 0.760640E+00 0.758000E+00 0.731200E+00 0.715760E+00 0.706320E+00 0.692400E+00 0.678000E+00 0.657440E+00 0.654720E+00 0.642640E+00 0.631040E+00 0.610560E+00 0.596320E+00 0.594480E+00 0.575120E+00 0.566000E+00 0.544640E+00 0.531360E+00 0.515760E+00 0.514400E+00 0.516160E+00 0.484800E+00 0.487680E+00 0.473840E+00 0.460880E+00 0.449760E+00 0.445360E+00 0.436720E+00 0.419600E+00 0.414080E+00 0.408880E+00 0.394160E+00 0.377200E+00 0.384320E+00 0.377760E+00 0.360080E+00 0.351760E+00 0.350640E+00 0.334480E+00 0.328000E+00 0.334000E+00 0.328160E+00 0.312080E+00 0.301040E+00 0.299280E+00 0.294000E+00 0.278480E+00 0.280160E+00 0.276400E+00 0.272560E+00 0.266480E+00 0.249520E+00 0.249120E+00 0.243600E+00 0.235760E+00 0.231440E+00 0.225920E+00 0.220880E+00 0.213920E+00 0.210160E+00 0.201280E+00 0.201600E+00 0.197200E+00 0.187680E+00 0.182000E+00 0.180320E+00 0.174240E+00 0.176080E+00 0.167120E+00 0.160560E+00 0.156800E+00 0.157520E+00 0.150000E+00 0.144480E+00 0.143040E+00 0.136800E+00 0.136640E+00 0.129440E+00 0.120960E+00 0.120240E+00 0.118720E+00 0.113200E+00 0.110800E+00 0.107600E+00 0.984000E-01 0.985600E-01 0.956000E-01 0.848000E-01 0.849600E-01 0.775200E-01 0.700800E-01 0.700000E-01 0.663200E-01 0.608000E-01 0.528000E-01 0.552000E-01 0.511200E-01 0.462400E-01 0.474400E-01 0.432800E-01 0.417600E-01 0.386400E-01 0.380800E-01 0.376000E-01 0.324000E-01 0.313600E-01 0.312800E-01 0.322400E-01 0.276000E-01 0.292800E-01 0.253600E-01 0.237600E-01 0.248800E-01 0.239200E-01 0.192000E-01 0.188000E-01 0.207200E-01 0.179200E-01 0.176800E-01 0.164000E-01 0.155200E-01 0.140800E-01 0.161600E-01 0.150400E-01 0.808000E-02 0.000000E+00
 0.281224E+01 0.180328E+01 0.148088E+01 0.126640E+01 0.114424E+01 0.104512E+01 0.961760E+00 0.899120E+00 0.842880E+00 0.789680E+00 0.755760E+00 0.707040E+00 0.681120E+00 0.642400E+00 0.610720E+00 0.586320E+00 0.562800E+00 0.553360E+00 0.526000E+00 0.504160E+00 0.490800E+00 0.457200E+00 0.437360E+00 0.431440E+00 0.411760E+00 0.399760E+00 0.378480E+00 0.364160E+00 0.344400E+00 0.353040E+00 0.346880E+00 0.328080E+00 0.317120E+00 0.295440E+00 0.298080E+00 0.289680E+00 0.270080E+00 0.267360E+00 0.250400E+00 0.246320E+00 0.245920E+00 0.234240E+00 0.231280E+00 0.224400E+00 0.214560E+00 0.207360E+00 0.204080E+00 0.187040E+00 0.188400E+00 0.172320E+00 0.176080E+00 0.171040E+00 0.172240E+00 0.170000E+00 0.154560E+00 0.150160E+00 0.146160E+00 0.140160E+00 0.140800E+00 0.134560E+00 0.133040E+00 0.125600E+00 0.120880E+00 0.119840E+00 0.114000E+00 0.108400E+00 0.104480E+00 0.105200E+00 0.101920E+00 0.100720E+00 0.939200E-01 0.899200E-01 0.887200E-01 0.851200E-01 0.857600E-01 0.789600E-01 0.764800E-01 0.730400E-01 0.736000E-01 0.743200E-01 0.710400E-01 0.703200E-01 0.632800E-01 0.654400E-01 0.626400E-01 0.594400E-01 0.581600E-01 0.532000E-01 0.552800E-01 0.529600E-01 0.528800E-01 0.464800E-01 0.498400E-01 0.468800E-01 0.452000E-01 0.465600E-01 0.402400E-01 0.385600E-01 0.400800E-01 0.380000E-01 0.361600E-01 0.352800E-01 0.311200E-01 0.360800E-01 0.309600E-01 0.299200E-01 0.289600E-01 0.303200E-01 0.256800E-01 0.251200E-01 0.263200E-01 0.257600E-01 0.226400E-01 0.236000E-01 0.219200E-01 0.216000E-01 0.196800E-01 0.197600E-01 0.152000E-01 0.175200E-01 0.160800E-01 0.166400E-01 0.158400E-01 0.148000E-01 0.163200E-01 0.164800E-01 0.146400E-01 0.121600E-01 0.114400E-01 0.137600E-01 0.104800E-01 0.120800E-01 0.110400E-01 0.100800E-01 0.100800E-01 0.808000E-02 0.856000E-02 0.856000E-02 0.688000E-02 0.784000E-02 0.704000E-02 0.744000E-02 0.584000E-02 0.800000E-02 0.608000E-02 0.432000E-02 0.528000E-02 0.528000E-02 0.456000E-02 0.424000E-02 0.464000E-02 0.400000E-02 0.408000E-02 0.352000E-02 0.248000E-02 0.304000E-02 0.280000E-02 0.288000E-02 0.200000E-02 0.256000E-02 0.224000E-02 0.184000E-02 0.176000E-02 0.128000E-02 0.184000E-02 0.208000E-02 0.192000E-02 0.960000E-03 0.136000E-02 0.640000E-03 0.720000E-03 0.104000E-02 0.560000E-03 0.880000E-03 0.880000E-03 0.400000E-03 0.240000E-03 0.400000E-03 0.560000E-03 0.640000E-03 0.560000E-03 0.640000E-03 0.240000E-03 0.160000E-03 0.240000E-03 0.160000E-03 0.160000E-03 0.160000E-03 0.000000E+00 0.000000E+00 0.800000E-04 0.000000E+00 0.000000E+00 0.000000E+00 0.000000E+00 0.000000E+00 0.000000E+00 0.000000E+00 0.000000E+00 0.000000E+00
 0.522448E+01 0.277336E+01 0.201600E+01 0.161680E+01 0.141352E+01 0.122448E+01 0.111480E+01 0.103272E+01 0.941040E+00 0.882160E+00 0.811840E+00 0.763040E+00 0.712080E+00 0.695840E+00 0.668640E+00 0.625600E+00 0.608400E+00 0.566640E+00 0.547760E+00 0.528080E+00 0.501440E+00 0.487840E+00 0.477680E+00 0.447280E+00 0.448080E+00 0.428400E+00 0.417360E+00 0.410320E+00 0.386560E+00 0.386560E+00 0.373840E+00 0.356640E+00 0.351840E+00 0.337200E+00 0.337360E+00 0.321440E+00 0.314560E+00 0.306880E+00 0.299280E+00 0.285600E+00 0.284480E+00 0.277440E+00 0.273360E+00 0.269520E+00 0.257520E+00 0.252000E+00 0.240080E+00 0.241120E+00 0.231760E+00 0.226960E+00 0.212000E+00 0.224880E+00 0.206960E+00 0.214960E+00 0.201760E+00 0.199200E+00 0.192320E+00 0.194880E+00 0.183520E+00 0.178240E+00 0.178240E+00 0.174800E+00 0.172640E+00 0.168080E+00 0.158480E+00 0.154880E+00 0.153840E+00 0.150960E+00 0.146080E+00 0.141920E+00 0.140960E+00 0.134480E+00 0.128080E+00 0.130240E+00 0.126400E+00 0.119760E+00 0.121280E+00 0.116240E+00 0.112640E+00 0.113920E+00 0.112640E+00 0.111120E+00 0.104320E+00 0.996000E-01 0.997600E-01 0.955200E-01 0.938400E-01 0.910400E-01 0.895200E-01 0.865600E-01 0.859200E-01 0.761600E-01 0.828000E-01 0.796800E-01 0.752800E-01 0.751200E-01 0.736800E-01 0.730400E-01 0.687200E-01 0.661600E-01 0.659200E-01 0.603200E-01 0.626400E-01 0.600800E-01 0.560800E-01 0.532800E-01 0.505600E-01 0.502400E-01 0.516000E-01 0.493600E-01 0.474400E-01 0.461600E-01 0.469600E-01 0.406400E-01 0.432800E-01 0.389600E-01 0.387200E-01 0.368800E-01 0.396000E-01 0.380800E-01 0.360800E-01 0.340000E-01 0.325600E-01 0.322400E-01 0.321600E-01 0.296000E-01 0.284000E-01 0.288000E-01 0.264000E-01 0.235200E-01 0.235200E-01 0.266400E-01 0.210400E-01 0.196800E-01 0.222400E-01 0.203200E-01 0.195200E-01 0.214400E-01 0.189600E-01 0.168800E-01 0.172000E-01 0.149600E-01 0.151200E-01 0.137600E-01 0.129600E-01 0.145600E-01 0.144800E-01 0.104800E-01 0.108800E-01 0.108000E-01 0.104800E-01 0.102400E-01 0.106400E-01 0.864000E-02 0.760000E-02 0.760000E-02 0.672000E-02 0.568000E-02 0.696000E-02 0.640000E-02 0.672000E-02 0.552000E-02 0.504000E-02 0.472000E-02 0.440000E-02 0.464000E-02 0.432000E-02 0.416000E-02 0.344000E-02 0.376000E-02 0.224000E-02 0.264000E-02 0.288000E-02 0.168000E-02 0.224000E-02 0.192000E-02 0.152000E-02 0.160000E-02 0.960000E-03 0.112000E-02 0.136000E-02 0.800000E-03 0.960000E-03 0.800000E-03 0.800000E-03 0.560000E-03 0.560000E-03 0.480000E-03 0.320000E-03 0.320000E-03 0.240000E-03 0.800000E-04 0.400000E-03 0.160000E-03 0.800000E-04 0.800000E-04 0.800000E-04 0.000000E+00 0.000000E+00 0.000000E+00
 0.272384E+01 0.177640E+01 0.143720E+01 0.124880E+01 0.112032E+01 0.101632E+01 0.939520E+00 0.875680E+00 0.836800E+00 0.773200E+00 0.744000E+00 0.694880E+00 0.652720E+00 0.640320E+00 0.600240E+00 0.576320E+00 0.555600E+00 0.520000E+00 0.513440E+00 0.484800E+00 0.464400E+00 0.441360E+00 0.439200E+00 0.413600E+00 0.406080E+00 0.382080E+00 0.375120E+00 0.368160E+00 0.361360E+00 0.350080E+00 0.327680E+00 0.322400E+00 0.303120E+00 0.287600E+00 0.291920E+00 0.265600E+00 0.269520E+00 0.257520E+00 0.248960E+00 0.246880E+00 0.229520E+00 0.226560E+00 0.222720E+00 0.213840E+00 0.214800E+00 0.202000E+00 0.193440E+00 0.189760E+00 0.180000E+00 0.171280E+00 0.177520E+00 0.172640E+00 0.158480E+00 0.157120E+00 0.159440E+00 0.150560E+00 0.142800E+00 0.134480E+00 0.138400E+00 0.131920E+00 0.124880E+00 0.123840E+00 0.116960E+00 0.116000E+00 0.110640E+00 0.107520E+00 0.102000E+00 0.100640E+00 0.952800E-01 0.979200E-01 0.951200E-01 0.907200E-01 0.876800E-01 0.816800E-01 0.832000E-01 0.780000E-01 0.745600E-01 0.756000E-01 0.744000E-01 0.667200E-01 0.690400E-01 0.650400E-01 0.623200E-01 0.643200E-01 0.592800E-01 0.601600E-01 0.592000E-01 0.518400E-01 0.548000E-01 0.505600E-01 0.488000E-01 0.464800E-01 0.458400E-01 0.461600E-01 0.417600E-01 0.380800E-01 0.381600E-01 0.378400E-01 0.375200E-01 0.372000E-01 0.369600E-01 0.354400E-01 0.307200E-01 0.336000E-01 0.295200E-01 0.297600E-01 0.288800E-01 0.260800E-01 0.272000E-01 0.264000E-01 0.236000E-01 0.224800E-01 0.186400E-01 0.214400E-01 0.209600E-01 0.200800E-01 0.206400E-01 0.180000E-01 0.190400E-01 0.171200E-01 0.177600E-01 0.170400E-01 0.158400E-01 0.148000E-01 0.128800E-01 0.161600E-01 0.127200E-01 0.119200E-01 0.123200E-01 0.108000E-01 0.100000E-01 0.976000E-02 0.102400E-01 0.832000E-02 0.784000E-02 0.880000E-02 0.856000E-02 0.696000E-02 0.736000E-02 0.800000E-02 0.640000E-02 0.608000E-02 0.656000E-02 0.616000E-02 0.600000E-02 0.528000E-02 0.432000E-02 0.552000E-02 0.544000E-02 0.328000E-02 0.408000E-02 0.328000E-02 0.328000E-02 0.200000E-02 0.264000E-02 0.296000E-02 0.368000E-02 0.256000E-02 0.272000E-02 0.160000E-02 0.232000E-02 0.280000E-02 0.216000E-02 0.176000E-02 0.216000E-02 0.960000E-03 0.152000E-02 0.112000E-02 0.880000E-03 0.144000E-02 0.880000E-03 0.104000E-02 0.640000E-03 0.112000E-02 0.640000E-03 0.640000E-03 0.560000E-03 0.560000E-03 0.480000E-03 0.480000E-03 0.480000E-03 0.160000E-03 0.240000E-03 0.400000E-03 0.800000E-04 0.240000E-03 0.000000E+00 0.000000E+00 0.000000E+00 0.800000E-04 0.000000E+00 0.000000E+00 0.800000E-04 0.000000E+00 0.000000E+00 0.800000E-04 0.000000E+00 0.000000E+00 0.000000E+00 0.000000E+00
 0.506616E+01 0.271408E+01 0.197944E+01 0.160072E+01 0.136688E+01 0.123368E+01 0.110840E+01 0.985920E+00 0.929200E+00 0.854000E+00 0.805040E+00 0.756000E+00 0.715360E+00 0.672000E+00 0.639840E+00 0.605040E+00 0.604160E+00 0.557360E+00 0.542480E+00 0.530720E+00 0.507040E+00 0.482320E+00 0.466400E+00 0.448320E+00 0.441200E+00 0.415440E+00 0.406480E+00 0.392960E+00 0.389440E+00 0.377760E+00 0.363920E+00 0.357680E+00 0.344880E+00 0.324640E+00 0.322480E+00 0.320160E+00 0.309360E+00 0.295120E+00 0.287440E+00 0.284880E+00 0.270080E+00 0.270000E+00 0.264000E+00 0.256400E+00 0.243520E+00 0.247280E+00 0.241120E+00 0.230720E+00 0.228560E+00 0.216800E+00 0.218960E+00 0.211440E+00 0.210960E+00 0.197440E+00 0.197840E+00 0.197280E+00 0.188480E+00 0.192320E+00 0.179280E+00 0.176640E+00 0.172880E+00 0.169200E+00 0.165680E+00 0.160240E+00 0.159600E+00 0.151520E+00 0.146000E+00 0.153040E+00 0.136960E+00 0.138320E+00 0.134400E+00 0.133920E+00 0.128560E+00 0.124800E+00 0.128240E+00 0.117840E+00 0.117520E+00 0.114240E+00 0.114720E+00 0.110960E+00 0.113520E+00 0.105600E+00 0.960800E-01 0.101200E+00 0.943200E-01 0.910400E-01 0.936800E-01 0.859200E-01 0.900000E-01 0.774400E-01 0.837600E-01 0.791200E-01 0.839200E-01 0.748800E-01 0.713600E-01 0.780000E-01 0.675200E-01 0.675200E-01 0.664000E-01 0.657600E-01 0.639200E-01 0.644000E-01 0.600000E-01 0.554400E-01 0.536800E-01 0.550400E-01 0.545600E-01 0.516800E-01 0.483200E-01 0.470400E-01 0.487200E-01 0.444800E-01 0.423200E-01 0.462400E-01 0.402400E-01 0.398400E-01 0.393600E-01 0.424000E-01 0.361600E-01 0.347200E-01 0.328800E-01 0.328000E-01 0.292000E-01 0.298400E-01 0.292000E-01 0.271200E-01 0.252000E-01 0.259200E-01 0.251200E-01 0.233600E-01 0.242400E-01 0.240800E-01 0.204000E-01 0.222400E-01 0.202400E-01 0.228000E-01 0.192000E-01 0.188800E-01 0.166400E-01 0.170400E-01 0.160800E-01 0.144800E-01 0.123200E-01 0.132800E-01 0.147200E-01 0.129600E-01 0.120800E-01 0.103200E-01 0.105600E-01 0.984000E-02 0.109600E-01 0.103200E-01 0.100000E-01 0.840000E-02 0.776000E-02 0.648000E-02 0.856000E-02 0.688000E-02 0.576000E-02 0.552000E-02 0.536000E-02 0.544000E-02 0.448000E-02 0.488000E-02 0.400000E-02 0.416000E-02 0.360000E-02 0.392000E-02 0.264000E-02 0.320000E-02 0.376000E-02 0.280000E-02 0.120000E-02 0.192000E-02 0.160000E-02 0.128000E-02 0.176000E-02 0.112000E-02 0.120000E-02 0.960000E-03 0.880000E-03 0.960000E-03 0.400000E-03 0.720000E-03 0.400000E-03 0.400000E-03 0.560000E-03 0.560000E-03 0.240000E-03 0.160000E-03 0.160000E-03 0.000000E+00 0.160000E-03 0.000000E+00 0.160000E-03 0.160000E-03 0.000000E+00 0.000000E+00 0.000000E+00 0.000000E+00
 0.371813E+02 0.110235E+02 0.816008E+01 0.673544E+01 0.577512E+01 0.515520E+01 0.469568E+01 0.434960E+01 0.401872E+01 0.378848E+01 0.354784E+01 0.336688E+01 0.317008E+01 0.304472E+01 0.289864E+01 0.280936E+01 0.269224E+01 0.255536E+01 0.246960E+01 0.235800E+01 0.231304E+01 0.219136E+01 0.215168E+01 0.207136E+01 0.198224E+01 0.194176E+01 0.188680E+01 0.179976E+01 0.175512E+01 0.172240E+01 0.166544E+01 0.160072E+01 0.154720E+01 0.152648E+01 0.148552E+01 0.143880E+01 0.139272E+01 0.136560E+01 0.133760E+01 0.128288E+01 0.124016E+01 0.121072E+01 0.119040E+01 0.115736E+01 0.111624E+01 0.107432E+01 0.105880E+01 0.102440E+01 0.100040E+01 0.991280E+00 0.940400E+00 0.920480E+00 0.925280E+00 0.876480E+00 0.850800E+00 0.826080E+00 0.807680E+00 0.784640E+00 0.784800E+00 0.764400E+00 0.726960E+00 0.735680E+00 0.696720E+00 0.681760E+00 0.657680E+00 0.654480E+00 0.634560E+00 0.618160E+00 0.607440E+00 0.584640E+00 0.565360E+00 0.551360E+00 0.520080E+00 0.519440E+00 0.506720E+00 0.499920E+00 0.472880E+00 0.461840E+00 0.466480E+00 0.450160E+00 0.438640E+00 0.417360E+00 0.406960E+00 0.401440E+00 0.387040E+00 0.372720E+00 0.369440E+00 0.358720E+00 0.346720E+00 0.336480E+00 0.326480E+00 0.325760E+00 0.314160E+00 0.303200E+00 0.299200E+00 0.289120E+00 0.283840E+00 0.273440E+00 0.271920E+00 0.272480E+00 0.255120E+00 0.240320E+00 0.234720E+00 0.232880E+00 0.228880E+00 0.214800E+00 0.217200E+00 0.198480E+00 0.202640E+00 0.198080E+00 0.193520E+00 0.194400E+00 0.183040E+00 0.176880E+00 0.177120E+00 0.167680E+00 0.164240E+00 0.155280E+00 0.153600E+00 0.154320E+00 0.149360E+00 0.142240E+00 0.136640E+00 0.133280E+00 0.125040E+00 0.129760E+00 0.123600E+00 0.119360E+00 0.114240E+00 0.109440E+00 0.109600E+00 0.106160E+00 0.103120E+00 0.100560E+00 0.954400E-01 0.952800E-01 0.947200E-01 0.899200E-01 0.892800E-01 0.845600E-01 0.780000E-01 0.767200E-01 0.771200E-01 0.740800E-01 0.671200E-01 0.681600E-01 0.677600E-01 0.620800E-01 0.623200E-01 0.621600E-01 0.561600E-01 0.556800E-01 0.528000E-01 0.484000E-01 0.496000E-01 0.478400E-01 0.443200E-01 0.472000E-01 0.428000E-01 0.410400E-01 0.372800E-01 0.336800E-01 0.308000E-01 0.317600E-01 0.316800E-01 0.281600E-01 0.254400E-01 0.246400E-01 0.226400E-01 0.216000E-01 0.166400E-01 0.175200E-01 0.198400E-01 0.170400E-01 0.148000E-01 0.155200E-01 0.148000E-01 0.148800E-01 0.129600E-01 0.122400E-01 0.116800E-01 0.108800E-01 0.117600E-01 0.108000E-01 0.103200E-01 0.960000E-02 0.704000E-02 0.832000E-02 0.776000E-02 0.816000E-02 0.816000E-02 0.536000E-02 0.440000E-02 0.656000E-02 0.632000E-02 0.520000E-02 0.464000E-02 0.488000E-02 0.312000E-02 0.000000E+00
 0.158430E+02 0.777504E+01 0.626464E+01 0.546256E+01 0.494088E+01 0.460080E+01 0.428744E+01 0.401784E+01 0.382224E+01 0.364368E+01 0.344464E+01 0.335912E+01 0.316040E+01 0.310872E+01 0.298912E+01 0.290040E+01 0.280512E+01 0.270432E+01 0.263048E+01 0.259624E+01 0.250592E+01 0.241704E+01 0.235136E+01 0.231736E+01 0.223824E+01 0.220736E+01 0.210896E+01 0.209608E+01 0.203176E+01 0.200056E+01 0.195216E+01 0.190088E+01 0.184752E+01 0.180392E+01 0.177480E+01 0.173736E+01 0.170336E+01 0.164816E+01 0.162744E+01 0.160016E+01 0.155448E+01 0.152464E+01 0.149024E+01 0.146224E+01 0.140864E+01 0.141304E+01 0.137096E+01 0.135184E+01 0.130472E+01 0.127336E+01 0.125432E+01 0.123736E+01 0.120576E+01 0.118240E+01 0.116296E+01 0.113360E+01 0.111152E+01 0.107960E+01 0.107128E+01 0.103880E+01 0.104072E+01 0.999920E+00 0.982960E+00 0.957520E+00 0.949840E+00 0.919280E+00 0.902000E+00 0.891040E+00 0.876560E+00 0.850080E+00 0.835200E+00 0.818320E+00 0.814160E+00 0.781440E+00 0.760640E+00 0.758000E+00 0.731200E+00 0.715760E+00 0.706320E+00 0.692400E+00 0.678000E+00 0.657440E+00 0.654720E+00 0.642640E+00 0.631040E+00 0.610560E+00 0.596320E+00 0.594480E+00 0.575120E+00 0.566000E+00 0.544640E+00 0.531360E+00 0.515760E+00 0.514400E+00 0.516160E+00 0.484800E+00 0.487680E+00 0.473840E+00 0.460880E+00 0.449760E+00 0.445360E+00 0.436720E+00 0.419600E+00 0.414080E+00 0.408880E+00 0.394160E+00 0.377200E+00 0.384320E+00 0.377760E+00 0.360080E+00 0.351760E+00 0.350640E+00 0.334480E+00 0.328000E+00 0.334000E+00 0.328160E+00 0.312080E+00 0.301040E+00 0.299280E+00 0.294000E+00 0.278480E+00 0.280160E+00 0.276400E+00 0.272560E+00 0.266480E+00 0.249520E+00 0.249120E+00 0.243600E+00 0.235760E+00 0.231440E+00 0.225920E+00 0.220880E+00 0.213920E+00 0.210160E+00 0.201280E+00 0.201600E+00 0.197200E+00 0.187680E+00 0.182000E+00 0.180320E+00 0.174240E+00 0.176080E+00 0.167120E+00 0.160560E+00 0.156800E+00 0.157520E+00 0.150000E+00 0.144480E+00 0.143040E+00 0.136800E+00 0.136640E+00 0.129440E+00 0.120960E+00 0.120240E+00 0.118720E+00 0.113200E+00 0.110800E+00 0.107600E+00 0.984000E-01 0.985600E-01 0.956000E-01 0.848000E-01 0.849600E-01 0.775200E-01 0.700800E-01 0.700000E-01 0.663200E-01 0.608000E-01 0.528000E-01 0.552000E-01 0.511200E-01 0.462400E-01 0.474400E-01 0.432800E-01 0.417600E-01 0.386400E-01 0.380800E-01 0.376000E-01 0.324000E-01 0.313600E-01 0.312800E-01 0.322400E-01 0.276000E-01 0.292800E-01 0.253600E-01 0.237600E-01 0.248800E-01 0.239200E-01 0.192000E-01 0.188000E-01 0.207200E-01 0.179200E-01 0.176800E-01 0.164000E-01 0.155200E-01 0.140800E-01 0.161600E-01 0.150400E-01 0.808000E-02 0.000000E+00
 0.235392E+01 0.135312E+01 0.104456E+01 0.832960E+00 0.727680E+00 0.636080E+00 0.559200E+00 0.514400E+00 0.459120E+00 0.418160E+00 0.381120E+00 0.350640E+00 0.325040E+00 0.301440E+00 0.278000E+00 0.260480E+00 0.239840E+00 0.227440E+00 0.210880E+00 0.196480E+00 0.186880E+00 0.176720E+00 0.155040E+00 0.152880E+00 0.140480E+00 0.133680E+00 0.128400E+00 0.117520E+00 0.107760E+00 0.105760E+00 0.104320E+00 0.976000E-01 0.952000E-01 0.775200E-01 0.781600E-01 0.773600E-01 0.654400E-01 0.643200E-01 0.602400E-01 0.576000E-01 0.546400E-01 0.532800E-01 0.505600E-01 0.528000E-01 0.429600E-01 0.426400E-01 0.411200E-01 0.377600E-01 0.336000E-01 0.331200E-01 0.292000E-01 0.289600E-01 0.293600E-01 0.292000E-01 0.244800E-01 0.232800E-01 0.210400E-01 0.211200E-01 0.219200E-01 0.186400E-01 0.192800E-01 0.152000E-01 0.160000E-01 0.148000E-01 0.129600E-01 0.125600E-01 0.120000E-01 0.121600E-01 0.107200E-01 0.108800E-01 0.904000E-02 0.792000E-02 0.816000E-02 0.832000E-02 0.896000E-02 0.656000E-02 0.568000E-02 0.568000E-02 0.488000E-02 0.680000E-02 0.592000E-02 0.448000E-02 0.488000E-02 0.528000E-02 0.368000E-02 0.416000E-02 0.296000E-02 0.328000E-02 0.336000E-02 0.384000E-02 0.256000E-02 0.264000E-02 0.296000E-02 0.344000E-02 0.232000E-02 0.312000E-02 0.192000E-02 0.800000E-03 0.192000E-02 0.136000E-02 0.152000E-02 0.128000E-02 0.128000E-02 0.184000E-02 0.880000E-03 0.104000E-02 0.640000E-03 0.960000E-03 0.800000E-03 0.560000E-03 0.320000E-03 0.640000E-03 0.240000E-03 0.640000E-03 0.480000E-03 0.240000E-03 0.240000E-03 0.560000E-03 0.000000E+00 0.480000E-03 0.160000E-03 0.240000E-03 0.240000E-03 0.160000E-03 0.320000E-03 0.240000E-03 0.320000E-03 0.160000E-03 0.320000E-03 0.400000E-03 0.160000E-03 0.160000E-03 0.240000E-03 0.800000E-04 0.160000E-03 0.000000E+00 0.000000E+00 0.240000E-03 0.320000E-03 0.000000E+00 0.800000E-04 0.000000E+00 0.800000E-04 0.800000E-04 0.800000E-04 0.800000E-04 0.000000E+00 0.000000E+00 0.000000E+00 0.000000E+00 0.000000E+00 0.800000E-04 0.000000E+00 0.000000E+00 0.000000E+00 0.000000E+00 0.000000E+00 0.000000E+00 0.000000E+00 0.000000E+00 0.000000E+00 0.000000E+00 0.000000E+00 0.000000E+00 0.000000E+00 0.000000E+00 0.000000E+00 0.000000E+00 0.000000E+00 0.000000E+00 0.000000E+00 0.000000E+00 0.000000E+00 0.000000E+00 0.000000E+00 0.000000E+00 0.000000E+00 0.800000E-04 0.000000E+00 0.000000E+00 0.000000E+00 0.000000E+00 0.000000E+00 0.000000E+00 0.000000E+00 0.000000E+00 0.000000E+00 0.000000E+00 0.000000E+00 0.000000E+00 0.000000E+00 0.000000E+00 0.000000E+00 0.000000E+00 0.000000E+00 0.000000E+00 0.000000E+00 0.000000E+00 0.000000E+00 0.000000E+00
 0.481560E+01 0.237744E+01 0.162904E+01 0.122608E+01 0.102472E+01 0.844480E+00 0.741920E+00 0.655440E+00 0.575840E+00 0.512880E+00 0.448960E+00 0.405760E+00 0.363680E+00 0.346720E+00 0.317200E+00 0.285200E+00 0.268400E+00 0.237760E+00 0.229600E+00 0.217280E+00 0.191120E+00 0.181440E+00 0.166640E+00 0.154080E+00 0.145120E+00 0.137280E+00 0.125840E+00 0.120320E+00 0.107280E+00 0.103600E+00 0.946400E-01 0.865600E-01 0.831200E-01 0.824000E-01 0.795200E-01 0.716000E-01 0.669600E-01 0.588800E-01 0.599200E-01 0.581600E-01 0.480000E-01 0.472800E-01 0.474400E-01 0.460800E-01 0.420000E-01 0.386400E-01 0.336800E-01 0.361600E-01 0.312000E-01 0.292800E-01 0.268800E-01 0.280000E-01 0.225600E-01 0.233600E-01 0.192000E-01 0.192000E-01 0.199200E-01 0.191200E-01 0.173600E-01 0.131200E-01 0.153600E-01 0.158400E-01 0.152000E-01 0.126400E-01 0.123200E-01 0.112800E-01 0.115200E-01 0.110400E-01 0.920000E-02 0.880000E-02 0.712000E-02 0.848000E-02 0.728000E-02 0.576000E-02 0.640000E-02 0.576000E-02 0.648000E-02 0.528000E-02 0.456000E-02 0.488000E-02 0.472000E-02 0.456000E-02 0.352000E-02 0.328000E-02 0.424000E-02 0.408000E-02 0.288000E-02 0.272000E-02 0.264000E-02 0.232000E-02 0.192000E-02 0.296000E-02 0.264000E-02 0.192000E-02 0.232000E-02 0.136000E-02 0.168000E-02 0.128000E-02 0.144000E-02 0.184000E-02 0.168000E-02 0.320000E-03 0.640000E-03 0.128000E-02 0.104000E-02 0.640000E-03 0.800000E-03 0.960000E-03 0.880000E-03 0.400000E-03 0.720000E-03 0.560000E-03 0.560000E-03 0.400000E-03 0.480000E-03 0.320000E-03 0.480000E-03 0.320000E-03 0.160000E-03 0.400000E-03 0.160000E-03 0.240000E-03 0.240000E-03 0.800000E-04 0.000000E+00 0.320000E-03 0.160000E-03 0.800000E-04 0.000000E+00 0.000000E+00 0.240000E-03 0.240000E-03 0.800000E-04 0.800000E-04 0.000000E+00 0.800000E-04 0.800000E-04 0.800000E-04 0.000000E+00 0.000000E+00 0.000000E+00 0.800000E-04 0.000000E+00 0.000000E+00 0.000000E+00 0.000000E+00 0.000000E+00 0.000000E+00 0.000000E+00 0.000000E+00 0.000000E+00 0.000000E+00 0.800000E-04 0.000000E+00 0.000000E+00 0.000000E+00 0.800000E-04 0.000000E+00 0.000000E+00 0.000000E+00 0.000000E+00 0.000000E+00 0.000000E+00 0.000000E+00 0.000000E+00 0.000000E+00 0.000000E+00 0.000000E+00 0.000000E+00 0.000000E+00 0.000000E+00 0.000000E+00 0.000000E+00 0.000000E+00 0.000000E+00 0.000000E+00 0.000000E+00 0.000000E+00 0.000000E+00 0.000000E+00 0.000000E+00 0.000000E+00 0.000000E+00 0.000000E+00 0.000000E+00 0.000000E+00 0.000000E+00 0.000000E+00 0.000000E+00 0.000000E+00 0.000000E+00 0.000000E+00 0.000000E+00 0.000000E+00 0.000000E+00 0.000000E+00 0.000000E+00 0.000000E+00 0.000000E+00 0.000000E+00
 0.226960E+01 0.133696E+01 0.100784E+01 0.833280E+00 0.711680E+00 0.617200E+00 0.549440E+00 0.493760E+00 0.459440E+00 0.405680E+00 0.385680E+00 0.342400E+00 0.311760E+00 0.300400E+00 0.271200E+00 0.257120E+00 0.240720E+00 0.214000E+00 0.211360E+00 0.189680E+00 0.177040E+00 0.159840E+00 0.162400E+00 0.139920E+00 0.140080E+00 0.125680E+00 0.123040E+00 0.116320E+00 0.113360E+00 0.101280E+00 0.952000E-01 0.903200E-01 0.830400E-01 0.790400E-01 0.763200E-01 0.693600E-01 0.656800E-01 0.622400E-01 0.631200E-01 0.567200E-01 0.532000E-01 0.484000E-01 0.488800E-01 0.469600E-01 0.462400E-01 0.405600E-01 0.372000E-01 0.326400E-01 0.335200E-01 0.312000E-01 0.284000E-01 0.285600E-01 0.240800E-01 0.239200E-01 0.267200E-01 0.214400E-01 0.208800E-01 0.173600E-01 0.197600E-01 0.200000E-01 0.176000E-01 0.164000E-01 0.163200E-01 0.132000E-01 0.124800E-01 0.120800E-01 0.120800E-01 0.124800E-01 0.107200E-01 0.960000E-02 0.968000E-02 0.110400E-01 0.816000E-02 0.680000E-02 0.760000E-02 0.688000E-02 0.568000E-02 0.656000E-02 0.544000E-02 0.448000E-02 0.528000E-02 0.448000E-02 0.488000E-02 0.432000E-02 0.312000E-02 0.416000E-02 0.360000E-02 0.264000E-02 0.376000E-02 0.360000E-02 0.256000E-02 0.264000E-02 0.224000E-02 0.264000E-02 0.256000E-02 0.152000E-02 0.160000E-02 0.208000E-02 0.240000E-02 0.120000E-02 0.136000E-02 0.152000E-02 0.152000E-02 0.128000E-02 0.960000E-03 0.112000E-02 0.720000E-03 0.128000E-02 0.640000E-03 0.880000E-03 0.480000E-03 0.640000E-03 0.640000E-03 0.320000E-03 0.480000E-03 0.560000E-03 0.320000E-03 0.320000E-03 0.240000E-03 0.320000E-03 0.400000E-03 0.800000E-04 0.400000E-03 0.480000E-03 0.400000E-03 0.240000E-03 0.320000E-03 0.560000E-03 0.400000E-03 0.800000E-04 0.800000E-04 0.160000E-03 0.320000E-03 0.160000E-03 0.000000E+00 0.320000E-03 0.000000E+00 0.000000E+00 0.800000E-04 0.800000E-04 0.800000E-04 0.000000E+00 0.000000E+00 0.000000E+00 0.000000E+00 0.000000E+00 0.000000E+00 0.000000E+00 0.000000E+00 0.000000E+00 0.000000E+00 0.000000E+00 0.000000E+00 0.000000E+00 0.000000E+00 0.000000E+00 0.000000E+00 0.000000E+00 0.000000E+00 0.000000E+00 0.000000E+00 0.800000E-04 0.000000E+00 0.000000E+00 0.000000E+00 0.000000E+00 0.000000E+00 0.000000E+00 0.000000E+00 0.000000E+00 0.000000E+00 0.000000E+00 0.000000E+00 0.000000E+00 0.000000E+00 0.000000E+00 0.000000E+00 0.000000E+00 0.000000E+00 0.000000E+00 0.000000E+00 0.000000E+00 0.000000E+00 0.000000E+00 0.000000E+00 0.000000E+00 0.000000E+00 0.000000E+00 0.000000E+00 0.000000E+00 0.000000E+00 0.000000E+00 0.000000E+00 0.000000E+00 0.000000E+00 0.000000E+00 0.000000E+00 0.000000E+00 0.000000E+00 0.000000E+00
 0.466936E+01 0.232664E+01 0.158952E+01 0.122008E+01 0.100096E+01 0.858560E+00 0.735120E+00 0.624640E+00 0.566000E+00 0.493680E+00 0.451920E+00 0.412240E+00 0.364160E+00 0.336400E+00 0.306480E+00 0.275120E+00 0.261440E+00 0.232160E+00 0.217680E+00 0.207760E+00 0.191120E+00 0.176880E+00 0.160480E+00 0.150800E+00 0.143440E+00 0.124080E+00 0.121520E+00 0.114000E+00 0.107040E+00 0.100000E+00 0.929600E-01 0.885600E-01 0.803200E-01 0.757600E-01 0.724800E-01 0.676800E-01 0.630400E-01 0.532000E-01 0.536800E-01 0.540000E-01 0.455200E-01 0.456800E-01 0.423200E-01 0.406400E-01 0.360800E-01 0.360800E-01 0.330400E-01 0.327200E-01 0.304000E-01 0.262400E-01 0.264000E-01 0.230400E-01 0.211200E-01 0.212800E-01 0.200800E-01 0.211200E-01 0.190400E-01 0.199200E-01 0.172000E-01 0.147200E-01 0.147200E-01 0.132000E-01 0.134400E-01 0.127200E-01 0.116000E-01 0.912000E-02 0.808000E-02 0.103200E-01 0.784000E-02 0.888000E-02 0.712000E-02 0.656000E-02 0.688000E-02 0.680000E-02 0.608000E-02 0.520000E-02 0.552000E-02 0.504000E-02 0.576000E-02 0.416000E-02 0.424000E-02 0.416000E-02 0.488000E-02 0.384000E-02 0.248000E-02 0.296000E-02 0.272000E-02 0.224000E-02 0.240000E-02 0.240000E-02 0.216000E-02 0.184000E-02 0.280000E-02 0.160000E-02 0.112000E-02 0.200000E-02 0.480000E-03 0.120000E-02 0.152000E-02 0.800000E-03 0.136000E-02 0.112000E-02 0.800000E-03 0.800000E-03 0.720000E-03 0.240000E-03 0.720000E-03 0.720000E-03 0.560000E-03 0.560000E-03 0.640000E-03 0.400000E-03 0.480000E-03 0.400000E-03 0.320000E-03 0.240000E-03 0.640000E-03 0.400000E-03 0.400000E-03 0.800000E-04 0.160000E-03 0.240000E-03 0.160000E-03 0.800000E-04 0.240000E-03 0.800000E-04 0.160000E-03 0.240000E-03 0.160000E-03 0.800000E-04 0.000000E+00 0.160000E-03 0.800000E-04 0.800000E-04 0.240000E-03 0.160000E-03 0.000000E+00 0.160000E-03 0.800000E-04 0.000000E+00 0.800000E-04 0.000000E+00 0.000000E+00 0.000000E+00 0.000000E+00 0.000000E+00 0.000000E+00 0.000000E+00 0.000000E+00 0.160000E-03 0.800000E-04 0.000000E+00 0.000000E+00 0.800000E-04 0.000000E+00 0.000000E+00 0.000000E+00 0.000000E+00 0.000000E+00 0.000000E+00 0.000000E+00 0.000000E+00 0.000000E+00 0.000000E+00 0.000000E+00 0.000000E+00 0.000000E+00 0.000000E+00 0.000000E+00 0.000000E+00 0.000000E+00 0.000000E+00 0.000000E+00 0.000000E+00 0.000000E+00 0.000000E+00 0.000000E+00 0.000000E+00 0.000000E+00 0.000000E+00 0.000000E+00 0.000000E+00 0.000000E+00 0.000000E+00 0.000000E+00 0.000000E+00 0.000000E+00 0.000000E+00 0.000000E+00 0.000000E+00 0.000000E+00 0.000000E+00 0.000000E+00 0.000000E+00 0.000000E+00 0.000000E+00 0.000000E+00 0.000000E+00 0.000000E+00 0.000000E+00
 0.345555E+02 0.854128E+01 0.577864E+01 0.438208E+01 0.346888E+01 0.292824E+01 0.248736E+01 0.219984E+01 0.192560E+01 0.169688E+01 0.153456E+01 0.138056E+01 0.124384E+01 0.112880E+01 0.104432E+01 0.964800E+00 0.875920E+00 0.800000E+00 0.752640E+00 0.689280E+00 0.639600E+00 0.584880E+00 0.556160E+00 0.515360E+00 0.478560E+00 0.457120E+00 0.432800E+00 0.395920E+00 0.363440E+00 0.352720E+00 0.325120E+00 0.303680E+00 0.291520E+00 0.278800E+00 0.250480E+00 0.237280E+00 0.223760E+00 0.210720E+00 0.201040E+00 0.190160E+00 0.182640E+00 0.171360E+00 0.162000E+00 0.151280E+00 0.139440E+00 0.132560E+00 0.129920E+00 0.122000E+00 0.114240E+00 0.109040E+00 0.101520E+00 0.936000E-01 0.960000E-01 0.848800E-01 0.776000E-01 0.772800E-01 0.736000E-01 0.742400E-01 0.684800E-01 0.612000E-01 0.593600E-01 0.576800E-01 0.543200E-01 0.496000E-01 0.517600E-01 0.458400E-01 0.456000E-01 0.428000E-01 0.368800E-01 0.382400E-01 0.342400E-01 0.323200E-01 0.320000E-01 0.291200E-01 0.292800E-01 0.284000E-01 0.262400E-01 0.239200E-01 0.273600E-01 0.211200E-01 0.225600E-01 0.196800E-01 0.179200E-01 0.180800E-01 0.181600E-01 0.152000E-01 0.141600E-01 0.150400E-01 0.114400E-01 0.133600E-01 0.109600E-01 0.113600E-01 0.124000E-01 0.960000E-02 0.992000E-02 0.103200E-01 0.936000E-02 0.760000E-02 0.720000E-02 0.728000E-02 0.688000E-02 0.624000E-02 0.560000E-02 0.560000E-02 0.576000E-02 0.536000E-02 0.504000E-02 0.384000E-02 0.280000E-02 0.480000E-02 0.328000E-02 0.528000E-02 0.328000E-02 0.328000E-02 0.264000E-02 0.248000E-02 0.256000E-02 0.288000E-02 0.232000E-02 0.192000E-02 0.176000E-02 0.184000E-02 0.120000E-02 0.192000E-02 0.176000E-02 0.128000E-02 0.160000E-02 0.880000E-03 0.720000E-03 0.960000E-03 0.112000E-02 0.640000E-03 0.120000E-02 0.800000E-03 0.320000E-03 0.128000E-02 0.560000E-03 0.960000E-03 0.880000E-03 0.240000E-03 0.400000E-03 0.160000E-03 0.640000E-03 0.480000E-03 0.320000E-03 0.240000E-03 0.320000E-03 0.160000E-03 0.800000E-04 0.400000E-03 0.000000E+00 0.320000E-03 0.160000E-03 0.160000E-03 0.160000E-03 0.160000E-03 0.160000E-03 0.160000E-03 0.240000E-03 0.240000E-03 0.240000E-03 0.800000E-04 0.000000E+00 0.160000E-03 0.000000E+00 0.800000E-04 0.000000E+00 0.000000E+00 0.000000E+00 0.800000E-04 0.160000E-03 0.000000E+00 0.000000E+00 0.800000E-04 0.000000E+00 0.240000E-03 0.800000E-04 0.000000E+00 0.800000E-04 0.000000E+00 0.000000E+00 0.000000E+00 0.000000E+00 0.800000E-04 0.000000E+00 0.000000E+00 0.000000E+00 0.000000E+00 0.000000E+00 0.000000E+00 0.000000E+00 0.000000E+00 0.000000E+00 0.000000E+00 0.000000E+00 0.000000E+00 0.000000E+00 0.000000E+00 0.000000E+00 0.000000E+00
 0.136554E+02 0.563032E+01 0.416720E+01 0.340592E+01 0.290592E+01 0.257352E+01 0.228128E+01 0.205440E+01 0.185864E+01 0.171448E+01 0.155888E+01 0.145080E+01 0.132464E+01 0.125120E+01 0.117032E+01 0.109816E+01 0.102544E+01 0.952000E+00 0.911920E+00 0.869680E+00 0.808880E+00 0.759200E+00 0.711600E+00 0.691680E+00 0.641520E+00 0.632240E+00 0.571360E+00 0.559680E+00 0.527920E+00 0.514160E+00 0.472560E+00 0.452560E+00 0.429840E+00 0.400800E+00 0.387600E+00 0.372320E+00 0.352560E+00 0.342240E+00 0.328320E+00 0.310400E+00 0.295280E+00 0.281040E+00 0.266240E+00 0.260320E+00 0.244400E+00 0.235920E+00 0.218480E+00 0.213600E+00 0.205840E+00 0.193440E+00 0.185280E+00 0.177200E+00 0.171200E+00 0.159360E+00 0.159200E+00 0.151280E+00 0.136080E+00 0.131360E+00 0.131360E+00 0.120480E+00 0.114880E+00 0.112400E+00 0.114240E+00 0.101040E+00 0.960800E-01 0.906400E-01 0.929600E-01 0.852000E-01 0.798400E-01 0.825600E-01 0.723200E-01 0.768000E-01 0.686400E-01 0.626400E-01 0.600000E-01 0.631200E-01 0.592000E-01 0.488800E-01 0.510400E-01 0.496800E-01 0.479200E-01 0.438400E-01 0.457600E-01 0.397600E-01 0.388000E-01 0.368800E-01 0.370400E-01 0.338400E-01 0.315200E-01 0.289600E-01 0.295200E-01 0.268800E-01 0.250400E-01 0.235200E-01 0.232800E-01 0.211200E-01 0.215200E-01 0.212000E-01 0.201600E-01 0.170400E-01 0.185600E-01 0.178400E-01 0.164000E-01 0.136000E-01 0.141600E-01 0.115200E-01 0.112000E-01 0.128000E-01 0.104000E-01 0.110400E-01 0.944000E-02 0.108800E-01 0.672000E-02 0.960000E-02 0.808000E-02 0.800000E-02 0.800000E-02 0.616000E-02 0.656000E-02 0.536000E-02 0.472000E-02 0.576000E-02 0.520000E-02 0.400000E-02 0.432000E-02 0.400000E-02 0.416000E-02 0.456000E-02 0.344000E-02 0.336000E-02 0.312000E-02 0.232000E-02 0.328000E-02 0.232000E-02 0.240000E-02 0.264000E-02 0.184000E-02 0.120000E-02 0.200000E-02 0.152000E-02 0.184000E-02 0.152000E-02 0.880000E-03 0.104000E-02 0.160000E-02 0.120000E-02 0.800000E-03 0.560000E-03 0.560000E-03 0.560000E-03 0.104000E-02 0.152000E-02 0.960000E-03 0.320000E-03 0.160000E-03 0.400000E-03 0.400000E-03 0.160000E-03 0.320000E-03 0.320000E-03 0.560000E-03 0.800000E-04 0.400000E-03 0.160000E-03 0.320000E-03 0.400000E-03 0.160000E-03 0.240000E-03 0.160000E-03 0.000000E+00 0.800000E-04 0.160000E-03 0.000000E+00 0.800000E-04 0.160000E-03 0.800000E-04 0.000000E+00 0.800000E-04 0.000000E+00 0.000000E+00 0.800000E-04 0.800000E-04 0.000000E+00 0.000000E+00 0.000000E+00 0.000000E+00 0.000000E+00 0.000000E+00 0.000000E+00 0.000000E+00 0.000000E+00 0.000000E+00 0.000000E+00 0.000000E+00 0.000000E+00 0.000000E+00 0.000000E+00 0.000000E+00 0.000000E+00 0.000000E+00
 0.235392E+01 0.135312E+01 0.104456E+01 0.832960E+00 0.727680E+00 0.636080E+00 0.559200E+00 0.514400E+00 0.459120E+00 0.418160E+00 0.381120E+00 0.350640E+00 0.325040E+00 0.301440E+00 0.278000E+00 0.260480E+00 0.239840E+00 0.227440E+00 0.210880E+00 0.196480E+00 0.186880E+00 0.176720E+00 0.155040E+00 0.152880E+00 0.140480E+00 0.133680E+00 0.128400E+00 0.117520E+00 0.107760E+00 0.105760E+00 0.104320E+00 0.976000E-01 0.952000E-01 0.775200E-01 0.781600E-01 0.773600E-01 0.654400E-01 0.643200E-01 0.602400E-01 0.576000E-01 0.546400E-01 0.532800E-01 0.505600E-01 0.528000E-01 0.429600E-01 0.426400E-01 0.411200E-01 0.377600E-01 0.336000E-01 0.331200E-01 0.292000E-01 0.289600E-01 0.293600E-01 0.292000E-01 0.244800E-01 0.232800E-01 0.210400E-01 0.211200E-01 0.219200E-01 0.186400E-01 0.192800E-01 0.152000E-01 0.160000E-01 0.148000E-01 0.129600E-01 0.125600E-01 0.120000E-01 0.121600E-01 0.107200E-01 0.108800E-01 0.904000E-02 0.792000E-02 0.816000E-02 0.832000E-02 0.896000E-02 0.656000E-02 0.568000E-02 0.568000E-02 0.488000E-02 0.680000E-02 0.592000E-02 0.448000E-02 0.488000E-02 0.528000E-02 0.368000E-02 0.416000E-02 0.296000E-02 0.328000E-02 0.336000E-02 0.384000E-02 0.256000E-02 0.264000E-02 0.296000E-02 0.344000E-02 0.232000E-02 0.312000E-02 0.192000E-02 0.800000E-03 0.192000E-02 0.136000E-02 0.152000E-02 0.128000E-02 0.128000E-02 0.184000E-02 0.880000E-03 0.104000E-02 0.640000E-03 0.960000E-03 0.800000E-03 0.560000E-03 0.320000E-03 0.640000E-03 0.240000E-03 0.640000E-03 0.480000E-03 0.240000E-03 0.240000E-03 0.560000E-03 0.000000E+00 0.480000E-03 0.160000E-03 0.240000E-03 0.240000E-03 0.160000E-03 0.320000E-03 0.240000E-03 0.320000E-03 0.160000E-03 0.320000E-03 0.400000E-03 0.160000E-03 0.160000E-03 0.240000E-03 0.800000E-04 0.160000E-03 0.000000E+00 0.000000E+00 0.240000E-03 0.320000E-03 0.000000E+00 0.800000E-04 0.000000E+00 0.800000E-04 0.800000E-04 0.800000E-04 0.800000E-04 0.000000E+00 0.000000E+00 0.000000E+00 0.000000E+00 0.000000E+00 0.800000E-04 0.000000E+00 0.000000E+00 0.000000E+00 0.000000E+00 0.000000E+00 0.000000E+00 0.000000E+00 0.000000E+00 0.000000E+00 0.000000E+00 0.000000E+00 0.000000E+00 0.000000E+00 0.000000E+00 0.000000E+00 0.000000E+00 0.000000E+00 0.000000E+00 0.000000E+00 0.000000E+00 0.000000E+00 0.000000E+00 0.000000E+00 0.000000E+00 0.000000E+00 0.800000E-04 0.000000E+00 0.000000E+00 0.000000E+00 0.000000E+00 0.000000E+00 0.000000E+00 0.000000E+00 0.000000E+00 0.000000E+00 0.000000E+00 0.000000E+00 0.000000E+00 0.000000E+00 0.000000E+00 0.000000E+00 0.000000E+00 0.000000E+00 0.000000E+00 0.000000E+00 0.000000E+00 0.000000E+00 0.000000E+00
 0.481560E+01 0.237744E+01 0.162904E+01 0.122608E+01 0.102472E+01 0.844480E+00 0.741920E+00 0.655440E+00 0.575840E+00 0.512880E+00 0.448960E+00 0.405760E+00 0.363680E+00 0.346720E+00 0.317200E+00 0.285200E+00 0.268400E+00 0.237760E+00 0.229600E+00 0.217280E+00 0.191120E+00 0.181440E+00 0.166640E+00 0.154080E+00 0.145120E+00 0.137280E+00 0.125840E+00 0.120320E+00 0.107280E+00 0.103600E+00 0.946400E-01 0.865600E-01 0.831200E-01 0.824000E-01 0.795200E-01 0.716000E-01 0.669600E-01 0.588800E-01 0.599200E-01 0.581600E-01 0.480000E-01 0.472800E-01 0.474400E-01 0.460800E-01 0.420000E-01 0.386400E-01 0.336800E-01 0.361600E-01 0.312000E-01 0.292800E-01 0.268800E-01 0.280000E-01 0.225600E-01 0.233600E-01 0.192000E-01 0.192000E-01 0.199200E-01 0.191200E-01 0.173600E-01 0.131200E-01 0.153600E-01 0.158400E-01 0.152000E-01 0.126400E-01 0.123200E-01 0.112800E-01 0.115200E-01 0.110400E-01 0.920000E-02 0.880000E-02 0.712000E-02 0.848000E-02 0.728000E-02 0.576000E-02 0.640000E-02 0.576000E-02 0.648000E-02 0.528000E-02 0.456000E-02 0.488000E-02 0.472000E-02 0.456000E-02 0.352000E-02 0.328000E-02 0.424000E-02 0.408000E-02 0.288000E-02 0.272000E-02 0.264000E-02 0.232000E-02 0.192000E-02 0.296000E-02 0.264000E-02 0.192000E-02 0.232000E-02 0.136000E-02 0.168000E-02 0.128000E-02 0.144000E-02 0.184000E-02 0.168000E-02 0.320000E-03 0.640000E-03 0.128000E-02 0.104000E-02 0.640000E-03 0.800000E-03 0.960000E-03 0.880000E-03 0.400000E-03 0.720000E-03 0.560000E-03 0.560000E-03 0.400000E-03 0.480000E-03 0.320000E-03 0.480000E-03 0.320000E-03 0.160000E-03 0.400000E-03 0.160000E-03 0.240000E-03 0.240000E-03 0.800000E-04 0.000000E+00 0.320000E-03 0.160000E-03 0.800000E-04 0.000000E+00 0.000000E+00 0.240000E-03 0.240000E-03 0.800000E-04 0.800000E-04 0.000000E+00 0.800000E-04 0.800000E-04 0.800000E-04 0.000000E+00 0.000000E+00 0.000000E+00 0.800000E-04 0.000000E+00 0.000000E+00 0.000000E+00 0.000000E+00 0.000000E+00 0.000000E+00 0.000000E+00 0.000000E+00 0.000000E+00 0.000000E+00 0.800000E-04 0.000000E+00 0.000000E+00 0.000000E+00 0.800000E-04 0.000000E+00 0.000000E+00 0.000000E+00 0.000000E+00 0.000000E+00 0.000000E+00 0.000000E+00 0.000000E+00 0.000000E+00 0.000000E+00 0.000000E+00 0.000000E+00 0.000000E+00 0.000000E+00 0.000000E+00 0.000000E+00 0.000000E+00 0.000000E+00 0.000000E+00 0.000000E+00 0.000000E+00 0.000000E+00 0.000000E+00 0.000000E+00 0.000000E+00 0.000000E+00 0.000000E+00 0.000000E+00 0.000000E+00 0.000000E+00 0.000000E+00 0.000000E+00 0.000000E+00 0.000000E+00 0.000000E+00 0.000000E+00 0.000000E+00 0.000000E+00 0.000000E+00 0.000000E+00 0.000000E+00 0.000000E+00 0.000000E+00
 0.226960E+01 0.133696E+01 0.100784E+01 0.833280E+00 0.711680E+00 0.617200E+00 0.549440E+00 0.493760E+00 0.459440E+00 0.405680E+00 0.385680E+00 0.342400E+00 0.311760E+00 0.300400E+00 0.271200E+00 0.257120E+00 0.240720E+00 0.214000E+00 0.211360E+00 0.189680E+00 0.177040E+00 0.159840E+00 0.162400E+00 0.139920E+00 0.140080E+00 0.125680E+00 0.123040E+00 0.116320E+00 0.113360E+00 0.101280E+00 0.952000E-01 0.903200E-01 0.830400E-01 0.790400E-01 0.763200E-01 0.693600E-01 0.656800E-01 0.622400E-01 0.631200E-01 0.567200E-01 0.532000E-01 0.484000E-01 0.488800E-01 0.469600E-01 0.462400E-01 0.405600E-01 0.372000E-01 0.326400E-01 0.335200E-01 0.312000E-01 0.284000E-01 0.285600E-01 0.240800E-01 0.239200E-01 0.267200E-01 0.214400E-01 0.208800E-01 0.173600E-01 0.197600E-01 0.200000E-01 0.176000E-01 0.164000E-01 0.163200E-01 0.132000E-01 0.124800E-01 0.120800E-01 0.120800E-01 0.124800E-01 0.107200E-01 0.960000E-02 0.968000E-02 0.110400E-01 0.816000E-02 0.680000E-02 0.760000E-02 0.688000E-02 0.568000E-02 0.656000E-02 0.544000E-02 0.448000E-02 0.528000E-02 0.448000E-02 0.488000E-02 0.432000E-02 0.312000E-02 0.416000E-02 0.360000E-02 0.264000E-02 0.376000E-02 0.360000E-02 0.256000E-02 0.264000E-02 0.224000E-02 0.264000E-02 0.256000E-02 0.152000E-02 0.160000E-02 0.208000E-02 0.240000E-02 0.120000E-02 0.136000E-02 0.152000E-02 0.152000E-02 0.128000E-02 0.960000E-03 0.112000E-02 0.720000E-03 0.128000E-02 0.640000E-03 0.880000E-03 0.480000E-03 0.640000E-03 0.640000E-03 0.320000E-03 0.480000E-03 0.560000E-03 0.320000E-03 0.320000E-03 0.240000E-03 0.320000E-03 0.400000E-03 0.800000E-04 0.400000E-03 0.480000E-03 0.400000E-03 0.240000E-03 0.320000E-03 0.560000E-03 0.400000E-03 0.800000E-04 0.800000E-04 0.160000E-03 0.320000E-03 0.160000E-03 0.000000E+00 0.320000E-03 0.000000E+00 0.000000E+00 0.800000E-04 0.800000E-04 0.800000E-04 0.000000E+00 0.000000E+00 0.000000E+00 0.000000E+00 0.000000E+00 0.000000E+00 0.000000E+00 0.000000E+00 0.000000E+00 0.000000E+00 0.000000E+00 0.000000E+00 0.000000E+00 0.000000E+00 0.000000E+00 0.000000E+00 0.000000E+00 0.000000E+00 0.000000E+00 0.000000E+00 0.800000E-04 0.000000E+00 0.000000E+00 0.000000E+00 0.000000E+00 0.000000E+00 0.000000E+00 0.000000E+00 0.000000E+00 0.000000E+00 0.000000E+00 0.000000E+00 0.000000E+00 0.000000E+00 0.000000E+00 0.000000E+00 0.000000E+00 0.000000E+00 0.000000E+00 0.000000E+00 0.000000E+00 0.000000E+00 0.000000E+00 0.000000E+00 0.000000E+00 0.000000E+00 0.000000E+00 0.000000E+00 0.000000E+00 0.000000E+00 0.000000E+00 0.000000E+00 0.000000E+00 0.000000E+00 0.000000E+00 0.000000E+00 0.000000E+00 0.000000E+00 0.000000E+00
 0.466936E+01 0.232664E+01 0.158952E+01 0.122008E+01 0.100096E+01 0.858560E+00 0.735120E+00 0.624640E+00 0.566000E+00 0.493680E+00 0.451920E+00 0.412240E+00 0.364160E+00 0.336400E+00 0.306480E+00 0.275120E+00 0.261440E+00 0.232160E+00 0.217680E+00 0.207760E+00 0.191120E+00 0.176880E+00 0.160480E+00 0.150800E+00 0.143440E+00 0.124080E+00 0.121520E+00 0.114000E+00 0.107040E+00 0.100000E+00 0.929600E-01 0.885600E-01 0.803200E-01 0.757600E-01 0.724800E-01 0.676800E-01 0.630400E-01 0.532000E-01 0.536800E-01 0.540000E-01 0.455200E-01 0.456800E-01 0.423200E-01 0.406400E-01 0.360800E-01 0.360800E-01 0.330400E-01 0.327200E-01 0.304000E-01 0.262400E-01 0.264000E-01 0.230400E-01 0.211200E-01 0.212800E-01 0.200800E-01 0.211200E-01 0.190400E-01 0.199200E-01 0.172000E-01 0.147200E-01 0.147200E-01 0.132000E-01 0.134400E-01 0.127200E-01 0.116000E-01 0.912000E-02 0.808000E-02 0.103200E-01 0.784000E-02 0.888000E-02 0.712000E-02 0.656000E-02 0.688000E-02 0.680000E-02 0.608000E-02 0.520000E-02 0.552000E-02 0.504000E-02 0.576000E-02 0.416000E-02 0.424000E-02 0.416000E-02 0.488000E-02 0.384000E-02 0.248000E-02 0.296000E-02 0.272000E-02 0.224000E-02 0.240000E-02 0.240000E-02 0.216000E-02 0.184000E-02 0.280000E-02 0.160000E-02 0.112000E-02 0.200000E-02 0.480000E-03 0.120000E-02 0.152000E-02 0.800000E-03 0.136000E-02 0.112000E-02 0.800000E-03 0.800000E-03 0.720000E-03 0.240000E-03 0.720000E-03 0.720000E-03 0.560000E-03 0.560000E-03 0.640000E-03 0.400000E-03 0.480000E-03 0.400000E-03 0.320000E-03 0.240000E-03 0.640000E-03 0.400000E-03 0.400000E-03 0.800000E-04 0.160000E-03 0.240000E-03 0.160000E-03 0.800000E-04 0.240000E-03 0.800000E-04 0.160000E-03 0.240000E-03 0.160000E-03 0.800000E-04 0.000000E+00 0.160000E-03 0.800000E-04 0.800000E-04 0.240000E-03 0.160000E-03 0.000000E+00 0.160000E-03 0.800000E-04 0.000000E+00 0.800000E-04 0.000000E+00 0.000000E+00 0.000000E+00 0.000000E+00 0.000000E+00 0.000000E+00 0.000000E+00 0.000000E+00 0.160000E-03 0.800000E-04 0.000000E+00 0.000000E+00 0.800000E-04 0.000000E+00 0.000000E+00 0.000000E+00 0.000000E+00 0.000000E+00 0.000000E+00 0.000000E+00 0.000000E+00 0.000000E+00 0.000000E+00 0.000000E+00 0.000000E+00 0.000000E+00 0.000000E+00 0.000000E+00 0.000000E+00 0.000000E+00 0.000000E+00 0.000000E+00 0.000000E+00 0.000000E+00 0.000000E+00 0.000000E+00 0.000000E+00 0.000000E+00 0.000000E+00 0.000000E+00 0.000000E+00 0.000000E+00 0.000000E+00 0.000000E+00 0.000000E+00 0.000000E+00 0.000000E+00 0.000000E+00 0.000000E+00 0.000000E+00 0.000000E+00 0.000000E+00 0.000000E+00 0.000000E+00 0.000000E+00 0.000000E+00 0.000000E+00 0.000000E+00 0.000000E+00
 0.345555E+02 0.854128E+01 0.577864E+01 0.438208E+01 0.346888E+01 0.292824E+01 0.248736E+01 0.219984E+01 0.192560E+01 0.169688E+01 0.153456E+01 0.138056E+01 0.124384E+01 0.112880E+01 0.104432E+01 0.964800E+00 0.875920E+00 0.800000E+00 0.752640E+00 0.689280E+00 0.639600E+00 0.584880E+00 0.556160E+00 0.515360E+00 0.478560E+00 0.457120E+00 0.432800E+00 0.395920E+00 0.363440E+00 0.352720E+00 0.325120E+00 0.303680E+00 0.291520E+00 0.278800E+00 0.250480E+00 0.237280E+00 0.223760E+00 0.210720E+00 0.201040E+00 0.190160E+00 0.182640E+00 0.171360E+00 0.162000E+00 0.151280E+00 0.139440E+00 0.132560E+00 0.129920E+00 0.122000E+00 0.114240E+00 0.109040E+00 0.101520E+00 0.936000E-01 0.960000E-01 0.848800E-01 0.776000E-01 0.772800E-01 0.736000E-01 0.742400E-01 0.684800E-01 0.612000E-01 0.593600E-01 0.576800E-01 0.543200E-01 0.496000E-01 0.517600E-01 0.458400E-01 0.456000E-01 0.428000E-01 0.368800E-01 0.382400E-01 0.342400E-01 0.323200E-01 0.320000E-01 0.291200E-01 0.292800E-01 0.284000E-01 0.262400E-01 0.239200E-01 0.273600E-01 0.211200E-01 0.225600E-01 0.196800E-01 0.179200E-01 0.180800E-01 0.181600E-01 0.152000E-01 0.141600E-01 0.150400E-01 0.114400E-01 0.133600E-01 0.109600E-01 0.113600E-01 0.124000E-01 0.960000E-02 0.992000E-02 0.103200E-01 0.936000E-02 0.760000E-02 0.720000E-02 0.728000E-02 0.688000E-02 0.624000E-02 0.560000E-02 0.560000E-02 0.576000E-02 0.536000E-02 0.504000E-02 0.384000E-02 0.280000E-02 0.480000E-02 0.328000E-02 0.528000E-02 0.328000E-02 0.328000E-02 0.264000E-02 0.248000E-02 0.256000E-02 0.288000E-02 0.232000E-02 0.192000E-02 0.176000E-02 0.184000E-02 0.120000E-02 0.192000E-02 0.176000E-02 0.128000E-02 0.160000E-02 0.880000E-03 0.720000E-03 0.960000E-03 0.112000E-02 0.640000E-03 0.120000E-02 0.800000E-03 0.320000E-03 0.128000E-02 0.560000E-03 0.960000E-03 0.880000E-03 0.240000E-03 0.400000E-03 0.160000E-03 0.640000E-03 0.480000E-03 0.320000E-03 0.240000E-03 0.320000E-03 0.160000E-03 0.800000E-04 0.400000E-03 0.000000E+00 0.320000E-03 0.160000E-03 0.160000E-03 0.160000E-03 0.160000E-03 0.160000E-03 0.160000E-03 0.240000E-03 0.240000E-03 0.240000E-03 0.800000E-04 0.000000E+00 0.160000E-03 0.000000E+00 0.800000E-04 0.000000E+00 0.000000E+00 0.000000E+00 0.800000E-04 0.160000E-03 0.000000E+00 0.000000E+00 0.800000E-04 0.000000E+00 0.240000E-03 0.800000E-04 0.000000E+00 0.800000E-04 0.000000E+00 0.000000E+00 0.000000E+00 0.000000E+00 0.800000E-04 0.000000E+00 0.000000E+00 0.000000E+00 0.000000E+00 0.000000E+00 0.000000E+00 0.000000E+00 0.000000E+00 0.000000E+00 0.000000E+00 0.000000E+00 0.000000E+00 0.000000E+00 0.000000E+00 0.000000E+00 0.000000E+00
 0.136554E+02 0.563032E+01 0.416720E+01 0.340592E+01 0.290592E+01 0.257352E+01 0.228128E+01 0.205440E+01 0.185864E+01 0.171448E+01 0.155888E+01 0.145080E+01 0.132464E+01 0.125120E+01 0.117032E+01 0.109816E+01 0.102544E+01 0.952000E+00 0.911920E+00 0.869680E+00 0.808880E+00 0.759200E+00 0.711600E+00 0.691680E+00 0.641520E+00 0.632240E+00 0.571360E+00 0.559680E+00 0.527920E+00 0.514160E+00 0.472560E+00 0.452560E+00 0.429840E+00 0.400800E+00 0.387600E+00 0.372320E+00 0.352560E+00 0.342240E+00 0.328320E+00 0.310400E+00 0.295280E+00 0.281040E+00 0.266240E+00 0.260320E+00 0.244400E+00 0.235920E+00 0.218480E+00 0.213600E+00 0.205840E+00 0.193440E+00 0.185280E+00 0.177200E+00 0.171200E+00 0.159360E+00 0.159200E+00 0.151280E+00 0.136080E+00 0.131360E+00 0.131360E+00 0.120480E+00 0.114880E+00 0.112400E+00 0.114240E+00 0.101040E+00 0.960800E-01 0.906400E-01 0.929600E-01 0.852000E-01 0.798400E-01 0.825600E-01 0.723200E-01 0.768000E-01 0.686400E-01 0.626400E-01 0.600000E-01 0.631200E-01 0.592000E-01 0.488800E-01 0.510400E-01 0.496800E-01 0.479200E-01 0.438400E-01 0.457600E-01 0.397600E-01 0.388000E-01 0.368800E-01 0.370400E-01 0.338400E-01 0.315200E-01 0.289600E-01 0.295200E-01 0.268800E-01 0.250400E-01 0.235200E-01 0.232800E-01 0.211200E-01 0.215200E-01 0.212000E-01 0.201600E-01 0.170400E-01 0.185600E-01 0.178400E-01 0.164000E-01 0.136000E-01 0.141600E-01 0.115200E-01 0.112000E-01 0.128000E-01 0.104000E-01 0.110400E-01 0.944000E-02 0.108800E-01 0.672000E-02 0.960000E-02 0.808000E-02 0.800000E-02 0.800000E-02 0.616000E-02 0.656000E-02 0.536000E-02 0.472000E-02 0.576000E-02 0.520000E-02 0.400000E-02 0.432000E-02 0.400000E-02 0.416000E-02 0.456000E-02 0.344000E-02 0.336000E-02 0.312000E-02 0.232000E-02 0.328000E-02 0.232000E-02 0.240000E-02 0.264000E-02 0.184000E-02 0.120000E-02 0.200000E-02 0.152000E-02 0.184000E-02 0.152000E-02 0.880000E-03 0.104000E-02 0.160000E-02 0.120000E-02 0.800000E-03 0.560000E-03 0.560000E-03 0.560000E-03 0.104000E-02 0.152000E-02 0.960000E-03 0.320000E-03 0.160000E-03 0.400000E-03 0.400000E-03 0.160000E-03 0.320000E-03 0.320000E-03 0.560000E-03 0.800000E-04 0.400000E-03 0.160000E-03 0.320000E-03 0.400000E-03 0.160000E-03 0.240000E-03 0.160000E-03 0.000000E+00 0.800000E-04 0.160000E-03 0.000000E+00 0.800000E-04 0.160000E-03 0.800000E-04 0.000000E+00 0.800000E-04 0.000000E+00 0.000000E+00 0.800000E-04 0.800000E-04 0.000000E+00 0.000000E+00 0.000000E+00 0.000000E+00 0.000000E+00 0.000000E+00 0.000000E+00 0.000000E+00 0.000000E+00 0.000000E+00 0.000000E+00 0.000000E+00 0.000000E+00 0.000000E+00 0.000000E+00 0.000000E+00 0.000000E+00 0.000000E+00
