### Run with WimpAnn version = wimpann-2.08                            
###   Using Pythia version   = Pythia 6.400    
###   Using nusigma version  = nusigma-1.15-pyr                        
###   Using DarkSUSY version = ds-4.1.6                                
###   WimpAnn run started at date 2007-09-07; time 00:04:54
### Neutrino oscillation parameters
#      theta_12 =  0.00000000E+00
#      theta_13 =  0.00000000E+00
#      theta_23 =  0.00000000E+00
#         delta =  0.00000000E+00
#  delta_m^2_21 =  0.81000000E-04
#  delta_m^2_31 =  0.22000000E-02
### WimpAnn run parameters
#  Annihilation channel =         5
#  Generated particles =  W+               W-              
#  WIMP mass =  0.10000000E+05
#  Number of annihilations =   2500000
#  Source = Sun
#...dPhi/dz in  200 bins from 0 to 1
#...Line  1- 6: flux at centre of Sun for neutrino 1-6
#...Line  7-12: flux at surface of Sun for neutrino 1-6
#...Line 13-18: flux at 1 AU from the Sun for neutrino 1-6
#...Line 19-24: flux at surface of Sun for secondary neutrino 1-6
#...Line 25-30: flux at 1 AU from the Sun for secondary neutrino 1-6
 0.481216E+01 0.121832E+01 0.661760E+00 0.453360E+00 0.365040E+00 0.324720E+00 0.277680E+00 0.258560E+00 0.232720E+00 0.221360E+00 0.222480E+00 0.209520E+00 0.200480E+00 0.190560E+00 0.189760E+00 0.180560E+00 0.180400E+00 0.170640E+00 0.172720E+00 0.165440E+00 0.166400E+00 0.169680E+00 0.172560E+00 0.167680E+00 0.159840E+00 0.160000E+00 0.153440E+00 0.159200E+00 0.152080E+00 0.148160E+00 0.159280E+00 0.148800E+00 0.152640E+00 0.148240E+00 0.147840E+00 0.144160E+00 0.141120E+00 0.138480E+00 0.144560E+00 0.140960E+00 0.135440E+00 0.138880E+00 0.134160E+00 0.135840E+00 0.136400E+00 0.133520E+00 0.131840E+00 0.136800E+00 0.125040E+00 0.129120E+00 0.133520E+00 0.134160E+00 0.130720E+00 0.127840E+00 0.131600E+00 0.121200E+00 0.129280E+00 0.124000E+00 0.128960E+00 0.127760E+00 0.124720E+00 0.126480E+00 0.128400E+00 0.124640E+00 0.123760E+00 0.126160E+00 0.120080E+00 0.123760E+00 0.121920E+00 0.121680E+00 0.122960E+00 0.124320E+00 0.116960E+00 0.122880E+00 0.118880E+00 0.121920E+00 0.119440E+00 0.117600E+00 0.117040E+00 0.118400E+00 0.122080E+00 0.116640E+00 0.120560E+00 0.118000E+00 0.119200E+00 0.114400E+00 0.120000E+00 0.122400E+00 0.114720E+00 0.112560E+00 0.116960E+00 0.119440E+00 0.113280E+00 0.115840E+00 0.112960E+00 0.102720E+00 0.115680E+00 0.115920E+00 0.109600E+00 0.116160E+00 0.114080E+00 0.117520E+00 0.115360E+00 0.108480E+00 0.116240E+00 0.115840E+00 0.111200E+00 0.111200E+00 0.116160E+00 0.114480E+00 0.108720E+00 0.113520E+00 0.109440E+00 0.115280E+00 0.111040E+00 0.116640E+00 0.110640E+00 0.110240E+00 0.111920E+00 0.109520E+00 0.110800E+00 0.111600E+00 0.112400E+00 0.110160E+00 0.117200E+00 0.109360E+00 0.104800E+00 0.111040E+00 0.107840E+00 0.113360E+00 0.111520E+00 0.113200E+00 0.108400E+00 0.107760E+00 0.114240E+00 0.102320E+00 0.107920E+00 0.104240E+00 0.111120E+00 0.110160E+00 0.108960E+00 0.113120E+00 0.107200E+00 0.108880E+00 0.104080E+00 0.110560E+00 0.108160E+00 0.104160E+00 0.110240E+00 0.111440E+00 0.107920E+00 0.105600E+00 0.108880E+00 0.109840E+00 0.111120E+00 0.104400E+00 0.102160E+00 0.108000E+00 0.109200E+00 0.109920E+00 0.106640E+00 0.110640E+00 0.108640E+00 0.109120E+00 0.104240E+00 0.110400E+00 0.104080E+00 0.112080E+00 0.112320E+00 0.110400E+00 0.107440E+00 0.104560E+00 0.109520E+00 0.112880E+00 0.101120E+00 0.104640E+00 0.105360E+00 0.104640E+00 0.106960E+00 0.109360E+00 0.110080E+00 0.106800E+00 0.108000E+00 0.108400E+00 0.105840E+00 0.113280E+00 0.101360E+00 0.110240E+00 0.111920E+00 0.115040E+00 0.107920E+00 0.105120E+00 0.113520E+00 0.107600E+00 0.113920E+00 0.111280E+00 0.108640E+00 0.112960E+00 0.109200E+00 0.106560E+00
 0.480928E+01 0.123304E+01 0.676400E+00 0.455600E+00 0.370800E+00 0.312800E+00 0.277120E+00 0.251680E+00 0.236720E+00 0.216880E+00 0.214160E+00 0.195920E+00 0.200160E+00 0.192080E+00 0.189680E+00 0.182320E+00 0.183840E+00 0.180960E+00 0.173120E+00 0.167840E+00 0.162320E+00 0.175520E+00 0.157920E+00 0.166160E+00 0.161680E+00 0.157200E+00 0.160880E+00 0.154320E+00 0.156320E+00 0.150240E+00 0.145120E+00 0.148880E+00 0.148240E+00 0.143760E+00 0.150080E+00 0.147280E+00 0.146320E+00 0.147600E+00 0.140480E+00 0.139120E+00 0.139280E+00 0.138160E+00 0.138080E+00 0.137120E+00 0.132000E+00 0.137760E+00 0.135120E+00 0.134000E+00 0.134000E+00 0.132800E+00 0.132640E+00 0.131760E+00 0.126400E+00 0.133200E+00 0.124240E+00 0.128640E+00 0.125520E+00 0.125520E+00 0.125520E+00 0.127520E+00 0.127840E+00 0.125360E+00 0.116320E+00 0.127600E+00 0.128000E+00 0.123760E+00 0.125840E+00 0.122720E+00 0.119920E+00 0.120800E+00 0.128960E+00 0.125040E+00 0.120160E+00 0.126480E+00 0.122640E+00 0.114560E+00 0.123200E+00 0.123840E+00 0.119760E+00 0.119840E+00 0.117920E+00 0.117680E+00 0.125280E+00 0.117920E+00 0.116560E+00 0.124880E+00 0.111280E+00 0.117760E+00 0.115840E+00 0.119520E+00 0.116480E+00 0.110000E+00 0.114000E+00 0.112160E+00 0.113680E+00 0.114160E+00 0.116240E+00 0.118240E+00 0.108720E+00 0.111760E+00 0.113280E+00 0.109840E+00 0.110960E+00 0.116000E+00 0.105360E+00 0.116800E+00 0.119680E+00 0.108240E+00 0.114320E+00 0.113680E+00 0.109280E+00 0.111200E+00 0.111120E+00 0.109760E+00 0.110960E+00 0.111680E+00 0.109520E+00 0.108720E+00 0.113120E+00 0.112080E+00 0.111280E+00 0.109040E+00 0.110080E+00 0.111120E+00 0.106320E+00 0.112320E+00 0.105280E+00 0.107520E+00 0.111600E+00 0.103600E+00 0.103280E+00 0.108400E+00 0.106560E+00 0.114560E+00 0.113680E+00 0.112800E+00 0.110400E+00 0.107280E+00 0.110480E+00 0.105120E+00 0.109840E+00 0.104480E+00 0.108880E+00 0.114240E+00 0.111120E+00 0.109520E+00 0.108400E+00 0.108000E+00 0.109280E+00 0.104320E+00 0.109840E+00 0.107040E+00 0.109040E+00 0.108720E+00 0.111040E+00 0.108400E+00 0.107280E+00 0.106960E+00 0.111360E+00 0.108800E+00 0.110880E+00 0.112080E+00 0.107680E+00 0.108080E+00 0.104160E+00 0.112080E+00 0.110000E+00 0.106720E+00 0.106560E+00 0.108640E+00 0.105040E+00 0.106160E+00 0.108800E+00 0.108240E+00 0.103120E+00 0.105360E+00 0.107040E+00 0.107760E+00 0.103760E+00 0.106560E+00 0.108400E+00 0.107120E+00 0.110640E+00 0.111760E+00 0.106080E+00 0.107360E+00 0.108160E+00 0.108640E+00 0.112480E+00 0.112160E+00 0.108480E+00 0.110240E+00 0.109840E+00 0.104320E+00 0.105680E+00 0.107360E+00 0.108960E+00 0.105520E+00 0.104880E+00 0.105680E+00
 0.484208E+01 0.119488E+01 0.640560E+00 0.456080E+00 0.357840E+00 0.313280E+00 0.272000E+00 0.250480E+00 0.234400E+00 0.217360E+00 0.213760E+00 0.202880E+00 0.197040E+00 0.194800E+00 0.186720E+00 0.182320E+00 0.186560E+00 0.176800E+00 0.167600E+00 0.168080E+00 0.164800E+00 0.170080E+00 0.165040E+00 0.168000E+00 0.152000E+00 0.157120E+00 0.160240E+00 0.155200E+00 0.154320E+00 0.149280E+00 0.150320E+00 0.143520E+00 0.149680E+00 0.148400E+00 0.149440E+00 0.146560E+00 0.144160E+00 0.147200E+00 0.145760E+00 0.137840E+00 0.137200E+00 0.135440E+00 0.134800E+00 0.132960E+00 0.132080E+00 0.140480E+00 0.135280E+00 0.139920E+00 0.130080E+00 0.134640E+00 0.128640E+00 0.127280E+00 0.132080E+00 0.129040E+00 0.131200E+00 0.126000E+00 0.130240E+00 0.124320E+00 0.124720E+00 0.127280E+00 0.124080E+00 0.129120E+00 0.124880E+00 0.125440E+00 0.120640E+00 0.127120E+00 0.122400E+00 0.122080E+00 0.125840E+00 0.122560E+00 0.118640E+00 0.121600E+00 0.124160E+00 0.121280E+00 0.125360E+00 0.119200E+00 0.121840E+00 0.120160E+00 0.122160E+00 0.116160E+00 0.117520E+00 0.119280E+00 0.122080E+00 0.115920E+00 0.119760E+00 0.118960E+00 0.119760E+00 0.121520E+00 0.114320E+00 0.118880E+00 0.111920E+00 0.118000E+00 0.114480E+00 0.116560E+00 0.115200E+00 0.117600E+00 0.117840E+00 0.111040E+00 0.111440E+00 0.114560E+00 0.112160E+00 0.111520E+00 0.109120E+00 0.106640E+00 0.112640E+00 0.113840E+00 0.111680E+00 0.115920E+00 0.115520E+00 0.110560E+00 0.118960E+00 0.115120E+00 0.110560E+00 0.110720E+00 0.112080E+00 0.112240E+00 0.104560E+00 0.117360E+00 0.114880E+00 0.112080E+00 0.110720E+00 0.109520E+00 0.107680E+00 0.113520E+00 0.115120E+00 0.112320E+00 0.107120E+00 0.108800E+00 0.109280E+00 0.111920E+00 0.109040E+00 0.107440E+00 0.104880E+00 0.110800E+00 0.109440E+00 0.111760E+00 0.113520E+00 0.108320E+00 0.110640E+00 0.111040E+00 0.110160E+00 0.112080E+00 0.104560E+00 0.104160E+00 0.111520E+00 0.103280E+00 0.109360E+00 0.104480E+00 0.103520E+00 0.110480E+00 0.103520E+00 0.109280E+00 0.109680E+00 0.108880E+00 0.111520E+00 0.107760E+00 0.112560E+00 0.108320E+00 0.113920E+00 0.107440E+00 0.111520E+00 0.107520E+00 0.111200E+00 0.102320E+00 0.109520E+00 0.109440E+00 0.106960E+00 0.105760E+00 0.111760E+00 0.110480E+00 0.104720E+00 0.105360E+00 0.114000E+00 0.107440E+00 0.106720E+00 0.104640E+00 0.107760E+00 0.106080E+00 0.106640E+00 0.105120E+00 0.108560E+00 0.110080E+00 0.109520E+00 0.103440E+00 0.109920E+00 0.110480E+00 0.105360E+00 0.111920E+00 0.104880E+00 0.104000E+00 0.110320E+00 0.109440E+00 0.108960E+00 0.105280E+00 0.101920E+00 0.104720E+00 0.111360E+00 0.100720E+00 0.105600E+00 0.111440E+00
 0.485856E+01 0.121592E+01 0.666240E+00 0.452160E+00 0.360800E+00 0.308800E+00 0.275200E+00 0.241760E+00 0.235120E+00 0.221520E+00 0.214640E+00 0.201200E+00 0.199040E+00 0.190000E+00 0.183360E+00 0.183120E+00 0.183520E+00 0.175280E+00 0.178080E+00 0.169120E+00 0.167040E+00 0.163600E+00 0.163360E+00 0.161840E+00 0.157120E+00 0.160960E+00 0.151520E+00 0.150480E+00 0.155680E+00 0.152080E+00 0.147920E+00 0.147040E+00 0.147680E+00 0.144400E+00 0.148800E+00 0.139440E+00 0.141760E+00 0.137600E+00 0.141680E+00 0.136880E+00 0.141200E+00 0.139680E+00 0.144240E+00 0.138480E+00 0.137120E+00 0.135840E+00 0.133440E+00 0.130720E+00 0.129520E+00 0.131200E+00 0.130720E+00 0.125600E+00 0.132320E+00 0.129360E+00 0.128240E+00 0.132800E+00 0.130640E+00 0.131920E+00 0.126800E+00 0.124640E+00 0.124720E+00 0.121520E+00 0.124640E+00 0.122960E+00 0.120800E+00 0.124800E+00 0.122240E+00 0.119760E+00 0.122640E+00 0.118560E+00 0.120000E+00 0.121200E+00 0.121440E+00 0.121120E+00 0.120960E+00 0.121360E+00 0.123360E+00 0.124160E+00 0.119280E+00 0.116080E+00 0.120000E+00 0.119120E+00 0.118000E+00 0.116800E+00 0.118320E+00 0.117280E+00 0.119760E+00 0.116800E+00 0.114240E+00 0.114720E+00 0.121440E+00 0.113680E+00 0.116160E+00 0.115200E+00 0.114960E+00 0.114400E+00 0.118480E+00 0.105920E+00 0.111680E+00 0.110800E+00 0.111680E+00 0.107520E+00 0.113200E+00 0.116640E+00 0.113120E+00 0.112080E+00 0.118400E+00 0.113280E+00 0.112560E+00 0.114720E+00 0.108880E+00 0.118400E+00 0.117520E+00 0.112240E+00 0.114720E+00 0.111280E+00 0.112080E+00 0.113360E+00 0.103280E+00 0.114480E+00 0.106960E+00 0.110480E+00 0.113760E+00 0.110400E+00 0.104400E+00 0.103280E+00 0.107120E+00 0.109200E+00 0.115680E+00 0.107600E+00 0.110080E+00 0.111040E+00 0.105920E+00 0.105200E+00 0.109440E+00 0.108480E+00 0.108560E+00 0.110960E+00 0.110160E+00 0.114960E+00 0.109680E+00 0.108000E+00 0.104480E+00 0.111280E+00 0.105200E+00 0.112080E+00 0.110240E+00 0.112560E+00 0.108000E+00 0.105600E+00 0.108320E+00 0.104160E+00 0.109920E+00 0.106640E+00 0.109280E+00 0.106240E+00 0.111760E+00 0.105840E+00 0.107280E+00 0.108160E+00 0.105200E+00 0.108720E+00 0.110400E+00 0.110240E+00 0.113200E+00 0.110000E+00 0.111200E+00 0.108640E+00 0.110480E+00 0.106800E+00 0.102640E+00 0.102240E+00 0.105920E+00 0.108080E+00 0.103680E+00 0.113760E+00 0.105120E+00 0.114320E+00 0.110320E+00 0.101280E+00 0.107680E+00 0.109920E+00 0.112640E+00 0.104160E+00 0.104800E+00 0.107440E+00 0.107520E+00 0.106880E+00 0.102720E+00 0.114720E+00 0.108480E+00 0.108640E+00 0.106080E+00 0.107280E+00 0.110000E+00 0.108880E+00 0.103920E+00 0.105360E+00 0.111520E+00 0.101680E+00
 0.133648E+01 0.946880E+00 0.846720E+00 0.754720E+00 0.704400E+00 0.658960E+00 0.635760E+00 0.599280E+00 0.570960E+00 0.554720E+00 0.531840E+00 0.510480E+00 0.498640E+00 0.478560E+00 0.464000E+00 0.457520E+00 0.430080E+00 0.428400E+00 0.420240E+00 0.412480E+00 0.406560E+00 0.398480E+00 0.381600E+00 0.383200E+00 0.381440E+00 0.366960E+00 0.357920E+00 0.349280E+00 0.343200E+00 0.338960E+00 0.335680E+00 0.328000E+00 0.321520E+00 0.313840E+00 0.301440E+00 0.302240E+00 0.302800E+00 0.302800E+00 0.286240E+00 0.279280E+00 0.286880E+00 0.282080E+00 0.275680E+00 0.273440E+00 0.260720E+00 0.264400E+00 0.262800E+00 0.257600E+00 0.254640E+00 0.251120E+00 0.239200E+00 0.244000E+00 0.240240E+00 0.237360E+00 0.235680E+00 0.224800E+00 0.222320E+00 0.225040E+00 0.222320E+00 0.225440E+00 0.218560E+00 0.213520E+00 0.223280E+00 0.213840E+00 0.204000E+00 0.209440E+00 0.202880E+00 0.202800E+00 0.196320E+00 0.196320E+00 0.188880E+00 0.193440E+00 0.189360E+00 0.193200E+00 0.190000E+00 0.187040E+00 0.182880E+00 0.185520E+00 0.177600E+00 0.179520E+00 0.172000E+00 0.182400E+00 0.174800E+00 0.176160E+00 0.178080E+00 0.172160E+00 0.164400E+00 0.165440E+00 0.166240E+00 0.170080E+00 0.170320E+00 0.162960E+00 0.159520E+00 0.153360E+00 0.152560E+00 0.158480E+00 0.154960E+00 0.151200E+00 0.151840E+00 0.161600E+00 0.148160E+00 0.144720E+00 0.142160E+00 0.149840E+00 0.148560E+00 0.147120E+00 0.147040E+00 0.141840E+00 0.138000E+00 0.148080E+00 0.137680E+00 0.140000E+00 0.134960E+00 0.137760E+00 0.137760E+00 0.138240E+00 0.139440E+00 0.137200E+00 0.136800E+00 0.134480E+00 0.136240E+00 0.131920E+00 0.134880E+00 0.131840E+00 0.128000E+00 0.134800E+00 0.132000E+00 0.128560E+00 0.130800E+00 0.125600E+00 0.126960E+00 0.126480E+00 0.124720E+00 0.133040E+00 0.118800E+00 0.127920E+00 0.126640E+00 0.120080E+00 0.118560E+00 0.123440E+00 0.116560E+00 0.120240E+00 0.125600E+00 0.115680E+00 0.113760E+00 0.117760E+00 0.118080E+00 0.118640E+00 0.116000E+00 0.114320E+00 0.115200E+00 0.123120E+00 0.115520E+00 0.115760E+00 0.116160E+00 0.111040E+00 0.113120E+00 0.112080E+00 0.117040E+00 0.111200E+00 0.109360E+00 0.112880E+00 0.110960E+00 0.109040E+00 0.114800E+00 0.111600E+00 0.109520E+00 0.107840E+00 0.110880E+00 0.110640E+00 0.114000E+00 0.105200E+00 0.113360E+00 0.109200E+00 0.116160E+00 0.112320E+00 0.107520E+00 0.109200E+00 0.114960E+00 0.110320E+00 0.110720E+00 0.108400E+00 0.105760E+00 0.112640E+00 0.110400E+00 0.111360E+00 0.109520E+00 0.106960E+00 0.108400E+00 0.109360E+00 0.105440E+00 0.106160E+00 0.112720E+00 0.109440E+00 0.101680E+00 0.104400E+00 0.108240E+00 0.108720E+00 0.107840E+00 0.938400E-01
 0.135256E+01 0.951920E+00 0.834640E+00 0.752640E+00 0.699760E+00 0.652800E+00 0.621520E+00 0.601520E+00 0.575680E+00 0.548400E+00 0.534640E+00 0.516400E+00 0.512640E+00 0.472960E+00 0.475440E+00 0.462320E+00 0.446480E+00 0.428720E+00 0.421520E+00 0.410480E+00 0.397040E+00 0.389280E+00 0.373360E+00 0.383520E+00 0.365600E+00 0.360160E+00 0.352800E+00 0.349520E+00 0.354080E+00 0.333120E+00 0.335040E+00 0.337920E+00 0.324960E+00 0.314480E+00 0.312480E+00 0.297840E+00 0.288080E+00 0.295600E+00 0.285040E+00 0.279040E+00 0.284320E+00 0.274160E+00 0.275360E+00 0.264960E+00 0.269200E+00 0.255680E+00 0.258240E+00 0.252240E+00 0.257920E+00 0.249280E+00 0.245360E+00 0.240240E+00 0.233040E+00 0.238960E+00 0.237680E+00 0.229520E+00 0.229840E+00 0.222800E+00 0.222720E+00 0.215280E+00 0.220560E+00 0.223200E+00 0.213200E+00 0.201760E+00 0.212800E+00 0.211280E+00 0.202080E+00 0.208080E+00 0.195600E+00 0.198240E+00 0.196240E+00 0.196160E+00 0.188640E+00 0.191920E+00 0.183520E+00 0.184560E+00 0.182160E+00 0.179120E+00 0.176720E+00 0.175040E+00 0.182960E+00 0.171760E+00 0.177040E+00 0.170960E+00 0.172320E+00 0.169280E+00 0.173360E+00 0.167520E+00 0.166560E+00 0.165840E+00 0.160080E+00 0.160240E+00 0.163440E+00 0.163600E+00 0.158160E+00 0.163040E+00 0.160480E+00 0.157120E+00 0.155040E+00 0.154400E+00 0.159280E+00 0.147920E+00 0.147760E+00 0.153840E+00 0.152880E+00 0.146960E+00 0.142800E+00 0.144080E+00 0.145360E+00 0.145200E+00 0.138240E+00 0.137920E+00 0.148240E+00 0.137600E+00 0.136480E+00 0.141040E+00 0.131920E+00 0.138320E+00 0.138800E+00 0.135680E+00 0.133600E+00 0.139440E+00 0.129040E+00 0.133920E+00 0.130000E+00 0.128720E+00 0.131920E+00 0.131360E+00 0.127280E+00 0.129440E+00 0.131280E+00 0.127440E+00 0.124800E+00 0.128000E+00 0.121840E+00 0.122160E+00 0.127040E+00 0.123360E+00 0.123200E+00 0.118000E+00 0.116000E+00 0.128240E+00 0.119200E+00 0.120720E+00 0.118960E+00 0.121760E+00 0.115680E+00 0.121040E+00 0.113520E+00 0.116560E+00 0.112400E+00 0.118480E+00 0.115920E+00 0.112320E+00 0.116560E+00 0.118480E+00 0.111680E+00 0.111040E+00 0.110880E+00 0.113760E+00 0.108720E+00 0.111120E+00 0.112800E+00 0.112720E+00 0.115360E+00 0.113200E+00 0.109840E+00 0.116560E+00 0.110160E+00 0.112640E+00 0.114640E+00 0.106160E+00 0.111360E+00 0.107280E+00 0.104800E+00 0.111600E+00 0.108640E+00 0.111840E+00 0.107440E+00 0.108960E+00 0.114240E+00 0.109600E+00 0.109200E+00 0.109360E+00 0.110720E+00 0.109440E+00 0.105200E+00 0.105840E+00 0.111200E+00 0.105360E+00 0.106080E+00 0.107520E+00 0.112000E+00 0.114880E+00 0.106480E+00 0.108000E+00 0.108000E+00 0.105600E+00 0.997600E-01 0.924800E-01
 0.178227E+02 0.238128E+01 0.101144E+01 0.531760E+00 0.302400E+00 0.181200E+00 0.117200E+00 0.738400E-01 0.508800E-01 0.348000E-01 0.200000E-01 0.172800E-01 0.864000E-02 0.696000E-02 0.488000E-02 0.360000E-02 0.248000E-02 0.200000E-02 0.112000E-02 0.880000E-03 0.560000E-03 0.800000E-04 0.320000E-03 0.240000E-03 0.160000E-03 0.000000E+00 0.000000E+00 0.000000E+00 0.000000E+00 0.800000E-04 0.800000E-04 0.000000E+00 0.800000E-04 0.000000E+00 0.000000E+00 0.000000E+00 0.000000E+00 0.000000E+00 0.000000E+00 0.000000E+00 0.000000E+00 0.000000E+00 0.000000E+00 0.000000E+00 0.000000E+00 0.000000E+00 0.000000E+00 0.000000E+00 0.000000E+00 0.000000E+00 0.000000E+00 0.000000E+00 0.000000E+00 0.000000E+00 0.000000E+00 0.000000E+00 0.000000E+00 0.000000E+00 0.000000E+00 0.000000E+00 0.000000E+00 0.000000E+00 0.000000E+00 0.000000E+00 0.000000E+00 0.000000E+00 0.000000E+00 0.000000E+00 0.000000E+00 0.000000E+00 0.000000E+00 0.000000E+00 0.000000E+00 0.000000E+00 0.000000E+00 0.000000E+00 0.000000E+00 0.000000E+00 0.000000E+00 0.000000E+00 0.000000E+00 0.000000E+00 0.000000E+00 0.000000E+00 0.000000E+00 0.000000E+00 0.000000E+00 0.000000E+00 0.000000E+00 0.000000E+00 0.000000E+00 0.000000E+00 0.000000E+00 0.000000E+00 0.000000E+00 0.000000E+00 0.000000E+00 0.000000E+00 0.000000E+00 0.000000E+00 0.000000E+00 0.000000E+00 0.000000E+00 0.000000E+00 0.000000E+00 0.000000E+00 0.000000E+00 0.000000E+00 0.000000E+00 0.000000E+00 0.000000E+00 0.000000E+00 0.000000E+00 0.000000E+00 0.000000E+00 0.000000E+00 0.000000E+00 0.000000E+00 0.000000E+00 0.000000E+00 0.000000E+00 0.000000E+00 0.000000E+00 0.000000E+00 0.000000E+00 0.000000E+00 0.000000E+00 0.000000E+00 0.000000E+00 0.000000E+00 0.000000E+00 0.000000E+00 0.000000E+00 0.000000E+00 0.000000E+00 0.000000E+00 0.000000E+00 0.000000E+00 0.000000E+00 0.000000E+00 0.000000E+00 0.000000E+00 0.000000E+00 0.000000E+00 0.000000E+00 0.000000E+00 0.000000E+00 0.000000E+00 0.000000E+00 0.000000E+00 0.000000E+00 0.000000E+00 0.000000E+00 0.000000E+00 0.000000E+00 0.000000E+00 0.000000E+00 0.000000E+00 0.000000E+00 0.000000E+00 0.000000E+00 0.000000E+00 0.000000E+00 0.000000E+00 0.000000E+00 0.000000E+00 0.000000E+00 0.000000E+00 0.000000E+00 0.000000E+00 0.000000E+00 0.000000E+00 0.000000E+00 0.000000E+00 0.000000E+00 0.000000E+00 0.000000E+00 0.000000E+00 0.000000E+00 0.000000E+00 0.000000E+00 0.000000E+00 0.000000E+00 0.000000E+00 0.000000E+00 0.000000E+00 0.000000E+00 0.000000E+00 0.000000E+00 0.000000E+00 0.000000E+00 0.000000E+00 0.000000E+00 0.000000E+00 0.000000E+00 0.000000E+00 0.000000E+00 0.000000E+00 0.000000E+00 0.000000E+00
 0.163858E+02 0.242176E+01 0.113584E+01 0.651040E+00 0.408640E+00 0.274560E+00 0.187760E+00 0.135840E+00 0.984800E-01 0.722400E-01 0.550400E-01 0.384800E-01 0.319200E-01 0.233600E-01 0.186400E-01 0.123200E-01 0.112800E-01 0.824000E-02 0.624000E-02 0.464000E-02 0.432000E-02 0.272000E-02 0.232000E-02 0.112000E-02 0.136000E-02 0.560000E-03 0.960000E-03 0.640000E-03 0.120000E-02 0.480000E-03 0.560000E-03 0.160000E-03 0.320000E-03 0.800000E-04 0.000000E+00 0.800000E-04 0.800000E-04 0.160000E-03 0.000000E+00 0.800000E-04 0.000000E+00 0.000000E+00 0.000000E+00 0.800000E-04 0.000000E+00 0.000000E+00 0.000000E+00 0.000000E+00 0.800000E-04 0.000000E+00 0.000000E+00 0.000000E+00 0.000000E+00 0.000000E+00 0.000000E+00 0.000000E+00 0.000000E+00 0.000000E+00 0.000000E+00 0.000000E+00 0.000000E+00 0.000000E+00 0.000000E+00 0.000000E+00 0.000000E+00 0.000000E+00 0.000000E+00 0.000000E+00 0.000000E+00 0.000000E+00 0.000000E+00 0.000000E+00 0.000000E+00 0.000000E+00 0.000000E+00 0.000000E+00 0.000000E+00 0.000000E+00 0.000000E+00 0.000000E+00 0.000000E+00 0.000000E+00 0.000000E+00 0.000000E+00 0.000000E+00 0.000000E+00 0.000000E+00 0.000000E+00 0.000000E+00 0.000000E+00 0.000000E+00 0.000000E+00 0.000000E+00 0.000000E+00 0.000000E+00 0.000000E+00 0.000000E+00 0.000000E+00 0.000000E+00 0.000000E+00 0.000000E+00 0.000000E+00 0.000000E+00 0.000000E+00 0.000000E+00 0.000000E+00 0.000000E+00 0.000000E+00 0.000000E+00 0.000000E+00 0.000000E+00 0.000000E+00 0.000000E+00 0.000000E+00 0.000000E+00 0.000000E+00 0.000000E+00 0.000000E+00 0.000000E+00 0.000000E+00 0.000000E+00 0.000000E+00 0.000000E+00 0.000000E+00 0.000000E+00 0.000000E+00 0.000000E+00 0.000000E+00 0.000000E+00 0.000000E+00 0.000000E+00 0.000000E+00 0.000000E+00 0.000000E+00 0.000000E+00 0.000000E+00 0.000000E+00 0.000000E+00 0.000000E+00 0.000000E+00 0.000000E+00 0.000000E+00 0.000000E+00 0.000000E+00 0.000000E+00 0.000000E+00 0.000000E+00 0.000000E+00 0.000000E+00 0.000000E+00 0.000000E+00 0.000000E+00 0.000000E+00 0.000000E+00 0.000000E+00 0.000000E+00 0.000000E+00 0.000000E+00 0.000000E+00 0.000000E+00 0.000000E+00 0.000000E+00 0.000000E+00 0.000000E+00 0.000000E+00 0.000000E+00 0.000000E+00 0.000000E+00 0.000000E+00 0.000000E+00 0.000000E+00 0.000000E+00 0.000000E+00 0.000000E+00 0.000000E+00 0.000000E+00 0.000000E+00 0.000000E+00 0.000000E+00 0.000000E+00 0.000000E+00 0.000000E+00 0.000000E+00 0.000000E+00 0.000000E+00 0.000000E+00 0.000000E+00 0.000000E+00 0.000000E+00 0.000000E+00 0.000000E+00 0.000000E+00 0.000000E+00 0.000000E+00 0.000000E+00 0.000000E+00 0.000000E+00 0.000000E+00 0.000000E+00 0.000000E+00
 0.175768E+02 0.232800E+01 0.100984E+01 0.524240E+00 0.302800E+00 0.188000E+00 0.114560E+00 0.787200E-01 0.459200E-01 0.320800E-01 0.220000E-01 0.157600E-01 0.896000E-02 0.560000E-02 0.408000E-02 0.440000E-02 0.256000E-02 0.176000E-02 0.136000E-02 0.560000E-03 0.560000E-03 0.400000E-03 0.400000E-03 0.240000E-03 0.000000E+00 0.160000E-03 0.000000E+00 0.800000E-04 0.000000E+00 0.000000E+00 0.000000E+00 0.800000E-04 0.000000E+00 0.000000E+00 0.000000E+00 0.000000E+00 0.000000E+00 0.000000E+00 0.000000E+00 0.000000E+00 0.000000E+00 0.000000E+00 0.000000E+00 0.000000E+00 0.000000E+00 0.000000E+00 0.000000E+00 0.000000E+00 0.000000E+00 0.000000E+00 0.000000E+00 0.000000E+00 0.000000E+00 0.000000E+00 0.000000E+00 0.000000E+00 0.000000E+00 0.000000E+00 0.000000E+00 0.000000E+00 0.000000E+00 0.000000E+00 0.000000E+00 0.000000E+00 0.000000E+00 0.000000E+00 0.000000E+00 0.000000E+00 0.000000E+00 0.000000E+00 0.000000E+00 0.000000E+00 0.000000E+00 0.000000E+00 0.000000E+00 0.000000E+00 0.000000E+00 0.000000E+00 0.000000E+00 0.000000E+00 0.000000E+00 0.000000E+00 0.000000E+00 0.000000E+00 0.000000E+00 0.000000E+00 0.000000E+00 0.000000E+00 0.000000E+00 0.000000E+00 0.000000E+00 0.000000E+00 0.000000E+00 0.000000E+00 0.000000E+00 0.000000E+00 0.000000E+00 0.000000E+00 0.000000E+00 0.000000E+00 0.000000E+00 0.000000E+00 0.000000E+00 0.000000E+00 0.000000E+00 0.000000E+00 0.000000E+00 0.000000E+00 0.000000E+00 0.000000E+00 0.000000E+00 0.000000E+00 0.000000E+00 0.000000E+00 0.000000E+00 0.000000E+00 0.000000E+00 0.000000E+00 0.000000E+00 0.000000E+00 0.000000E+00 0.000000E+00 0.000000E+00 0.000000E+00 0.000000E+00 0.000000E+00 0.000000E+00 0.000000E+00 0.000000E+00 0.000000E+00 0.000000E+00 0.000000E+00 0.000000E+00 0.000000E+00 0.000000E+00 0.000000E+00 0.000000E+00 0.000000E+00 0.000000E+00 0.000000E+00 0.000000E+00 0.000000E+00 0.000000E+00 0.000000E+00 0.000000E+00 0.000000E+00 0.000000E+00 0.000000E+00 0.000000E+00 0.000000E+00 0.000000E+00 0.000000E+00 0.000000E+00 0.000000E+00 0.000000E+00 0.000000E+00 0.000000E+00 0.000000E+00 0.000000E+00 0.000000E+00 0.000000E+00 0.000000E+00 0.000000E+00 0.000000E+00 0.000000E+00 0.000000E+00 0.000000E+00 0.000000E+00 0.000000E+00 0.000000E+00 0.000000E+00 0.000000E+00 0.000000E+00 0.000000E+00 0.000000E+00 0.000000E+00 0.000000E+00 0.000000E+00 0.000000E+00 0.000000E+00 0.000000E+00 0.000000E+00 0.000000E+00 0.000000E+00 0.000000E+00 0.000000E+00 0.000000E+00 0.000000E+00 0.000000E+00 0.000000E+00 0.000000E+00 0.000000E+00 0.000000E+00 0.000000E+00 0.000000E+00 0.000000E+00 0.000000E+00 0.000000E+00 0.000000E+00 0.000000E+00
 0.162014E+02 0.235048E+01 0.111608E+01 0.625520E+00 0.404480E+00 0.267360E+00 0.180720E+00 0.132400E+00 0.944000E-01 0.750400E-01 0.544800E-01 0.416000E-01 0.280800E-01 0.198400E-01 0.182400E-01 0.140800E-01 0.936000E-02 0.880000E-02 0.656000E-02 0.448000E-02 0.424000E-02 0.312000E-02 0.248000E-02 0.192000E-02 0.104000E-02 0.960000E-03 0.112000E-02 0.880000E-03 0.720000E-03 0.320000E-03 0.800000E-04 0.800000E-04 0.240000E-03 0.160000E-03 0.800000E-04 0.000000E+00 0.800000E-04 0.160000E-03 0.800000E-04 0.800000E-04 0.000000E+00 0.800000E-04 0.800000E-04 0.800000E-04 0.000000E+00 0.000000E+00 0.000000E+00 0.000000E+00 0.000000E+00 0.000000E+00 0.000000E+00 0.000000E+00 0.000000E+00 0.000000E+00 0.000000E+00 0.000000E+00 0.000000E+00 0.000000E+00 0.000000E+00 0.000000E+00 0.000000E+00 0.000000E+00 0.000000E+00 0.000000E+00 0.000000E+00 0.000000E+00 0.000000E+00 0.000000E+00 0.000000E+00 0.000000E+00 0.000000E+00 0.000000E+00 0.000000E+00 0.000000E+00 0.000000E+00 0.000000E+00 0.000000E+00 0.000000E+00 0.000000E+00 0.000000E+00 0.000000E+00 0.000000E+00 0.000000E+00 0.000000E+00 0.000000E+00 0.000000E+00 0.000000E+00 0.000000E+00 0.000000E+00 0.000000E+00 0.000000E+00 0.000000E+00 0.000000E+00 0.000000E+00 0.000000E+00 0.000000E+00 0.000000E+00 0.000000E+00 0.000000E+00 0.000000E+00 0.000000E+00 0.000000E+00 0.000000E+00 0.000000E+00 0.000000E+00 0.000000E+00 0.000000E+00 0.000000E+00 0.000000E+00 0.000000E+00 0.000000E+00 0.000000E+00 0.000000E+00 0.000000E+00 0.000000E+00 0.000000E+00 0.000000E+00 0.000000E+00 0.000000E+00 0.000000E+00 0.000000E+00 0.000000E+00 0.000000E+00 0.000000E+00 0.000000E+00 0.000000E+00 0.000000E+00 0.000000E+00 0.000000E+00 0.000000E+00 0.000000E+00 0.000000E+00 0.000000E+00 0.000000E+00 0.000000E+00 0.000000E+00 0.000000E+00 0.000000E+00 0.000000E+00 0.000000E+00 0.000000E+00 0.000000E+00 0.000000E+00 0.000000E+00 0.000000E+00 0.000000E+00 0.000000E+00 0.000000E+00 0.000000E+00 0.000000E+00 0.000000E+00 0.000000E+00 0.000000E+00 0.000000E+00 0.000000E+00 0.000000E+00 0.000000E+00 0.000000E+00 0.000000E+00 0.000000E+00 0.000000E+00 0.000000E+00 0.000000E+00 0.000000E+00 0.000000E+00 0.000000E+00 0.000000E+00 0.000000E+00 0.000000E+00 0.000000E+00 0.000000E+00 0.000000E+00 0.000000E+00 0.000000E+00 0.000000E+00 0.000000E+00 0.000000E+00 0.000000E+00 0.000000E+00 0.000000E+00 0.000000E+00 0.000000E+00 0.000000E+00 0.000000E+00 0.000000E+00 0.000000E+00 0.000000E+00 0.000000E+00 0.000000E+00 0.000000E+00 0.000000E+00 0.000000E+00 0.000000E+00 0.000000E+00 0.000000E+00 0.000000E+00 0.000000E+00 0.000000E+00 0.000000E+00 0.000000E+00
 0.408543E+02 0.134864E+01 0.744480E+00 0.441600E+00 0.284160E+00 0.186880E+00 0.124320E+00 0.818400E-01 0.624000E-01 0.392000E-01 0.316000E-01 0.200800E-01 0.129600E-01 0.968000E-02 0.688000E-02 0.504000E-02 0.376000E-02 0.200000E-02 0.224000E-02 0.152000E-02 0.960000E-03 0.720000E-03 0.320000E-03 0.400000E-03 0.240000E-03 0.000000E+00 0.240000E-03 0.160000E-03 0.160000E-03 0.000000E+00 0.000000E+00 0.800000E-04 0.000000E+00 0.000000E+00 0.000000E+00 0.000000E+00 0.000000E+00 0.000000E+00 0.000000E+00 0.000000E+00 0.000000E+00 0.000000E+00 0.000000E+00 0.000000E+00 0.000000E+00 0.000000E+00 0.000000E+00 0.000000E+00 0.000000E+00 0.000000E+00 0.000000E+00 0.000000E+00 0.000000E+00 0.000000E+00 0.000000E+00 0.000000E+00 0.000000E+00 0.000000E+00 0.000000E+00 0.000000E+00 0.000000E+00 0.000000E+00 0.000000E+00 0.000000E+00 0.000000E+00 0.000000E+00 0.000000E+00 0.000000E+00 0.000000E+00 0.000000E+00 0.000000E+00 0.000000E+00 0.000000E+00 0.000000E+00 0.000000E+00 0.000000E+00 0.000000E+00 0.000000E+00 0.000000E+00 0.000000E+00 0.000000E+00 0.000000E+00 0.000000E+00 0.000000E+00 0.000000E+00 0.000000E+00 0.000000E+00 0.000000E+00 0.000000E+00 0.000000E+00 0.000000E+00 0.000000E+00 0.000000E+00 0.000000E+00 0.000000E+00 0.000000E+00 0.000000E+00 0.000000E+00 0.000000E+00 0.000000E+00 0.000000E+00 0.000000E+00 0.000000E+00 0.000000E+00 0.000000E+00 0.000000E+00 0.000000E+00 0.000000E+00 0.000000E+00 0.000000E+00 0.000000E+00 0.000000E+00 0.000000E+00 0.000000E+00 0.000000E+00 0.000000E+00 0.000000E+00 0.000000E+00 0.000000E+00 0.000000E+00 0.000000E+00 0.000000E+00 0.000000E+00 0.000000E+00 0.000000E+00 0.000000E+00 0.000000E+00 0.000000E+00 0.000000E+00 0.000000E+00 0.000000E+00 0.000000E+00 0.000000E+00 0.000000E+00 0.000000E+00 0.000000E+00 0.000000E+00 0.000000E+00 0.000000E+00 0.000000E+00 0.000000E+00 0.000000E+00 0.000000E+00 0.000000E+00 0.000000E+00 0.000000E+00 0.000000E+00 0.000000E+00 0.000000E+00 0.000000E+00 0.000000E+00 0.000000E+00 0.000000E+00 0.000000E+00 0.000000E+00 0.000000E+00 0.000000E+00 0.000000E+00 0.000000E+00 0.000000E+00 0.000000E+00 0.000000E+00 0.000000E+00 0.000000E+00 0.000000E+00 0.000000E+00 0.000000E+00 0.000000E+00 0.000000E+00 0.000000E+00 0.000000E+00 0.000000E+00 0.000000E+00 0.000000E+00 0.000000E+00 0.000000E+00 0.000000E+00 0.000000E+00 0.000000E+00 0.000000E+00 0.000000E+00 0.000000E+00 0.000000E+00 0.000000E+00 0.000000E+00 0.000000E+00 0.000000E+00 0.000000E+00 0.000000E+00 0.000000E+00 0.000000E+00 0.000000E+00 0.000000E+00 0.000000E+00 0.000000E+00 0.000000E+00 0.000000E+00 0.000000E+00 0.000000E+00 0.000000E+00
 0.379086E+02 0.196136E+01 0.116072E+01 0.776640E+00 0.552320E+00 0.385840E+00 0.293600E+00 0.224560E+00 0.168160E+00 0.123120E+00 0.101760E+00 0.800000E-01 0.631200E-01 0.488000E-01 0.369600E-01 0.284000E-01 0.224000E-01 0.155200E-01 0.142400E-01 0.115200E-01 0.848000E-02 0.704000E-02 0.576000E-02 0.456000E-02 0.320000E-02 0.312000E-02 0.208000E-02 0.160000E-02 0.152000E-02 0.640000E-03 0.560000E-03 0.480000E-03 0.104000E-02 0.480000E-03 0.160000E-03 0.800000E-04 0.320000E-03 0.800000E-04 0.320000E-03 0.800000E-04 0.800000E-04 0.000000E+00 0.800000E-04 0.000000E+00 0.000000E+00 0.000000E+00 0.800000E-04 0.000000E+00 0.000000E+00 0.800000E-04 0.000000E+00 0.000000E+00 0.000000E+00 0.000000E+00 0.000000E+00 0.000000E+00 0.000000E+00 0.000000E+00 0.000000E+00 0.000000E+00 0.000000E+00 0.000000E+00 0.000000E+00 0.000000E+00 0.000000E+00 0.000000E+00 0.000000E+00 0.000000E+00 0.000000E+00 0.000000E+00 0.000000E+00 0.000000E+00 0.000000E+00 0.000000E+00 0.000000E+00 0.000000E+00 0.000000E+00 0.000000E+00 0.000000E+00 0.000000E+00 0.000000E+00 0.000000E+00 0.000000E+00 0.000000E+00 0.000000E+00 0.000000E+00 0.000000E+00 0.000000E+00 0.000000E+00 0.000000E+00 0.000000E+00 0.000000E+00 0.000000E+00 0.000000E+00 0.000000E+00 0.000000E+00 0.000000E+00 0.000000E+00 0.000000E+00 0.000000E+00 0.000000E+00 0.000000E+00 0.000000E+00 0.000000E+00 0.000000E+00 0.000000E+00 0.000000E+00 0.000000E+00 0.000000E+00 0.000000E+00 0.000000E+00 0.000000E+00 0.000000E+00 0.000000E+00 0.000000E+00 0.000000E+00 0.000000E+00 0.000000E+00 0.000000E+00 0.000000E+00 0.000000E+00 0.000000E+00 0.000000E+00 0.000000E+00 0.000000E+00 0.000000E+00 0.000000E+00 0.000000E+00 0.000000E+00 0.000000E+00 0.000000E+00 0.000000E+00 0.000000E+00 0.000000E+00 0.000000E+00 0.000000E+00 0.000000E+00 0.000000E+00 0.000000E+00 0.000000E+00 0.000000E+00 0.000000E+00 0.000000E+00 0.000000E+00 0.000000E+00 0.000000E+00 0.000000E+00 0.000000E+00 0.000000E+00 0.000000E+00 0.000000E+00 0.000000E+00 0.000000E+00 0.000000E+00 0.000000E+00 0.000000E+00 0.000000E+00 0.000000E+00 0.000000E+00 0.000000E+00 0.000000E+00 0.000000E+00 0.000000E+00 0.000000E+00 0.000000E+00 0.000000E+00 0.000000E+00 0.000000E+00 0.000000E+00 0.000000E+00 0.000000E+00 0.000000E+00 0.000000E+00 0.000000E+00 0.000000E+00 0.000000E+00 0.000000E+00 0.000000E+00 0.000000E+00 0.000000E+00 0.000000E+00 0.000000E+00 0.000000E+00 0.000000E+00 0.000000E+00 0.000000E+00 0.000000E+00 0.000000E+00 0.000000E+00 0.000000E+00 0.000000E+00 0.000000E+00 0.000000E+00 0.000000E+00 0.000000E+00 0.000000E+00 0.000000E+00 0.000000E+00 0.000000E+00 0.000000E+00
 0.178227E+02 0.238128E+01 0.101144E+01 0.531760E+00 0.302400E+00 0.181200E+00 0.117200E+00 0.738400E-01 0.508800E-01 0.348000E-01 0.200000E-01 0.172800E-01 0.864000E-02 0.696000E-02 0.488000E-02 0.360000E-02 0.248000E-02 0.200000E-02 0.112000E-02 0.880000E-03 0.560000E-03 0.800000E-04 0.320000E-03 0.240000E-03 0.160000E-03 0.000000E+00 0.000000E+00 0.000000E+00 0.000000E+00 0.800000E-04 0.800000E-04 0.000000E+00 0.800000E-04 0.000000E+00 0.000000E+00 0.000000E+00 0.000000E+00 0.000000E+00 0.000000E+00 0.000000E+00 0.000000E+00 0.000000E+00 0.000000E+00 0.000000E+00 0.000000E+00 0.000000E+00 0.000000E+00 0.000000E+00 0.000000E+00 0.000000E+00 0.000000E+00 0.000000E+00 0.000000E+00 0.000000E+00 0.000000E+00 0.000000E+00 0.000000E+00 0.000000E+00 0.000000E+00 0.000000E+00 0.000000E+00 0.000000E+00 0.000000E+00 0.000000E+00 0.000000E+00 0.000000E+00 0.000000E+00 0.000000E+00 0.000000E+00 0.000000E+00 0.000000E+00 0.000000E+00 0.000000E+00 0.000000E+00 0.000000E+00 0.000000E+00 0.000000E+00 0.000000E+00 0.000000E+00 0.000000E+00 0.000000E+00 0.000000E+00 0.000000E+00 0.000000E+00 0.000000E+00 0.000000E+00 0.000000E+00 0.000000E+00 0.000000E+00 0.000000E+00 0.000000E+00 0.000000E+00 0.000000E+00 0.000000E+00 0.000000E+00 0.000000E+00 0.000000E+00 0.000000E+00 0.000000E+00 0.000000E+00 0.000000E+00 0.000000E+00 0.000000E+00 0.000000E+00 0.000000E+00 0.000000E+00 0.000000E+00 0.000000E+00 0.000000E+00 0.000000E+00 0.000000E+00 0.000000E+00 0.000000E+00 0.000000E+00 0.000000E+00 0.000000E+00 0.000000E+00 0.000000E+00 0.000000E+00 0.000000E+00 0.000000E+00 0.000000E+00 0.000000E+00 0.000000E+00 0.000000E+00 0.000000E+00 0.000000E+00 0.000000E+00 0.000000E+00 0.000000E+00 0.000000E+00 0.000000E+00 0.000000E+00 0.000000E+00 0.000000E+00 0.000000E+00 0.000000E+00 0.000000E+00 0.000000E+00 0.000000E+00 0.000000E+00 0.000000E+00 0.000000E+00 0.000000E+00 0.000000E+00 0.000000E+00 0.000000E+00 0.000000E+00 0.000000E+00 0.000000E+00 0.000000E+00 0.000000E+00 0.000000E+00 0.000000E+00 0.000000E+00 0.000000E+00 0.000000E+00 0.000000E+00 0.000000E+00 0.000000E+00 0.000000E+00 0.000000E+00 0.000000E+00 0.000000E+00 0.000000E+00 0.000000E+00 0.000000E+00 0.000000E+00 0.000000E+00 0.000000E+00 0.000000E+00 0.000000E+00 0.000000E+00 0.000000E+00 0.000000E+00 0.000000E+00 0.000000E+00 0.000000E+00 0.000000E+00 0.000000E+00 0.000000E+00 0.000000E+00 0.000000E+00 0.000000E+00 0.000000E+00 0.000000E+00 0.000000E+00 0.000000E+00 0.000000E+00 0.000000E+00 0.000000E+00 0.000000E+00 0.000000E+00 0.000000E+00 0.000000E+00 0.000000E+00 0.000000E+00 0.000000E+00 0.000000E+00 0.000000E+00
 0.163858E+02 0.242176E+01 0.113584E+01 0.651040E+00 0.408640E+00 0.274560E+00 0.187760E+00 0.135840E+00 0.984800E-01 0.722400E-01 0.550400E-01 0.384800E-01 0.319200E-01 0.233600E-01 0.186400E-01 0.123200E-01 0.112800E-01 0.824000E-02 0.624000E-02 0.464000E-02 0.432000E-02 0.272000E-02 0.232000E-02 0.112000E-02 0.136000E-02 0.560000E-03 0.960000E-03 0.640000E-03 0.120000E-02 0.480000E-03 0.560000E-03 0.160000E-03 0.320000E-03 0.800000E-04 0.000000E+00 0.800000E-04 0.800000E-04 0.160000E-03 0.000000E+00 0.800000E-04 0.000000E+00 0.000000E+00 0.000000E+00 0.800000E-04 0.000000E+00 0.000000E+00 0.000000E+00 0.000000E+00 0.800000E-04 0.000000E+00 0.000000E+00 0.000000E+00 0.000000E+00 0.000000E+00 0.000000E+00 0.000000E+00 0.000000E+00 0.000000E+00 0.000000E+00 0.000000E+00 0.000000E+00 0.000000E+00 0.000000E+00 0.000000E+00 0.000000E+00 0.000000E+00 0.000000E+00 0.000000E+00 0.000000E+00 0.000000E+00 0.000000E+00 0.000000E+00 0.000000E+00 0.000000E+00 0.000000E+00 0.000000E+00 0.000000E+00 0.000000E+00 0.000000E+00 0.000000E+00 0.000000E+00 0.000000E+00 0.000000E+00 0.000000E+00 0.000000E+00 0.000000E+00 0.000000E+00 0.000000E+00 0.000000E+00 0.000000E+00 0.000000E+00 0.000000E+00 0.000000E+00 0.000000E+00 0.000000E+00 0.000000E+00 0.000000E+00 0.000000E+00 0.000000E+00 0.000000E+00 0.000000E+00 0.000000E+00 0.000000E+00 0.000000E+00 0.000000E+00 0.000000E+00 0.000000E+00 0.000000E+00 0.000000E+00 0.000000E+00 0.000000E+00 0.000000E+00 0.000000E+00 0.000000E+00 0.000000E+00 0.000000E+00 0.000000E+00 0.000000E+00 0.000000E+00 0.000000E+00 0.000000E+00 0.000000E+00 0.000000E+00 0.000000E+00 0.000000E+00 0.000000E+00 0.000000E+00 0.000000E+00 0.000000E+00 0.000000E+00 0.000000E+00 0.000000E+00 0.000000E+00 0.000000E+00 0.000000E+00 0.000000E+00 0.000000E+00 0.000000E+00 0.000000E+00 0.000000E+00 0.000000E+00 0.000000E+00 0.000000E+00 0.000000E+00 0.000000E+00 0.000000E+00 0.000000E+00 0.000000E+00 0.000000E+00 0.000000E+00 0.000000E+00 0.000000E+00 0.000000E+00 0.000000E+00 0.000000E+00 0.000000E+00 0.000000E+00 0.000000E+00 0.000000E+00 0.000000E+00 0.000000E+00 0.000000E+00 0.000000E+00 0.000000E+00 0.000000E+00 0.000000E+00 0.000000E+00 0.000000E+00 0.000000E+00 0.000000E+00 0.000000E+00 0.000000E+00 0.000000E+00 0.000000E+00 0.000000E+00 0.000000E+00 0.000000E+00 0.000000E+00 0.000000E+00 0.000000E+00 0.000000E+00 0.000000E+00 0.000000E+00 0.000000E+00 0.000000E+00 0.000000E+00 0.000000E+00 0.000000E+00 0.000000E+00 0.000000E+00 0.000000E+00 0.000000E+00 0.000000E+00 0.000000E+00 0.000000E+00 0.000000E+00 0.000000E+00 0.000000E+00 0.000000E+00 0.000000E+00
 0.175768E+02 0.232800E+01 0.100984E+01 0.524240E+00 0.302800E+00 0.188000E+00 0.114560E+00 0.787200E-01 0.459200E-01 0.320800E-01 0.220000E-01 0.157600E-01 0.896000E-02 0.560000E-02 0.408000E-02 0.440000E-02 0.256000E-02 0.176000E-02 0.136000E-02 0.560000E-03 0.560000E-03 0.400000E-03 0.400000E-03 0.240000E-03 0.000000E+00 0.160000E-03 0.000000E+00 0.800000E-04 0.000000E+00 0.000000E+00 0.000000E+00 0.800000E-04 0.000000E+00 0.000000E+00 0.000000E+00 0.000000E+00 0.000000E+00 0.000000E+00 0.000000E+00 0.000000E+00 0.000000E+00 0.000000E+00 0.000000E+00 0.000000E+00 0.000000E+00 0.000000E+00 0.000000E+00 0.000000E+00 0.000000E+00 0.000000E+00 0.000000E+00 0.000000E+00 0.000000E+00 0.000000E+00 0.000000E+00 0.000000E+00 0.000000E+00 0.000000E+00 0.000000E+00 0.000000E+00 0.000000E+00 0.000000E+00 0.000000E+00 0.000000E+00 0.000000E+00 0.000000E+00 0.000000E+00 0.000000E+00 0.000000E+00 0.000000E+00 0.000000E+00 0.000000E+00 0.000000E+00 0.000000E+00 0.000000E+00 0.000000E+00 0.000000E+00 0.000000E+00 0.000000E+00 0.000000E+00 0.000000E+00 0.000000E+00 0.000000E+00 0.000000E+00 0.000000E+00 0.000000E+00 0.000000E+00 0.000000E+00 0.000000E+00 0.000000E+00 0.000000E+00 0.000000E+00 0.000000E+00 0.000000E+00 0.000000E+00 0.000000E+00 0.000000E+00 0.000000E+00 0.000000E+00 0.000000E+00 0.000000E+00 0.000000E+00 0.000000E+00 0.000000E+00 0.000000E+00 0.000000E+00 0.000000E+00 0.000000E+00 0.000000E+00 0.000000E+00 0.000000E+00 0.000000E+00 0.000000E+00 0.000000E+00 0.000000E+00 0.000000E+00 0.000000E+00 0.000000E+00 0.000000E+00 0.000000E+00 0.000000E+00 0.000000E+00 0.000000E+00 0.000000E+00 0.000000E+00 0.000000E+00 0.000000E+00 0.000000E+00 0.000000E+00 0.000000E+00 0.000000E+00 0.000000E+00 0.000000E+00 0.000000E+00 0.000000E+00 0.000000E+00 0.000000E+00 0.000000E+00 0.000000E+00 0.000000E+00 0.000000E+00 0.000000E+00 0.000000E+00 0.000000E+00 0.000000E+00 0.000000E+00 0.000000E+00 0.000000E+00 0.000000E+00 0.000000E+00 0.000000E+00 0.000000E+00 0.000000E+00 0.000000E+00 0.000000E+00 0.000000E+00 0.000000E+00 0.000000E+00 0.000000E+00 0.000000E+00 0.000000E+00 0.000000E+00 0.000000E+00 0.000000E+00 0.000000E+00 0.000000E+00 0.000000E+00 0.000000E+00 0.000000E+00 0.000000E+00 0.000000E+00 0.000000E+00 0.000000E+00 0.000000E+00 0.000000E+00 0.000000E+00 0.000000E+00 0.000000E+00 0.000000E+00 0.000000E+00 0.000000E+00 0.000000E+00 0.000000E+00 0.000000E+00 0.000000E+00 0.000000E+00 0.000000E+00 0.000000E+00 0.000000E+00 0.000000E+00 0.000000E+00 0.000000E+00 0.000000E+00 0.000000E+00 0.000000E+00 0.000000E+00 0.000000E+00 0.000000E+00 0.000000E+00 0.000000E+00
 0.162014E+02 0.235048E+01 0.111608E+01 0.625520E+00 0.404480E+00 0.267360E+00 0.180720E+00 0.132400E+00 0.944000E-01 0.750400E-01 0.544800E-01 0.416000E-01 0.280800E-01 0.198400E-01 0.182400E-01 0.140800E-01 0.936000E-02 0.880000E-02 0.656000E-02 0.448000E-02 0.424000E-02 0.312000E-02 0.248000E-02 0.192000E-02 0.104000E-02 0.960000E-03 0.112000E-02 0.880000E-03 0.720000E-03 0.320000E-03 0.800000E-04 0.800000E-04 0.240000E-03 0.160000E-03 0.800000E-04 0.000000E+00 0.800000E-04 0.160000E-03 0.800000E-04 0.800000E-04 0.000000E+00 0.800000E-04 0.800000E-04 0.800000E-04 0.000000E+00 0.000000E+00 0.000000E+00 0.000000E+00 0.000000E+00 0.000000E+00 0.000000E+00 0.000000E+00 0.000000E+00 0.000000E+00 0.000000E+00 0.000000E+00 0.000000E+00 0.000000E+00 0.000000E+00 0.000000E+00 0.000000E+00 0.000000E+00 0.000000E+00 0.000000E+00 0.000000E+00 0.000000E+00 0.000000E+00 0.000000E+00 0.000000E+00 0.000000E+00 0.000000E+00 0.000000E+00 0.000000E+00 0.000000E+00 0.000000E+00 0.000000E+00 0.000000E+00 0.000000E+00 0.000000E+00 0.000000E+00 0.000000E+00 0.000000E+00 0.000000E+00 0.000000E+00 0.000000E+00 0.000000E+00 0.000000E+00 0.000000E+00 0.000000E+00 0.000000E+00 0.000000E+00 0.000000E+00 0.000000E+00 0.000000E+00 0.000000E+00 0.000000E+00 0.000000E+00 0.000000E+00 0.000000E+00 0.000000E+00 0.000000E+00 0.000000E+00 0.000000E+00 0.000000E+00 0.000000E+00 0.000000E+00 0.000000E+00 0.000000E+00 0.000000E+00 0.000000E+00 0.000000E+00 0.000000E+00 0.000000E+00 0.000000E+00 0.000000E+00 0.000000E+00 0.000000E+00 0.000000E+00 0.000000E+00 0.000000E+00 0.000000E+00 0.000000E+00 0.000000E+00 0.000000E+00 0.000000E+00 0.000000E+00 0.000000E+00 0.000000E+00 0.000000E+00 0.000000E+00 0.000000E+00 0.000000E+00 0.000000E+00 0.000000E+00 0.000000E+00 0.000000E+00 0.000000E+00 0.000000E+00 0.000000E+00 0.000000E+00 0.000000E+00 0.000000E+00 0.000000E+00 0.000000E+00 0.000000E+00 0.000000E+00 0.000000E+00 0.000000E+00 0.000000E+00 0.000000E+00 0.000000E+00 0.000000E+00 0.000000E+00 0.000000E+00 0.000000E+00 0.000000E+00 0.000000E+00 0.000000E+00 0.000000E+00 0.000000E+00 0.000000E+00 0.000000E+00 0.000000E+00 0.000000E+00 0.000000E+00 0.000000E+00 0.000000E+00 0.000000E+00 0.000000E+00 0.000000E+00 0.000000E+00 0.000000E+00 0.000000E+00 0.000000E+00 0.000000E+00 0.000000E+00 0.000000E+00 0.000000E+00 0.000000E+00 0.000000E+00 0.000000E+00 0.000000E+00 0.000000E+00 0.000000E+00 0.000000E+00 0.000000E+00 0.000000E+00 0.000000E+00 0.000000E+00 0.000000E+00 0.000000E+00 0.000000E+00 0.000000E+00 0.000000E+00 0.000000E+00 0.000000E+00 0.000000E+00 0.000000E+00 0.000000E+00 0.000000E+00
 0.408543E+02 0.134864E+01 0.744480E+00 0.441600E+00 0.284160E+00 0.186880E+00 0.124320E+00 0.818400E-01 0.624000E-01 0.392000E-01 0.316000E-01 0.200800E-01 0.129600E-01 0.968000E-02 0.688000E-02 0.504000E-02 0.376000E-02 0.200000E-02 0.224000E-02 0.152000E-02 0.960000E-03 0.720000E-03 0.320000E-03 0.400000E-03 0.240000E-03 0.000000E+00 0.240000E-03 0.160000E-03 0.160000E-03 0.000000E+00 0.000000E+00 0.800000E-04 0.000000E+00 0.000000E+00 0.000000E+00 0.000000E+00 0.000000E+00 0.000000E+00 0.000000E+00 0.000000E+00 0.000000E+00 0.000000E+00 0.000000E+00 0.000000E+00 0.000000E+00 0.000000E+00 0.000000E+00 0.000000E+00 0.000000E+00 0.000000E+00 0.000000E+00 0.000000E+00 0.000000E+00 0.000000E+00 0.000000E+00 0.000000E+00 0.000000E+00 0.000000E+00 0.000000E+00 0.000000E+00 0.000000E+00 0.000000E+00 0.000000E+00 0.000000E+00 0.000000E+00 0.000000E+00 0.000000E+00 0.000000E+00 0.000000E+00 0.000000E+00 0.000000E+00 0.000000E+00 0.000000E+00 0.000000E+00 0.000000E+00 0.000000E+00 0.000000E+00 0.000000E+00 0.000000E+00 0.000000E+00 0.000000E+00 0.000000E+00 0.000000E+00 0.000000E+00 0.000000E+00 0.000000E+00 0.000000E+00 0.000000E+00 0.000000E+00 0.000000E+00 0.000000E+00 0.000000E+00 0.000000E+00 0.000000E+00 0.000000E+00 0.000000E+00 0.000000E+00 0.000000E+00 0.000000E+00 0.000000E+00 0.000000E+00 0.000000E+00 0.000000E+00 0.000000E+00 0.000000E+00 0.000000E+00 0.000000E+00 0.000000E+00 0.000000E+00 0.000000E+00 0.000000E+00 0.000000E+00 0.000000E+00 0.000000E+00 0.000000E+00 0.000000E+00 0.000000E+00 0.000000E+00 0.000000E+00 0.000000E+00 0.000000E+00 0.000000E+00 0.000000E+00 0.000000E+00 0.000000E+00 0.000000E+00 0.000000E+00 0.000000E+00 0.000000E+00 0.000000E+00 0.000000E+00 0.000000E+00 0.000000E+00 0.000000E+00 0.000000E+00 0.000000E+00 0.000000E+00 0.000000E+00 0.000000E+00 0.000000E+00 0.000000E+00 0.000000E+00 0.000000E+00 0.000000E+00 0.000000E+00 0.000000E+00 0.000000E+00 0.000000E+00 0.000000E+00 0.000000E+00 0.000000E+00 0.000000E+00 0.000000E+00 0.000000E+00 0.000000E+00 0.000000E+00 0.000000E+00 0.000000E+00 0.000000E+00 0.000000E+00 0.000000E+00 0.000000E+00 0.000000E+00 0.000000E+00 0.000000E+00 0.000000E+00 0.000000E+00 0.000000E+00 0.000000E+00 0.000000E+00 0.000000E+00 0.000000E+00 0.000000E+00 0.000000E+00 0.000000E+00 0.000000E+00 0.000000E+00 0.000000E+00 0.000000E+00 0.000000E+00 0.000000E+00 0.000000E+00 0.000000E+00 0.000000E+00 0.000000E+00 0.000000E+00 0.000000E+00 0.000000E+00 0.000000E+00 0.000000E+00 0.000000E+00 0.000000E+00 0.000000E+00 0.000000E+00 0.000000E+00 0.000000E+00 0.000000E+00 0.000000E+00 0.000000E+00 0.000000E+00
 0.379086E+02 0.196136E+01 0.116072E+01 0.776640E+00 0.552320E+00 0.385840E+00 0.293600E+00 0.224560E+00 0.168160E+00 0.123120E+00 0.101760E+00 0.800000E-01 0.631200E-01 0.488000E-01 0.369600E-01 0.284000E-01 0.224000E-01 0.155200E-01 0.142400E-01 0.115200E-01 0.848000E-02 0.704000E-02 0.576000E-02 0.456000E-02 0.320000E-02 0.312000E-02 0.208000E-02 0.160000E-02 0.152000E-02 0.640000E-03 0.560000E-03 0.480000E-03 0.104000E-02 0.480000E-03 0.160000E-03 0.800000E-04 0.320000E-03 0.800000E-04 0.320000E-03 0.800000E-04 0.800000E-04 0.000000E+00 0.800000E-04 0.000000E+00 0.000000E+00 0.000000E+00 0.800000E-04 0.000000E+00 0.000000E+00 0.800000E-04 0.000000E+00 0.000000E+00 0.000000E+00 0.000000E+00 0.000000E+00 0.000000E+00 0.000000E+00 0.000000E+00 0.000000E+00 0.000000E+00 0.000000E+00 0.000000E+00 0.000000E+00 0.000000E+00 0.000000E+00 0.000000E+00 0.000000E+00 0.000000E+00 0.000000E+00 0.000000E+00 0.000000E+00 0.000000E+00 0.000000E+00 0.000000E+00 0.000000E+00 0.000000E+00 0.000000E+00 0.000000E+00 0.000000E+00 0.000000E+00 0.000000E+00 0.000000E+00 0.000000E+00 0.000000E+00 0.000000E+00 0.000000E+00 0.000000E+00 0.000000E+00 0.000000E+00 0.000000E+00 0.000000E+00 0.000000E+00 0.000000E+00 0.000000E+00 0.000000E+00 0.000000E+00 0.000000E+00 0.000000E+00 0.000000E+00 0.000000E+00 0.000000E+00 0.000000E+00 0.000000E+00 0.000000E+00 0.000000E+00 0.000000E+00 0.000000E+00 0.000000E+00 0.000000E+00 0.000000E+00 0.000000E+00 0.000000E+00 0.000000E+00 0.000000E+00 0.000000E+00 0.000000E+00 0.000000E+00 0.000000E+00 0.000000E+00 0.000000E+00 0.000000E+00 0.000000E+00 0.000000E+00 0.000000E+00 0.000000E+00 0.000000E+00 0.000000E+00 0.000000E+00 0.000000E+00 0.000000E+00 0.000000E+00 0.000000E+00 0.000000E+00 0.000000E+00 0.000000E+00 0.000000E+00 0.000000E+00 0.000000E+00 0.000000E+00 0.000000E+00 0.000000E+00 0.000000E+00 0.000000E+00 0.000000E+00 0.000000E+00 0.000000E+00 0.000000E+00 0.000000E+00 0.000000E+00 0.000000E+00 0.000000E+00 0.000000E+00 0.000000E+00 0.000000E+00 0.000000E+00 0.000000E+00 0.000000E+00 0.000000E+00 0.000000E+00 0.000000E+00 0.000000E+00 0.000000E+00 0.000000E+00 0.000000E+00 0.000000E+00 0.000000E+00 0.000000E+00 0.000000E+00 0.000000E+00 0.000000E+00 0.000000E+00 0.000000E+00 0.000000E+00 0.000000E+00 0.000000E+00 0.000000E+00 0.000000E+00 0.000000E+00 0.000000E+00 0.000000E+00 0.000000E+00 0.000000E+00 0.000000E+00 0.000000E+00 0.000000E+00 0.000000E+00 0.000000E+00 0.000000E+00 0.000000E+00 0.000000E+00 0.000000E+00 0.000000E+00 0.000000E+00 0.000000E+00 0.000000E+00 0.000000E+00 0.000000E+00 0.000000E+00 0.000000E+00 0.000000E+00
 0.132638E+02 0.153832E+01 0.679440E+00 0.368000E+00 0.204720E+00 0.124240E+00 0.814400E-01 0.494400E-01 0.338400E-01 0.230400E-01 0.115200E-01 0.102400E-01 0.544000E-02 0.392000E-02 0.312000E-02 0.168000E-02 0.960000E-03 0.128000E-02 0.480000E-03 0.400000E-03 0.320000E-03 0.000000E+00 0.800000E-04 0.240000E-03 0.800000E-04 0.000000E+00 0.000000E+00 0.000000E+00 0.000000E+00 0.000000E+00 0.000000E+00 0.000000E+00 0.000000E+00 0.000000E+00 0.000000E+00 0.000000E+00 0.000000E+00 0.000000E+00 0.000000E+00 0.000000E+00 0.000000E+00 0.000000E+00 0.000000E+00 0.000000E+00 0.000000E+00 0.000000E+00 0.000000E+00 0.000000E+00 0.000000E+00 0.000000E+00 0.000000E+00 0.000000E+00 0.000000E+00 0.000000E+00 0.000000E+00 0.000000E+00 0.000000E+00 0.000000E+00 0.000000E+00 0.000000E+00 0.000000E+00 0.000000E+00 0.000000E+00 0.000000E+00 0.000000E+00 0.000000E+00 0.000000E+00 0.000000E+00 0.000000E+00 0.000000E+00 0.000000E+00 0.000000E+00 0.000000E+00 0.000000E+00 0.000000E+00 0.000000E+00 0.000000E+00 0.000000E+00 0.000000E+00 0.000000E+00 0.000000E+00 0.000000E+00 0.000000E+00 0.000000E+00 0.000000E+00 0.000000E+00 0.000000E+00 0.000000E+00 0.000000E+00 0.000000E+00 0.000000E+00 0.000000E+00 0.000000E+00 0.000000E+00 0.000000E+00 0.000000E+00 0.000000E+00 0.000000E+00 0.000000E+00 0.000000E+00 0.000000E+00 0.000000E+00 0.000000E+00 0.000000E+00 0.000000E+00 0.000000E+00 0.000000E+00 0.000000E+00 0.000000E+00 0.000000E+00 0.000000E+00 0.000000E+00 0.000000E+00 0.000000E+00 0.000000E+00 0.000000E+00 0.000000E+00 0.000000E+00 0.000000E+00 0.000000E+00 0.000000E+00 0.000000E+00 0.000000E+00 0.000000E+00 0.000000E+00 0.000000E+00 0.000000E+00 0.000000E+00 0.000000E+00 0.000000E+00 0.000000E+00 0.000000E+00 0.000000E+00 0.000000E+00 0.000000E+00 0.000000E+00 0.000000E+00 0.000000E+00 0.000000E+00 0.000000E+00 0.000000E+00 0.000000E+00 0.000000E+00 0.000000E+00 0.000000E+00 0.000000E+00 0.000000E+00 0.000000E+00 0.000000E+00 0.000000E+00 0.000000E+00 0.000000E+00 0.000000E+00 0.000000E+00 0.000000E+00 0.000000E+00 0.000000E+00 0.000000E+00 0.000000E+00 0.000000E+00 0.000000E+00 0.000000E+00 0.000000E+00 0.000000E+00 0.000000E+00 0.000000E+00 0.000000E+00 0.000000E+00 0.000000E+00 0.000000E+00 0.000000E+00 0.000000E+00 0.000000E+00 0.000000E+00 0.000000E+00 0.000000E+00 0.000000E+00 0.000000E+00 0.000000E+00 0.000000E+00 0.000000E+00 0.000000E+00 0.000000E+00 0.000000E+00 0.000000E+00 0.000000E+00 0.000000E+00 0.000000E+00 0.000000E+00 0.000000E+00 0.000000E+00 0.000000E+00 0.000000E+00 0.000000E+00 0.000000E+00 0.000000E+00 0.000000E+00 0.000000E+00 0.000000E+00 0.000000E+00
 0.117603E+02 0.142600E+01 0.686400E+00 0.395920E+00 0.240160E+00 0.159920E+00 0.102560E+00 0.713600E-01 0.501600E-01 0.383200E-01 0.272000E-01 0.195200E-01 0.156800E-01 0.992000E-02 0.712000E-02 0.424000E-02 0.376000E-02 0.224000E-02 0.240000E-02 0.168000E-02 0.112000E-02 0.640000E-03 0.640000E-03 0.320000E-03 0.400000E-03 0.800000E-04 0.240000E-03 0.160000E-03 0.400000E-03 0.000000E+00 0.000000E+00 0.000000E+00 0.000000E+00 0.000000E+00 0.000000E+00 0.000000E+00 0.000000E+00 0.000000E+00 0.000000E+00 0.000000E+00 0.000000E+00 0.000000E+00 0.000000E+00 0.000000E+00 0.000000E+00 0.000000E+00 0.000000E+00 0.000000E+00 0.000000E+00 0.000000E+00 0.000000E+00 0.000000E+00 0.000000E+00 0.000000E+00 0.000000E+00 0.000000E+00 0.000000E+00 0.000000E+00 0.000000E+00 0.000000E+00 0.000000E+00 0.000000E+00 0.000000E+00 0.000000E+00 0.000000E+00 0.000000E+00 0.000000E+00 0.000000E+00 0.000000E+00 0.000000E+00 0.000000E+00 0.000000E+00 0.000000E+00 0.000000E+00 0.000000E+00 0.000000E+00 0.000000E+00 0.000000E+00 0.000000E+00 0.000000E+00 0.000000E+00 0.000000E+00 0.000000E+00 0.000000E+00 0.000000E+00 0.000000E+00 0.000000E+00 0.000000E+00 0.000000E+00 0.000000E+00 0.000000E+00 0.000000E+00 0.000000E+00 0.000000E+00 0.000000E+00 0.000000E+00 0.000000E+00 0.000000E+00 0.000000E+00 0.000000E+00 0.000000E+00 0.000000E+00 0.000000E+00 0.000000E+00 0.000000E+00 0.000000E+00 0.000000E+00 0.000000E+00 0.000000E+00 0.000000E+00 0.000000E+00 0.000000E+00 0.000000E+00 0.000000E+00 0.000000E+00 0.000000E+00 0.000000E+00 0.000000E+00 0.000000E+00 0.000000E+00 0.000000E+00 0.000000E+00 0.000000E+00 0.000000E+00 0.000000E+00 0.000000E+00 0.000000E+00 0.000000E+00 0.000000E+00 0.000000E+00 0.000000E+00 0.000000E+00 0.000000E+00 0.000000E+00 0.000000E+00 0.000000E+00 0.000000E+00 0.000000E+00 0.000000E+00 0.000000E+00 0.000000E+00 0.000000E+00 0.000000E+00 0.000000E+00 0.000000E+00 0.000000E+00 0.000000E+00 0.000000E+00 0.000000E+00 0.000000E+00 0.000000E+00 0.000000E+00 0.000000E+00 0.000000E+00 0.000000E+00 0.000000E+00 0.000000E+00 0.000000E+00 0.000000E+00 0.000000E+00 0.000000E+00 0.000000E+00 0.000000E+00 0.000000E+00 0.000000E+00 0.000000E+00 0.000000E+00 0.000000E+00 0.000000E+00 0.000000E+00 0.000000E+00 0.000000E+00 0.000000E+00 0.000000E+00 0.000000E+00 0.000000E+00 0.000000E+00 0.000000E+00 0.000000E+00 0.000000E+00 0.000000E+00 0.000000E+00 0.000000E+00 0.000000E+00 0.000000E+00 0.000000E+00 0.000000E+00 0.000000E+00 0.000000E+00 0.000000E+00 0.000000E+00 0.000000E+00 0.000000E+00 0.000000E+00 0.000000E+00 0.000000E+00 0.000000E+00 0.000000E+00 0.000000E+00 0.000000E+00
 0.129834E+02 0.151240E+01 0.684240E+00 0.359840E+00 0.201600E+00 0.126640E+00 0.767200E-01 0.532800E-01 0.286400E-01 0.194400E-01 0.132800E-01 0.104000E-01 0.424000E-02 0.296000E-02 0.224000E-02 0.232000E-02 0.176000E-02 0.800000E-03 0.960000E-03 0.320000E-03 0.400000E-03 0.160000E-03 0.800000E-04 0.160000E-03 0.000000E+00 0.800000E-04 0.000000E+00 0.000000E+00 0.000000E+00 0.000000E+00 0.000000E+00 0.000000E+00 0.000000E+00 0.000000E+00 0.000000E+00 0.000000E+00 0.000000E+00 0.000000E+00 0.000000E+00 0.000000E+00 0.000000E+00 0.000000E+00 0.000000E+00 0.000000E+00 0.000000E+00 0.000000E+00 0.000000E+00 0.000000E+00 0.000000E+00 0.000000E+00 0.000000E+00 0.000000E+00 0.000000E+00 0.000000E+00 0.000000E+00 0.000000E+00 0.000000E+00 0.000000E+00 0.000000E+00 0.000000E+00 0.000000E+00 0.000000E+00 0.000000E+00 0.000000E+00 0.000000E+00 0.000000E+00 0.000000E+00 0.000000E+00 0.000000E+00 0.000000E+00 0.000000E+00 0.000000E+00 0.000000E+00 0.000000E+00 0.000000E+00 0.000000E+00 0.000000E+00 0.000000E+00 0.000000E+00 0.000000E+00 0.000000E+00 0.000000E+00 0.000000E+00 0.000000E+00 0.000000E+00 0.000000E+00 0.000000E+00 0.000000E+00 0.000000E+00 0.000000E+00 0.000000E+00 0.000000E+00 0.000000E+00 0.000000E+00 0.000000E+00 0.000000E+00 0.000000E+00 0.000000E+00 0.000000E+00 0.000000E+00 0.000000E+00 0.000000E+00 0.000000E+00 0.000000E+00 0.000000E+00 0.000000E+00 0.000000E+00 0.000000E+00 0.000000E+00 0.000000E+00 0.000000E+00 0.000000E+00 0.000000E+00 0.000000E+00 0.000000E+00 0.000000E+00 0.000000E+00 0.000000E+00 0.000000E+00 0.000000E+00 0.000000E+00 0.000000E+00 0.000000E+00 0.000000E+00 0.000000E+00 0.000000E+00 0.000000E+00 0.000000E+00 0.000000E+00 0.000000E+00 0.000000E+00 0.000000E+00 0.000000E+00 0.000000E+00 0.000000E+00 0.000000E+00 0.000000E+00 0.000000E+00 0.000000E+00 0.000000E+00 0.000000E+00 0.000000E+00 0.000000E+00 0.000000E+00 0.000000E+00 0.000000E+00 0.000000E+00 0.000000E+00 0.000000E+00 0.000000E+00 0.000000E+00 0.000000E+00 0.000000E+00 0.000000E+00 0.000000E+00 0.000000E+00 0.000000E+00 0.000000E+00 0.000000E+00 0.000000E+00 0.000000E+00 0.000000E+00 0.000000E+00 0.000000E+00 0.000000E+00 0.000000E+00 0.000000E+00 0.000000E+00 0.000000E+00 0.000000E+00 0.000000E+00 0.000000E+00 0.000000E+00 0.000000E+00 0.000000E+00 0.000000E+00 0.000000E+00 0.000000E+00 0.000000E+00 0.000000E+00 0.000000E+00 0.000000E+00 0.000000E+00 0.000000E+00 0.000000E+00 0.000000E+00 0.000000E+00 0.000000E+00 0.000000E+00 0.000000E+00 0.000000E+00 0.000000E+00 0.000000E+00 0.000000E+00 0.000000E+00 0.000000E+00 0.000000E+00 0.000000E+00 0.000000E+00 0.000000E+00
 0.115154E+02 0.137512E+01 0.670640E+00 0.374880E+00 0.238720E+00 0.152320E+00 0.995200E-01 0.705600E-01 0.483200E-01 0.358400E-01 0.265600E-01 0.201600E-01 0.134400E-01 0.872000E-02 0.736000E-02 0.560000E-02 0.408000E-02 0.256000E-02 0.192000E-02 0.120000E-02 0.168000E-02 0.640000E-03 0.128000E-02 0.480000E-03 0.240000E-03 0.400000E-03 0.480000E-03 0.240000E-03 0.160000E-03 0.000000E+00 0.000000E+00 0.000000E+00 0.800000E-04 0.800000E-04 0.000000E+00 0.000000E+00 0.000000E+00 0.000000E+00 0.000000E+00 0.000000E+00 0.000000E+00 0.000000E+00 0.000000E+00 0.000000E+00 0.000000E+00 0.000000E+00 0.000000E+00 0.000000E+00 0.000000E+00 0.000000E+00 0.000000E+00 0.000000E+00 0.000000E+00 0.000000E+00 0.000000E+00 0.000000E+00 0.000000E+00 0.000000E+00 0.000000E+00 0.000000E+00 0.000000E+00 0.000000E+00 0.000000E+00 0.000000E+00 0.000000E+00 0.000000E+00 0.000000E+00 0.000000E+00 0.000000E+00 0.000000E+00 0.000000E+00 0.000000E+00 0.000000E+00 0.000000E+00 0.000000E+00 0.000000E+00 0.000000E+00 0.000000E+00 0.000000E+00 0.000000E+00 0.000000E+00 0.000000E+00 0.000000E+00 0.000000E+00 0.000000E+00 0.000000E+00 0.000000E+00 0.000000E+00 0.000000E+00 0.000000E+00 0.000000E+00 0.000000E+00 0.000000E+00 0.000000E+00 0.000000E+00 0.000000E+00 0.000000E+00 0.000000E+00 0.000000E+00 0.000000E+00 0.000000E+00 0.000000E+00 0.000000E+00 0.000000E+00 0.000000E+00 0.000000E+00 0.000000E+00 0.000000E+00 0.000000E+00 0.000000E+00 0.000000E+00 0.000000E+00 0.000000E+00 0.000000E+00 0.000000E+00 0.000000E+00 0.000000E+00 0.000000E+00 0.000000E+00 0.000000E+00 0.000000E+00 0.000000E+00 0.000000E+00 0.000000E+00 0.000000E+00 0.000000E+00 0.000000E+00 0.000000E+00 0.000000E+00 0.000000E+00 0.000000E+00 0.000000E+00 0.000000E+00 0.000000E+00 0.000000E+00 0.000000E+00 0.000000E+00 0.000000E+00 0.000000E+00 0.000000E+00 0.000000E+00 0.000000E+00 0.000000E+00 0.000000E+00 0.000000E+00 0.000000E+00 0.000000E+00 0.000000E+00 0.000000E+00 0.000000E+00 0.000000E+00 0.000000E+00 0.000000E+00 0.000000E+00 0.000000E+00 0.000000E+00 0.000000E+00 0.000000E+00 0.000000E+00 0.000000E+00 0.000000E+00 0.000000E+00 0.000000E+00 0.000000E+00 0.000000E+00 0.000000E+00 0.000000E+00 0.000000E+00 0.000000E+00 0.000000E+00 0.000000E+00 0.000000E+00 0.000000E+00 0.000000E+00 0.000000E+00 0.000000E+00 0.000000E+00 0.000000E+00 0.000000E+00 0.000000E+00 0.000000E+00 0.000000E+00 0.000000E+00 0.000000E+00 0.000000E+00 0.000000E+00 0.000000E+00 0.000000E+00 0.000000E+00 0.000000E+00 0.000000E+00 0.000000E+00 0.000000E+00 0.000000E+00 0.000000E+00 0.000000E+00 0.000000E+00 0.000000E+00 0.000000E+00 0.000000E+00
 0.393410E+02 0.524320E+00 0.213520E+00 0.102240E+00 0.504000E-01 0.311200E-01 0.165600E-01 0.912000E-02 0.688000E-02 0.240000E-02 0.224000E-02 0.216000E-02 0.800000E-03 0.640000E-03 0.320000E-03 0.400000E-03 0.800000E-04 0.800000E-04 0.160000E-03 0.320000E-03 0.800000E-04 0.000000E+00 0.000000E+00 0.000000E+00 0.000000E+00 0.000000E+00 0.000000E+00 0.000000E+00 0.000000E+00 0.000000E+00 0.000000E+00 0.000000E+00 0.000000E+00 0.000000E+00 0.000000E+00 0.000000E+00 0.000000E+00 0.000000E+00 0.000000E+00 0.000000E+00 0.000000E+00 0.000000E+00 0.000000E+00 0.000000E+00 0.000000E+00 0.000000E+00 0.000000E+00 0.000000E+00 0.000000E+00 0.000000E+00 0.000000E+00 0.000000E+00 0.000000E+00 0.000000E+00 0.000000E+00 0.000000E+00 0.000000E+00 0.000000E+00 0.000000E+00 0.000000E+00 0.000000E+00 0.000000E+00 0.000000E+00 0.000000E+00 0.000000E+00 0.000000E+00 0.000000E+00 0.000000E+00 0.000000E+00 0.000000E+00 0.000000E+00 0.000000E+00 0.000000E+00 0.000000E+00 0.000000E+00 0.000000E+00 0.000000E+00 0.000000E+00 0.000000E+00 0.000000E+00 0.000000E+00 0.000000E+00 0.000000E+00 0.000000E+00 0.000000E+00 0.000000E+00 0.000000E+00 0.000000E+00 0.000000E+00 0.000000E+00 0.000000E+00 0.000000E+00 0.000000E+00 0.000000E+00 0.000000E+00 0.000000E+00 0.000000E+00 0.000000E+00 0.000000E+00 0.000000E+00 0.000000E+00 0.000000E+00 0.000000E+00 0.000000E+00 0.000000E+00 0.000000E+00 0.000000E+00 0.000000E+00 0.000000E+00 0.000000E+00 0.000000E+00 0.000000E+00 0.000000E+00 0.000000E+00 0.000000E+00 0.000000E+00 0.000000E+00 0.000000E+00 0.000000E+00 0.000000E+00 0.000000E+00 0.000000E+00 0.000000E+00 0.000000E+00 0.000000E+00 0.000000E+00 0.000000E+00 0.000000E+00 0.000000E+00 0.000000E+00 0.000000E+00 0.000000E+00 0.000000E+00 0.000000E+00 0.000000E+00 0.000000E+00 0.000000E+00 0.000000E+00 0.000000E+00 0.000000E+00 0.000000E+00 0.000000E+00 0.000000E+00 0.000000E+00 0.000000E+00 0.000000E+00 0.000000E+00 0.000000E+00 0.000000E+00 0.000000E+00 0.000000E+00 0.000000E+00 0.000000E+00 0.000000E+00 0.000000E+00 0.000000E+00 0.000000E+00 0.000000E+00 0.000000E+00 0.000000E+00 0.000000E+00 0.000000E+00 0.000000E+00 0.000000E+00 0.000000E+00 0.000000E+00 0.000000E+00 0.000000E+00 0.000000E+00 0.000000E+00 0.000000E+00 0.000000E+00 0.000000E+00 0.000000E+00 0.000000E+00 0.000000E+00 0.000000E+00 0.000000E+00 0.000000E+00 0.000000E+00 0.000000E+00 0.000000E+00 0.000000E+00 0.000000E+00 0.000000E+00 0.000000E+00 0.000000E+00 0.000000E+00 0.000000E+00 0.000000E+00 0.000000E+00 0.000000E+00 0.000000E+00 0.000000E+00 0.000000E+00 0.000000E+00 0.000000E+00 0.000000E+00 0.000000E+00 0.000000E+00
 0.364810E+02 0.108136E+01 0.507360E+00 0.280320E+00 0.172720E+00 0.103520E+00 0.726400E-01 0.511200E-01 0.342400E-01 0.229600E-01 0.164800E-01 0.115200E-01 0.944000E-02 0.536000E-02 0.424000E-02 0.328000E-02 0.200000E-02 0.136000E-02 0.104000E-02 0.640000E-03 0.400000E-03 0.560000E-03 0.320000E-03 0.640000E-03 0.160000E-03 0.240000E-03 0.240000E-03 0.800000E-04 0.160000E-03 0.000000E+00 0.000000E+00 0.000000E+00 0.800000E-04 0.000000E+00 0.000000E+00 0.000000E+00 0.000000E+00 0.000000E+00 0.000000E+00 0.000000E+00 0.000000E+00 0.000000E+00 0.000000E+00 0.000000E+00 0.000000E+00 0.000000E+00 0.000000E+00 0.000000E+00 0.000000E+00 0.000000E+00 0.000000E+00 0.000000E+00 0.000000E+00 0.000000E+00 0.000000E+00 0.000000E+00 0.000000E+00 0.000000E+00 0.000000E+00 0.000000E+00 0.000000E+00 0.000000E+00 0.000000E+00 0.000000E+00 0.000000E+00 0.000000E+00 0.000000E+00 0.000000E+00 0.000000E+00 0.000000E+00 0.000000E+00 0.000000E+00 0.000000E+00 0.000000E+00 0.000000E+00 0.000000E+00 0.000000E+00 0.000000E+00 0.000000E+00 0.000000E+00 0.000000E+00 0.000000E+00 0.000000E+00 0.000000E+00 0.000000E+00 0.000000E+00 0.000000E+00 0.000000E+00 0.000000E+00 0.000000E+00 0.000000E+00 0.000000E+00 0.000000E+00 0.000000E+00 0.000000E+00 0.000000E+00 0.000000E+00 0.000000E+00 0.000000E+00 0.000000E+00 0.000000E+00 0.000000E+00 0.000000E+00 0.000000E+00 0.000000E+00 0.000000E+00 0.000000E+00 0.000000E+00 0.000000E+00 0.000000E+00 0.000000E+00 0.000000E+00 0.000000E+00 0.000000E+00 0.000000E+00 0.000000E+00 0.000000E+00 0.000000E+00 0.000000E+00 0.000000E+00 0.000000E+00 0.000000E+00 0.000000E+00 0.000000E+00 0.000000E+00 0.000000E+00 0.000000E+00 0.000000E+00 0.000000E+00 0.000000E+00 0.000000E+00 0.000000E+00 0.000000E+00 0.000000E+00 0.000000E+00 0.000000E+00 0.000000E+00 0.000000E+00 0.000000E+00 0.000000E+00 0.000000E+00 0.000000E+00 0.000000E+00 0.000000E+00 0.000000E+00 0.000000E+00 0.000000E+00 0.000000E+00 0.000000E+00 0.000000E+00 0.000000E+00 0.000000E+00 0.000000E+00 0.000000E+00 0.000000E+00 0.000000E+00 0.000000E+00 0.000000E+00 0.000000E+00 0.000000E+00 0.000000E+00 0.000000E+00 0.000000E+00 0.000000E+00 0.000000E+00 0.000000E+00 0.000000E+00 0.000000E+00 0.000000E+00 0.000000E+00 0.000000E+00 0.000000E+00 0.000000E+00 0.000000E+00 0.000000E+00 0.000000E+00 0.000000E+00 0.000000E+00 0.000000E+00 0.000000E+00 0.000000E+00 0.000000E+00 0.000000E+00 0.000000E+00 0.000000E+00 0.000000E+00 0.000000E+00 0.000000E+00 0.000000E+00 0.000000E+00 0.000000E+00 0.000000E+00 0.000000E+00 0.000000E+00 0.000000E+00 0.000000E+00 0.000000E+00 0.000000E+00 0.000000E+00 0.000000E+00
 0.132638E+02 0.153832E+01 0.679440E+00 0.368000E+00 0.204720E+00 0.124240E+00 0.814400E-01 0.494400E-01 0.338400E-01 0.230400E-01 0.115200E-01 0.102400E-01 0.544000E-02 0.392000E-02 0.312000E-02 0.168000E-02 0.960000E-03 0.128000E-02 0.480000E-03 0.400000E-03 0.320000E-03 0.000000E+00 0.800000E-04 0.240000E-03 0.800000E-04 0.000000E+00 0.000000E+00 0.000000E+00 0.000000E+00 0.000000E+00 0.000000E+00 0.000000E+00 0.000000E+00 0.000000E+00 0.000000E+00 0.000000E+00 0.000000E+00 0.000000E+00 0.000000E+00 0.000000E+00 0.000000E+00 0.000000E+00 0.000000E+00 0.000000E+00 0.000000E+00 0.000000E+00 0.000000E+00 0.000000E+00 0.000000E+00 0.000000E+00 0.000000E+00 0.000000E+00 0.000000E+00 0.000000E+00 0.000000E+00 0.000000E+00 0.000000E+00 0.000000E+00 0.000000E+00 0.000000E+00 0.000000E+00 0.000000E+00 0.000000E+00 0.000000E+00 0.000000E+00 0.000000E+00 0.000000E+00 0.000000E+00 0.000000E+00 0.000000E+00 0.000000E+00 0.000000E+00 0.000000E+00 0.000000E+00 0.000000E+00 0.000000E+00 0.000000E+00 0.000000E+00 0.000000E+00 0.000000E+00 0.000000E+00 0.000000E+00 0.000000E+00 0.000000E+00 0.000000E+00 0.000000E+00 0.000000E+00 0.000000E+00 0.000000E+00 0.000000E+00 0.000000E+00 0.000000E+00 0.000000E+00 0.000000E+00 0.000000E+00 0.000000E+00 0.000000E+00 0.000000E+00 0.000000E+00 0.000000E+00 0.000000E+00 0.000000E+00 0.000000E+00 0.000000E+00 0.000000E+00 0.000000E+00 0.000000E+00 0.000000E+00 0.000000E+00 0.000000E+00 0.000000E+00 0.000000E+00 0.000000E+00 0.000000E+00 0.000000E+00 0.000000E+00 0.000000E+00 0.000000E+00 0.000000E+00 0.000000E+00 0.000000E+00 0.000000E+00 0.000000E+00 0.000000E+00 0.000000E+00 0.000000E+00 0.000000E+00 0.000000E+00 0.000000E+00 0.000000E+00 0.000000E+00 0.000000E+00 0.000000E+00 0.000000E+00 0.000000E+00 0.000000E+00 0.000000E+00 0.000000E+00 0.000000E+00 0.000000E+00 0.000000E+00 0.000000E+00 0.000000E+00 0.000000E+00 0.000000E+00 0.000000E+00 0.000000E+00 0.000000E+00 0.000000E+00 0.000000E+00 0.000000E+00 0.000000E+00 0.000000E+00 0.000000E+00 0.000000E+00 0.000000E+00 0.000000E+00 0.000000E+00 0.000000E+00 0.000000E+00 0.000000E+00 0.000000E+00 0.000000E+00 0.000000E+00 0.000000E+00 0.000000E+00 0.000000E+00 0.000000E+00 0.000000E+00 0.000000E+00 0.000000E+00 0.000000E+00 0.000000E+00 0.000000E+00 0.000000E+00 0.000000E+00 0.000000E+00 0.000000E+00 0.000000E+00 0.000000E+00 0.000000E+00 0.000000E+00 0.000000E+00 0.000000E+00 0.000000E+00 0.000000E+00 0.000000E+00 0.000000E+00 0.000000E+00 0.000000E+00 0.000000E+00 0.000000E+00 0.000000E+00 0.000000E+00 0.000000E+00 0.000000E+00 0.000000E+00 0.000000E+00 0.000000E+00 0.000000E+00
 0.117603E+02 0.142600E+01 0.686400E+00 0.395920E+00 0.240160E+00 0.159920E+00 0.102560E+00 0.713600E-01 0.501600E-01 0.383200E-01 0.272000E-01 0.195200E-01 0.156800E-01 0.992000E-02 0.712000E-02 0.424000E-02 0.376000E-02 0.224000E-02 0.240000E-02 0.168000E-02 0.112000E-02 0.640000E-03 0.640000E-03 0.320000E-03 0.400000E-03 0.800000E-04 0.240000E-03 0.160000E-03 0.400000E-03 0.000000E+00 0.000000E+00 0.000000E+00 0.000000E+00 0.000000E+00 0.000000E+00 0.000000E+00 0.000000E+00 0.000000E+00 0.000000E+00 0.000000E+00 0.000000E+00 0.000000E+00 0.000000E+00 0.000000E+00 0.000000E+00 0.000000E+00 0.000000E+00 0.000000E+00 0.000000E+00 0.000000E+00 0.000000E+00 0.000000E+00 0.000000E+00 0.000000E+00 0.000000E+00 0.000000E+00 0.000000E+00 0.000000E+00 0.000000E+00 0.000000E+00 0.000000E+00 0.000000E+00 0.000000E+00 0.000000E+00 0.000000E+00 0.000000E+00 0.000000E+00 0.000000E+00 0.000000E+00 0.000000E+00 0.000000E+00 0.000000E+00 0.000000E+00 0.000000E+00 0.000000E+00 0.000000E+00 0.000000E+00 0.000000E+00 0.000000E+00 0.000000E+00 0.000000E+00 0.000000E+00 0.000000E+00 0.000000E+00 0.000000E+00 0.000000E+00 0.000000E+00 0.000000E+00 0.000000E+00 0.000000E+00 0.000000E+00 0.000000E+00 0.000000E+00 0.000000E+00 0.000000E+00 0.000000E+00 0.000000E+00 0.000000E+00 0.000000E+00 0.000000E+00 0.000000E+00 0.000000E+00 0.000000E+00 0.000000E+00 0.000000E+00 0.000000E+00 0.000000E+00 0.000000E+00 0.000000E+00 0.000000E+00 0.000000E+00 0.000000E+00 0.000000E+00 0.000000E+00 0.000000E+00 0.000000E+00 0.000000E+00 0.000000E+00 0.000000E+00 0.000000E+00 0.000000E+00 0.000000E+00 0.000000E+00 0.000000E+00 0.000000E+00 0.000000E+00 0.000000E+00 0.000000E+00 0.000000E+00 0.000000E+00 0.000000E+00 0.000000E+00 0.000000E+00 0.000000E+00 0.000000E+00 0.000000E+00 0.000000E+00 0.000000E+00 0.000000E+00 0.000000E+00 0.000000E+00 0.000000E+00 0.000000E+00 0.000000E+00 0.000000E+00 0.000000E+00 0.000000E+00 0.000000E+00 0.000000E+00 0.000000E+00 0.000000E+00 0.000000E+00 0.000000E+00 0.000000E+00 0.000000E+00 0.000000E+00 0.000000E+00 0.000000E+00 0.000000E+00 0.000000E+00 0.000000E+00 0.000000E+00 0.000000E+00 0.000000E+00 0.000000E+00 0.000000E+00 0.000000E+00 0.000000E+00 0.000000E+00 0.000000E+00 0.000000E+00 0.000000E+00 0.000000E+00 0.000000E+00 0.000000E+00 0.000000E+00 0.000000E+00 0.000000E+00 0.000000E+00 0.000000E+00 0.000000E+00 0.000000E+00 0.000000E+00 0.000000E+00 0.000000E+00 0.000000E+00 0.000000E+00 0.000000E+00 0.000000E+00 0.000000E+00 0.000000E+00 0.000000E+00 0.000000E+00 0.000000E+00 0.000000E+00 0.000000E+00 0.000000E+00 0.000000E+00 0.000000E+00 0.000000E+00
 0.129834E+02 0.151240E+01 0.684240E+00 0.359840E+00 0.201600E+00 0.126640E+00 0.767200E-01 0.532800E-01 0.286400E-01 0.194400E-01 0.132800E-01 0.104000E-01 0.424000E-02 0.296000E-02 0.224000E-02 0.232000E-02 0.176000E-02 0.800000E-03 0.960000E-03 0.320000E-03 0.400000E-03 0.160000E-03 0.800000E-04 0.160000E-03 0.000000E+00 0.800000E-04 0.000000E+00 0.000000E+00 0.000000E+00 0.000000E+00 0.000000E+00 0.000000E+00 0.000000E+00 0.000000E+00 0.000000E+00 0.000000E+00 0.000000E+00 0.000000E+00 0.000000E+00 0.000000E+00 0.000000E+00 0.000000E+00 0.000000E+00 0.000000E+00 0.000000E+00 0.000000E+00 0.000000E+00 0.000000E+00 0.000000E+00 0.000000E+00 0.000000E+00 0.000000E+00 0.000000E+00 0.000000E+00 0.000000E+00 0.000000E+00 0.000000E+00 0.000000E+00 0.000000E+00 0.000000E+00 0.000000E+00 0.000000E+00 0.000000E+00 0.000000E+00 0.000000E+00 0.000000E+00 0.000000E+00 0.000000E+00 0.000000E+00 0.000000E+00 0.000000E+00 0.000000E+00 0.000000E+00 0.000000E+00 0.000000E+00 0.000000E+00 0.000000E+00 0.000000E+00 0.000000E+00 0.000000E+00 0.000000E+00 0.000000E+00 0.000000E+00 0.000000E+00 0.000000E+00 0.000000E+00 0.000000E+00 0.000000E+00 0.000000E+00 0.000000E+00 0.000000E+00 0.000000E+00 0.000000E+00 0.000000E+00 0.000000E+00 0.000000E+00 0.000000E+00 0.000000E+00 0.000000E+00 0.000000E+00 0.000000E+00 0.000000E+00 0.000000E+00 0.000000E+00 0.000000E+00 0.000000E+00 0.000000E+00 0.000000E+00 0.000000E+00 0.000000E+00 0.000000E+00 0.000000E+00 0.000000E+00 0.000000E+00 0.000000E+00 0.000000E+00 0.000000E+00 0.000000E+00 0.000000E+00 0.000000E+00 0.000000E+00 0.000000E+00 0.000000E+00 0.000000E+00 0.000000E+00 0.000000E+00 0.000000E+00 0.000000E+00 0.000000E+00 0.000000E+00 0.000000E+00 0.000000E+00 0.000000E+00 0.000000E+00 0.000000E+00 0.000000E+00 0.000000E+00 0.000000E+00 0.000000E+00 0.000000E+00 0.000000E+00 0.000000E+00 0.000000E+00 0.000000E+00 0.000000E+00 0.000000E+00 0.000000E+00 0.000000E+00 0.000000E+00 0.000000E+00 0.000000E+00 0.000000E+00 0.000000E+00 0.000000E+00 0.000000E+00 0.000000E+00 0.000000E+00 0.000000E+00 0.000000E+00 0.000000E+00 0.000000E+00 0.000000E+00 0.000000E+00 0.000000E+00 0.000000E+00 0.000000E+00 0.000000E+00 0.000000E+00 0.000000E+00 0.000000E+00 0.000000E+00 0.000000E+00 0.000000E+00 0.000000E+00 0.000000E+00 0.000000E+00 0.000000E+00 0.000000E+00 0.000000E+00 0.000000E+00 0.000000E+00 0.000000E+00 0.000000E+00 0.000000E+00 0.000000E+00 0.000000E+00 0.000000E+00 0.000000E+00 0.000000E+00 0.000000E+00 0.000000E+00 0.000000E+00 0.000000E+00 0.000000E+00 0.000000E+00 0.000000E+00 0.000000E+00 0.000000E+00 0.000000E+00 0.000000E+00
 0.115154E+02 0.137512E+01 0.670640E+00 0.374880E+00 0.238720E+00 0.152320E+00 0.995200E-01 0.705600E-01 0.483200E-01 0.358400E-01 0.265600E-01 0.201600E-01 0.134400E-01 0.872000E-02 0.736000E-02 0.560000E-02 0.408000E-02 0.256000E-02 0.192000E-02 0.120000E-02 0.168000E-02 0.640000E-03 0.128000E-02 0.480000E-03 0.240000E-03 0.400000E-03 0.480000E-03 0.240000E-03 0.160000E-03 0.000000E+00 0.000000E+00 0.000000E+00 0.800000E-04 0.800000E-04 0.000000E+00 0.000000E+00 0.000000E+00 0.000000E+00 0.000000E+00 0.000000E+00 0.000000E+00 0.000000E+00 0.000000E+00 0.000000E+00 0.000000E+00 0.000000E+00 0.000000E+00 0.000000E+00 0.000000E+00 0.000000E+00 0.000000E+00 0.000000E+00 0.000000E+00 0.000000E+00 0.000000E+00 0.000000E+00 0.000000E+00 0.000000E+00 0.000000E+00 0.000000E+00 0.000000E+00 0.000000E+00 0.000000E+00 0.000000E+00 0.000000E+00 0.000000E+00 0.000000E+00 0.000000E+00 0.000000E+00 0.000000E+00 0.000000E+00 0.000000E+00 0.000000E+00 0.000000E+00 0.000000E+00 0.000000E+00 0.000000E+00 0.000000E+00 0.000000E+00 0.000000E+00 0.000000E+00 0.000000E+00 0.000000E+00 0.000000E+00 0.000000E+00 0.000000E+00 0.000000E+00 0.000000E+00 0.000000E+00 0.000000E+00 0.000000E+00 0.000000E+00 0.000000E+00 0.000000E+00 0.000000E+00 0.000000E+00 0.000000E+00 0.000000E+00 0.000000E+00 0.000000E+00 0.000000E+00 0.000000E+00 0.000000E+00 0.000000E+00 0.000000E+00 0.000000E+00 0.000000E+00 0.000000E+00 0.000000E+00 0.000000E+00 0.000000E+00 0.000000E+00 0.000000E+00 0.000000E+00 0.000000E+00 0.000000E+00 0.000000E+00 0.000000E+00 0.000000E+00 0.000000E+00 0.000000E+00 0.000000E+00 0.000000E+00 0.000000E+00 0.000000E+00 0.000000E+00 0.000000E+00 0.000000E+00 0.000000E+00 0.000000E+00 0.000000E+00 0.000000E+00 0.000000E+00 0.000000E+00 0.000000E+00 0.000000E+00 0.000000E+00 0.000000E+00 0.000000E+00 0.000000E+00 0.000000E+00 0.000000E+00 0.000000E+00 0.000000E+00 0.000000E+00 0.000000E+00 0.000000E+00 0.000000E+00 0.000000E+00 0.000000E+00 0.000000E+00 0.000000E+00 0.000000E+00 0.000000E+00 0.000000E+00 0.000000E+00 0.000000E+00 0.000000E+00 0.000000E+00 0.000000E+00 0.000000E+00 0.000000E+00 0.000000E+00 0.000000E+00 0.000000E+00 0.000000E+00 0.000000E+00 0.000000E+00 0.000000E+00 0.000000E+00 0.000000E+00 0.000000E+00 0.000000E+00 0.000000E+00 0.000000E+00 0.000000E+00 0.000000E+00 0.000000E+00 0.000000E+00 0.000000E+00 0.000000E+00 0.000000E+00 0.000000E+00 0.000000E+00 0.000000E+00 0.000000E+00 0.000000E+00 0.000000E+00 0.000000E+00 0.000000E+00 0.000000E+00 0.000000E+00 0.000000E+00 0.000000E+00 0.000000E+00 0.000000E+00 0.000000E+00 0.000000E+00 0.000000E+00 0.000000E+00
 0.393410E+02 0.524320E+00 0.213520E+00 0.102240E+00 0.504000E-01 0.311200E-01 0.165600E-01 0.912000E-02 0.688000E-02 0.240000E-02 0.224000E-02 0.216000E-02 0.800000E-03 0.640000E-03 0.320000E-03 0.400000E-03 0.800000E-04 0.800000E-04 0.160000E-03 0.320000E-03 0.800000E-04 0.000000E+00 0.000000E+00 0.000000E+00 0.000000E+00 0.000000E+00 0.000000E+00 0.000000E+00 0.000000E+00 0.000000E+00 0.000000E+00 0.000000E+00 0.000000E+00 0.000000E+00 0.000000E+00 0.000000E+00 0.000000E+00 0.000000E+00 0.000000E+00 0.000000E+00 0.000000E+00 0.000000E+00 0.000000E+00 0.000000E+00 0.000000E+00 0.000000E+00 0.000000E+00 0.000000E+00 0.000000E+00 0.000000E+00 0.000000E+00 0.000000E+00 0.000000E+00 0.000000E+00 0.000000E+00 0.000000E+00 0.000000E+00 0.000000E+00 0.000000E+00 0.000000E+00 0.000000E+00 0.000000E+00 0.000000E+00 0.000000E+00 0.000000E+00 0.000000E+00 0.000000E+00 0.000000E+00 0.000000E+00 0.000000E+00 0.000000E+00 0.000000E+00 0.000000E+00 0.000000E+00 0.000000E+00 0.000000E+00 0.000000E+00 0.000000E+00 0.000000E+00 0.000000E+00 0.000000E+00 0.000000E+00 0.000000E+00 0.000000E+00 0.000000E+00 0.000000E+00 0.000000E+00 0.000000E+00 0.000000E+00 0.000000E+00 0.000000E+00 0.000000E+00 0.000000E+00 0.000000E+00 0.000000E+00 0.000000E+00 0.000000E+00 0.000000E+00 0.000000E+00 0.000000E+00 0.000000E+00 0.000000E+00 0.000000E+00 0.000000E+00 0.000000E+00 0.000000E+00 0.000000E+00 0.000000E+00 0.000000E+00 0.000000E+00 0.000000E+00 0.000000E+00 0.000000E+00 0.000000E+00 0.000000E+00 0.000000E+00 0.000000E+00 0.000000E+00 0.000000E+00 0.000000E+00 0.000000E+00 0.000000E+00 0.000000E+00 0.000000E+00 0.000000E+00 0.000000E+00 0.000000E+00 0.000000E+00 0.000000E+00 0.000000E+00 0.000000E+00 0.000000E+00 0.000000E+00 0.000000E+00 0.000000E+00 0.000000E+00 0.000000E+00 0.000000E+00 0.000000E+00 0.000000E+00 0.000000E+00 0.000000E+00 0.000000E+00 0.000000E+00 0.000000E+00 0.000000E+00 0.000000E+00 0.000000E+00 0.000000E+00 0.000000E+00 0.000000E+00 0.000000E+00 0.000000E+00 0.000000E+00 0.000000E+00 0.000000E+00 0.000000E+00 0.000000E+00 0.000000E+00 0.000000E+00 0.000000E+00 0.000000E+00 0.000000E+00 0.000000E+00 0.000000E+00 0.000000E+00 0.000000E+00 0.000000E+00 0.000000E+00 0.000000E+00 0.000000E+00 0.000000E+00 0.000000E+00 0.000000E+00 0.000000E+00 0.000000E+00 0.000000E+00 0.000000E+00 0.000000E+00 0.000000E+00 0.000000E+00 0.000000E+00 0.000000E+00 0.000000E+00 0.000000E+00 0.000000E+00 0.000000E+00 0.000000E+00 0.000000E+00 0.000000E+00 0.000000E+00 0.000000E+00 0.000000E+00 0.000000E+00 0.000000E+00 0.000000E+00 0.000000E+00 0.000000E+00 0.000000E+00 0.000000E+00
 0.364810E+02 0.108136E+01 0.507360E+00 0.280320E+00 0.172720E+00 0.103520E+00 0.726400E-01 0.511200E-01 0.342400E-01 0.229600E-01 0.164800E-01 0.115200E-01 0.944000E-02 0.536000E-02 0.424000E-02 0.328000E-02 0.200000E-02 0.136000E-02 0.104000E-02 0.640000E-03 0.400000E-03 0.560000E-03 0.320000E-03 0.640000E-03 0.160000E-03 0.240000E-03 0.240000E-03 0.800000E-04 0.160000E-03 0.000000E+00 0.000000E+00 0.000000E+00 0.800000E-04 0.000000E+00 0.000000E+00 0.000000E+00 0.000000E+00 0.000000E+00 0.000000E+00 0.000000E+00 0.000000E+00 0.000000E+00 0.000000E+00 0.000000E+00 0.000000E+00 0.000000E+00 0.000000E+00 0.000000E+00 0.000000E+00 0.000000E+00 0.000000E+00 0.000000E+00 0.000000E+00 0.000000E+00 0.000000E+00 0.000000E+00 0.000000E+00 0.000000E+00 0.000000E+00 0.000000E+00 0.000000E+00 0.000000E+00 0.000000E+00 0.000000E+00 0.000000E+00 0.000000E+00 0.000000E+00 0.000000E+00 0.000000E+00 0.000000E+00 0.000000E+00 0.000000E+00 0.000000E+00 0.000000E+00 0.000000E+00 0.000000E+00 0.000000E+00 0.000000E+00 0.000000E+00 0.000000E+00 0.000000E+00 0.000000E+00 0.000000E+00 0.000000E+00 0.000000E+00 0.000000E+00 0.000000E+00 0.000000E+00 0.000000E+00 0.000000E+00 0.000000E+00 0.000000E+00 0.000000E+00 0.000000E+00 0.000000E+00 0.000000E+00 0.000000E+00 0.000000E+00 0.000000E+00 0.000000E+00 0.000000E+00 0.000000E+00 0.000000E+00 0.000000E+00 0.000000E+00 0.000000E+00 0.000000E+00 0.000000E+00 0.000000E+00 0.000000E+00 0.000000E+00 0.000000E+00 0.000000E+00 0.000000E+00 0.000000E+00 0.000000E+00 0.000000E+00 0.000000E+00 0.000000E+00 0.000000E+00 0.000000E+00 0.000000E+00 0.000000E+00 0.000000E+00 0.000000E+00 0.000000E+00 0.000000E+00 0.000000E+00 0.000000E+00 0.000000E+00 0.000000E+00 0.000000E+00 0.000000E+00 0.000000E+00 0.000000E+00 0.000000E+00 0.000000E+00 0.000000E+00 0.000000E+00 0.000000E+00 0.000000E+00 0.000000E+00 0.000000E+00 0.000000E+00 0.000000E+00 0.000000E+00 0.000000E+00 0.000000E+00 0.000000E+00 0.000000E+00 0.000000E+00 0.000000E+00 0.000000E+00 0.000000E+00 0.000000E+00 0.000000E+00 0.000000E+00 0.000000E+00 0.000000E+00 0.000000E+00 0.000000E+00 0.000000E+00 0.000000E+00 0.000000E+00 0.000000E+00 0.000000E+00 0.000000E+00 0.000000E+00 0.000000E+00 0.000000E+00 0.000000E+00 0.000000E+00 0.000000E+00 0.000000E+00 0.000000E+00 0.000000E+00 0.000000E+00 0.000000E+00 0.000000E+00 0.000000E+00 0.000000E+00 0.000000E+00 0.000000E+00 0.000000E+00 0.000000E+00 0.000000E+00 0.000000E+00 0.000000E+00 0.000000E+00 0.000000E+00 0.000000E+00 0.000000E+00 0.000000E+00 0.000000E+00 0.000000E+00 0.000000E+00 0.000000E+00 0.000000E+00 0.000000E+00 0.000000E+00
