### Run with WimpAnn version = wimpann-2.08                            
###   Using Pythia version   = Pythia 6.400    
###   Using nusigma version  = nusigma-1.15-pyr                        
###   Using DarkSUSY version = ds-4.1.6                                
###   WimpAnn run started at date 2007-09-06; time 07:56:11
### Neutrino oscillation parameters
#      theta_12 =  0.00000000E+00
#      theta_13 =  0.00000000E+00
#      theta_23 =  0.00000000E+00
#         delta =  0.00000000E+00
#  delta_m^2_21 =  0.81000000E-04
#  delta_m^2_31 =  0.22000000E-02
### WimpAnn run parameters
#  Annihilation channel =        18
#  Generated particles =  nu_tau           nu_taubar       
#  WIMP mass =  0.10000000E+04
#  Number of annihilations =   2500000
#  Source = Sun
#...dPhi/dz in  200 bins from 0 to 1
#...Line  1- 6: flux at centre of Sun for neutrino 1-6
#...Line  7-12: flux at surface of Sun for neutrino 1-6
#...Line 13-18: flux at 1 AU from the Sun for neutrino 1-6
#...Line 19-24: flux at surface of Sun for secondary neutrino 1-6
#...Line 25-30: flux at 1 AU from the Sun for secondary neutrino 1-6
 0.000000E+00 0.000000E+00 0.000000E+00 0.000000E+00 0.000000E+00 0.000000E+00 0.000000E+00 0.000000E+00 0.000000E+00 0.000000E+00 0.000000E+00 0.000000E+00 0.000000E+00 0.000000E+00 0.000000E+00 0.000000E+00 0.000000E+00 0.000000E+00 0.000000E+00 0.000000E+00 0.000000E+00 0.000000E+00 0.000000E+00 0.000000E+00 0.000000E+00 0.000000E+00 0.000000E+00 0.000000E+00 0.000000E+00 0.000000E+00 0.000000E+00 0.000000E+00 0.000000E+00 0.000000E+00 0.000000E+00 0.000000E+00 0.000000E+00 0.000000E+00 0.000000E+00 0.000000E+00 0.000000E+00 0.000000E+00 0.000000E+00 0.000000E+00 0.000000E+00 0.000000E+00 0.000000E+00 0.000000E+00 0.000000E+00 0.000000E+00 0.000000E+00 0.000000E+00 0.000000E+00 0.000000E+00 0.000000E+00 0.000000E+00 0.000000E+00 0.000000E+00 0.000000E+00 0.000000E+00 0.000000E+00 0.000000E+00 0.000000E+00 0.000000E+00 0.000000E+00 0.000000E+00 0.000000E+00 0.000000E+00 0.000000E+00 0.000000E+00 0.000000E+00 0.000000E+00 0.000000E+00 0.000000E+00 0.000000E+00 0.000000E+00 0.000000E+00 0.000000E+00 0.000000E+00 0.000000E+00 0.000000E+00 0.000000E+00 0.000000E+00 0.000000E+00 0.000000E+00 0.000000E+00 0.000000E+00 0.000000E+00 0.000000E+00 0.000000E+00 0.000000E+00 0.000000E+00 0.000000E+00 0.000000E+00 0.000000E+00 0.000000E+00 0.000000E+00 0.000000E+00 0.000000E+00 0.000000E+00 0.000000E+00 0.000000E+00 0.000000E+00 0.000000E+00 0.000000E+00 0.000000E+00 0.000000E+00 0.000000E+00 0.000000E+00 0.000000E+00 0.000000E+00 0.000000E+00 0.000000E+00 0.000000E+00 0.000000E+00 0.000000E+00 0.000000E+00 0.000000E+00 0.000000E+00 0.000000E+00 0.000000E+00 0.000000E+00 0.000000E+00 0.000000E+00 0.000000E+00 0.000000E+00 0.000000E+00 0.000000E+00 0.000000E+00 0.000000E+00 0.000000E+00 0.000000E+00 0.000000E+00 0.000000E+00 0.000000E+00 0.000000E+00 0.000000E+00 0.000000E+00 0.000000E+00 0.000000E+00 0.000000E+00 0.000000E+00 0.000000E+00 0.000000E+00 0.000000E+00 0.000000E+00 0.000000E+00 0.000000E+00 0.000000E+00 0.000000E+00 0.000000E+00 0.000000E+00 0.000000E+00 0.000000E+00 0.000000E+00 0.000000E+00 0.000000E+00 0.000000E+00 0.000000E+00 0.000000E+00 0.000000E+00 0.000000E+00 0.000000E+00 0.000000E+00 0.000000E+00 0.000000E+00 0.000000E+00 0.000000E+00 0.000000E+00 0.000000E+00 0.000000E+00 0.000000E+00 0.000000E+00 0.000000E+00 0.000000E+00 0.000000E+00 0.000000E+00 0.000000E+00 0.000000E+00 0.000000E+00 0.000000E+00 0.000000E+00 0.000000E+00 0.000000E+00 0.000000E+00 0.000000E+00 0.000000E+00 0.000000E+00 0.000000E+00 0.000000E+00 0.000000E+00 0.000000E+00 0.000000E+00 0.000000E+00 0.000000E+00 0.000000E+00 0.000000E+00 0.000000E+00 0.000000E+00 0.000000E+00
 0.000000E+00 0.000000E+00 0.000000E+00 0.000000E+00 0.000000E+00 0.000000E+00 0.000000E+00 0.000000E+00 0.000000E+00 0.000000E+00 0.000000E+00 0.000000E+00 0.000000E+00 0.000000E+00 0.000000E+00 0.000000E+00 0.000000E+00 0.000000E+00 0.000000E+00 0.000000E+00 0.000000E+00 0.000000E+00 0.000000E+00 0.000000E+00 0.000000E+00 0.000000E+00 0.000000E+00 0.000000E+00 0.000000E+00 0.000000E+00 0.000000E+00 0.000000E+00 0.000000E+00 0.000000E+00 0.000000E+00 0.000000E+00 0.000000E+00 0.000000E+00 0.000000E+00 0.000000E+00 0.000000E+00 0.000000E+00 0.000000E+00 0.000000E+00 0.000000E+00 0.000000E+00 0.000000E+00 0.000000E+00 0.000000E+00 0.000000E+00 0.000000E+00 0.000000E+00 0.000000E+00 0.000000E+00 0.000000E+00 0.000000E+00 0.000000E+00 0.000000E+00 0.000000E+00 0.000000E+00 0.000000E+00 0.000000E+00 0.000000E+00 0.000000E+00 0.000000E+00 0.000000E+00 0.000000E+00 0.000000E+00 0.000000E+00 0.000000E+00 0.000000E+00 0.000000E+00 0.000000E+00 0.000000E+00 0.000000E+00 0.000000E+00 0.000000E+00 0.000000E+00 0.000000E+00 0.000000E+00 0.000000E+00 0.000000E+00 0.000000E+00 0.000000E+00 0.000000E+00 0.000000E+00 0.000000E+00 0.000000E+00 0.000000E+00 0.000000E+00 0.000000E+00 0.000000E+00 0.000000E+00 0.000000E+00 0.000000E+00 0.000000E+00 0.000000E+00 0.000000E+00 0.000000E+00 0.000000E+00 0.000000E+00 0.000000E+00 0.000000E+00 0.000000E+00 0.000000E+00 0.000000E+00 0.000000E+00 0.000000E+00 0.000000E+00 0.000000E+00 0.000000E+00 0.000000E+00 0.000000E+00 0.000000E+00 0.000000E+00 0.000000E+00 0.000000E+00 0.000000E+00 0.000000E+00 0.000000E+00 0.000000E+00 0.000000E+00 0.000000E+00 0.000000E+00 0.000000E+00 0.000000E+00 0.000000E+00 0.000000E+00 0.000000E+00 0.000000E+00 0.000000E+00 0.000000E+00 0.000000E+00 0.000000E+00 0.000000E+00 0.000000E+00 0.000000E+00 0.000000E+00 0.000000E+00 0.000000E+00 0.000000E+00 0.000000E+00 0.000000E+00 0.000000E+00 0.000000E+00 0.000000E+00 0.000000E+00 0.000000E+00 0.000000E+00 0.000000E+00 0.000000E+00 0.000000E+00 0.000000E+00 0.000000E+00 0.000000E+00 0.000000E+00 0.000000E+00 0.000000E+00 0.000000E+00 0.000000E+00 0.000000E+00 0.000000E+00 0.000000E+00 0.000000E+00 0.000000E+00 0.000000E+00 0.000000E+00 0.000000E+00 0.000000E+00 0.000000E+00 0.000000E+00 0.000000E+00 0.000000E+00 0.000000E+00 0.000000E+00 0.000000E+00 0.000000E+00 0.000000E+00 0.000000E+00 0.000000E+00 0.000000E+00 0.000000E+00 0.000000E+00 0.000000E+00 0.000000E+00 0.000000E+00 0.000000E+00 0.000000E+00 0.000000E+00 0.000000E+00 0.000000E+00 0.000000E+00 0.000000E+00 0.000000E+00 0.000000E+00 0.000000E+00 0.000000E+00 0.000000E+00 0.000000E+00 0.000000E+00
 0.000000E+00 0.000000E+00 0.000000E+00 0.000000E+00 0.000000E+00 0.000000E+00 0.000000E+00 0.000000E+00 0.000000E+00 0.000000E+00 0.000000E+00 0.000000E+00 0.000000E+00 0.000000E+00 0.000000E+00 0.000000E+00 0.000000E+00 0.000000E+00 0.000000E+00 0.000000E+00 0.000000E+00 0.000000E+00 0.000000E+00 0.000000E+00 0.000000E+00 0.000000E+00 0.000000E+00 0.000000E+00 0.000000E+00 0.000000E+00 0.000000E+00 0.000000E+00 0.000000E+00 0.000000E+00 0.000000E+00 0.000000E+00 0.000000E+00 0.000000E+00 0.000000E+00 0.000000E+00 0.000000E+00 0.000000E+00 0.000000E+00 0.000000E+00 0.000000E+00 0.000000E+00 0.000000E+00 0.000000E+00 0.000000E+00 0.000000E+00 0.000000E+00 0.000000E+00 0.000000E+00 0.000000E+00 0.000000E+00 0.000000E+00 0.000000E+00 0.000000E+00 0.000000E+00 0.000000E+00 0.000000E+00 0.000000E+00 0.000000E+00 0.000000E+00 0.000000E+00 0.000000E+00 0.000000E+00 0.000000E+00 0.000000E+00 0.000000E+00 0.000000E+00 0.000000E+00 0.000000E+00 0.000000E+00 0.000000E+00 0.000000E+00 0.000000E+00 0.000000E+00 0.000000E+00 0.000000E+00 0.000000E+00 0.000000E+00 0.000000E+00 0.000000E+00 0.000000E+00 0.000000E+00 0.000000E+00 0.000000E+00 0.000000E+00 0.000000E+00 0.000000E+00 0.000000E+00 0.000000E+00 0.000000E+00 0.000000E+00 0.000000E+00 0.000000E+00 0.000000E+00 0.000000E+00 0.000000E+00 0.000000E+00 0.000000E+00 0.000000E+00 0.000000E+00 0.000000E+00 0.000000E+00 0.000000E+00 0.000000E+00 0.000000E+00 0.000000E+00 0.000000E+00 0.000000E+00 0.000000E+00 0.000000E+00 0.000000E+00 0.000000E+00 0.000000E+00 0.000000E+00 0.000000E+00 0.000000E+00 0.000000E+00 0.000000E+00 0.000000E+00 0.000000E+00 0.000000E+00 0.000000E+00 0.000000E+00 0.000000E+00 0.000000E+00 0.000000E+00 0.000000E+00 0.000000E+00 0.000000E+00 0.000000E+00 0.000000E+00 0.000000E+00 0.000000E+00 0.000000E+00 0.000000E+00 0.000000E+00 0.000000E+00 0.000000E+00 0.000000E+00 0.000000E+00 0.000000E+00 0.000000E+00 0.000000E+00 0.000000E+00 0.000000E+00 0.000000E+00 0.000000E+00 0.000000E+00 0.000000E+00 0.000000E+00 0.000000E+00 0.000000E+00 0.000000E+00 0.000000E+00 0.000000E+00 0.000000E+00 0.000000E+00 0.000000E+00 0.000000E+00 0.000000E+00 0.000000E+00 0.000000E+00 0.000000E+00 0.000000E+00 0.000000E+00 0.000000E+00 0.000000E+00 0.000000E+00 0.000000E+00 0.000000E+00 0.000000E+00 0.000000E+00 0.000000E+00 0.000000E+00 0.000000E+00 0.000000E+00 0.000000E+00 0.000000E+00 0.000000E+00 0.000000E+00 0.000000E+00 0.000000E+00 0.000000E+00 0.000000E+00 0.000000E+00 0.000000E+00 0.000000E+00 0.000000E+00 0.000000E+00 0.000000E+00 0.000000E+00 0.000000E+00 0.000000E+00 0.000000E+00 0.000000E+00 0.000000E+00
 0.000000E+00 0.000000E+00 0.000000E+00 0.000000E+00 0.000000E+00 0.000000E+00 0.000000E+00 0.000000E+00 0.000000E+00 0.000000E+00 0.000000E+00 0.000000E+00 0.000000E+00 0.000000E+00 0.000000E+00 0.000000E+00 0.000000E+00 0.000000E+00 0.000000E+00 0.000000E+00 0.000000E+00 0.000000E+00 0.000000E+00 0.000000E+00 0.000000E+00 0.000000E+00 0.000000E+00 0.000000E+00 0.000000E+00 0.000000E+00 0.000000E+00 0.000000E+00 0.000000E+00 0.000000E+00 0.000000E+00 0.000000E+00 0.000000E+00 0.000000E+00 0.000000E+00 0.000000E+00 0.000000E+00 0.000000E+00 0.000000E+00 0.000000E+00 0.000000E+00 0.000000E+00 0.000000E+00 0.000000E+00 0.000000E+00 0.000000E+00 0.000000E+00 0.000000E+00 0.000000E+00 0.000000E+00 0.000000E+00 0.000000E+00 0.000000E+00 0.000000E+00 0.000000E+00 0.000000E+00 0.000000E+00 0.000000E+00 0.000000E+00 0.000000E+00 0.000000E+00 0.000000E+00 0.000000E+00 0.000000E+00 0.000000E+00 0.000000E+00 0.000000E+00 0.000000E+00 0.000000E+00 0.000000E+00 0.000000E+00 0.000000E+00 0.000000E+00 0.000000E+00 0.000000E+00 0.000000E+00 0.000000E+00 0.000000E+00 0.000000E+00 0.000000E+00 0.000000E+00 0.000000E+00 0.000000E+00 0.000000E+00 0.000000E+00 0.000000E+00 0.000000E+00 0.000000E+00 0.000000E+00 0.000000E+00 0.000000E+00 0.000000E+00 0.000000E+00 0.000000E+00 0.000000E+00 0.000000E+00 0.000000E+00 0.000000E+00 0.000000E+00 0.000000E+00 0.000000E+00 0.000000E+00 0.000000E+00 0.000000E+00 0.000000E+00 0.000000E+00 0.000000E+00 0.000000E+00 0.000000E+00 0.000000E+00 0.000000E+00 0.000000E+00 0.000000E+00 0.000000E+00 0.000000E+00 0.000000E+00 0.000000E+00 0.000000E+00 0.000000E+00 0.000000E+00 0.000000E+00 0.000000E+00 0.000000E+00 0.000000E+00 0.000000E+00 0.000000E+00 0.000000E+00 0.000000E+00 0.000000E+00 0.000000E+00 0.000000E+00 0.000000E+00 0.000000E+00 0.000000E+00 0.000000E+00 0.000000E+00 0.000000E+00 0.000000E+00 0.000000E+00 0.000000E+00 0.000000E+00 0.000000E+00 0.000000E+00 0.000000E+00 0.000000E+00 0.000000E+00 0.000000E+00 0.000000E+00 0.000000E+00 0.000000E+00 0.000000E+00 0.000000E+00 0.000000E+00 0.000000E+00 0.000000E+00 0.000000E+00 0.000000E+00 0.000000E+00 0.000000E+00 0.000000E+00 0.000000E+00 0.000000E+00 0.000000E+00 0.000000E+00 0.000000E+00 0.000000E+00 0.000000E+00 0.000000E+00 0.000000E+00 0.000000E+00 0.000000E+00 0.000000E+00 0.000000E+00 0.000000E+00 0.000000E+00 0.000000E+00 0.000000E+00 0.000000E+00 0.000000E+00 0.000000E+00 0.000000E+00 0.000000E+00 0.000000E+00 0.000000E+00 0.000000E+00 0.000000E+00 0.000000E+00 0.000000E+00 0.000000E+00 0.000000E+00 0.000000E+00 0.000000E+00 0.000000E+00 0.000000E+00 0.000000E+00 0.000000E+00
 0.000000E+00 0.000000E+00 0.000000E+00 0.000000E+00 0.000000E+00 0.000000E+00 0.000000E+00 0.000000E+00 0.000000E+00 0.000000E+00 0.000000E+00 0.000000E+00 0.000000E+00 0.000000E+00 0.000000E+00 0.000000E+00 0.000000E+00 0.000000E+00 0.000000E+00 0.000000E+00 0.000000E+00 0.000000E+00 0.000000E+00 0.000000E+00 0.000000E+00 0.000000E+00 0.000000E+00 0.000000E+00 0.000000E+00 0.000000E+00 0.000000E+00 0.000000E+00 0.000000E+00 0.000000E+00 0.000000E+00 0.000000E+00 0.000000E+00 0.000000E+00 0.000000E+00 0.000000E+00 0.000000E+00 0.000000E+00 0.000000E+00 0.000000E+00 0.000000E+00 0.000000E+00 0.000000E+00 0.000000E+00 0.000000E+00 0.000000E+00 0.000000E+00 0.000000E+00 0.000000E+00 0.000000E+00 0.000000E+00 0.000000E+00 0.000000E+00 0.000000E+00 0.000000E+00 0.000000E+00 0.000000E+00 0.000000E+00 0.000000E+00 0.000000E+00 0.000000E+00 0.000000E+00 0.000000E+00 0.000000E+00 0.000000E+00 0.000000E+00 0.000000E+00 0.000000E+00 0.000000E+00 0.000000E+00 0.000000E+00 0.000000E+00 0.000000E+00 0.000000E+00 0.000000E+00 0.000000E+00 0.000000E+00 0.000000E+00 0.000000E+00 0.000000E+00 0.000000E+00 0.000000E+00 0.000000E+00 0.000000E+00 0.000000E+00 0.000000E+00 0.000000E+00 0.000000E+00 0.000000E+00 0.000000E+00 0.000000E+00 0.000000E+00 0.000000E+00 0.000000E+00 0.000000E+00 0.000000E+00 0.000000E+00 0.000000E+00 0.000000E+00 0.000000E+00 0.000000E+00 0.000000E+00 0.000000E+00 0.000000E+00 0.000000E+00 0.000000E+00 0.000000E+00 0.000000E+00 0.000000E+00 0.000000E+00 0.000000E+00 0.000000E+00 0.000000E+00 0.000000E+00 0.000000E+00 0.000000E+00 0.000000E+00 0.000000E+00 0.000000E+00 0.000000E+00 0.000000E+00 0.000000E+00 0.000000E+00 0.000000E+00 0.000000E+00 0.000000E+00 0.000000E+00 0.000000E+00 0.000000E+00 0.000000E+00 0.000000E+00 0.000000E+00 0.000000E+00 0.000000E+00 0.000000E+00 0.000000E+00 0.000000E+00 0.000000E+00 0.000000E+00 0.000000E+00 0.000000E+00 0.000000E+00 0.000000E+00 0.000000E+00 0.000000E+00 0.000000E+00 0.000000E+00 0.000000E+00 0.000000E+00 0.000000E+00 0.000000E+00 0.000000E+00 0.000000E+00 0.000000E+00 0.000000E+00 0.000000E+00 0.000000E+00 0.000000E+00 0.000000E+00 0.000000E+00 0.000000E+00 0.000000E+00 0.000000E+00 0.000000E+00 0.000000E+00 0.000000E+00 0.000000E+00 0.000000E+00 0.000000E+00 0.000000E+00 0.000000E+00 0.000000E+00 0.000000E+00 0.000000E+00 0.000000E+00 0.000000E+00 0.000000E+00 0.000000E+00 0.000000E+00 0.000000E+00 0.000000E+00 0.000000E+00 0.000000E+00 0.000000E+00 0.000000E+00 0.000000E+00 0.000000E+00 0.000000E+00 0.000000E+00 0.000000E+00 0.000000E+00 0.000000E+00 0.000000E+00 0.000000E+00 0.000000E+00 0.200000E+03
 0.000000E+00 0.000000E+00 0.000000E+00 0.000000E+00 0.000000E+00 0.000000E+00 0.000000E+00 0.000000E+00 0.000000E+00 0.000000E+00 0.000000E+00 0.000000E+00 0.000000E+00 0.000000E+00 0.000000E+00 0.000000E+00 0.000000E+00 0.000000E+00 0.000000E+00 0.000000E+00 0.000000E+00 0.000000E+00 0.000000E+00 0.000000E+00 0.000000E+00 0.000000E+00 0.000000E+00 0.000000E+00 0.000000E+00 0.000000E+00 0.000000E+00 0.000000E+00 0.000000E+00 0.000000E+00 0.000000E+00 0.000000E+00 0.000000E+00 0.000000E+00 0.000000E+00 0.000000E+00 0.000000E+00 0.000000E+00 0.000000E+00 0.000000E+00 0.000000E+00 0.000000E+00 0.000000E+00 0.000000E+00 0.000000E+00 0.000000E+00 0.000000E+00 0.000000E+00 0.000000E+00 0.000000E+00 0.000000E+00 0.000000E+00 0.000000E+00 0.000000E+00 0.000000E+00 0.000000E+00 0.000000E+00 0.000000E+00 0.000000E+00 0.000000E+00 0.000000E+00 0.000000E+00 0.000000E+00 0.000000E+00 0.000000E+00 0.000000E+00 0.000000E+00 0.000000E+00 0.000000E+00 0.000000E+00 0.000000E+00 0.000000E+00 0.000000E+00 0.000000E+00 0.000000E+00 0.000000E+00 0.000000E+00 0.000000E+00 0.000000E+00 0.000000E+00 0.000000E+00 0.000000E+00 0.000000E+00 0.000000E+00 0.000000E+00 0.000000E+00 0.000000E+00 0.000000E+00 0.000000E+00 0.000000E+00 0.000000E+00 0.000000E+00 0.000000E+00 0.000000E+00 0.000000E+00 0.000000E+00 0.000000E+00 0.000000E+00 0.000000E+00 0.000000E+00 0.000000E+00 0.000000E+00 0.000000E+00 0.000000E+00 0.000000E+00 0.000000E+00 0.000000E+00 0.000000E+00 0.000000E+00 0.000000E+00 0.000000E+00 0.000000E+00 0.000000E+00 0.000000E+00 0.000000E+00 0.000000E+00 0.000000E+00 0.000000E+00 0.000000E+00 0.000000E+00 0.000000E+00 0.000000E+00 0.000000E+00 0.000000E+00 0.000000E+00 0.000000E+00 0.000000E+00 0.000000E+00 0.000000E+00 0.000000E+00 0.000000E+00 0.000000E+00 0.000000E+00 0.000000E+00 0.000000E+00 0.000000E+00 0.000000E+00 0.000000E+00 0.000000E+00 0.000000E+00 0.000000E+00 0.000000E+00 0.000000E+00 0.000000E+00 0.000000E+00 0.000000E+00 0.000000E+00 0.000000E+00 0.000000E+00 0.000000E+00 0.000000E+00 0.000000E+00 0.000000E+00 0.000000E+00 0.000000E+00 0.000000E+00 0.000000E+00 0.000000E+00 0.000000E+00 0.000000E+00 0.000000E+00 0.000000E+00 0.000000E+00 0.000000E+00 0.000000E+00 0.000000E+00 0.000000E+00 0.000000E+00 0.000000E+00 0.000000E+00 0.000000E+00 0.000000E+00 0.000000E+00 0.000000E+00 0.000000E+00 0.000000E+00 0.000000E+00 0.000000E+00 0.000000E+00 0.000000E+00 0.000000E+00 0.000000E+00 0.000000E+00 0.000000E+00 0.000000E+00 0.000000E+00 0.000000E+00 0.000000E+00 0.000000E+00 0.000000E+00 0.000000E+00 0.000000E+00 0.000000E+00 0.000000E+00 0.000000E+00 0.200000E+03
 0.250994E+02 0.806360E+01 0.497480E+01 0.363552E+01 0.284656E+01 0.232208E+01 0.196024E+01 0.167736E+01 0.147960E+01 0.130776E+01 0.117040E+01 0.105440E+01 0.943920E+00 0.883680E+00 0.805200E+00 0.732080E+00 0.676160E+00 0.621120E+00 0.587200E+00 0.536640E+00 0.505760E+00 0.478240E+00 0.442320E+00 0.416240E+00 0.389120E+00 0.363040E+00 0.345680E+00 0.322320E+00 0.295840E+00 0.296320E+00 0.270880E+00 0.255040E+00 0.240240E+00 0.227120E+00 0.217600E+00 0.212640E+00 0.195360E+00 0.188640E+00 0.173520E+00 0.165200E+00 0.162080E+00 0.150160E+00 0.145120E+00 0.135920E+00 0.129280E+00 0.124800E+00 0.119040E+00 0.109360E+00 0.112160E+00 0.100880E+00 0.935200E-01 0.892000E-01 0.848000E-01 0.776800E-01 0.792800E-01 0.787200E-01 0.682400E-01 0.691200E-01 0.688000E-01 0.632000E-01 0.576000E-01 0.597600E-01 0.527200E-01 0.512000E-01 0.530400E-01 0.485600E-01 0.476800E-01 0.436000E-01 0.388800E-01 0.384800E-01 0.400000E-01 0.335200E-01 0.336000E-01 0.340000E-01 0.307200E-01 0.284000E-01 0.294400E-01 0.254400E-01 0.272000E-01 0.283200E-01 0.231200E-01 0.216000E-01 0.206400E-01 0.187200E-01 0.189600E-01 0.202400E-01 0.168000E-01 0.148800E-01 0.154400E-01 0.183200E-01 0.134400E-01 0.146400E-01 0.131200E-01 0.123200E-01 0.124000E-01 0.108800E-01 0.121600E-01 0.904000E-02 0.888000E-02 0.904000E-02 0.936000E-02 0.880000E-02 0.704000E-02 0.656000E-02 0.624000E-02 0.744000E-02 0.800000E-02 0.648000E-02 0.632000E-02 0.632000E-02 0.664000E-02 0.536000E-02 0.432000E-02 0.544000E-02 0.368000E-02 0.344000E-02 0.360000E-02 0.264000E-02 0.336000E-02 0.272000E-02 0.344000E-02 0.344000E-02 0.248000E-02 0.240000E-02 0.200000E-02 0.256000E-02 0.176000E-02 0.232000E-02 0.112000E-02 0.256000E-02 0.168000E-02 0.200000E-02 0.160000E-02 0.136000E-02 0.136000E-02 0.176000E-02 0.144000E-02 0.960000E-03 0.104000E-02 0.144000E-02 0.136000E-02 0.128000E-02 0.800000E-03 0.560000E-03 0.400000E-03 0.560000E-03 0.240000E-03 0.160000E-03 0.160000E-03 0.400000E-03 0.560000E-03 0.560000E-03 0.320000E-03 0.400000E-03 0.320000E-03 0.320000E-03 0.320000E-03 0.240000E-03 0.800000E-04 0.320000E-03 0.800000E-04 0.160000E-03 0.800000E-04 0.800000E-04 0.800000E-04 0.000000E+00 0.800000E-04 0.800000E-04 0.800000E-04 0.000000E+00 0.800000E-04 0.240000E-03 0.800000E-04 0.000000E+00 0.800000E-04 0.000000E+00 0.000000E+00 0.000000E+00 0.000000E+00 0.000000E+00 0.000000E+00 0.800000E-04 0.000000E+00 0.000000E+00 0.000000E+00 0.000000E+00 0.000000E+00 0.000000E+00 0.800000E-04 0.000000E+00 0.000000E+00 0.000000E+00 0.000000E+00 0.000000E+00 0.000000E+00 0.000000E+00 0.000000E+00 0.000000E+00 0.000000E+00 0.000000E+00
 0.298594E+02 0.832976E+01 0.493424E+01 0.349432E+01 0.271472E+01 0.220848E+01 0.184048E+01 0.158968E+01 0.137584E+01 0.121104E+01 0.107016E+01 0.975360E+00 0.890000E+00 0.811840E+00 0.744320E+00 0.690240E+00 0.632480E+00 0.585040E+00 0.538480E+00 0.517440E+00 0.473280E+00 0.434320E+00 0.409280E+00 0.386800E+00 0.366720E+00 0.342960E+00 0.311600E+00 0.306240E+00 0.291440E+00 0.270880E+00 0.257920E+00 0.253680E+00 0.228800E+00 0.214320E+00 0.210880E+00 0.196720E+00 0.183040E+00 0.177120E+00 0.162560E+00 0.160640E+00 0.146160E+00 0.156000E+00 0.134720E+00 0.135840E+00 0.128080E+00 0.119360E+00 0.110640E+00 0.107440E+00 0.104160E+00 0.100320E+00 0.940000E-01 0.918400E-01 0.846400E-01 0.820000E-01 0.760000E-01 0.766400E-01 0.713600E-01 0.685600E-01 0.688800E-01 0.618400E-01 0.572000E-01 0.607200E-01 0.541600E-01 0.520000E-01 0.471200E-01 0.487200E-01 0.442400E-01 0.408800E-01 0.395200E-01 0.373600E-01 0.364000E-01 0.352800E-01 0.327200E-01 0.308800E-01 0.278400E-01 0.302400E-01 0.280800E-01 0.271200E-01 0.257600E-01 0.219200E-01 0.254400E-01 0.218400E-01 0.193600E-01 0.184800E-01 0.196800E-01 0.154400E-01 0.192800E-01 0.158400E-01 0.155200E-01 0.144000E-01 0.112800E-01 0.136800E-01 0.113600E-01 0.119200E-01 0.114400E-01 0.120000E-01 0.920000E-02 0.111200E-01 0.976000E-02 0.920000E-02 0.888000E-02 0.776000E-02 0.864000E-02 0.576000E-02 0.584000E-02 0.728000E-02 0.600000E-02 0.512000E-02 0.536000E-02 0.472000E-02 0.504000E-02 0.424000E-02 0.424000E-02 0.384000E-02 0.360000E-02 0.256000E-02 0.344000E-02 0.232000E-02 0.392000E-02 0.352000E-02 0.184000E-02 0.160000E-02 0.224000E-02 0.216000E-02 0.272000E-02 0.224000E-02 0.208000E-02 0.192000E-02 0.160000E-02 0.144000E-02 0.960000E-03 0.880000E-03 0.120000E-02 0.120000E-02 0.120000E-02 0.960000E-03 0.112000E-02 0.480000E-03 0.880000E-03 0.960000E-03 0.720000E-03 0.800000E-03 0.800000E-03 0.480000E-03 0.800000E-03 0.560000E-03 0.640000E-03 0.160000E-03 0.160000E-03 0.400000E-03 0.560000E-03 0.240000E-03 0.320000E-03 0.480000E-03 0.240000E-03 0.800000E-04 0.160000E-03 0.160000E-03 0.800000E-04 0.240000E-03 0.000000E+00 0.800000E-04 0.800000E-04 0.160000E-03 0.000000E+00 0.800000E-04 0.800000E-04 0.000000E+00 0.800000E-04 0.000000E+00 0.800000E-04 0.800000E-04 0.000000E+00 0.000000E+00 0.000000E+00 0.000000E+00 0.000000E+00 0.000000E+00 0.800000E-04 0.000000E+00 0.800000E-04 0.800000E-04 0.000000E+00 0.000000E+00 0.000000E+00 0.000000E+00 0.000000E+00 0.000000E+00 0.000000E+00 0.000000E+00 0.000000E+00 0.000000E+00 0.000000E+00 0.000000E+00 0.000000E+00 0.000000E+00 0.000000E+00 0.000000E+00 0.000000E+00 0.000000E+00
 0.245502E+02 0.785112E+01 0.487088E+01 0.351336E+01 0.274504E+01 0.224592E+01 0.190776E+01 0.164960E+01 0.146072E+01 0.128288E+01 0.113048E+01 0.103456E+01 0.922000E+00 0.842960E+00 0.768000E+00 0.713280E+00 0.661840E+00 0.607520E+00 0.572160E+00 0.537040E+00 0.486400E+00 0.462960E+00 0.426640E+00 0.392560E+00 0.377440E+00 0.349840E+00 0.326080E+00 0.305280E+00 0.295280E+00 0.274080E+00 0.266880E+00 0.249840E+00 0.242240E+00 0.221280E+00 0.214400E+00 0.200800E+00 0.184400E+00 0.180480E+00 0.168960E+00 0.169840E+00 0.163440E+00 0.142400E+00 0.135680E+00 0.136400E+00 0.121360E+00 0.119280E+00 0.115440E+00 0.107840E+00 0.999200E-01 0.972000E-01 0.956800E-01 0.904800E-01 0.844800E-01 0.775200E-01 0.768000E-01 0.725600E-01 0.700000E-01 0.701600E-01 0.628800E-01 0.572000E-01 0.516000E-01 0.547200E-01 0.518400E-01 0.508800E-01 0.483200E-01 0.456800E-01 0.437600E-01 0.423200E-01 0.402400E-01 0.388800E-01 0.371200E-01 0.332000E-01 0.344800E-01 0.347200E-01 0.297600E-01 0.269600E-01 0.281600E-01 0.228000E-01 0.248800E-01 0.252000E-01 0.222400E-01 0.201600E-01 0.195200E-01 0.201600E-01 0.182400E-01 0.176800E-01 0.156800E-01 0.181600E-01 0.160800E-01 0.136800E-01 0.124800E-01 0.125600E-01 0.133600E-01 0.116000E-01 0.920000E-02 0.100800E-01 0.109600E-01 0.960000E-02 0.103200E-01 0.111200E-01 0.696000E-02 0.744000E-02 0.736000E-02 0.792000E-02 0.656000E-02 0.600000E-02 0.584000E-02 0.504000E-02 0.560000E-02 0.592000E-02 0.480000E-02 0.408000E-02 0.368000E-02 0.528000E-02 0.496000E-02 0.448000E-02 0.400000E-02 0.376000E-02 0.296000E-02 0.352000E-02 0.320000E-02 0.288000E-02 0.264000E-02 0.304000E-02 0.304000E-02 0.312000E-02 0.280000E-02 0.176000E-02 0.272000E-02 0.248000E-02 0.200000E-02 0.144000E-02 0.136000E-02 0.184000E-02 0.152000E-02 0.120000E-02 0.104000E-02 0.800000E-03 0.104000E-02 0.400000E-03 0.480000E-03 0.960000E-03 0.640000E-03 0.560000E-03 0.800000E-03 0.800000E-03 0.960000E-03 0.560000E-03 0.240000E-03 0.640000E-03 0.240000E-03 0.320000E-03 0.240000E-03 0.320000E-03 0.320000E-03 0.320000E-03 0.000000E+00 0.320000E-03 0.160000E-03 0.160000E-03 0.240000E-03 0.160000E-03 0.000000E+00 0.160000E-03 0.320000E-03 0.800000E-04 0.000000E+00 0.320000E-03 0.000000E+00 0.800000E-04 0.800000E-04 0.000000E+00 0.000000E+00 0.000000E+00 0.000000E+00 0.000000E+00 0.160000E-03 0.800000E-04 0.000000E+00 0.000000E+00 0.000000E+00 0.800000E-04 0.000000E+00 0.000000E+00 0.160000E-03 0.000000E+00 0.000000E+00 0.000000E+00 0.000000E+00 0.000000E+00 0.000000E+00 0.800000E-04 0.000000E+00 0.000000E+00 0.000000E+00 0.000000E+00 0.000000E+00 0.000000E+00 0.000000E+00 0.000000E+00
 0.291603E+02 0.813112E+01 0.483256E+01 0.341448E+01 0.264728E+01 0.212352E+01 0.181520E+01 0.153072E+01 0.132208E+01 0.118360E+01 0.107000E+01 0.954400E+00 0.863600E+00 0.792160E+00 0.728960E+00 0.658960E+00 0.604720E+00 0.566080E+00 0.528400E+00 0.497200E+00 0.454720E+00 0.436400E+00 0.406880E+00 0.378320E+00 0.358240E+00 0.341200E+00 0.330240E+00 0.294560E+00 0.280000E+00 0.270640E+00 0.257200E+00 0.243280E+00 0.230000E+00 0.203600E+00 0.200560E+00 0.192240E+00 0.183120E+00 0.176800E+00 0.156720E+00 0.157280E+00 0.146880E+00 0.142480E+00 0.130560E+00 0.124080E+00 0.123200E+00 0.121120E+00 0.108720E+00 0.103840E+00 0.100000E+00 0.100400E+00 0.884800E-01 0.820000E-01 0.826400E-01 0.788800E-01 0.740000E-01 0.746400E-01 0.695200E-01 0.640800E-01 0.592000E-01 0.616000E-01 0.578400E-01 0.541600E-01 0.523200E-01 0.528800E-01 0.495200E-01 0.432800E-01 0.456800E-01 0.388000E-01 0.401600E-01 0.388800E-01 0.370400E-01 0.305600E-01 0.329600E-01 0.314400E-01 0.296800E-01 0.266400E-01 0.287200E-01 0.248800E-01 0.251200E-01 0.233600E-01 0.204800E-01 0.216800E-01 0.221600E-01 0.187200E-01 0.189600E-01 0.159200E-01 0.173600E-01 0.165600E-01 0.148800E-01 0.132000E-01 0.142400E-01 0.124800E-01 0.114400E-01 0.128000E-01 0.103200E-01 0.952000E-02 0.103200E-01 0.832000E-02 0.864000E-02 0.864000E-02 0.824000E-02 0.744000E-02 0.648000E-02 0.688000E-02 0.656000E-02 0.632000E-02 0.704000E-02 0.520000E-02 0.528000E-02 0.464000E-02 0.496000E-02 0.432000E-02 0.456000E-02 0.336000E-02 0.328000E-02 0.344000E-02 0.264000E-02 0.368000E-02 0.312000E-02 0.264000E-02 0.296000E-02 0.272000E-02 0.296000E-02 0.160000E-02 0.232000E-02 0.232000E-02 0.240000E-02 0.160000E-02 0.208000E-02 0.184000E-02 0.152000E-02 0.144000E-02 0.120000E-02 0.104000E-02 0.104000E-02 0.880000E-03 0.640000E-03 0.136000E-02 0.960000E-03 0.880000E-03 0.104000E-02 0.560000E-03 0.960000E-03 0.104000E-02 0.880000E-03 0.560000E-03 0.640000E-03 0.320000E-03 0.160000E-03 0.480000E-03 0.320000E-03 0.240000E-03 0.800000E-04 0.240000E-03 0.400000E-03 0.240000E-03 0.480000E-03 0.160000E-03 0.240000E-03 0.320000E-03 0.160000E-03 0.160000E-03 0.000000E+00 0.000000E+00 0.800000E-04 0.000000E+00 0.000000E+00 0.160000E-03 0.000000E+00 0.000000E+00 0.800000E-04 0.000000E+00 0.800000E-04 0.000000E+00 0.000000E+00 0.800000E-04 0.000000E+00 0.000000E+00 0.800000E-04 0.000000E+00 0.800000E-04 0.000000E+00 0.000000E+00 0.000000E+00 0.000000E+00 0.000000E+00 0.000000E+00 0.000000E+00 0.000000E+00 0.000000E+00 0.000000E+00 0.000000E+00 0.000000E+00 0.000000E+00 0.000000E+00 0.000000E+00 0.000000E+00 0.000000E+00 0.000000E+00 0.000000E+00
 0.178755E+03 0.556464E+01 0.290584E+01 0.189776E+01 0.136560E+01 0.105080E+01 0.855120E+00 0.711600E+00 0.602400E+00 0.511200E+00 0.452080E+00 0.399200E+00 0.347040E+00 0.321840E+00 0.284880E+00 0.268240E+00 0.231840E+00 0.218640E+00 0.204720E+00 0.191360E+00 0.171760E+00 0.155040E+00 0.155200E+00 0.146400E+00 0.129920E+00 0.135040E+00 0.117360E+00 0.115280E+00 0.108160E+00 0.105920E+00 0.973600E-01 0.878400E-01 0.895200E-01 0.783200E-01 0.772000E-01 0.791200E-01 0.733600E-01 0.693600E-01 0.650400E-01 0.648000E-01 0.606400E-01 0.567200E-01 0.529600E-01 0.551200E-01 0.504800E-01 0.528000E-01 0.493600E-01 0.490400E-01 0.455200E-01 0.424000E-01 0.423200E-01 0.393600E-01 0.375200E-01 0.380000E-01 0.359200E-01 0.368000E-01 0.363200E-01 0.341600E-01 0.325600E-01 0.335200E-01 0.286400E-01 0.305600E-01 0.306400E-01 0.292800E-01 0.282400E-01 0.265600E-01 0.282400E-01 0.268000E-01 0.215200E-01 0.242400E-01 0.251200E-01 0.223200E-01 0.215200E-01 0.216000E-01 0.234400E-01 0.201600E-01 0.202400E-01 0.189600E-01 0.202400E-01 0.177600E-01 0.166400E-01 0.196000E-01 0.200000E-01 0.215200E-01 0.175200E-01 0.140000E-01 0.156800E-01 0.149600E-01 0.160000E-01 0.152000E-01 0.133600E-01 0.151200E-01 0.147200E-01 0.131200E-01 0.147200E-01 0.139200E-01 0.145600E-01 0.130400E-01 0.120000E-01 0.127200E-01 0.123200E-01 0.125600E-01 0.117600E-01 0.100800E-01 0.104800E-01 0.104000E-01 0.920000E-02 0.120000E-01 0.968000E-02 0.952000E-02 0.110400E-01 0.103200E-01 0.102400E-01 0.104000E-01 0.928000E-02 0.744000E-02 0.928000E-02 0.110400E-01 0.880000E-02 0.672000E-02 0.936000E-02 0.904000E-02 0.912000E-02 0.752000E-02 0.880000E-02 0.832000E-02 0.768000E-02 0.632000E-02 0.808000E-02 0.688000E-02 0.656000E-02 0.640000E-02 0.656000E-02 0.808000E-02 0.696000E-02 0.632000E-02 0.680000E-02 0.640000E-02 0.576000E-02 0.664000E-02 0.616000E-02 0.656000E-02 0.592000E-02 0.664000E-02 0.600000E-02 0.608000E-02 0.712000E-02 0.696000E-02 0.600000E-02 0.544000E-02 0.472000E-02 0.584000E-02 0.456000E-02 0.576000E-02 0.496000E-02 0.496000E-02 0.424000E-02 0.448000E-02 0.528000E-02 0.480000E-02 0.632000E-02 0.624000E-02 0.552000E-02 0.456000E-02 0.536000E-02 0.512000E-02 0.424000E-02 0.464000E-02 0.528000E-02 0.408000E-02 0.408000E-02 0.496000E-02 0.528000E-02 0.416000E-02 0.304000E-02 0.472000E-02 0.416000E-02 0.488000E-02 0.344000E-02 0.344000E-02 0.384000E-02 0.432000E-02 0.464000E-02 0.512000E-02 0.440000E-02 0.416000E-02 0.384000E-02 0.368000E-02 0.376000E-02 0.384000E-02 0.416000E-02 0.472000E-02 0.424000E-02 0.424000E-02 0.392000E-02 0.488000E-02 0.432000E-02 0.264000E-02 0.360000E-02 0.367760E+00
 0.121648E+03 0.137178E+02 0.784096E+01 0.546928E+01 0.414664E+01 0.332296E+01 0.276104E+01 0.235272E+01 0.204632E+01 0.177272E+01 0.161728E+01 0.143784E+01 0.128832E+01 0.118000E+01 0.108744E+01 0.992400E+00 0.926720E+00 0.871920E+00 0.810480E+00 0.738000E+00 0.710960E+00 0.671360E+00 0.635760E+00 0.586720E+00 0.579040E+00 0.524160E+00 0.504480E+00 0.490800E+00 0.468400E+00 0.449840E+00 0.427360E+00 0.397280E+00 0.387520E+00 0.372160E+00 0.362480E+00 0.350800E+00 0.334160E+00 0.332560E+00 0.312640E+00 0.302080E+00 0.291440E+00 0.288240E+00 0.284000E+00 0.265680E+00 0.263840E+00 0.247600E+00 0.247440E+00 0.239600E+00 0.224560E+00 0.217200E+00 0.215360E+00 0.203840E+00 0.203440E+00 0.192720E+00 0.197200E+00 0.187760E+00 0.180880E+00 0.184400E+00 0.172320E+00 0.175040E+00 0.166640E+00 0.158400E+00 0.158240E+00 0.155760E+00 0.148480E+00 0.140320E+00 0.144160E+00 0.139760E+00 0.138480E+00 0.138880E+00 0.127680E+00 0.124880E+00 0.120080E+00 0.119360E+00 0.115440E+00 0.122640E+00 0.119760E+00 0.111920E+00 0.113040E+00 0.103680E+00 0.106720E+00 0.103600E+00 0.990400E-01 0.989600E-01 0.998400E-01 0.953600E-01 0.968800E-01 0.981600E-01 0.916000E-01 0.848800E-01 0.868800E-01 0.891200E-01 0.840000E-01 0.811200E-01 0.812800E-01 0.796000E-01 0.788000E-01 0.764800E-01 0.762400E-01 0.744800E-01 0.745600E-01 0.766400E-01 0.670400E-01 0.708000E-01 0.688800E-01 0.689600E-01 0.622400E-01 0.600000E-01 0.623200E-01 0.607200E-01 0.600800E-01 0.656000E-01 0.624800E-01 0.584000E-01 0.588000E-01 0.605600E-01 0.557600E-01 0.571200E-01 0.543200E-01 0.514400E-01 0.552800E-01 0.535200E-01 0.553600E-01 0.518400E-01 0.526400E-01 0.482400E-01 0.505600E-01 0.516000E-01 0.483200E-01 0.496800E-01 0.472800E-01 0.462400E-01 0.423200E-01 0.448800E-01 0.420800E-01 0.429600E-01 0.427200E-01 0.420800E-01 0.416000E-01 0.426400E-01 0.392000E-01 0.388000E-01 0.350400E-01 0.394400E-01 0.388000E-01 0.408800E-01 0.408000E-01 0.390400E-01 0.412000E-01 0.379200E-01 0.348000E-01 0.377600E-01 0.350400E-01 0.367200E-01 0.363200E-01 0.363200E-01 0.345600E-01 0.332800E-01 0.333600E-01 0.345600E-01 0.324800E-01 0.336000E-01 0.319200E-01 0.313600E-01 0.358400E-01 0.300800E-01 0.340800E-01 0.320800E-01 0.347200E-01 0.307200E-01 0.305600E-01 0.360000E-01 0.346400E-01 0.306400E-01 0.324000E-01 0.308800E-01 0.310400E-01 0.296800E-01 0.321600E-01 0.340000E-01 0.320000E-01 0.343200E-01 0.304800E-01 0.342400E-01 0.301600E-01 0.315200E-01 0.350400E-01 0.298400E-01 0.335200E-01 0.328000E-01 0.307200E-01 0.299200E-01 0.314400E-01 0.334400E-01 0.316800E-01 0.339200E-01 0.320800E-01 0.324000E-01 0.330400E-01 0.293928E+01
 0.250994E+02 0.806360E+01 0.497480E+01 0.363552E+01 0.284656E+01 0.232208E+01 0.196024E+01 0.167736E+01 0.147960E+01 0.130776E+01 0.117040E+01 0.105440E+01 0.943920E+00 0.883680E+00 0.805200E+00 0.732080E+00 0.676160E+00 0.621120E+00 0.587200E+00 0.536640E+00 0.505760E+00 0.478240E+00 0.442320E+00 0.416240E+00 0.389120E+00 0.363040E+00 0.345680E+00 0.322320E+00 0.295840E+00 0.296320E+00 0.270880E+00 0.255040E+00 0.240240E+00 0.227120E+00 0.217600E+00 0.212640E+00 0.195360E+00 0.188640E+00 0.173520E+00 0.165200E+00 0.162080E+00 0.150160E+00 0.145120E+00 0.135920E+00 0.129280E+00 0.124800E+00 0.119040E+00 0.109360E+00 0.112160E+00 0.100880E+00 0.935200E-01 0.892000E-01 0.848000E-01 0.776800E-01 0.792800E-01 0.787200E-01 0.682400E-01 0.691200E-01 0.688000E-01 0.632000E-01 0.576000E-01 0.597600E-01 0.527200E-01 0.512000E-01 0.530400E-01 0.485600E-01 0.476800E-01 0.436000E-01 0.388800E-01 0.384800E-01 0.400000E-01 0.335200E-01 0.336000E-01 0.340000E-01 0.307200E-01 0.284000E-01 0.294400E-01 0.254400E-01 0.272000E-01 0.283200E-01 0.231200E-01 0.216000E-01 0.206400E-01 0.187200E-01 0.189600E-01 0.202400E-01 0.168000E-01 0.148800E-01 0.154400E-01 0.183200E-01 0.134400E-01 0.146400E-01 0.131200E-01 0.123200E-01 0.124000E-01 0.108800E-01 0.121600E-01 0.904000E-02 0.888000E-02 0.904000E-02 0.936000E-02 0.880000E-02 0.704000E-02 0.656000E-02 0.624000E-02 0.744000E-02 0.800000E-02 0.648000E-02 0.632000E-02 0.632000E-02 0.664000E-02 0.536000E-02 0.432000E-02 0.544000E-02 0.368000E-02 0.344000E-02 0.360000E-02 0.264000E-02 0.336000E-02 0.272000E-02 0.344000E-02 0.344000E-02 0.248000E-02 0.240000E-02 0.200000E-02 0.256000E-02 0.176000E-02 0.232000E-02 0.112000E-02 0.256000E-02 0.168000E-02 0.200000E-02 0.160000E-02 0.136000E-02 0.136000E-02 0.176000E-02 0.144000E-02 0.960000E-03 0.104000E-02 0.144000E-02 0.136000E-02 0.128000E-02 0.800000E-03 0.560000E-03 0.400000E-03 0.560000E-03 0.240000E-03 0.160000E-03 0.160000E-03 0.400000E-03 0.560000E-03 0.560000E-03 0.320000E-03 0.400000E-03 0.320000E-03 0.320000E-03 0.320000E-03 0.240000E-03 0.800000E-04 0.320000E-03 0.800000E-04 0.160000E-03 0.800000E-04 0.800000E-04 0.800000E-04 0.000000E+00 0.800000E-04 0.800000E-04 0.800000E-04 0.000000E+00 0.800000E-04 0.240000E-03 0.800000E-04 0.000000E+00 0.800000E-04 0.000000E+00 0.000000E+00 0.000000E+00 0.000000E+00 0.000000E+00 0.000000E+00 0.800000E-04 0.000000E+00 0.000000E+00 0.000000E+00 0.000000E+00 0.000000E+00 0.000000E+00 0.800000E-04 0.000000E+00 0.000000E+00 0.000000E+00 0.000000E+00 0.000000E+00 0.000000E+00 0.000000E+00 0.000000E+00 0.000000E+00 0.000000E+00 0.000000E+00
 0.298594E+02 0.832976E+01 0.493424E+01 0.349432E+01 0.271472E+01 0.220848E+01 0.184048E+01 0.158968E+01 0.137584E+01 0.121104E+01 0.107016E+01 0.975360E+00 0.890000E+00 0.811840E+00 0.744320E+00 0.690240E+00 0.632480E+00 0.585040E+00 0.538480E+00 0.517440E+00 0.473280E+00 0.434320E+00 0.409280E+00 0.386800E+00 0.366720E+00 0.342960E+00 0.311600E+00 0.306240E+00 0.291440E+00 0.270880E+00 0.257920E+00 0.253680E+00 0.228800E+00 0.214320E+00 0.210880E+00 0.196720E+00 0.183040E+00 0.177120E+00 0.162560E+00 0.160640E+00 0.146160E+00 0.156000E+00 0.134720E+00 0.135840E+00 0.128080E+00 0.119360E+00 0.110640E+00 0.107440E+00 0.104160E+00 0.100320E+00 0.940000E-01 0.918400E-01 0.846400E-01 0.820000E-01 0.760000E-01 0.766400E-01 0.713600E-01 0.685600E-01 0.688800E-01 0.618400E-01 0.572000E-01 0.607200E-01 0.541600E-01 0.520000E-01 0.471200E-01 0.487200E-01 0.442400E-01 0.408800E-01 0.395200E-01 0.373600E-01 0.364000E-01 0.352800E-01 0.327200E-01 0.308800E-01 0.278400E-01 0.302400E-01 0.280800E-01 0.271200E-01 0.257600E-01 0.219200E-01 0.254400E-01 0.218400E-01 0.193600E-01 0.184800E-01 0.196800E-01 0.154400E-01 0.192800E-01 0.158400E-01 0.155200E-01 0.144000E-01 0.112800E-01 0.136800E-01 0.113600E-01 0.119200E-01 0.114400E-01 0.120000E-01 0.920000E-02 0.111200E-01 0.976000E-02 0.920000E-02 0.888000E-02 0.776000E-02 0.864000E-02 0.576000E-02 0.584000E-02 0.728000E-02 0.600000E-02 0.512000E-02 0.536000E-02 0.472000E-02 0.504000E-02 0.424000E-02 0.424000E-02 0.384000E-02 0.360000E-02 0.256000E-02 0.344000E-02 0.232000E-02 0.392000E-02 0.352000E-02 0.184000E-02 0.160000E-02 0.224000E-02 0.216000E-02 0.272000E-02 0.224000E-02 0.208000E-02 0.192000E-02 0.160000E-02 0.144000E-02 0.960000E-03 0.880000E-03 0.120000E-02 0.120000E-02 0.120000E-02 0.960000E-03 0.112000E-02 0.480000E-03 0.880000E-03 0.960000E-03 0.720000E-03 0.800000E-03 0.800000E-03 0.480000E-03 0.800000E-03 0.560000E-03 0.640000E-03 0.160000E-03 0.160000E-03 0.400000E-03 0.560000E-03 0.240000E-03 0.320000E-03 0.480000E-03 0.240000E-03 0.800000E-04 0.160000E-03 0.160000E-03 0.800000E-04 0.240000E-03 0.000000E+00 0.800000E-04 0.800000E-04 0.160000E-03 0.000000E+00 0.800000E-04 0.800000E-04 0.000000E+00 0.800000E-04 0.000000E+00 0.800000E-04 0.800000E-04 0.000000E+00 0.000000E+00 0.000000E+00 0.000000E+00 0.000000E+00 0.000000E+00 0.800000E-04 0.000000E+00 0.800000E-04 0.800000E-04 0.000000E+00 0.000000E+00 0.000000E+00 0.000000E+00 0.000000E+00 0.000000E+00 0.000000E+00 0.000000E+00 0.000000E+00 0.000000E+00 0.000000E+00 0.000000E+00 0.000000E+00 0.000000E+00 0.000000E+00 0.000000E+00 0.000000E+00 0.000000E+00
 0.245502E+02 0.785112E+01 0.487088E+01 0.351336E+01 0.274504E+01 0.224592E+01 0.190776E+01 0.164960E+01 0.146072E+01 0.128288E+01 0.113048E+01 0.103456E+01 0.922000E+00 0.842960E+00 0.768000E+00 0.713280E+00 0.661840E+00 0.607520E+00 0.572160E+00 0.537040E+00 0.486400E+00 0.462960E+00 0.426640E+00 0.392560E+00 0.377440E+00 0.349840E+00 0.326080E+00 0.305280E+00 0.295280E+00 0.274080E+00 0.266880E+00 0.249840E+00 0.242240E+00 0.221280E+00 0.214400E+00 0.200800E+00 0.184400E+00 0.180480E+00 0.168960E+00 0.169840E+00 0.163440E+00 0.142400E+00 0.135680E+00 0.136400E+00 0.121360E+00 0.119280E+00 0.115440E+00 0.107840E+00 0.999200E-01 0.972000E-01 0.956800E-01 0.904800E-01 0.844800E-01 0.775200E-01 0.768000E-01 0.725600E-01 0.700000E-01 0.701600E-01 0.628800E-01 0.572000E-01 0.516000E-01 0.547200E-01 0.518400E-01 0.508800E-01 0.483200E-01 0.456800E-01 0.437600E-01 0.423200E-01 0.402400E-01 0.388800E-01 0.371200E-01 0.332000E-01 0.344800E-01 0.347200E-01 0.297600E-01 0.269600E-01 0.281600E-01 0.228000E-01 0.248800E-01 0.252000E-01 0.222400E-01 0.201600E-01 0.195200E-01 0.201600E-01 0.182400E-01 0.176800E-01 0.156800E-01 0.181600E-01 0.160800E-01 0.136800E-01 0.124800E-01 0.125600E-01 0.133600E-01 0.116000E-01 0.920000E-02 0.100800E-01 0.109600E-01 0.960000E-02 0.103200E-01 0.111200E-01 0.696000E-02 0.744000E-02 0.736000E-02 0.792000E-02 0.656000E-02 0.600000E-02 0.584000E-02 0.504000E-02 0.560000E-02 0.592000E-02 0.480000E-02 0.408000E-02 0.368000E-02 0.528000E-02 0.496000E-02 0.448000E-02 0.400000E-02 0.376000E-02 0.296000E-02 0.352000E-02 0.320000E-02 0.288000E-02 0.264000E-02 0.304000E-02 0.304000E-02 0.312000E-02 0.280000E-02 0.176000E-02 0.272000E-02 0.248000E-02 0.200000E-02 0.144000E-02 0.136000E-02 0.184000E-02 0.152000E-02 0.120000E-02 0.104000E-02 0.800000E-03 0.104000E-02 0.400000E-03 0.480000E-03 0.960000E-03 0.640000E-03 0.560000E-03 0.800000E-03 0.800000E-03 0.960000E-03 0.560000E-03 0.240000E-03 0.640000E-03 0.240000E-03 0.320000E-03 0.240000E-03 0.320000E-03 0.320000E-03 0.320000E-03 0.000000E+00 0.320000E-03 0.160000E-03 0.160000E-03 0.240000E-03 0.160000E-03 0.000000E+00 0.160000E-03 0.320000E-03 0.800000E-04 0.000000E+00 0.320000E-03 0.000000E+00 0.800000E-04 0.800000E-04 0.000000E+00 0.000000E+00 0.000000E+00 0.000000E+00 0.000000E+00 0.160000E-03 0.800000E-04 0.000000E+00 0.000000E+00 0.000000E+00 0.800000E-04 0.000000E+00 0.000000E+00 0.160000E-03 0.000000E+00 0.000000E+00 0.000000E+00 0.000000E+00 0.000000E+00 0.000000E+00 0.800000E-04 0.000000E+00 0.000000E+00 0.000000E+00 0.000000E+00 0.000000E+00 0.000000E+00 0.000000E+00 0.000000E+00
 0.291603E+02 0.813112E+01 0.483256E+01 0.341448E+01 0.264728E+01 0.212352E+01 0.181520E+01 0.153072E+01 0.132208E+01 0.118360E+01 0.107000E+01 0.954400E+00 0.863600E+00 0.792160E+00 0.728960E+00 0.658960E+00 0.604720E+00 0.566080E+00 0.528400E+00 0.497200E+00 0.454720E+00 0.436400E+00 0.406880E+00 0.378320E+00 0.358240E+00 0.341200E+00 0.330240E+00 0.294560E+00 0.280000E+00 0.270640E+00 0.257200E+00 0.243280E+00 0.230000E+00 0.203600E+00 0.200560E+00 0.192240E+00 0.183120E+00 0.176800E+00 0.156720E+00 0.157280E+00 0.146880E+00 0.142480E+00 0.130560E+00 0.124080E+00 0.123200E+00 0.121120E+00 0.108720E+00 0.103840E+00 0.100000E+00 0.100400E+00 0.884800E-01 0.820000E-01 0.826400E-01 0.788800E-01 0.740000E-01 0.746400E-01 0.695200E-01 0.640800E-01 0.592000E-01 0.616000E-01 0.578400E-01 0.541600E-01 0.523200E-01 0.528800E-01 0.495200E-01 0.432800E-01 0.456800E-01 0.388000E-01 0.401600E-01 0.388800E-01 0.370400E-01 0.305600E-01 0.329600E-01 0.314400E-01 0.296800E-01 0.266400E-01 0.287200E-01 0.248800E-01 0.251200E-01 0.233600E-01 0.204800E-01 0.216800E-01 0.221600E-01 0.187200E-01 0.189600E-01 0.159200E-01 0.173600E-01 0.165600E-01 0.148800E-01 0.132000E-01 0.142400E-01 0.124800E-01 0.114400E-01 0.128000E-01 0.103200E-01 0.952000E-02 0.103200E-01 0.832000E-02 0.864000E-02 0.864000E-02 0.824000E-02 0.744000E-02 0.648000E-02 0.688000E-02 0.656000E-02 0.632000E-02 0.704000E-02 0.520000E-02 0.528000E-02 0.464000E-02 0.496000E-02 0.432000E-02 0.456000E-02 0.336000E-02 0.328000E-02 0.344000E-02 0.264000E-02 0.368000E-02 0.312000E-02 0.264000E-02 0.296000E-02 0.272000E-02 0.296000E-02 0.160000E-02 0.232000E-02 0.232000E-02 0.240000E-02 0.160000E-02 0.208000E-02 0.184000E-02 0.152000E-02 0.144000E-02 0.120000E-02 0.104000E-02 0.104000E-02 0.880000E-03 0.640000E-03 0.136000E-02 0.960000E-03 0.880000E-03 0.104000E-02 0.560000E-03 0.960000E-03 0.104000E-02 0.880000E-03 0.560000E-03 0.640000E-03 0.320000E-03 0.160000E-03 0.480000E-03 0.320000E-03 0.240000E-03 0.800000E-04 0.240000E-03 0.400000E-03 0.240000E-03 0.480000E-03 0.160000E-03 0.240000E-03 0.320000E-03 0.160000E-03 0.160000E-03 0.000000E+00 0.000000E+00 0.800000E-04 0.000000E+00 0.000000E+00 0.160000E-03 0.000000E+00 0.000000E+00 0.800000E-04 0.000000E+00 0.800000E-04 0.000000E+00 0.000000E+00 0.800000E-04 0.000000E+00 0.000000E+00 0.800000E-04 0.000000E+00 0.800000E-04 0.000000E+00 0.000000E+00 0.000000E+00 0.000000E+00 0.000000E+00 0.000000E+00 0.000000E+00 0.000000E+00 0.000000E+00 0.000000E+00 0.000000E+00 0.000000E+00 0.000000E+00 0.000000E+00 0.000000E+00 0.000000E+00 0.000000E+00 0.000000E+00 0.000000E+00
 0.178755E+03 0.556464E+01 0.290584E+01 0.189776E+01 0.136560E+01 0.105080E+01 0.855120E+00 0.711600E+00 0.602400E+00 0.511200E+00 0.452080E+00 0.399200E+00 0.347040E+00 0.321840E+00 0.284880E+00 0.268240E+00 0.231840E+00 0.218640E+00 0.204720E+00 0.191360E+00 0.171760E+00 0.155040E+00 0.155200E+00 0.146400E+00 0.129920E+00 0.135040E+00 0.117360E+00 0.115280E+00 0.108160E+00 0.105920E+00 0.973600E-01 0.878400E-01 0.895200E-01 0.783200E-01 0.772000E-01 0.791200E-01 0.733600E-01 0.693600E-01 0.650400E-01 0.648000E-01 0.606400E-01 0.567200E-01 0.529600E-01 0.551200E-01 0.504800E-01 0.528000E-01 0.493600E-01 0.490400E-01 0.455200E-01 0.424000E-01 0.423200E-01 0.393600E-01 0.375200E-01 0.380000E-01 0.359200E-01 0.368000E-01 0.363200E-01 0.341600E-01 0.325600E-01 0.335200E-01 0.286400E-01 0.305600E-01 0.306400E-01 0.292800E-01 0.282400E-01 0.265600E-01 0.282400E-01 0.268000E-01 0.215200E-01 0.242400E-01 0.251200E-01 0.223200E-01 0.215200E-01 0.216000E-01 0.234400E-01 0.201600E-01 0.202400E-01 0.189600E-01 0.202400E-01 0.177600E-01 0.166400E-01 0.196000E-01 0.200000E-01 0.215200E-01 0.175200E-01 0.140000E-01 0.156800E-01 0.149600E-01 0.160000E-01 0.152000E-01 0.133600E-01 0.151200E-01 0.147200E-01 0.131200E-01 0.147200E-01 0.139200E-01 0.145600E-01 0.130400E-01 0.120000E-01 0.127200E-01 0.123200E-01 0.125600E-01 0.117600E-01 0.100800E-01 0.104800E-01 0.104000E-01 0.920000E-02 0.120000E-01 0.968000E-02 0.952000E-02 0.110400E-01 0.103200E-01 0.102400E-01 0.104000E-01 0.928000E-02 0.744000E-02 0.928000E-02 0.110400E-01 0.880000E-02 0.672000E-02 0.936000E-02 0.904000E-02 0.912000E-02 0.752000E-02 0.880000E-02 0.832000E-02 0.768000E-02 0.632000E-02 0.808000E-02 0.688000E-02 0.656000E-02 0.640000E-02 0.656000E-02 0.808000E-02 0.696000E-02 0.632000E-02 0.680000E-02 0.640000E-02 0.576000E-02 0.664000E-02 0.616000E-02 0.656000E-02 0.592000E-02 0.664000E-02 0.600000E-02 0.608000E-02 0.712000E-02 0.696000E-02 0.600000E-02 0.544000E-02 0.472000E-02 0.584000E-02 0.456000E-02 0.576000E-02 0.496000E-02 0.496000E-02 0.424000E-02 0.448000E-02 0.528000E-02 0.480000E-02 0.632000E-02 0.624000E-02 0.552000E-02 0.456000E-02 0.536000E-02 0.512000E-02 0.424000E-02 0.464000E-02 0.528000E-02 0.408000E-02 0.408000E-02 0.496000E-02 0.528000E-02 0.416000E-02 0.304000E-02 0.472000E-02 0.416000E-02 0.488000E-02 0.344000E-02 0.344000E-02 0.384000E-02 0.432000E-02 0.464000E-02 0.512000E-02 0.440000E-02 0.416000E-02 0.384000E-02 0.368000E-02 0.376000E-02 0.384000E-02 0.416000E-02 0.472000E-02 0.424000E-02 0.424000E-02 0.392000E-02 0.488000E-02 0.432000E-02 0.264000E-02 0.360000E-02 0.367760E+00
 0.121648E+03 0.137178E+02 0.784096E+01 0.546928E+01 0.414664E+01 0.332296E+01 0.276104E+01 0.235272E+01 0.204632E+01 0.177272E+01 0.161728E+01 0.143784E+01 0.128832E+01 0.118000E+01 0.108744E+01 0.992400E+00 0.926720E+00 0.871920E+00 0.810480E+00 0.738000E+00 0.710960E+00 0.671360E+00 0.635760E+00 0.586720E+00 0.579040E+00 0.524160E+00 0.504480E+00 0.490800E+00 0.468400E+00 0.449840E+00 0.427360E+00 0.397280E+00 0.387520E+00 0.372160E+00 0.362480E+00 0.350800E+00 0.334160E+00 0.332560E+00 0.312640E+00 0.302080E+00 0.291440E+00 0.288240E+00 0.284000E+00 0.265680E+00 0.263840E+00 0.247600E+00 0.247440E+00 0.239600E+00 0.224560E+00 0.217200E+00 0.215360E+00 0.203840E+00 0.203440E+00 0.192720E+00 0.197200E+00 0.187760E+00 0.180880E+00 0.184400E+00 0.172320E+00 0.175040E+00 0.166640E+00 0.158400E+00 0.158240E+00 0.155760E+00 0.148480E+00 0.140320E+00 0.144160E+00 0.139760E+00 0.138480E+00 0.138880E+00 0.127680E+00 0.124880E+00 0.120080E+00 0.119360E+00 0.115440E+00 0.122640E+00 0.119760E+00 0.111920E+00 0.113040E+00 0.103680E+00 0.106720E+00 0.103600E+00 0.990400E-01 0.989600E-01 0.998400E-01 0.953600E-01 0.968800E-01 0.981600E-01 0.916000E-01 0.848800E-01 0.868800E-01 0.891200E-01 0.840000E-01 0.811200E-01 0.812800E-01 0.796000E-01 0.788000E-01 0.764800E-01 0.762400E-01 0.744800E-01 0.745600E-01 0.766400E-01 0.670400E-01 0.708000E-01 0.688800E-01 0.689600E-01 0.622400E-01 0.600000E-01 0.623200E-01 0.607200E-01 0.600800E-01 0.656000E-01 0.624800E-01 0.584000E-01 0.588000E-01 0.605600E-01 0.557600E-01 0.571200E-01 0.543200E-01 0.514400E-01 0.552800E-01 0.535200E-01 0.553600E-01 0.518400E-01 0.526400E-01 0.482400E-01 0.505600E-01 0.516000E-01 0.483200E-01 0.496800E-01 0.472800E-01 0.462400E-01 0.423200E-01 0.448800E-01 0.420800E-01 0.429600E-01 0.427200E-01 0.420800E-01 0.416000E-01 0.426400E-01 0.392000E-01 0.388000E-01 0.350400E-01 0.394400E-01 0.388000E-01 0.408800E-01 0.408000E-01 0.390400E-01 0.412000E-01 0.379200E-01 0.348000E-01 0.377600E-01 0.350400E-01 0.367200E-01 0.363200E-01 0.363200E-01 0.345600E-01 0.332800E-01 0.333600E-01 0.345600E-01 0.324800E-01 0.336000E-01 0.319200E-01 0.313600E-01 0.358400E-01 0.300800E-01 0.340800E-01 0.320800E-01 0.347200E-01 0.307200E-01 0.305600E-01 0.360000E-01 0.346400E-01 0.306400E-01 0.324000E-01 0.308800E-01 0.310400E-01 0.296800E-01 0.321600E-01 0.340000E-01 0.320000E-01 0.343200E-01 0.304800E-01 0.342400E-01 0.301600E-01 0.315200E-01 0.350400E-01 0.298400E-01 0.335200E-01 0.328000E-01 0.307200E-01 0.299200E-01 0.314400E-01 0.334400E-01 0.316800E-01 0.339200E-01 0.320800E-01 0.324000E-01 0.330400E-01 0.293928E+01
 0.250994E+02 0.806360E+01 0.497480E+01 0.363552E+01 0.284656E+01 0.232208E+01 0.196024E+01 0.167736E+01 0.147960E+01 0.130776E+01 0.117040E+01 0.105440E+01 0.943920E+00 0.883680E+00 0.805200E+00 0.732080E+00 0.676160E+00 0.621120E+00 0.587200E+00 0.536640E+00 0.505760E+00 0.478240E+00 0.442320E+00 0.416240E+00 0.389120E+00 0.363040E+00 0.345680E+00 0.322320E+00 0.295840E+00 0.296320E+00 0.270880E+00 0.255040E+00 0.240240E+00 0.227120E+00 0.217600E+00 0.212640E+00 0.195360E+00 0.188640E+00 0.173520E+00 0.165200E+00 0.162080E+00 0.150160E+00 0.145120E+00 0.135920E+00 0.129280E+00 0.124800E+00 0.119040E+00 0.109360E+00 0.112160E+00 0.100880E+00 0.935200E-01 0.892000E-01 0.848000E-01 0.776800E-01 0.792800E-01 0.787200E-01 0.682400E-01 0.691200E-01 0.688000E-01 0.632000E-01 0.576000E-01 0.597600E-01 0.527200E-01 0.512000E-01 0.530400E-01 0.485600E-01 0.476800E-01 0.436000E-01 0.388800E-01 0.384800E-01 0.400000E-01 0.335200E-01 0.336000E-01 0.340000E-01 0.307200E-01 0.284000E-01 0.294400E-01 0.254400E-01 0.272000E-01 0.283200E-01 0.231200E-01 0.216000E-01 0.206400E-01 0.187200E-01 0.189600E-01 0.202400E-01 0.168000E-01 0.148800E-01 0.154400E-01 0.183200E-01 0.134400E-01 0.146400E-01 0.131200E-01 0.123200E-01 0.124000E-01 0.108800E-01 0.121600E-01 0.904000E-02 0.888000E-02 0.904000E-02 0.936000E-02 0.880000E-02 0.704000E-02 0.656000E-02 0.624000E-02 0.744000E-02 0.800000E-02 0.648000E-02 0.632000E-02 0.632000E-02 0.664000E-02 0.536000E-02 0.432000E-02 0.544000E-02 0.368000E-02 0.344000E-02 0.360000E-02 0.264000E-02 0.336000E-02 0.272000E-02 0.344000E-02 0.344000E-02 0.248000E-02 0.240000E-02 0.200000E-02 0.256000E-02 0.176000E-02 0.232000E-02 0.112000E-02 0.256000E-02 0.168000E-02 0.200000E-02 0.160000E-02 0.136000E-02 0.136000E-02 0.176000E-02 0.144000E-02 0.960000E-03 0.104000E-02 0.144000E-02 0.136000E-02 0.128000E-02 0.800000E-03 0.560000E-03 0.400000E-03 0.560000E-03 0.240000E-03 0.160000E-03 0.160000E-03 0.400000E-03 0.560000E-03 0.560000E-03 0.320000E-03 0.400000E-03 0.320000E-03 0.320000E-03 0.320000E-03 0.240000E-03 0.800000E-04 0.320000E-03 0.800000E-04 0.160000E-03 0.800000E-04 0.800000E-04 0.800000E-04 0.000000E+00 0.800000E-04 0.800000E-04 0.800000E-04 0.000000E+00 0.800000E-04 0.240000E-03 0.800000E-04 0.000000E+00 0.800000E-04 0.000000E+00 0.000000E+00 0.000000E+00 0.000000E+00 0.000000E+00 0.000000E+00 0.800000E-04 0.000000E+00 0.000000E+00 0.000000E+00 0.000000E+00 0.000000E+00 0.000000E+00 0.800000E-04 0.000000E+00 0.000000E+00 0.000000E+00 0.000000E+00 0.000000E+00 0.000000E+00 0.000000E+00 0.000000E+00 0.000000E+00 0.000000E+00 0.000000E+00
 0.298594E+02 0.832976E+01 0.493424E+01 0.349432E+01 0.271472E+01 0.220848E+01 0.184048E+01 0.158968E+01 0.137584E+01 0.121104E+01 0.107016E+01 0.975360E+00 0.890000E+00 0.811840E+00 0.744320E+00 0.690240E+00 0.632480E+00 0.585040E+00 0.538480E+00 0.517440E+00 0.473280E+00 0.434320E+00 0.409280E+00 0.386800E+00 0.366720E+00 0.342960E+00 0.311600E+00 0.306240E+00 0.291440E+00 0.270880E+00 0.257920E+00 0.253680E+00 0.228800E+00 0.214320E+00 0.210880E+00 0.196720E+00 0.183040E+00 0.177120E+00 0.162560E+00 0.160640E+00 0.146160E+00 0.156000E+00 0.134720E+00 0.135840E+00 0.128080E+00 0.119360E+00 0.110640E+00 0.107440E+00 0.104160E+00 0.100320E+00 0.940000E-01 0.918400E-01 0.846400E-01 0.820000E-01 0.760000E-01 0.766400E-01 0.713600E-01 0.685600E-01 0.688800E-01 0.618400E-01 0.572000E-01 0.607200E-01 0.541600E-01 0.520000E-01 0.471200E-01 0.487200E-01 0.442400E-01 0.408800E-01 0.395200E-01 0.373600E-01 0.364000E-01 0.352800E-01 0.327200E-01 0.308800E-01 0.278400E-01 0.302400E-01 0.280800E-01 0.271200E-01 0.257600E-01 0.219200E-01 0.254400E-01 0.218400E-01 0.193600E-01 0.184800E-01 0.196800E-01 0.154400E-01 0.192800E-01 0.158400E-01 0.155200E-01 0.144000E-01 0.112800E-01 0.136800E-01 0.113600E-01 0.119200E-01 0.114400E-01 0.120000E-01 0.920000E-02 0.111200E-01 0.976000E-02 0.920000E-02 0.888000E-02 0.776000E-02 0.864000E-02 0.576000E-02 0.584000E-02 0.728000E-02 0.600000E-02 0.512000E-02 0.536000E-02 0.472000E-02 0.504000E-02 0.424000E-02 0.424000E-02 0.384000E-02 0.360000E-02 0.256000E-02 0.344000E-02 0.232000E-02 0.392000E-02 0.352000E-02 0.184000E-02 0.160000E-02 0.224000E-02 0.216000E-02 0.272000E-02 0.224000E-02 0.208000E-02 0.192000E-02 0.160000E-02 0.144000E-02 0.960000E-03 0.880000E-03 0.120000E-02 0.120000E-02 0.120000E-02 0.960000E-03 0.112000E-02 0.480000E-03 0.880000E-03 0.960000E-03 0.720000E-03 0.800000E-03 0.800000E-03 0.480000E-03 0.800000E-03 0.560000E-03 0.640000E-03 0.160000E-03 0.160000E-03 0.400000E-03 0.560000E-03 0.240000E-03 0.320000E-03 0.480000E-03 0.240000E-03 0.800000E-04 0.160000E-03 0.160000E-03 0.800000E-04 0.240000E-03 0.000000E+00 0.800000E-04 0.800000E-04 0.160000E-03 0.000000E+00 0.800000E-04 0.800000E-04 0.000000E+00 0.800000E-04 0.000000E+00 0.800000E-04 0.800000E-04 0.000000E+00 0.000000E+00 0.000000E+00 0.000000E+00 0.000000E+00 0.000000E+00 0.800000E-04 0.000000E+00 0.800000E-04 0.800000E-04 0.000000E+00 0.000000E+00 0.000000E+00 0.000000E+00 0.000000E+00 0.000000E+00 0.000000E+00 0.000000E+00 0.000000E+00 0.000000E+00 0.000000E+00 0.000000E+00 0.000000E+00 0.000000E+00 0.000000E+00 0.000000E+00 0.000000E+00 0.000000E+00
 0.245502E+02 0.785112E+01 0.487088E+01 0.351336E+01 0.274504E+01 0.224592E+01 0.190776E+01 0.164960E+01 0.146072E+01 0.128288E+01 0.113048E+01 0.103456E+01 0.922000E+00 0.842960E+00 0.768000E+00 0.713280E+00 0.661840E+00 0.607520E+00 0.572160E+00 0.537040E+00 0.486400E+00 0.462960E+00 0.426640E+00 0.392560E+00 0.377440E+00 0.349840E+00 0.326080E+00 0.305280E+00 0.295280E+00 0.274080E+00 0.266880E+00 0.249840E+00 0.242240E+00 0.221280E+00 0.214400E+00 0.200800E+00 0.184400E+00 0.180480E+00 0.168960E+00 0.169840E+00 0.163440E+00 0.142400E+00 0.135680E+00 0.136400E+00 0.121360E+00 0.119280E+00 0.115440E+00 0.107840E+00 0.999200E-01 0.972000E-01 0.956800E-01 0.904800E-01 0.844800E-01 0.775200E-01 0.768000E-01 0.725600E-01 0.700000E-01 0.701600E-01 0.628800E-01 0.572000E-01 0.516000E-01 0.547200E-01 0.518400E-01 0.508800E-01 0.483200E-01 0.456800E-01 0.437600E-01 0.423200E-01 0.402400E-01 0.388800E-01 0.371200E-01 0.332000E-01 0.344800E-01 0.347200E-01 0.297600E-01 0.269600E-01 0.281600E-01 0.228000E-01 0.248800E-01 0.252000E-01 0.222400E-01 0.201600E-01 0.195200E-01 0.201600E-01 0.182400E-01 0.176800E-01 0.156800E-01 0.181600E-01 0.160800E-01 0.136800E-01 0.124800E-01 0.125600E-01 0.133600E-01 0.116000E-01 0.920000E-02 0.100800E-01 0.109600E-01 0.960000E-02 0.103200E-01 0.111200E-01 0.696000E-02 0.744000E-02 0.736000E-02 0.792000E-02 0.656000E-02 0.600000E-02 0.584000E-02 0.504000E-02 0.560000E-02 0.592000E-02 0.480000E-02 0.408000E-02 0.368000E-02 0.528000E-02 0.496000E-02 0.448000E-02 0.400000E-02 0.376000E-02 0.296000E-02 0.352000E-02 0.320000E-02 0.288000E-02 0.264000E-02 0.304000E-02 0.304000E-02 0.312000E-02 0.280000E-02 0.176000E-02 0.272000E-02 0.248000E-02 0.200000E-02 0.144000E-02 0.136000E-02 0.184000E-02 0.152000E-02 0.120000E-02 0.104000E-02 0.800000E-03 0.104000E-02 0.400000E-03 0.480000E-03 0.960000E-03 0.640000E-03 0.560000E-03 0.800000E-03 0.800000E-03 0.960000E-03 0.560000E-03 0.240000E-03 0.640000E-03 0.240000E-03 0.320000E-03 0.240000E-03 0.320000E-03 0.320000E-03 0.320000E-03 0.000000E+00 0.320000E-03 0.160000E-03 0.160000E-03 0.240000E-03 0.160000E-03 0.000000E+00 0.160000E-03 0.320000E-03 0.800000E-04 0.000000E+00 0.320000E-03 0.000000E+00 0.800000E-04 0.800000E-04 0.000000E+00 0.000000E+00 0.000000E+00 0.000000E+00 0.000000E+00 0.160000E-03 0.800000E-04 0.000000E+00 0.000000E+00 0.000000E+00 0.800000E-04 0.000000E+00 0.000000E+00 0.160000E-03 0.000000E+00 0.000000E+00 0.000000E+00 0.000000E+00 0.000000E+00 0.000000E+00 0.800000E-04 0.000000E+00 0.000000E+00 0.000000E+00 0.000000E+00 0.000000E+00 0.000000E+00 0.000000E+00 0.000000E+00
 0.291603E+02 0.813112E+01 0.483256E+01 0.341448E+01 0.264728E+01 0.212352E+01 0.181520E+01 0.153072E+01 0.132208E+01 0.118360E+01 0.107000E+01 0.954400E+00 0.863600E+00 0.792160E+00 0.728960E+00 0.658960E+00 0.604720E+00 0.566080E+00 0.528400E+00 0.497200E+00 0.454720E+00 0.436400E+00 0.406880E+00 0.378320E+00 0.358240E+00 0.341200E+00 0.330240E+00 0.294560E+00 0.280000E+00 0.270640E+00 0.257200E+00 0.243280E+00 0.230000E+00 0.203600E+00 0.200560E+00 0.192240E+00 0.183120E+00 0.176800E+00 0.156720E+00 0.157280E+00 0.146880E+00 0.142480E+00 0.130560E+00 0.124080E+00 0.123200E+00 0.121120E+00 0.108720E+00 0.103840E+00 0.100000E+00 0.100400E+00 0.884800E-01 0.820000E-01 0.826400E-01 0.788800E-01 0.740000E-01 0.746400E-01 0.695200E-01 0.640800E-01 0.592000E-01 0.616000E-01 0.578400E-01 0.541600E-01 0.523200E-01 0.528800E-01 0.495200E-01 0.432800E-01 0.456800E-01 0.388000E-01 0.401600E-01 0.388800E-01 0.370400E-01 0.305600E-01 0.329600E-01 0.314400E-01 0.296800E-01 0.266400E-01 0.287200E-01 0.248800E-01 0.251200E-01 0.233600E-01 0.204800E-01 0.216800E-01 0.221600E-01 0.187200E-01 0.189600E-01 0.159200E-01 0.173600E-01 0.165600E-01 0.148800E-01 0.132000E-01 0.142400E-01 0.124800E-01 0.114400E-01 0.128000E-01 0.103200E-01 0.952000E-02 0.103200E-01 0.832000E-02 0.864000E-02 0.864000E-02 0.824000E-02 0.744000E-02 0.648000E-02 0.688000E-02 0.656000E-02 0.632000E-02 0.704000E-02 0.520000E-02 0.528000E-02 0.464000E-02 0.496000E-02 0.432000E-02 0.456000E-02 0.336000E-02 0.328000E-02 0.344000E-02 0.264000E-02 0.368000E-02 0.312000E-02 0.264000E-02 0.296000E-02 0.272000E-02 0.296000E-02 0.160000E-02 0.232000E-02 0.232000E-02 0.240000E-02 0.160000E-02 0.208000E-02 0.184000E-02 0.152000E-02 0.144000E-02 0.120000E-02 0.104000E-02 0.104000E-02 0.880000E-03 0.640000E-03 0.136000E-02 0.960000E-03 0.880000E-03 0.104000E-02 0.560000E-03 0.960000E-03 0.104000E-02 0.880000E-03 0.560000E-03 0.640000E-03 0.320000E-03 0.160000E-03 0.480000E-03 0.320000E-03 0.240000E-03 0.800000E-04 0.240000E-03 0.400000E-03 0.240000E-03 0.480000E-03 0.160000E-03 0.240000E-03 0.320000E-03 0.160000E-03 0.160000E-03 0.000000E+00 0.000000E+00 0.800000E-04 0.000000E+00 0.000000E+00 0.160000E-03 0.000000E+00 0.000000E+00 0.800000E-04 0.000000E+00 0.800000E-04 0.000000E+00 0.000000E+00 0.800000E-04 0.000000E+00 0.000000E+00 0.800000E-04 0.000000E+00 0.800000E-04 0.000000E+00 0.000000E+00 0.000000E+00 0.000000E+00 0.000000E+00 0.000000E+00 0.000000E+00 0.000000E+00 0.000000E+00 0.000000E+00 0.000000E+00 0.000000E+00 0.000000E+00 0.000000E+00 0.000000E+00 0.000000E+00 0.000000E+00 0.000000E+00 0.000000E+00
 0.178664E+03 0.551528E+01 0.286640E+01 0.186480E+01 0.133736E+01 0.102312E+01 0.827040E+00 0.688960E+00 0.578800E+00 0.491840E+00 0.432640E+00 0.381120E+00 0.328880E+00 0.302240E+00 0.266000E+00 0.251360E+00 0.216000E+00 0.201520E+00 0.188240E+00 0.174400E+00 0.155280E+00 0.142480E+00 0.142080E+00 0.131200E+00 0.117760E+00 0.121120E+00 0.103520E+00 0.103600E+00 0.975200E-01 0.942400E-01 0.854400E-01 0.777600E-01 0.776000E-01 0.669600E-01 0.663200E-01 0.686400E-01 0.632000E-01 0.597600E-01 0.542400E-01 0.540000E-01 0.520000E-01 0.483200E-01 0.445600E-01 0.468800E-01 0.401600E-01 0.424800E-01 0.412000E-01 0.406400E-01 0.377600E-01 0.344800E-01 0.332000E-01 0.316000E-01 0.296800E-01 0.300800E-01 0.277600E-01 0.280000E-01 0.285600E-01 0.254400E-01 0.240000E-01 0.255200E-01 0.213600E-01 0.224000E-01 0.227200E-01 0.206400E-01 0.203200E-01 0.190400E-01 0.197600E-01 0.197600E-01 0.148800E-01 0.172000E-01 0.168000E-01 0.166400E-01 0.145600E-01 0.148000E-01 0.156000E-01 0.146400E-01 0.144000E-01 0.117600E-01 0.138400E-01 0.118400E-01 0.107200E-01 0.124800E-01 0.126400E-01 0.137600E-01 0.116800E-01 0.816000E-02 0.992000E-02 0.896000E-02 0.920000E-02 0.888000E-02 0.736000E-02 0.776000E-02 0.736000E-02 0.760000E-02 0.784000E-02 0.800000E-02 0.800000E-02 0.672000E-02 0.624000E-02 0.608000E-02 0.656000E-02 0.672000E-02 0.664000E-02 0.544000E-02 0.552000E-02 0.624000E-02 0.456000E-02 0.664000E-02 0.416000E-02 0.536000E-02 0.472000E-02 0.440000E-02 0.424000E-02 0.400000E-02 0.448000E-02 0.352000E-02 0.376000E-02 0.416000E-02 0.312000E-02 0.208000E-02 0.272000E-02 0.376000E-02 0.280000E-02 0.352000E-02 0.328000E-02 0.360000E-02 0.176000E-02 0.200000E-02 0.272000E-02 0.216000E-02 0.248000E-02 0.168000E-02 0.168000E-02 0.256000E-02 0.240000E-02 0.168000E-02 0.160000E-02 0.192000E-02 0.184000E-02 0.184000E-02 0.184000E-02 0.168000E-02 0.720000E-03 0.152000E-02 0.144000E-02 0.152000E-02 0.144000E-02 0.128000E-02 0.112000E-02 0.960000E-03 0.880000E-03 0.960000E-03 0.800000E-03 0.960000E-03 0.640000E-03 0.640000E-03 0.400000E-03 0.320000E-03 0.400000E-03 0.560000E-03 0.560000E-03 0.640000E-03 0.560000E-03 0.160000E-03 0.560000E-03 0.480000E-03 0.160000E-03 0.320000E-03 0.240000E-03 0.480000E-03 0.800000E-04 0.240000E-03 0.400000E-03 0.160000E-03 0.240000E-03 0.160000E-03 0.400000E-03 0.160000E-03 0.800000E-04 0.800000E-04 0.160000E-03 0.160000E-03 0.320000E-03 0.160000E-03 0.000000E+00 0.800000E-04 0.000000E+00 0.800000E-04 0.800000E-04 0.800000E-04 0.800000E-04 0.800000E-04 0.000000E+00 0.000000E+00 0.800000E-04 0.000000E+00 0.000000E+00 0.000000E+00 0.000000E+00 0.000000E+00
 0.121585E+03 0.136699E+02 0.779776E+01 0.542968E+01 0.410768E+01 0.328560E+01 0.272720E+01 0.231752E+01 0.201008E+01 0.174160E+01 0.158656E+01 0.140656E+01 0.125608E+01 0.115184E+01 0.105848E+01 0.965680E+00 0.895360E+00 0.841040E+00 0.782960E+00 0.710160E+00 0.684960E+00 0.642720E+00 0.607680E+00 0.559440E+00 0.550800E+00 0.497840E+00 0.478240E+00 0.463040E+00 0.440880E+00 0.422880E+00 0.401760E+00 0.370800E+00 0.360560E+00 0.346640E+00 0.336880E+00 0.325360E+00 0.308240E+00 0.306160E+00 0.289040E+00 0.274080E+00 0.268000E+00 0.262400E+00 0.256880E+00 0.241040E+00 0.237120E+00 0.225440E+00 0.221120E+00 0.215280E+00 0.199840E+00 0.193760E+00 0.191520E+00 0.178320E+00 0.179440E+00 0.169680E+00 0.171600E+00 0.163120E+00 0.157840E+00 0.159520E+00 0.148000E+00 0.151600E+00 0.142880E+00 0.133920E+00 0.135120E+00 0.132800E+00 0.124720E+00 0.116560E+00 0.118640E+00 0.114640E+00 0.113600E+00 0.112160E+00 0.104400E+00 0.102560E+00 0.988000E-01 0.973600E-01 0.932800E-01 0.951200E-01 0.926400E-01 0.868800E-01 0.878400E-01 0.805600E-01 0.824800E-01 0.784800E-01 0.745600E-01 0.743200E-01 0.746400E-01 0.699200E-01 0.708800E-01 0.718400E-01 0.676800E-01 0.621600E-01 0.634400E-01 0.637600E-01 0.593600E-01 0.557600E-01 0.546400E-01 0.557600E-01 0.516000E-01 0.508800E-01 0.510400E-01 0.484800E-01 0.464800E-01 0.480800E-01 0.419200E-01 0.470400E-01 0.443200E-01 0.428000E-01 0.392000E-01 0.358400E-01 0.355200E-01 0.344000E-01 0.360000E-01 0.369600E-01 0.363200E-01 0.320000E-01 0.324800E-01 0.317600E-01 0.297600E-01 0.312000E-01 0.285600E-01 0.263200E-01 0.272800E-01 0.271200E-01 0.281600E-01 0.237600E-01 0.253600E-01 0.221600E-01 0.228800E-01 0.241600E-01 0.222400E-01 0.205600E-01 0.216800E-01 0.203200E-01 0.176800E-01 0.184000E-01 0.158400E-01 0.171200E-01 0.156800E-01 0.163200E-01 0.156800E-01 0.151200E-01 0.136800E-01 0.140800E-01 0.114400E-01 0.124800E-01 0.115200E-01 0.116800E-01 0.115200E-01 0.108000E-01 0.111200E-01 0.960000E-02 0.856000E-02 0.824000E-02 0.784000E-02 0.792000E-02 0.784000E-02 0.648000E-02 0.712000E-02 0.568000E-02 0.616000E-02 0.664000E-02 0.568000E-02 0.408000E-02 0.440000E-02 0.440000E-02 0.488000E-02 0.392000E-02 0.320000E-02 0.320000E-02 0.352000E-02 0.304000E-02 0.304000E-02 0.312000E-02 0.368000E-02 0.272000E-02 0.304000E-02 0.256000E-02 0.232000E-02 0.184000E-02 0.176000E-02 0.168000E-02 0.104000E-02 0.168000E-02 0.128000E-02 0.128000E-02 0.960000E-03 0.112000E-02 0.880000E-03 0.720000E-03 0.880000E-03 0.640000E-03 0.640000E-03 0.480000E-03 0.480000E-03 0.240000E-03 0.240000E-03 0.160000E-03 0.240000E-03 0.000000E+00 0.000000E+00 0.000000E+00
 0.250994E+02 0.806360E+01 0.497480E+01 0.363552E+01 0.284656E+01 0.232208E+01 0.196024E+01 0.167736E+01 0.147960E+01 0.130776E+01 0.117040E+01 0.105440E+01 0.943920E+00 0.883680E+00 0.805200E+00 0.732080E+00 0.676160E+00 0.621120E+00 0.587200E+00 0.536640E+00 0.505760E+00 0.478240E+00 0.442320E+00 0.416240E+00 0.389120E+00 0.363040E+00 0.345680E+00 0.322320E+00 0.295840E+00 0.296320E+00 0.270880E+00 0.255040E+00 0.240240E+00 0.227120E+00 0.217600E+00 0.212640E+00 0.195360E+00 0.188640E+00 0.173520E+00 0.165200E+00 0.162080E+00 0.150160E+00 0.145120E+00 0.135920E+00 0.129280E+00 0.124800E+00 0.119040E+00 0.109360E+00 0.112160E+00 0.100880E+00 0.935200E-01 0.892000E-01 0.848000E-01 0.776800E-01 0.792800E-01 0.787200E-01 0.682400E-01 0.691200E-01 0.688000E-01 0.632000E-01 0.576000E-01 0.597600E-01 0.527200E-01 0.512000E-01 0.530400E-01 0.485600E-01 0.476800E-01 0.436000E-01 0.388800E-01 0.384800E-01 0.400000E-01 0.335200E-01 0.336000E-01 0.340000E-01 0.307200E-01 0.284000E-01 0.294400E-01 0.254400E-01 0.272000E-01 0.283200E-01 0.231200E-01 0.216000E-01 0.206400E-01 0.187200E-01 0.189600E-01 0.202400E-01 0.168000E-01 0.148800E-01 0.154400E-01 0.183200E-01 0.134400E-01 0.146400E-01 0.131200E-01 0.123200E-01 0.124000E-01 0.108800E-01 0.121600E-01 0.904000E-02 0.888000E-02 0.904000E-02 0.936000E-02 0.880000E-02 0.704000E-02 0.656000E-02 0.624000E-02 0.744000E-02 0.800000E-02 0.648000E-02 0.632000E-02 0.632000E-02 0.664000E-02 0.536000E-02 0.432000E-02 0.544000E-02 0.368000E-02 0.344000E-02 0.360000E-02 0.264000E-02 0.336000E-02 0.272000E-02 0.344000E-02 0.344000E-02 0.248000E-02 0.240000E-02 0.200000E-02 0.256000E-02 0.176000E-02 0.232000E-02 0.112000E-02 0.256000E-02 0.168000E-02 0.200000E-02 0.160000E-02 0.136000E-02 0.136000E-02 0.176000E-02 0.144000E-02 0.960000E-03 0.104000E-02 0.144000E-02 0.136000E-02 0.128000E-02 0.800000E-03 0.560000E-03 0.400000E-03 0.560000E-03 0.240000E-03 0.160000E-03 0.160000E-03 0.400000E-03 0.560000E-03 0.560000E-03 0.320000E-03 0.400000E-03 0.320000E-03 0.320000E-03 0.320000E-03 0.240000E-03 0.800000E-04 0.320000E-03 0.800000E-04 0.160000E-03 0.800000E-04 0.800000E-04 0.800000E-04 0.000000E+00 0.800000E-04 0.800000E-04 0.800000E-04 0.000000E+00 0.800000E-04 0.240000E-03 0.800000E-04 0.000000E+00 0.800000E-04 0.000000E+00 0.000000E+00 0.000000E+00 0.000000E+00 0.000000E+00 0.000000E+00 0.800000E-04 0.000000E+00 0.000000E+00 0.000000E+00 0.000000E+00 0.000000E+00 0.000000E+00 0.800000E-04 0.000000E+00 0.000000E+00 0.000000E+00 0.000000E+00 0.000000E+00 0.000000E+00 0.000000E+00 0.000000E+00 0.000000E+00 0.000000E+00 0.000000E+00
 0.298594E+02 0.832976E+01 0.493424E+01 0.349432E+01 0.271472E+01 0.220848E+01 0.184048E+01 0.158968E+01 0.137584E+01 0.121104E+01 0.107016E+01 0.975360E+00 0.890000E+00 0.811840E+00 0.744320E+00 0.690240E+00 0.632480E+00 0.585040E+00 0.538480E+00 0.517440E+00 0.473280E+00 0.434320E+00 0.409280E+00 0.386800E+00 0.366720E+00 0.342960E+00 0.311600E+00 0.306240E+00 0.291440E+00 0.270880E+00 0.257920E+00 0.253680E+00 0.228800E+00 0.214320E+00 0.210880E+00 0.196720E+00 0.183040E+00 0.177120E+00 0.162560E+00 0.160640E+00 0.146160E+00 0.156000E+00 0.134720E+00 0.135840E+00 0.128080E+00 0.119360E+00 0.110640E+00 0.107440E+00 0.104160E+00 0.100320E+00 0.940000E-01 0.918400E-01 0.846400E-01 0.820000E-01 0.760000E-01 0.766400E-01 0.713600E-01 0.685600E-01 0.688800E-01 0.618400E-01 0.572000E-01 0.607200E-01 0.541600E-01 0.520000E-01 0.471200E-01 0.487200E-01 0.442400E-01 0.408800E-01 0.395200E-01 0.373600E-01 0.364000E-01 0.352800E-01 0.327200E-01 0.308800E-01 0.278400E-01 0.302400E-01 0.280800E-01 0.271200E-01 0.257600E-01 0.219200E-01 0.254400E-01 0.218400E-01 0.193600E-01 0.184800E-01 0.196800E-01 0.154400E-01 0.192800E-01 0.158400E-01 0.155200E-01 0.144000E-01 0.112800E-01 0.136800E-01 0.113600E-01 0.119200E-01 0.114400E-01 0.120000E-01 0.920000E-02 0.111200E-01 0.976000E-02 0.920000E-02 0.888000E-02 0.776000E-02 0.864000E-02 0.576000E-02 0.584000E-02 0.728000E-02 0.600000E-02 0.512000E-02 0.536000E-02 0.472000E-02 0.504000E-02 0.424000E-02 0.424000E-02 0.384000E-02 0.360000E-02 0.256000E-02 0.344000E-02 0.232000E-02 0.392000E-02 0.352000E-02 0.184000E-02 0.160000E-02 0.224000E-02 0.216000E-02 0.272000E-02 0.224000E-02 0.208000E-02 0.192000E-02 0.160000E-02 0.144000E-02 0.960000E-03 0.880000E-03 0.120000E-02 0.120000E-02 0.120000E-02 0.960000E-03 0.112000E-02 0.480000E-03 0.880000E-03 0.960000E-03 0.720000E-03 0.800000E-03 0.800000E-03 0.480000E-03 0.800000E-03 0.560000E-03 0.640000E-03 0.160000E-03 0.160000E-03 0.400000E-03 0.560000E-03 0.240000E-03 0.320000E-03 0.480000E-03 0.240000E-03 0.800000E-04 0.160000E-03 0.160000E-03 0.800000E-04 0.240000E-03 0.000000E+00 0.800000E-04 0.800000E-04 0.160000E-03 0.000000E+00 0.800000E-04 0.800000E-04 0.000000E+00 0.800000E-04 0.000000E+00 0.800000E-04 0.800000E-04 0.000000E+00 0.000000E+00 0.000000E+00 0.000000E+00 0.000000E+00 0.000000E+00 0.800000E-04 0.000000E+00 0.800000E-04 0.800000E-04 0.000000E+00 0.000000E+00 0.000000E+00 0.000000E+00 0.000000E+00 0.000000E+00 0.000000E+00 0.000000E+00 0.000000E+00 0.000000E+00 0.000000E+00 0.000000E+00 0.000000E+00 0.000000E+00 0.000000E+00 0.000000E+00 0.000000E+00 0.000000E+00
 0.245502E+02 0.785112E+01 0.487088E+01 0.351336E+01 0.274504E+01 0.224592E+01 0.190776E+01 0.164960E+01 0.146072E+01 0.128288E+01 0.113048E+01 0.103456E+01 0.922000E+00 0.842960E+00 0.768000E+00 0.713280E+00 0.661840E+00 0.607520E+00 0.572160E+00 0.537040E+00 0.486400E+00 0.462960E+00 0.426640E+00 0.392560E+00 0.377440E+00 0.349840E+00 0.326080E+00 0.305280E+00 0.295280E+00 0.274080E+00 0.266880E+00 0.249840E+00 0.242240E+00 0.221280E+00 0.214400E+00 0.200800E+00 0.184400E+00 0.180480E+00 0.168960E+00 0.169840E+00 0.163440E+00 0.142400E+00 0.135680E+00 0.136400E+00 0.121360E+00 0.119280E+00 0.115440E+00 0.107840E+00 0.999200E-01 0.972000E-01 0.956800E-01 0.904800E-01 0.844800E-01 0.775200E-01 0.768000E-01 0.725600E-01 0.700000E-01 0.701600E-01 0.628800E-01 0.572000E-01 0.516000E-01 0.547200E-01 0.518400E-01 0.508800E-01 0.483200E-01 0.456800E-01 0.437600E-01 0.423200E-01 0.402400E-01 0.388800E-01 0.371200E-01 0.332000E-01 0.344800E-01 0.347200E-01 0.297600E-01 0.269600E-01 0.281600E-01 0.228000E-01 0.248800E-01 0.252000E-01 0.222400E-01 0.201600E-01 0.195200E-01 0.201600E-01 0.182400E-01 0.176800E-01 0.156800E-01 0.181600E-01 0.160800E-01 0.136800E-01 0.124800E-01 0.125600E-01 0.133600E-01 0.116000E-01 0.920000E-02 0.100800E-01 0.109600E-01 0.960000E-02 0.103200E-01 0.111200E-01 0.696000E-02 0.744000E-02 0.736000E-02 0.792000E-02 0.656000E-02 0.600000E-02 0.584000E-02 0.504000E-02 0.560000E-02 0.592000E-02 0.480000E-02 0.408000E-02 0.368000E-02 0.528000E-02 0.496000E-02 0.448000E-02 0.400000E-02 0.376000E-02 0.296000E-02 0.352000E-02 0.320000E-02 0.288000E-02 0.264000E-02 0.304000E-02 0.304000E-02 0.312000E-02 0.280000E-02 0.176000E-02 0.272000E-02 0.248000E-02 0.200000E-02 0.144000E-02 0.136000E-02 0.184000E-02 0.152000E-02 0.120000E-02 0.104000E-02 0.800000E-03 0.104000E-02 0.400000E-03 0.480000E-03 0.960000E-03 0.640000E-03 0.560000E-03 0.800000E-03 0.800000E-03 0.960000E-03 0.560000E-03 0.240000E-03 0.640000E-03 0.240000E-03 0.320000E-03 0.240000E-03 0.320000E-03 0.320000E-03 0.320000E-03 0.000000E+00 0.320000E-03 0.160000E-03 0.160000E-03 0.240000E-03 0.160000E-03 0.000000E+00 0.160000E-03 0.320000E-03 0.800000E-04 0.000000E+00 0.320000E-03 0.000000E+00 0.800000E-04 0.800000E-04 0.000000E+00 0.000000E+00 0.000000E+00 0.000000E+00 0.000000E+00 0.160000E-03 0.800000E-04 0.000000E+00 0.000000E+00 0.000000E+00 0.800000E-04 0.000000E+00 0.000000E+00 0.160000E-03 0.000000E+00 0.000000E+00 0.000000E+00 0.000000E+00 0.000000E+00 0.000000E+00 0.800000E-04 0.000000E+00 0.000000E+00 0.000000E+00 0.000000E+00 0.000000E+00 0.000000E+00 0.000000E+00 0.000000E+00
 0.291603E+02 0.813112E+01 0.483256E+01 0.341448E+01 0.264728E+01 0.212352E+01 0.181520E+01 0.153072E+01 0.132208E+01 0.118360E+01 0.107000E+01 0.954400E+00 0.863600E+00 0.792160E+00 0.728960E+00 0.658960E+00 0.604720E+00 0.566080E+00 0.528400E+00 0.497200E+00 0.454720E+00 0.436400E+00 0.406880E+00 0.378320E+00 0.358240E+00 0.341200E+00 0.330240E+00 0.294560E+00 0.280000E+00 0.270640E+00 0.257200E+00 0.243280E+00 0.230000E+00 0.203600E+00 0.200560E+00 0.192240E+00 0.183120E+00 0.176800E+00 0.156720E+00 0.157280E+00 0.146880E+00 0.142480E+00 0.130560E+00 0.124080E+00 0.123200E+00 0.121120E+00 0.108720E+00 0.103840E+00 0.100000E+00 0.100400E+00 0.884800E-01 0.820000E-01 0.826400E-01 0.788800E-01 0.740000E-01 0.746400E-01 0.695200E-01 0.640800E-01 0.592000E-01 0.616000E-01 0.578400E-01 0.541600E-01 0.523200E-01 0.528800E-01 0.495200E-01 0.432800E-01 0.456800E-01 0.388000E-01 0.401600E-01 0.388800E-01 0.370400E-01 0.305600E-01 0.329600E-01 0.314400E-01 0.296800E-01 0.266400E-01 0.287200E-01 0.248800E-01 0.251200E-01 0.233600E-01 0.204800E-01 0.216800E-01 0.221600E-01 0.187200E-01 0.189600E-01 0.159200E-01 0.173600E-01 0.165600E-01 0.148800E-01 0.132000E-01 0.142400E-01 0.124800E-01 0.114400E-01 0.128000E-01 0.103200E-01 0.952000E-02 0.103200E-01 0.832000E-02 0.864000E-02 0.864000E-02 0.824000E-02 0.744000E-02 0.648000E-02 0.688000E-02 0.656000E-02 0.632000E-02 0.704000E-02 0.520000E-02 0.528000E-02 0.464000E-02 0.496000E-02 0.432000E-02 0.456000E-02 0.336000E-02 0.328000E-02 0.344000E-02 0.264000E-02 0.368000E-02 0.312000E-02 0.264000E-02 0.296000E-02 0.272000E-02 0.296000E-02 0.160000E-02 0.232000E-02 0.232000E-02 0.240000E-02 0.160000E-02 0.208000E-02 0.184000E-02 0.152000E-02 0.144000E-02 0.120000E-02 0.104000E-02 0.104000E-02 0.880000E-03 0.640000E-03 0.136000E-02 0.960000E-03 0.880000E-03 0.104000E-02 0.560000E-03 0.960000E-03 0.104000E-02 0.880000E-03 0.560000E-03 0.640000E-03 0.320000E-03 0.160000E-03 0.480000E-03 0.320000E-03 0.240000E-03 0.800000E-04 0.240000E-03 0.400000E-03 0.240000E-03 0.480000E-03 0.160000E-03 0.240000E-03 0.320000E-03 0.160000E-03 0.160000E-03 0.000000E+00 0.000000E+00 0.800000E-04 0.000000E+00 0.000000E+00 0.160000E-03 0.000000E+00 0.000000E+00 0.800000E-04 0.000000E+00 0.800000E-04 0.000000E+00 0.000000E+00 0.800000E-04 0.000000E+00 0.000000E+00 0.800000E-04 0.000000E+00 0.800000E-04 0.000000E+00 0.000000E+00 0.000000E+00 0.000000E+00 0.000000E+00 0.000000E+00 0.000000E+00 0.000000E+00 0.000000E+00 0.000000E+00 0.000000E+00 0.000000E+00 0.000000E+00 0.000000E+00 0.000000E+00 0.000000E+00 0.000000E+00 0.000000E+00 0.000000E+00
 0.178664E+03 0.551528E+01 0.286640E+01 0.186480E+01 0.133736E+01 0.102312E+01 0.827040E+00 0.688960E+00 0.578800E+00 0.491840E+00 0.432640E+00 0.381120E+00 0.328880E+00 0.302240E+00 0.266000E+00 0.251360E+00 0.216000E+00 0.201520E+00 0.188240E+00 0.174400E+00 0.155280E+00 0.142480E+00 0.142080E+00 0.131200E+00 0.117760E+00 0.121120E+00 0.103520E+00 0.103600E+00 0.975200E-01 0.942400E-01 0.854400E-01 0.777600E-01 0.776000E-01 0.669600E-01 0.663200E-01 0.686400E-01 0.632000E-01 0.597600E-01 0.542400E-01 0.540000E-01 0.520000E-01 0.483200E-01 0.445600E-01 0.468800E-01 0.401600E-01 0.424800E-01 0.412000E-01 0.406400E-01 0.377600E-01 0.344800E-01 0.332000E-01 0.316000E-01 0.296800E-01 0.300800E-01 0.277600E-01 0.280000E-01 0.285600E-01 0.254400E-01 0.240000E-01 0.255200E-01 0.213600E-01 0.224000E-01 0.227200E-01 0.206400E-01 0.203200E-01 0.190400E-01 0.197600E-01 0.197600E-01 0.148800E-01 0.172000E-01 0.168000E-01 0.166400E-01 0.145600E-01 0.148000E-01 0.156000E-01 0.146400E-01 0.144000E-01 0.117600E-01 0.138400E-01 0.118400E-01 0.107200E-01 0.124800E-01 0.126400E-01 0.137600E-01 0.116800E-01 0.816000E-02 0.992000E-02 0.896000E-02 0.920000E-02 0.888000E-02 0.736000E-02 0.776000E-02 0.736000E-02 0.760000E-02 0.784000E-02 0.800000E-02 0.800000E-02 0.672000E-02 0.624000E-02 0.608000E-02 0.656000E-02 0.672000E-02 0.664000E-02 0.544000E-02 0.552000E-02 0.624000E-02 0.456000E-02 0.664000E-02 0.416000E-02 0.536000E-02 0.472000E-02 0.440000E-02 0.424000E-02 0.400000E-02 0.448000E-02 0.352000E-02 0.376000E-02 0.416000E-02 0.312000E-02 0.208000E-02 0.272000E-02 0.376000E-02 0.280000E-02 0.352000E-02 0.328000E-02 0.360000E-02 0.176000E-02 0.200000E-02 0.272000E-02 0.216000E-02 0.248000E-02 0.168000E-02 0.168000E-02 0.256000E-02 0.240000E-02 0.168000E-02 0.160000E-02 0.192000E-02 0.184000E-02 0.184000E-02 0.184000E-02 0.168000E-02 0.720000E-03 0.152000E-02 0.144000E-02 0.152000E-02 0.144000E-02 0.128000E-02 0.112000E-02 0.960000E-03 0.880000E-03 0.960000E-03 0.800000E-03 0.960000E-03 0.640000E-03 0.640000E-03 0.400000E-03 0.320000E-03 0.400000E-03 0.560000E-03 0.560000E-03 0.640000E-03 0.560000E-03 0.160000E-03 0.560000E-03 0.480000E-03 0.160000E-03 0.320000E-03 0.240000E-03 0.480000E-03 0.800000E-04 0.240000E-03 0.400000E-03 0.160000E-03 0.240000E-03 0.160000E-03 0.400000E-03 0.160000E-03 0.800000E-04 0.800000E-04 0.160000E-03 0.160000E-03 0.320000E-03 0.160000E-03 0.000000E+00 0.800000E-04 0.000000E+00 0.800000E-04 0.800000E-04 0.800000E-04 0.800000E-04 0.800000E-04 0.000000E+00 0.000000E+00 0.800000E-04 0.000000E+00 0.000000E+00 0.000000E+00 0.000000E+00 0.000000E+00
 0.121585E+03 0.136699E+02 0.779776E+01 0.542968E+01 0.410768E+01 0.328560E+01 0.272720E+01 0.231752E+01 0.201008E+01 0.174160E+01 0.158656E+01 0.140656E+01 0.125608E+01 0.115184E+01 0.105848E+01 0.965680E+00 0.895360E+00 0.841040E+00 0.782960E+00 0.710160E+00 0.684960E+00 0.642720E+00 0.607680E+00 0.559440E+00 0.550800E+00 0.497840E+00 0.478240E+00 0.463040E+00 0.440880E+00 0.422880E+00 0.401760E+00 0.370800E+00 0.360560E+00 0.346640E+00 0.336880E+00 0.325360E+00 0.308240E+00 0.306160E+00 0.289040E+00 0.274080E+00 0.268000E+00 0.262400E+00 0.256880E+00 0.241040E+00 0.237120E+00 0.225440E+00 0.221120E+00 0.215280E+00 0.199840E+00 0.193760E+00 0.191520E+00 0.178320E+00 0.179440E+00 0.169680E+00 0.171600E+00 0.163120E+00 0.157840E+00 0.159520E+00 0.148000E+00 0.151600E+00 0.142880E+00 0.133920E+00 0.135120E+00 0.132800E+00 0.124720E+00 0.116560E+00 0.118640E+00 0.114640E+00 0.113600E+00 0.112160E+00 0.104400E+00 0.102560E+00 0.988000E-01 0.973600E-01 0.932800E-01 0.951200E-01 0.926400E-01 0.868800E-01 0.878400E-01 0.805600E-01 0.824800E-01 0.784800E-01 0.745600E-01 0.743200E-01 0.746400E-01 0.699200E-01 0.708800E-01 0.718400E-01 0.676800E-01 0.621600E-01 0.634400E-01 0.637600E-01 0.593600E-01 0.557600E-01 0.546400E-01 0.557600E-01 0.516000E-01 0.508800E-01 0.510400E-01 0.484800E-01 0.464800E-01 0.480800E-01 0.419200E-01 0.470400E-01 0.443200E-01 0.428000E-01 0.392000E-01 0.358400E-01 0.355200E-01 0.344000E-01 0.360000E-01 0.369600E-01 0.363200E-01 0.320000E-01 0.324800E-01 0.317600E-01 0.297600E-01 0.312000E-01 0.285600E-01 0.263200E-01 0.272800E-01 0.271200E-01 0.281600E-01 0.237600E-01 0.253600E-01 0.221600E-01 0.228800E-01 0.241600E-01 0.222400E-01 0.205600E-01 0.216800E-01 0.203200E-01 0.176800E-01 0.184000E-01 0.158400E-01 0.171200E-01 0.156800E-01 0.163200E-01 0.156800E-01 0.151200E-01 0.136800E-01 0.140800E-01 0.114400E-01 0.124800E-01 0.115200E-01 0.116800E-01 0.115200E-01 0.108000E-01 0.111200E-01 0.960000E-02 0.856000E-02 0.824000E-02 0.784000E-02 0.792000E-02 0.784000E-02 0.648000E-02 0.712000E-02 0.568000E-02 0.616000E-02 0.664000E-02 0.568000E-02 0.408000E-02 0.440000E-02 0.440000E-02 0.488000E-02 0.392000E-02 0.320000E-02 0.320000E-02 0.352000E-02 0.304000E-02 0.304000E-02 0.312000E-02 0.368000E-02 0.272000E-02 0.304000E-02 0.256000E-02 0.232000E-02 0.184000E-02 0.176000E-02 0.168000E-02 0.104000E-02 0.168000E-02 0.128000E-02 0.128000E-02 0.960000E-03 0.112000E-02 0.880000E-03 0.720000E-03 0.880000E-03 0.640000E-03 0.640000E-03 0.480000E-03 0.480000E-03 0.240000E-03 0.240000E-03 0.160000E-03 0.240000E-03 0.000000E+00 0.000000E+00 0.000000E+00
