### Run with WimpAnn version = wimpann-2.08                            
###   Using Pythia version   = Pythia 6.400    
###   Using nusigma version  = nusigma-1.15-pyr                        
###   Using DarkSUSY version = ds-4.1.6                                
###   WimpAnn run started at date 2007-09-11; time 11:56:52
### Neutrino oscillation parameters
#      theta_12 =  0.00000000E+00
#      theta_13 =  0.00000000E+00
#      theta_23 =  0.00000000E+00
#         delta =  0.00000000E+00
#  delta_m^2_21 =  0.81000000E-04
#  delta_m^2_31 =  0.22000000E-02
### WimpAnn run parameters
#  Annihilation channel =         3
#  Generated particles =  t                tbar            
#  WIMP mass =  0.50000000E+04
#  Number of annihilations =   2500000
#  Source = Earth
#...dPhi/dz in  200 bins from 0 to 1
#...Line  1- 6: flux at centre of Earth for neutrino 1-6
 0.192619E+02 0.939944E+01 0.631280E+01 0.469432E+01 0.362264E+01 0.293448E+01 0.238792E+01 0.203512E+01 0.174784E+01 0.148800E+01 0.131472E+01 0.116032E+01 0.102672E+01 0.933440E+00 0.847040E+00 0.783120E+00 0.697520E+00 0.651920E+00 0.616160E+00 0.565360E+00 0.538480E+00 0.506240E+00 0.466000E+00 0.445280E+00 0.421760E+00 0.403760E+00 0.386320E+00 0.377120E+00 0.356000E+00 0.348960E+00 0.330240E+00 0.324080E+00 0.309200E+00 0.298960E+00 0.291840E+00 0.282960E+00 0.277200E+00 0.278320E+00 0.262080E+00 0.254000E+00 0.251040E+00 0.240000E+00 0.238960E+00 0.235200E+00 0.230000E+00 0.228960E+00 0.227680E+00 0.211600E+00 0.218080E+00 0.216240E+00 0.223360E+00 0.206320E+00 0.197440E+00 0.200480E+00 0.195120E+00 0.196880E+00 0.191760E+00 0.194160E+00 0.178160E+00 0.189680E+00 0.183040E+00 0.167120E+00 0.175600E+00 0.174400E+00 0.173280E+00 0.166240E+00 0.155440E+00 0.159760E+00 0.162000E+00 0.162960E+00 0.154240E+00 0.155680E+00 0.145280E+00 0.148400E+00 0.143840E+00 0.140880E+00 0.144320E+00 0.149680E+00 0.133440E+00 0.134880E+00 0.128800E+00 0.131440E+00 0.127840E+00 0.127600E+00 0.119280E+00 0.117440E+00 0.115120E+00 0.112800E+00 0.111920E+00 0.113520E+00 0.109360E+00 0.104800E+00 0.100720E+00 0.106240E+00 0.100080E+00 0.973600E-01 0.992800E-01 0.961600E-01 0.912000E-01 0.936000E-01 0.861600E-01 0.832800E-01 0.880000E-01 0.812000E-01 0.840800E-01 0.837600E-01 0.778400E-01 0.731200E-01 0.739200E-01 0.761600E-01 0.715200E-01 0.730400E-01 0.703200E-01 0.661600E-01 0.724000E-01 0.651200E-01 0.647200E-01 0.594400E-01 0.587200E-01 0.584000E-01 0.550400E-01 0.559200E-01 0.556800E-01 0.509600E-01 0.516800E-01 0.492000E-01 0.474400E-01 0.506400E-01 0.454400E-01 0.456000E-01 0.458400E-01 0.417600E-01 0.428000E-01 0.404800E-01 0.403200E-01 0.362400E-01 0.352000E-01 0.386400E-01 0.354400E-01 0.327200E-01 0.320800E-01 0.306400E-01 0.306400E-01 0.300800E-01 0.276000E-01 0.297600E-01 0.248000E-01 0.280000E-01 0.236000E-01 0.260000E-01 0.220000E-01 0.224800E-01 0.199200E-01 0.217600E-01 0.186400E-01 0.199200E-01 0.180000E-01 0.176800E-01 0.150400E-01 0.160800E-01 0.150400E-01 0.147200E-01 0.145600E-01 0.128000E-01 0.124000E-01 0.111200E-01 0.101600E-01 0.984000E-02 0.808000E-02 0.960000E-02 0.808000E-02 0.680000E-02 0.800000E-02 0.656000E-02 0.592000E-02 0.616000E-02 0.552000E-02 0.544000E-02 0.336000E-02 0.328000E-02 0.344000E-02 0.304000E-02 0.264000E-02 0.312000E-02 0.240000E-02 0.128000E-02 0.192000E-02 0.136000E-02 0.104000E-02 0.800000E-03 0.880000E-03 0.480000E-03 0.160000E-03 0.320000E-03 0.320000E-03 0.800000E-04 0.000000E+00 0.000000E+00 0.000000E+00 0.000000E+00
 0.192810E+02 0.940952E+01 0.629600E+01 0.467616E+01 0.363168E+01 0.293152E+01 0.241168E+01 0.201760E+01 0.174696E+01 0.149224E+01 0.130176E+01 0.115128E+01 0.104416E+01 0.946320E+00 0.849600E+00 0.770160E+00 0.705520E+00 0.656800E+00 0.619120E+00 0.574640E+00 0.538400E+00 0.505840E+00 0.454080E+00 0.434480E+00 0.440720E+00 0.406320E+00 0.389440E+00 0.368320E+00 0.356800E+00 0.344160E+00 0.332080E+00 0.313440E+00 0.300080E+00 0.302400E+00 0.296400E+00 0.290400E+00 0.276080E+00 0.264720E+00 0.267280E+00 0.263200E+00 0.251680E+00 0.244960E+00 0.236800E+00 0.233440E+00 0.233600E+00 0.229360E+00 0.229200E+00 0.222080E+00 0.215040E+00 0.206560E+00 0.212720E+00 0.200960E+00 0.202640E+00 0.197600E+00 0.192640E+00 0.192560E+00 0.190640E+00 0.192000E+00 0.182080E+00 0.184960E+00 0.178160E+00 0.173280E+00 0.170800E+00 0.165760E+00 0.164480E+00 0.165760E+00 0.166080E+00 0.152720E+00 0.156960E+00 0.150880E+00 0.155360E+00 0.153760E+00 0.148880E+00 0.143600E+00 0.146800E+00 0.135600E+00 0.136480E+00 0.137120E+00 0.136160E+00 0.134160E+00 0.125040E+00 0.133760E+00 0.129840E+00 0.122160E+00 0.119360E+00 0.123680E+00 0.113520E+00 0.117520E+00 0.107600E+00 0.111520E+00 0.109360E+00 0.101760E+00 0.980000E-01 0.101760E+00 0.934400E-01 0.991200E-01 0.968800E-01 0.969600E-01 0.931200E-01 0.890400E-01 0.901600E-01 0.892800E-01 0.864800E-01 0.876000E-01 0.856000E-01 0.794400E-01 0.793600E-01 0.770400E-01 0.756800E-01 0.789600E-01 0.749600E-01 0.696000E-01 0.715200E-01 0.697600E-01 0.636800E-01 0.628800E-01 0.646400E-01 0.643200E-01 0.623200E-01 0.595200E-01 0.579200E-01 0.544000E-01 0.541600E-01 0.524800E-01 0.499200E-01 0.529600E-01 0.499200E-01 0.485600E-01 0.496000E-01 0.456800E-01 0.445600E-01 0.445600E-01 0.412000E-01 0.436800E-01 0.391200E-01 0.388000E-01 0.353600E-01 0.368000E-01 0.335200E-01 0.340800E-01 0.320000E-01 0.332800E-01 0.308800E-01 0.283200E-01 0.268800E-01 0.284800E-01 0.254400E-01 0.232800E-01 0.249600E-01 0.237600E-01 0.220800E-01 0.213600E-01 0.204800E-01 0.192000E-01 0.215200E-01 0.163200E-01 0.184800E-01 0.151200E-01 0.176800E-01 0.141600E-01 0.145600E-01 0.135200E-01 0.131200E-01 0.132800E-01 0.117600E-01 0.992000E-02 0.107200E-01 0.101600E-01 0.904000E-02 0.712000E-02 0.832000E-02 0.616000E-02 0.696000E-02 0.720000E-02 0.672000E-02 0.584000E-02 0.488000E-02 0.448000E-02 0.344000E-02 0.448000E-02 0.384000E-02 0.256000E-02 0.280000E-02 0.232000E-02 0.208000E-02 0.120000E-02 0.136000E-02 0.120000E-02 0.136000E-02 0.640000E-03 0.800000E-03 0.560000E-03 0.720000E-03 0.320000E-03 0.320000E-03 0.800000E-04 0.000000E+00 0.000000E+00 0.000000E+00 0.000000E+00
 0.193759E+02 0.937968E+01 0.634160E+01 0.463832E+01 0.358192E+01 0.289576E+01 0.237000E+01 0.198968E+01 0.170416E+01 0.147032E+01 0.131384E+01 0.114160E+01 0.103224E+01 0.932880E+00 0.836880E+00 0.758320E+00 0.696800E+00 0.641120E+00 0.600560E+00 0.552800E+00 0.515200E+00 0.491040E+00 0.456960E+00 0.442560E+00 0.421680E+00 0.403760E+00 0.382160E+00 0.364960E+00 0.355680E+00 0.342960E+00 0.331360E+00 0.317680E+00 0.307760E+00 0.301200E+00 0.278000E+00 0.279360E+00 0.273200E+00 0.273040E+00 0.258720E+00 0.248000E+00 0.253040E+00 0.244800E+00 0.240720E+00 0.239680E+00 0.230960E+00 0.224880E+00 0.223040E+00 0.217200E+00 0.224240E+00 0.208240E+00 0.212880E+00 0.207680E+00 0.196240E+00 0.199600E+00 0.200640E+00 0.194400E+00 0.193200E+00 0.186240E+00 0.179680E+00 0.188640E+00 0.173280E+00 0.170080E+00 0.174960E+00 0.167120E+00 0.169440E+00 0.167520E+00 0.168960E+00 0.153120E+00 0.155120E+00 0.150560E+00 0.148400E+00 0.157600E+00 0.146320E+00 0.145200E+00 0.145120E+00 0.139760E+00 0.136320E+00 0.137360E+00 0.131120E+00 0.133120E+00 0.134320E+00 0.133120E+00 0.120000E+00 0.124640E+00 0.122640E+00 0.116080E+00 0.122000E+00 0.115680E+00 0.113680E+00 0.110080E+00 0.113120E+00 0.108960E+00 0.106720E+00 0.104080E+00 0.996800E-01 0.982400E-01 0.972000E-01 0.968000E-01 0.926400E-01 0.909600E-01 0.884000E-01 0.887200E-01 0.852000E-01 0.848800E-01 0.856000E-01 0.807200E-01 0.797600E-01 0.761600E-01 0.752800E-01 0.760000E-01 0.738400E-01 0.684800E-01 0.740000E-01 0.717600E-01 0.651200E-01 0.665600E-01 0.651200E-01 0.595200E-01 0.613600E-01 0.626400E-01 0.615200E-01 0.562400E-01 0.564000E-01 0.527200E-01 0.532800E-01 0.506400E-01 0.472800E-01 0.489600E-01 0.463200E-01 0.455200E-01 0.445600E-01 0.419200E-01 0.450400E-01 0.396000E-01 0.406400E-01 0.360800E-01 0.331200E-01 0.364000E-01 0.317600E-01 0.339200E-01 0.312000E-01 0.292000E-01 0.311200E-01 0.300000E-01 0.299200E-01 0.280800E-01 0.255200E-01 0.256800E-01 0.250400E-01 0.216800E-01 0.216800E-01 0.200800E-01 0.194400E-01 0.218400E-01 0.185600E-01 0.202400E-01 0.176000E-01 0.163200E-01 0.144800E-01 0.164800E-01 0.136000E-01 0.124800E-01 0.130400E-01 0.121600E-01 0.109600E-01 0.104000E-01 0.936000E-02 0.832000E-02 0.936000E-02 0.888000E-02 0.792000E-02 0.656000E-02 0.760000E-02 0.720000E-02 0.640000E-02 0.608000E-02 0.520000E-02 0.432000E-02 0.400000E-02 0.376000E-02 0.264000E-02 0.304000E-02 0.248000E-02 0.184000E-02 0.184000E-02 0.200000E-02 0.160000E-02 0.800000E-03 0.120000E-02 0.880000E-03 0.720000E-03 0.560000E-03 0.000000E+00 0.160000E-03 0.160000E-03 0.800000E-04 0.000000E+00 0.000000E+00 0.000000E+00 0.000000E+00
 0.193878E+02 0.942784E+01 0.633712E+01 0.465280E+01 0.360864E+01 0.289240E+01 0.238272E+01 0.197584E+01 0.170648E+01 0.147952E+01 0.129152E+01 0.116000E+01 0.102336E+01 0.918720E+00 0.842720E+00 0.772240E+00 0.699520E+00 0.647280E+00 0.611040E+00 0.562240E+00 0.532240E+00 0.499760E+00 0.463120E+00 0.432240E+00 0.418080E+00 0.402640E+00 0.378640E+00 0.368000E+00 0.343280E+00 0.339200E+00 0.318480E+00 0.315760E+00 0.302320E+00 0.307440E+00 0.288640E+00 0.274000E+00 0.264080E+00 0.263840E+00 0.259520E+00 0.255040E+00 0.257120E+00 0.250640E+00 0.235840E+00 0.236880E+00 0.223120E+00 0.224640E+00 0.225040E+00 0.218240E+00 0.213360E+00 0.218480E+00 0.208720E+00 0.198400E+00 0.205360E+00 0.198240E+00 0.196800E+00 0.192880E+00 0.191040E+00 0.185200E+00 0.175360E+00 0.185520E+00 0.177120E+00 0.183200E+00 0.176320E+00 0.170560E+00 0.167360E+00 0.161360E+00 0.161760E+00 0.160080E+00 0.159040E+00 0.154800E+00 0.154640E+00 0.150240E+00 0.144720E+00 0.143360E+00 0.141840E+00 0.140880E+00 0.138000E+00 0.146160E+00 0.135680E+00 0.131520E+00 0.131680E+00 0.125520E+00 0.128400E+00 0.122240E+00 0.121120E+00 0.122800E+00 0.116000E+00 0.116000E+00 0.116560E+00 0.109280E+00 0.111040E+00 0.107200E+00 0.108000E+00 0.104240E+00 0.101440E+00 0.106240E+00 0.104400E+00 0.982400E-01 0.938400E-01 0.925600E-01 0.877600E-01 0.878400E-01 0.848000E-01 0.847200E-01 0.849600E-01 0.888000E-01 0.787200E-01 0.830400E-01 0.800800E-01 0.728800E-01 0.701600E-01 0.699200E-01 0.705600E-01 0.697600E-01 0.669600E-01 0.647200E-01 0.611200E-01 0.652800E-01 0.585600E-01 0.568800E-01 0.528800E-01 0.572000E-01 0.556800E-01 0.517600E-01 0.532800E-01 0.516000E-01 0.525600E-01 0.447200E-01 0.469600E-01 0.450400E-01 0.408000E-01 0.406400E-01 0.435200E-01 0.435200E-01 0.423200E-01 0.360000E-01 0.343200E-01 0.355200E-01 0.327200E-01 0.324800E-01 0.321600E-01 0.336000E-01 0.318400E-01 0.283200E-01 0.289600E-01 0.269600E-01 0.266400E-01 0.233600E-01 0.228800E-01 0.226400E-01 0.216800E-01 0.215200E-01 0.223200E-01 0.205600E-01 0.168800E-01 0.204800E-01 0.180000E-01 0.180000E-01 0.142400E-01 0.161600E-01 0.128000E-01 0.140800E-01 0.135200E-01 0.116800E-01 0.120800E-01 0.133600E-01 0.105600E-01 0.116800E-01 0.944000E-02 0.800000E-02 0.776000E-02 0.712000E-02 0.544000E-02 0.560000E-02 0.656000E-02 0.592000E-02 0.456000E-02 0.464000E-02 0.504000E-02 0.456000E-02 0.272000E-02 0.240000E-02 0.264000E-02 0.232000E-02 0.168000E-02 0.168000E-02 0.192000E-02 0.160000E-02 0.128000E-02 0.960000E-03 0.640000E-03 0.320000E-03 0.400000E-03 0.400000E-03 0.240000E-03 0.240000E-03 0.000000E+00 0.000000E+00 0.000000E+00 0.000000E+00
 0.816032E+01 0.482240E+01 0.364040E+01 0.293808E+01 0.245560E+01 0.211160E+01 0.183232E+01 0.163448E+01 0.146048E+01 0.129936E+01 0.119336E+01 0.108352E+01 0.100016E+01 0.918240E+00 0.859520E+00 0.806400E+00 0.745200E+00 0.730000E+00 0.674480E+00 0.635200E+00 0.606000E+00 0.567280E+00 0.551200E+00 0.521040E+00 0.513360E+00 0.485440E+00 0.479920E+00 0.473280E+00 0.436880E+00 0.420320E+00 0.408880E+00 0.404080E+00 0.391440E+00 0.375280E+00 0.364400E+00 0.362000E+00 0.336720E+00 0.334400E+00 0.330160E+00 0.321360E+00 0.313840E+00 0.297520E+00 0.302240E+00 0.289680E+00 0.289280E+00 0.276960E+00 0.271760E+00 0.270800E+00 0.256240E+00 0.253920E+00 0.252880E+00 0.242400E+00 0.253040E+00 0.240320E+00 0.234720E+00 0.222240E+00 0.224000E+00 0.216080E+00 0.218000E+00 0.214480E+00 0.212080E+00 0.199120E+00 0.194960E+00 0.192080E+00 0.197760E+00 0.193440E+00 0.189520E+00 0.186560E+00 0.172160E+00 0.174160E+00 0.170240E+00 0.169600E+00 0.165920E+00 0.160400E+00 0.163120E+00 0.156160E+00 0.153600E+00 0.145760E+00 0.149360E+00 0.139600E+00 0.141200E+00 0.139600E+00 0.140320E+00 0.134720E+00 0.128320E+00 0.129600E+00 0.127520E+00 0.123040E+00 0.124080E+00 0.122160E+00 0.110000E+00 0.113040E+00 0.114160E+00 0.111040E+00 0.103920E+00 0.106080E+00 0.106720E+00 0.101600E+00 0.981600E-01 0.977600E-01 0.989600E-01 0.892000E-01 0.899200E-01 0.825600E-01 0.885600E-01 0.805600E-01 0.834400E-01 0.800000E-01 0.741600E-01 0.732000E-01 0.733600E-01 0.744800E-01 0.709600E-01 0.675200E-01 0.629600E-01 0.618400E-01 0.625600E-01 0.635200E-01 0.612000E-01 0.557600E-01 0.572800E-01 0.580000E-01 0.568000E-01 0.528000E-01 0.529600E-01 0.506400E-01 0.488000E-01 0.489600E-01 0.472000E-01 0.432800E-01 0.454400E-01 0.420800E-01 0.439200E-01 0.372800E-01 0.385600E-01 0.396000E-01 0.374400E-01 0.330400E-01 0.361600E-01 0.329600E-01 0.322400E-01 0.308800E-01 0.298400E-01 0.321600E-01 0.266400E-01 0.272000E-01 0.264800E-01 0.278400E-01 0.242400E-01 0.220800E-01 0.224800E-01 0.216000E-01 0.184000E-01 0.168800E-01 0.191200E-01 0.151200E-01 0.148800E-01 0.163200E-01 0.144000E-01 0.157600E-01 0.125600E-01 0.147200E-01 0.140800E-01 0.141600E-01 0.103200E-01 0.104800E-01 0.108000E-01 0.808000E-02 0.896000E-02 0.712000E-02 0.736000E-02 0.720000E-02 0.696000E-02 0.736000E-02 0.576000E-02 0.608000E-02 0.440000E-02 0.424000E-02 0.400000E-02 0.464000E-02 0.376000E-02 0.376000E-02 0.264000E-02 0.176000E-02 0.216000E-02 0.192000E-02 0.248000E-02 0.144000E-02 0.104000E-02 0.112000E-02 0.640000E-03 0.960000E-03 0.480000E-03 0.160000E-03 0.800000E-04 0.160000E-03 0.000000E+00 0.000000E+00 0.000000E+00 0.000000E+00
 0.815080E+01 0.483624E+01 0.365336E+01 0.291960E+01 0.244032E+01 0.211408E+01 0.182488E+01 0.162048E+01 0.144416E+01 0.129944E+01 0.119520E+01 0.107760E+01 0.991520E+00 0.939360E+00 0.845280E+00 0.803920E+00 0.755280E+00 0.723120E+00 0.675680E+00 0.638080E+00 0.612720E+00 0.588080E+00 0.556160E+00 0.523920E+00 0.512080E+00 0.484080E+00 0.477200E+00 0.458560E+00 0.439600E+00 0.414080E+00 0.410800E+00 0.404800E+00 0.389760E+00 0.382640E+00 0.362080E+00 0.353520E+00 0.350000E+00 0.335520E+00 0.332240E+00 0.319840E+00 0.311840E+00 0.301520E+00 0.299600E+00 0.295600E+00 0.283920E+00 0.280640E+00 0.280640E+00 0.259680E+00 0.264720E+00 0.254960E+00 0.258160E+00 0.250320E+00 0.241360E+00 0.237760E+00 0.237520E+00 0.222080E+00 0.222560E+00 0.220640E+00 0.215760E+00 0.205760E+00 0.203520E+00 0.203840E+00 0.200080E+00 0.195280E+00 0.190880E+00 0.188320E+00 0.186160E+00 0.177200E+00 0.178800E+00 0.170480E+00 0.176640E+00 0.169520E+00 0.162640E+00 0.161200E+00 0.161520E+00 0.159200E+00 0.158480E+00 0.143520E+00 0.151680E+00 0.150000E+00 0.138480E+00 0.137760E+00 0.138640E+00 0.129840E+00 0.133280E+00 0.122640E+00 0.132800E+00 0.119680E+00 0.117200E+00 0.114480E+00 0.115360E+00 0.115840E+00 0.113120E+00 0.104720E+00 0.104880E+00 0.104480E+00 0.102080E+00 0.103520E+00 0.980000E-01 0.928000E-01 0.920000E-01 0.937600E-01 0.934400E-01 0.890400E-01 0.837600E-01 0.844800E-01 0.785600E-01 0.807200E-01 0.777600E-01 0.780000E-01 0.764000E-01 0.717600E-01 0.730400E-01 0.680000E-01 0.688000E-01 0.675200E-01 0.664800E-01 0.606400E-01 0.624800E-01 0.601600E-01 0.536000E-01 0.561600E-01 0.548000E-01 0.577600E-01 0.526400E-01 0.528800E-01 0.514400E-01 0.494400E-01 0.490400E-01 0.443200E-01 0.460800E-01 0.405600E-01 0.424000E-01 0.446400E-01 0.382400E-01 0.376800E-01 0.364000E-01 0.363200E-01 0.324000E-01 0.315200E-01 0.337600E-01 0.321600E-01 0.322400E-01 0.276000E-01 0.292000E-01 0.247200E-01 0.258400E-01 0.250400E-01 0.238400E-01 0.234400E-01 0.250400E-01 0.200000E-01 0.224000E-01 0.232000E-01 0.194400E-01 0.195200E-01 0.163200E-01 0.140800E-01 0.165600E-01 0.154400E-01 0.146400E-01 0.146400E-01 0.124000E-01 0.118400E-01 0.115200E-01 0.108000E-01 0.102400E-01 0.896000E-02 0.896000E-02 0.848000E-02 0.752000E-02 0.712000E-02 0.688000E-02 0.584000E-02 0.512000E-02 0.616000E-02 0.488000E-02 0.504000E-02 0.424000E-02 0.464000E-02 0.376000E-02 0.392000E-02 0.336000E-02 0.248000E-02 0.248000E-02 0.216000E-02 0.120000E-02 0.192000E-02 0.128000E-02 0.640000E-03 0.480000E-03 0.480000E-03 0.400000E-03 0.240000E-03 0.800000E-04 0.240000E-03 0.160000E-03 0.000000E+00 0.800000E-04 0.000000E+00
