### Run with WimpAnn version = wimpann-2.08                            
###   Using Pythia version   = Pythia 6.400    
###   Using nusigma version  = nusigma-1.15-pyr                        
###   Using DarkSUSY version = ds-4.1.6                                
###   WimpAnn run started at date 2007-09-10; time 11:15:36
### Neutrino oscillation parameters
#      theta_12 =  0.00000000E+00
#      theta_13 =  0.00000000E+00
#      theta_23 =  0.00000000E+00
#         delta =  0.00000000E+00
#  delta_m^2_21 =  0.81000000E-04
#  delta_m^2_31 =  0.22000000E-02
### WimpAnn run parameters
#  Annihilation channel =        12
#  Generated particles =  g                g               
#  WIMP mass =  0.50000000E+02
#  Number of annihilations =   2500000
#  Source = Earth
#...dPhi/dz in  200 bins from 0 to 1
#...Line  1- 6: flux at centre of Earth for neutrino 1-6
 0.223040E+00 0.340720E+00 0.328640E+00 0.297440E+00 0.266720E+00 0.239840E+00 0.209120E+00 0.189600E+00 0.164960E+00 0.149520E+00 0.138480E+00 0.133440E+00 0.114080E+00 0.109040E+00 0.101360E+00 0.946400E-01 0.828800E-01 0.780000E-01 0.680800E-01 0.686400E-01 0.575200E-01 0.579200E-01 0.524800E-01 0.429600E-01 0.470400E-01 0.418400E-01 0.369600E-01 0.346400E-01 0.324000E-01 0.320000E-01 0.300800E-01 0.265600E-01 0.241600E-01 0.240000E-01 0.212000E-01 0.206400E-01 0.210400E-01 0.168000E-01 0.177600E-01 0.155200E-01 0.148800E-01 0.124800E-01 0.133600E-01 0.136800E-01 0.132000E-01 0.107200E-01 0.976000E-02 0.992000E-02 0.872000E-02 0.744000E-02 0.728000E-02 0.896000E-02 0.680000E-02 0.656000E-02 0.552000E-02 0.608000E-02 0.496000E-02 0.504000E-02 0.376000E-02 0.392000E-02 0.512000E-02 0.408000E-02 0.392000E-02 0.384000E-02 0.312000E-02 0.232000E-02 0.232000E-02 0.272000E-02 0.208000E-02 0.176000E-02 0.240000E-02 0.168000E-02 0.224000E-02 0.128000E-02 0.800000E-03 0.208000E-02 0.120000E-02 0.128000E-02 0.168000E-02 0.880000E-03 0.152000E-02 0.560000E-03 0.560000E-03 0.560000E-03 0.880000E-03 0.240000E-03 0.640000E-03 0.320000E-03 0.560000E-03 0.560000E-03 0.160000E-03 0.480000E-03 0.000000E+00 0.240000E-03 0.160000E-03 0.800000E-04 0.800000E-04 0.400000E-03 0.240000E-03 0.240000E-03 0.000000E+00 0.800000E-04 0.800000E-04 0.000000E+00 0.800000E-04 0.160000E-03 0.160000E-03 0.160000E-03 0.000000E+00 0.160000E-03 0.800000E-04 0.800000E-04 0.000000E+00 0.800000E-04 0.000000E+00 0.800000E-04 0.000000E+00 0.800000E-04 0.000000E+00 0.000000E+00 0.000000E+00 0.000000E+00 0.000000E+00 0.000000E+00 0.000000E+00 0.000000E+00 0.800000E-04 0.800000E-04 0.000000E+00 0.000000E+00 0.000000E+00 0.000000E+00 0.800000E-04 0.000000E+00 0.000000E+00 0.000000E+00 0.000000E+00 0.000000E+00 0.000000E+00 0.000000E+00 0.000000E+00 0.000000E+00 0.000000E+00 0.000000E+00 0.000000E+00 0.000000E+00 0.000000E+00 0.000000E+00 0.000000E+00 0.000000E+00 0.000000E+00 0.000000E+00 0.000000E+00 0.000000E+00 0.000000E+00 0.000000E+00 0.000000E+00 0.000000E+00 0.000000E+00 0.000000E+00 0.000000E+00 0.000000E+00 0.000000E+00 0.000000E+00 0.000000E+00 0.000000E+00 0.000000E+00 0.000000E+00 0.000000E+00 0.000000E+00 0.000000E+00 0.000000E+00 0.000000E+00 0.000000E+00 0.000000E+00 0.000000E+00 0.000000E+00 0.000000E+00 0.000000E+00 0.000000E+00 0.000000E+00 0.000000E+00 0.000000E+00 0.000000E+00 0.000000E+00 0.000000E+00 0.000000E+00 0.000000E+00 0.000000E+00 0.000000E+00 0.000000E+00 0.000000E+00 0.000000E+00 0.000000E+00 0.000000E+00 0.000000E+00 0.000000E+00 0.000000E+00 0.000000E+00 0.000000E+00
 0.217920E+00 0.338720E+00 0.330880E+00 0.299600E+00 0.267600E+00 0.229600E+00 0.206960E+00 0.185440E+00 0.170960E+00 0.156240E+00 0.137120E+00 0.122000E+00 0.120320E+00 0.105920E+00 0.949600E-01 0.923200E-01 0.800000E-01 0.788000E-01 0.671200E-01 0.618400E-01 0.594400E-01 0.564800E-01 0.546400E-01 0.485600E-01 0.421600E-01 0.398400E-01 0.376800E-01 0.381600E-01 0.303200E-01 0.308000E-01 0.270400E-01 0.247200E-01 0.249600E-01 0.240000E-01 0.208000E-01 0.199200E-01 0.198400E-01 0.200800E-01 0.176800E-01 0.148800E-01 0.156800E-01 0.128000E-01 0.120800E-01 0.107200E-01 0.111200E-01 0.108000E-01 0.912000E-02 0.101600E-01 0.784000E-02 0.816000E-02 0.728000E-02 0.696000E-02 0.648000E-02 0.712000E-02 0.576000E-02 0.456000E-02 0.520000E-02 0.472000E-02 0.488000E-02 0.448000E-02 0.520000E-02 0.368000E-02 0.320000E-02 0.288000E-02 0.224000E-02 0.224000E-02 0.288000E-02 0.256000E-02 0.208000E-02 0.248000E-02 0.136000E-02 0.208000E-02 0.152000E-02 0.160000E-02 0.160000E-02 0.640000E-03 0.128000E-02 0.128000E-02 0.960000E-03 0.104000E-02 0.720000E-03 0.800000E-03 0.640000E-03 0.880000E-03 0.560000E-03 0.960000E-03 0.320000E-03 0.800000E-03 0.320000E-03 0.720000E-03 0.320000E-03 0.320000E-03 0.240000E-03 0.480000E-03 0.240000E-03 0.320000E-03 0.240000E-03 0.800000E-04 0.160000E-03 0.240000E-03 0.240000E-03 0.240000E-03 0.160000E-03 0.800000E-04 0.160000E-03 0.800000E-04 0.160000E-03 0.800000E-04 0.160000E-03 0.000000E+00 0.240000E-03 0.160000E-03 0.000000E+00 0.800000E-04 0.000000E+00 0.800000E-04 0.000000E+00 0.000000E+00 0.000000E+00 0.800000E-04 0.000000E+00 0.000000E+00 0.000000E+00 0.800000E-04 0.000000E+00 0.800000E-04 0.000000E+00 0.000000E+00 0.800000E-04 0.000000E+00 0.000000E+00 0.000000E+00 0.000000E+00 0.000000E+00 0.000000E+00 0.000000E+00 0.000000E+00 0.000000E+00 0.800000E-04 0.000000E+00 0.000000E+00 0.000000E+00 0.000000E+00 0.000000E+00 0.000000E+00 0.000000E+00 0.000000E+00 0.000000E+00 0.000000E+00 0.000000E+00 0.000000E+00 0.000000E+00 0.000000E+00 0.000000E+00 0.000000E+00 0.000000E+00 0.000000E+00 0.000000E+00 0.000000E+00 0.000000E+00 0.000000E+00 0.000000E+00 0.000000E+00 0.000000E+00 0.000000E+00 0.000000E+00 0.000000E+00 0.000000E+00 0.000000E+00 0.000000E+00 0.000000E+00 0.000000E+00 0.000000E+00 0.000000E+00 0.000000E+00 0.000000E+00 0.000000E+00 0.000000E+00 0.000000E+00 0.000000E+00 0.000000E+00 0.000000E+00 0.000000E+00 0.000000E+00 0.000000E+00 0.000000E+00 0.000000E+00 0.000000E+00 0.000000E+00 0.000000E+00 0.000000E+00 0.000000E+00 0.000000E+00 0.000000E+00 0.000000E+00 0.000000E+00 0.000000E+00 0.000000E+00 0.000000E+00 0.000000E+00
 0.223760E+00 0.360400E+00 0.324720E+00 0.303840E+00 0.264160E+00 0.236400E+00 0.215200E+00 0.191760E+00 0.159520E+00 0.147200E+00 0.137600E+00 0.125440E+00 0.117200E+00 0.104880E+00 0.985600E-01 0.854400E-01 0.831200E-01 0.747200E-01 0.716800E-01 0.612800E-01 0.594400E-01 0.559200E-01 0.498400E-01 0.481600E-01 0.436800E-01 0.418400E-01 0.351200E-01 0.352000E-01 0.344000E-01 0.323200E-01 0.292800E-01 0.280800E-01 0.259200E-01 0.248800E-01 0.225600E-01 0.208800E-01 0.169600E-01 0.183200E-01 0.140000E-01 0.157600E-01 0.128800E-01 0.140000E-01 0.126400E-01 0.128800E-01 0.968000E-02 0.936000E-02 0.888000E-02 0.952000E-02 0.896000E-02 0.784000E-02 0.696000E-02 0.744000E-02 0.616000E-02 0.632000E-02 0.552000E-02 0.512000E-02 0.504000E-02 0.544000E-02 0.392000E-02 0.408000E-02 0.376000E-02 0.360000E-02 0.392000E-02 0.192000E-02 0.304000E-02 0.224000E-02 0.312000E-02 0.232000E-02 0.184000E-02 0.160000E-02 0.312000E-02 0.184000E-02 0.144000E-02 0.152000E-02 0.184000E-02 0.112000E-02 0.160000E-02 0.800000E-03 0.136000E-02 0.720000E-03 0.128000E-02 0.320000E-03 0.560000E-03 0.560000E-03 0.104000E-02 0.720000E-03 0.160000E-03 0.560000E-03 0.480000E-03 0.240000E-03 0.560000E-03 0.320000E-03 0.320000E-03 0.320000E-03 0.240000E-03 0.240000E-03 0.160000E-03 0.800000E-04 0.240000E-03 0.800000E-04 0.320000E-03 0.160000E-03 0.000000E+00 0.800000E-04 0.160000E-03 0.160000E-03 0.800000E-04 0.800000E-04 0.000000E+00 0.800000E-04 0.800000E-04 0.000000E+00 0.160000E-03 0.000000E+00 0.800000E-04 0.000000E+00 0.800000E-04 0.000000E+00 0.000000E+00 0.000000E+00 0.000000E+00 0.000000E+00 0.000000E+00 0.000000E+00 0.000000E+00 0.000000E+00 0.000000E+00 0.000000E+00 0.000000E+00 0.000000E+00 0.000000E+00 0.000000E+00 0.000000E+00 0.000000E+00 0.000000E+00 0.000000E+00 0.800000E-04 0.000000E+00 0.000000E+00 0.000000E+00 0.000000E+00 0.000000E+00 0.000000E+00 0.000000E+00 0.000000E+00 0.000000E+00 0.000000E+00 0.000000E+00 0.000000E+00 0.000000E+00 0.000000E+00 0.000000E+00 0.000000E+00 0.000000E+00 0.000000E+00 0.000000E+00 0.000000E+00 0.000000E+00 0.000000E+00 0.000000E+00 0.000000E+00 0.000000E+00 0.000000E+00 0.000000E+00 0.000000E+00 0.000000E+00 0.000000E+00 0.000000E+00 0.000000E+00 0.000000E+00 0.000000E+00 0.000000E+00 0.000000E+00 0.000000E+00 0.000000E+00 0.000000E+00 0.000000E+00 0.000000E+00 0.000000E+00 0.000000E+00 0.000000E+00 0.000000E+00 0.000000E+00 0.000000E+00 0.000000E+00 0.000000E+00 0.000000E+00 0.000000E+00 0.000000E+00 0.000000E+00 0.000000E+00 0.000000E+00 0.000000E+00 0.000000E+00 0.000000E+00 0.000000E+00 0.000000E+00 0.000000E+00 0.000000E+00 0.000000E+00
 0.216560E+00 0.346080E+00 0.325280E+00 0.297040E+00 0.261280E+00 0.235440E+00 0.212320E+00 0.183200E+00 0.175120E+00 0.153200E+00 0.135520E+00 0.127840E+00 0.115120E+00 0.105440E+00 0.891200E-01 0.920800E-01 0.838400E-01 0.744000E-01 0.717600E-01 0.660000E-01 0.601600E-01 0.592800E-01 0.516000E-01 0.479200E-01 0.415200E-01 0.419200E-01 0.372800E-01 0.356800E-01 0.332000E-01 0.300800E-01 0.277600E-01 0.284000E-01 0.240000E-01 0.230400E-01 0.220000E-01 0.225600E-01 0.196000E-01 0.144000E-01 0.191200E-01 0.141600E-01 0.151200E-01 0.127200E-01 0.117600E-01 0.109600E-01 0.121600E-01 0.122400E-01 0.105600E-01 0.104800E-01 0.888000E-02 0.904000E-02 0.808000E-02 0.808000E-02 0.728000E-02 0.784000E-02 0.600000E-02 0.496000E-02 0.432000E-02 0.528000E-02 0.440000E-02 0.360000E-02 0.416000E-02 0.320000E-02 0.328000E-02 0.272000E-02 0.328000E-02 0.168000E-02 0.288000E-02 0.200000E-02 0.176000E-02 0.208000E-02 0.216000E-02 0.208000E-02 0.208000E-02 0.168000E-02 0.144000E-02 0.800000E-03 0.136000E-02 0.176000E-02 0.120000E-02 0.104000E-02 0.128000E-02 0.720000E-03 0.720000E-03 0.720000E-03 0.720000E-03 0.120000E-02 0.800000E-03 0.480000E-03 0.480000E-03 0.400000E-03 0.320000E-03 0.160000E-03 0.160000E-03 0.240000E-03 0.240000E-03 0.800000E-04 0.240000E-03 0.160000E-03 0.160000E-03 0.240000E-03 0.800000E-04 0.160000E-03 0.000000E+00 0.800000E-04 0.800000E-04 0.800000E-04 0.160000E-03 0.000000E+00 0.160000E-03 0.160000E-03 0.160000E-03 0.000000E+00 0.800000E-04 0.000000E+00 0.160000E-03 0.000000E+00 0.800000E-04 0.000000E+00 0.800000E-04 0.000000E+00 0.800000E-04 0.000000E+00 0.800000E-04 0.000000E+00 0.000000E+00 0.000000E+00 0.000000E+00 0.000000E+00 0.000000E+00 0.000000E+00 0.000000E+00 0.000000E+00 0.000000E+00 0.000000E+00 0.000000E+00 0.000000E+00 0.000000E+00 0.000000E+00 0.000000E+00 0.000000E+00 0.000000E+00 0.000000E+00 0.000000E+00 0.000000E+00 0.000000E+00 0.000000E+00 0.000000E+00 0.000000E+00 0.000000E+00 0.000000E+00 0.000000E+00 0.000000E+00 0.000000E+00 0.000000E+00 0.000000E+00 0.000000E+00 0.000000E+00 0.000000E+00 0.000000E+00 0.000000E+00 0.000000E+00 0.000000E+00 0.000000E+00 0.000000E+00 0.000000E+00 0.000000E+00 0.000000E+00 0.000000E+00 0.000000E+00 0.000000E+00 0.000000E+00 0.000000E+00 0.000000E+00 0.000000E+00 0.000000E+00 0.000000E+00 0.000000E+00 0.000000E+00 0.000000E+00 0.000000E+00 0.000000E+00 0.000000E+00 0.000000E+00 0.000000E+00 0.000000E+00 0.000000E+00 0.000000E+00 0.000000E+00 0.000000E+00 0.000000E+00 0.000000E+00 0.000000E+00 0.000000E+00 0.000000E+00 0.000000E+00 0.000000E+00 0.000000E+00 0.000000E+00 0.000000E+00 0.000000E+00
 0.435200E-01 0.696000E-01 0.716800E-01 0.635200E-01 0.597600E-01 0.518400E-01 0.482400E-01 0.429600E-01 0.401600E-01 0.326400E-01 0.320800E-01 0.316800E-01 0.247200E-01 0.246400E-01 0.203200E-01 0.186400E-01 0.204000E-01 0.169600E-01 0.157600E-01 0.155200E-01 0.115200E-01 0.123200E-01 0.111200E-01 0.107200E-01 0.944000E-02 0.776000E-02 0.912000E-02 0.752000E-02 0.632000E-02 0.696000E-02 0.504000E-02 0.456000E-02 0.456000E-02 0.424000E-02 0.488000E-02 0.264000E-02 0.344000E-02 0.360000E-02 0.304000E-02 0.280000E-02 0.240000E-02 0.192000E-02 0.256000E-02 0.192000E-02 0.192000E-02 0.200000E-02 0.128000E-02 0.120000E-02 0.960000E-03 0.800000E-03 0.720000E-03 0.720000E-03 0.640000E-03 0.560000E-03 0.480000E-03 0.400000E-03 0.240000E-03 0.240000E-03 0.240000E-03 0.640000E-03 0.320000E-03 0.800000E-04 0.160000E-03 0.240000E-03 0.160000E-03 0.160000E-03 0.160000E-03 0.160000E-03 0.800000E-04 0.800000E-04 0.000000E+00 0.800000E-04 0.160000E-03 0.000000E+00 0.800000E-04 0.800000E-04 0.000000E+00 0.000000E+00 0.000000E+00 0.000000E+00 0.800000E-04 0.160000E-03 0.000000E+00 0.800000E-04 0.000000E+00 0.800000E-04 0.000000E+00 0.000000E+00 0.000000E+00 0.000000E+00 0.000000E+00 0.000000E+00 0.000000E+00 0.000000E+00 0.000000E+00 0.000000E+00 0.000000E+00 0.000000E+00 0.000000E+00 0.000000E+00 0.000000E+00 0.800000E-04 0.000000E+00 0.000000E+00 0.000000E+00 0.000000E+00 0.000000E+00 0.800000E-04 0.000000E+00 0.000000E+00 0.000000E+00 0.000000E+00 0.000000E+00 0.000000E+00 0.000000E+00 0.000000E+00 0.000000E+00 0.000000E+00 0.000000E+00 0.000000E+00 0.000000E+00 0.000000E+00 0.000000E+00 0.000000E+00 0.000000E+00 0.000000E+00 0.000000E+00 0.000000E+00 0.000000E+00 0.000000E+00 0.000000E+00 0.000000E+00 0.000000E+00 0.000000E+00 0.000000E+00 0.000000E+00 0.000000E+00 0.000000E+00 0.000000E+00 0.000000E+00 0.000000E+00 0.000000E+00 0.000000E+00 0.000000E+00 0.000000E+00 0.000000E+00 0.000000E+00 0.000000E+00 0.000000E+00 0.000000E+00 0.000000E+00 0.000000E+00 0.000000E+00 0.000000E+00 0.000000E+00 0.000000E+00 0.000000E+00 0.000000E+00 0.000000E+00 0.000000E+00 0.000000E+00 0.000000E+00 0.000000E+00 0.000000E+00 0.000000E+00 0.000000E+00 0.000000E+00 0.000000E+00 0.000000E+00 0.000000E+00 0.000000E+00 0.000000E+00 0.000000E+00 0.000000E+00 0.000000E+00 0.000000E+00 0.000000E+00 0.000000E+00 0.000000E+00 0.000000E+00 0.000000E+00 0.000000E+00 0.000000E+00 0.000000E+00 0.000000E+00 0.000000E+00 0.000000E+00 0.000000E+00 0.000000E+00 0.000000E+00 0.000000E+00 0.000000E+00 0.000000E+00 0.000000E+00 0.000000E+00 0.000000E+00 0.000000E+00 0.000000E+00 0.000000E+00 0.000000E+00
 0.448000E-01 0.707200E-01 0.663200E-01 0.680800E-01 0.577600E-01 0.552000E-01 0.464800E-01 0.447200E-01 0.408800E-01 0.359200E-01 0.323200E-01 0.283200E-01 0.243200E-01 0.229600E-01 0.231200E-01 0.184800E-01 0.165600E-01 0.171200E-01 0.161600E-01 0.132800E-01 0.122400E-01 0.126400E-01 0.108800E-01 0.912000E-02 0.920000E-02 0.808000E-02 0.696000E-02 0.760000E-02 0.688000E-02 0.616000E-02 0.536000E-02 0.416000E-02 0.448000E-02 0.456000E-02 0.448000E-02 0.344000E-02 0.392000E-02 0.352000E-02 0.416000E-02 0.168000E-02 0.192000E-02 0.256000E-02 0.272000E-02 0.248000E-02 0.208000E-02 0.144000E-02 0.112000E-02 0.144000E-02 0.144000E-02 0.104000E-02 0.104000E-02 0.104000E-02 0.800000E-03 0.800000E-03 0.640000E-03 0.400000E-03 0.480000E-03 0.400000E-03 0.480000E-03 0.720000E-03 0.480000E-03 0.160000E-03 0.320000E-03 0.000000E+00 0.000000E+00 0.800000E-04 0.240000E-03 0.800000E-04 0.240000E-03 0.800000E-04 0.000000E+00 0.800000E-04 0.000000E+00 0.000000E+00 0.000000E+00 0.000000E+00 0.160000E-03 0.800000E-04 0.800000E-04 0.000000E+00 0.160000E-03 0.800000E-04 0.800000E-04 0.000000E+00 0.000000E+00 0.000000E+00 0.800000E-04 0.800000E-04 0.000000E+00 0.000000E+00 0.000000E+00 0.000000E+00 0.000000E+00 0.000000E+00 0.000000E+00 0.000000E+00 0.000000E+00 0.000000E+00 0.000000E+00 0.000000E+00 0.000000E+00 0.000000E+00 0.000000E+00 0.000000E+00 0.000000E+00 0.000000E+00 0.000000E+00 0.000000E+00 0.000000E+00 0.000000E+00 0.000000E+00 0.000000E+00 0.000000E+00 0.000000E+00 0.000000E+00 0.000000E+00 0.000000E+00 0.000000E+00 0.000000E+00 0.000000E+00 0.000000E+00 0.000000E+00 0.000000E+00 0.000000E+00 0.000000E+00 0.000000E+00 0.000000E+00 0.000000E+00 0.000000E+00 0.000000E+00 0.000000E+00 0.000000E+00 0.000000E+00 0.000000E+00 0.000000E+00 0.000000E+00 0.000000E+00 0.000000E+00 0.000000E+00 0.000000E+00 0.000000E+00 0.000000E+00 0.000000E+00 0.000000E+00 0.000000E+00 0.000000E+00 0.000000E+00 0.000000E+00 0.000000E+00 0.000000E+00 0.000000E+00 0.000000E+00 0.000000E+00 0.000000E+00 0.000000E+00 0.000000E+00 0.000000E+00 0.000000E+00 0.000000E+00 0.000000E+00 0.000000E+00 0.000000E+00 0.000000E+00 0.000000E+00 0.000000E+00 0.000000E+00 0.000000E+00 0.000000E+00 0.000000E+00 0.000000E+00 0.000000E+00 0.000000E+00 0.000000E+00 0.000000E+00 0.000000E+00 0.000000E+00 0.000000E+00 0.000000E+00 0.000000E+00 0.000000E+00 0.000000E+00 0.000000E+00 0.000000E+00 0.000000E+00 0.000000E+00 0.000000E+00 0.000000E+00 0.000000E+00 0.000000E+00 0.000000E+00 0.000000E+00 0.000000E+00 0.000000E+00 0.000000E+00 0.000000E+00 0.000000E+00 0.000000E+00 0.000000E+00 0.000000E+00 0.000000E+00
