### Run with WimpAnn version = wimpann-2.08                            
###   Using Pythia version   = Pythia 6.400    
###   Using nusigma version  = nusigma-1.15-pyr                        
###   Using DarkSUSY version = ds-4.1.6                                
###   WimpAnn run started at date 2007-09-11; time 21:01:55
### Neutrino oscillation parameters
#      theta_12 =  0.00000000E+00
#      theta_13 =  0.00000000E+00
#      theta_23 =  0.00000000E+00
#         delta =  0.00000000E+00
#  delta_m^2_21 =  0.81000000E-04
#  delta_m^2_31 =  0.22000000E-02
### WimpAnn run parameters
#  Annihilation channel =         2
#  Generated particles =  b                bbar            
#  WIMP mass =  0.75000000E+03
#  Number of annihilations =   2500000
#  Source = Sun
#...dPhi/dz in  200 bins from 0 to 1
#...Line  1- 6: flux at centre of Sun for neutrino 1-6
#...Line  7-12: flux at surface of Sun for neutrino 1-6
#...Line 13-18: flux at 1 AU from the Sun for neutrino 1-6
#...Line 19-24: flux at surface of Sun for secondary neutrino 1-6
#...Line 25-30: flux at 1 AU from the Sun for secondary neutrino 1-6
 0.893952E+01 0.621920E+01 0.454024E+01 0.346016E+01 0.272216E+01 0.221832E+01 0.185768E+01 0.157160E+01 0.133672E+01 0.116896E+01 0.101128E+01 0.889200E+00 0.794000E+00 0.718480E+00 0.630640E+00 0.559200E+00 0.516880E+00 0.466640E+00 0.423040E+00 0.385440E+00 0.348000E+00 0.320720E+00 0.288480E+00 0.269040E+00 0.245360E+00 0.232560E+00 0.211200E+00 0.194080E+00 0.182720E+00 0.167200E+00 0.159920E+00 0.147200E+00 0.135440E+00 0.125120E+00 0.124240E+00 0.106080E+00 0.101120E+00 0.952000E-01 0.876800E-01 0.842400E-01 0.799200E-01 0.739200E-01 0.763200E-01 0.686400E-01 0.616800E-01 0.571200E-01 0.508800E-01 0.502400E-01 0.459200E-01 0.467200E-01 0.429600E-01 0.380800E-01 0.376800E-01 0.339200E-01 0.316800E-01 0.288800E-01 0.284000E-01 0.283200E-01 0.239200E-01 0.231200E-01 0.226400E-01 0.254400E-01 0.202400E-01 0.173600E-01 0.184800E-01 0.177600E-01 0.139200E-01 0.149600E-01 0.153600E-01 0.125600E-01 0.122400E-01 0.968000E-02 0.101600E-01 0.992000E-02 0.840000E-02 0.840000E-02 0.744000E-02 0.800000E-02 0.784000E-02 0.696000E-02 0.632000E-02 0.584000E-02 0.576000E-02 0.544000E-02 0.376000E-02 0.512000E-02 0.352000E-02 0.304000E-02 0.376000E-02 0.312000E-02 0.288000E-02 0.328000E-02 0.240000E-02 0.184000E-02 0.256000E-02 0.256000E-02 0.208000E-02 0.176000E-02 0.144000E-02 0.176000E-02 0.960000E-03 0.640000E-03 0.120000E-02 0.104000E-02 0.800000E-03 0.880000E-03 0.560000E-03 0.112000E-02 0.128000E-02 0.480000E-03 0.480000E-03 0.640000E-03 0.720000E-03 0.320000E-03 0.480000E-03 0.640000E-03 0.160000E-03 0.560000E-03 0.480000E-03 0.320000E-03 0.800000E-04 0.240000E-03 0.240000E-03 0.240000E-03 0.000000E+00 0.800000E-04 0.800000E-04 0.160000E-03 0.000000E+00 0.800000E-04 0.800000E-04 0.000000E+00 0.800000E-04 0.800000E-04 0.000000E+00 0.000000E+00 0.000000E+00 0.000000E+00 0.000000E+00 0.800000E-04 0.000000E+00 0.000000E+00 0.800000E-04 0.000000E+00 0.000000E+00 0.800000E-04 0.000000E+00 0.000000E+00 0.000000E+00 0.000000E+00 0.000000E+00 0.000000E+00 0.000000E+00 0.000000E+00 0.000000E+00 0.000000E+00 0.000000E+00 0.000000E+00 0.000000E+00 0.000000E+00 0.000000E+00 0.000000E+00 0.000000E+00 0.000000E+00 0.000000E+00 0.000000E+00 0.000000E+00 0.000000E+00 0.000000E+00 0.000000E+00 0.000000E+00 0.000000E+00 0.000000E+00 0.000000E+00 0.000000E+00 0.000000E+00 0.000000E+00 0.000000E+00 0.000000E+00 0.000000E+00 0.000000E+00 0.000000E+00 0.000000E+00 0.000000E+00 0.000000E+00 0.000000E+00 0.000000E+00 0.000000E+00 0.000000E+00 0.000000E+00 0.000000E+00 0.000000E+00 0.000000E+00 0.000000E+00 0.000000E+00 0.000000E+00 0.000000E+00 0.000000E+00 0.000000E+00 0.000000E+00
 0.899744E+01 0.620552E+01 0.454712E+01 0.344272E+01 0.273856E+01 0.223240E+01 0.185544E+01 0.156136E+01 0.132512E+01 0.116952E+01 0.102064E+01 0.888560E+00 0.788960E+00 0.701520E+00 0.643200E+00 0.566800E+00 0.519280E+00 0.461920E+00 0.418320E+00 0.387040E+00 0.351360E+00 0.325520E+00 0.300160E+00 0.272800E+00 0.254160E+00 0.227680E+00 0.217360E+00 0.200240E+00 0.187760E+00 0.172560E+00 0.155280E+00 0.146640E+00 0.144320E+00 0.127760E+00 0.116560E+00 0.110240E+00 0.101680E+00 0.975200E-01 0.890400E-01 0.840800E-01 0.772000E-01 0.734400E-01 0.727200E-01 0.673600E-01 0.590400E-01 0.584000E-01 0.540000E-01 0.488800E-01 0.449600E-01 0.445600E-01 0.428800E-01 0.404000E-01 0.384000E-01 0.333600E-01 0.343200E-01 0.292800E-01 0.292800E-01 0.310400E-01 0.263200E-01 0.247200E-01 0.204800E-01 0.200800E-01 0.212000E-01 0.172000E-01 0.171200E-01 0.176000E-01 0.162400E-01 0.148000E-01 0.141600E-01 0.120000E-01 0.122400E-01 0.104800E-01 0.108800E-01 0.106400E-01 0.960000E-02 0.720000E-02 0.816000E-02 0.696000E-02 0.672000E-02 0.720000E-02 0.576000E-02 0.496000E-02 0.696000E-02 0.576000E-02 0.440000E-02 0.352000E-02 0.456000E-02 0.472000E-02 0.336000E-02 0.304000E-02 0.232000E-02 0.240000E-02 0.272000E-02 0.256000E-02 0.248000E-02 0.160000E-02 0.288000E-02 0.168000E-02 0.168000E-02 0.168000E-02 0.128000E-02 0.128000E-02 0.128000E-02 0.160000E-02 0.400000E-03 0.128000E-02 0.560000E-03 0.560000E-03 0.800000E-03 0.560000E-03 0.480000E-03 0.560000E-03 0.560000E-03 0.320000E-03 0.480000E-03 0.400000E-03 0.480000E-03 0.240000E-03 0.480000E-03 0.160000E-03 0.400000E-03 0.000000E+00 0.240000E-03 0.160000E-03 0.800000E-04 0.800000E-04 0.800000E-04 0.160000E-03 0.000000E+00 0.160000E-03 0.800000E-04 0.000000E+00 0.160000E-03 0.320000E-03 0.800000E-04 0.000000E+00 0.000000E+00 0.000000E+00 0.000000E+00 0.000000E+00 0.000000E+00 0.000000E+00 0.000000E+00 0.000000E+00 0.000000E+00 0.000000E+00 0.000000E+00 0.000000E+00 0.000000E+00 0.000000E+00 0.000000E+00 0.000000E+00 0.000000E+00 0.000000E+00 0.000000E+00 0.000000E+00 0.000000E+00 0.000000E+00 0.000000E+00 0.000000E+00 0.000000E+00 0.000000E+00 0.000000E+00 0.000000E+00 0.000000E+00 0.000000E+00 0.000000E+00 0.000000E+00 0.000000E+00 0.000000E+00 0.000000E+00 0.000000E+00 0.000000E+00 0.000000E+00 0.000000E+00 0.000000E+00 0.000000E+00 0.000000E+00 0.000000E+00 0.000000E+00 0.000000E+00 0.000000E+00 0.000000E+00 0.000000E+00 0.000000E+00 0.000000E+00 0.000000E+00 0.000000E+00 0.000000E+00 0.000000E+00 0.000000E+00 0.000000E+00 0.000000E+00 0.000000E+00 0.000000E+00 0.000000E+00 0.000000E+00 0.000000E+00 0.000000E+00 0.000000E+00
 0.911000E+01 0.624688E+01 0.453976E+01 0.343360E+01 0.272544E+01 0.222152E+01 0.186288E+01 0.156320E+01 0.132080E+01 0.113736E+01 0.997920E+00 0.883840E+00 0.779520E+00 0.700720E+00 0.627360E+00 0.559280E+00 0.509440E+00 0.453040E+00 0.424400E+00 0.376320E+00 0.356160E+00 0.319520E+00 0.292560E+00 0.266960E+00 0.248640E+00 0.235600E+00 0.211600E+00 0.206560E+00 0.178240E+00 0.171040E+00 0.159120E+00 0.146640E+00 0.140800E+00 0.129120E+00 0.114160E+00 0.112960E+00 0.979200E-01 0.989600E-01 0.931200E-01 0.843200E-01 0.794400E-01 0.736800E-01 0.732000E-01 0.615200E-01 0.610400E-01 0.552800E-01 0.533600E-01 0.506400E-01 0.488000E-01 0.412000E-01 0.432000E-01 0.388000E-01 0.376000E-01 0.357600E-01 0.318400E-01 0.291200E-01 0.278400E-01 0.274400E-01 0.243200E-01 0.246400E-01 0.203200E-01 0.216000E-01 0.186400E-01 0.189600E-01 0.173600E-01 0.161600E-01 0.152000E-01 0.150400E-01 0.126400E-01 0.120000E-01 0.112800E-01 0.976000E-02 0.952000E-02 0.872000E-02 0.864000E-02 0.816000E-02 0.752000E-02 0.688000E-02 0.816000E-02 0.664000E-02 0.696000E-02 0.584000E-02 0.608000E-02 0.504000E-02 0.560000E-02 0.344000E-02 0.456000E-02 0.376000E-02 0.328000E-02 0.184000E-02 0.320000E-02 0.288000E-02 0.288000E-02 0.208000E-02 0.240000E-02 0.200000E-02 0.192000E-02 0.144000E-02 0.128000E-02 0.160000E-02 0.144000E-02 0.176000E-02 0.168000E-02 0.128000E-02 0.128000E-02 0.960000E-03 0.160000E-02 0.640000E-03 0.880000E-03 0.800000E-03 0.480000E-03 0.240000E-03 0.480000E-03 0.480000E-03 0.160000E-03 0.160000E-03 0.400000E-03 0.560000E-03 0.800000E-04 0.000000E+00 0.160000E-03 0.240000E-03 0.160000E-03 0.160000E-03 0.800000E-04 0.000000E+00 0.800000E-04 0.240000E-03 0.800000E-04 0.000000E+00 0.800000E-04 0.800000E-04 0.800000E-04 0.800000E-04 0.240000E-03 0.000000E+00 0.000000E+00 0.000000E+00 0.000000E+00 0.000000E+00 0.000000E+00 0.000000E+00 0.000000E+00 0.000000E+00 0.000000E+00 0.000000E+00 0.000000E+00 0.000000E+00 0.000000E+00 0.800000E-04 0.000000E+00 0.800000E-04 0.000000E+00 0.000000E+00 0.000000E+00 0.000000E+00 0.000000E+00 0.000000E+00 0.000000E+00 0.000000E+00 0.000000E+00 0.000000E+00 0.000000E+00 0.000000E+00 0.000000E+00 0.000000E+00 0.000000E+00 0.000000E+00 0.000000E+00 0.000000E+00 0.000000E+00 0.000000E+00 0.000000E+00 0.000000E+00 0.000000E+00 0.000000E+00 0.000000E+00 0.000000E+00 0.000000E+00 0.000000E+00 0.000000E+00 0.000000E+00 0.000000E+00 0.000000E+00 0.000000E+00 0.000000E+00 0.000000E+00 0.000000E+00 0.000000E+00 0.000000E+00 0.000000E+00 0.000000E+00 0.000000E+00 0.000000E+00 0.000000E+00 0.000000E+00 0.000000E+00 0.000000E+00 0.000000E+00 0.000000E+00
 0.911768E+01 0.627376E+01 0.452976E+01 0.342808E+01 0.270648E+01 0.222136E+01 0.184880E+01 0.156120E+01 0.135008E+01 0.115144E+01 0.101512E+01 0.904800E+00 0.786800E+00 0.684560E+00 0.628000E+00 0.550720E+00 0.508080E+00 0.447440E+00 0.422000E+00 0.395360E+00 0.339280E+00 0.316800E+00 0.291120E+00 0.264080E+00 0.250800E+00 0.228640E+00 0.216560E+00 0.196480E+00 0.181360E+00 0.174480E+00 0.154720E+00 0.147840E+00 0.135440E+00 0.127840E+00 0.118320E+00 0.113600E+00 0.102800E+00 0.957600E-01 0.896000E-01 0.804000E-01 0.809600E-01 0.737600E-01 0.710400E-01 0.637600E-01 0.614400E-01 0.577600E-01 0.512800E-01 0.474400E-01 0.516800E-01 0.440000E-01 0.420800E-01 0.336800E-01 0.336800E-01 0.360800E-01 0.319200E-01 0.308000E-01 0.270400E-01 0.245600E-01 0.250400E-01 0.224000E-01 0.218400E-01 0.232000E-01 0.215200E-01 0.188800E-01 0.184000E-01 0.141600E-01 0.168000E-01 0.135200E-01 0.122400E-01 0.131200E-01 0.108800E-01 0.114400E-01 0.103200E-01 0.976000E-02 0.936000E-02 0.105600E-01 0.696000E-02 0.656000E-02 0.768000E-02 0.496000E-02 0.528000E-02 0.528000E-02 0.624000E-02 0.512000E-02 0.504000E-02 0.560000E-02 0.440000E-02 0.360000E-02 0.384000E-02 0.320000E-02 0.376000E-02 0.248000E-02 0.288000E-02 0.248000E-02 0.224000E-02 0.160000E-02 0.176000E-02 0.288000E-02 0.232000E-02 0.144000E-02 0.640000E-03 0.120000E-02 0.152000E-02 0.144000E-02 0.720000E-03 0.112000E-02 0.112000E-02 0.720000E-03 0.480000E-03 0.720000E-03 0.720000E-03 0.320000E-03 0.640000E-03 0.320000E-03 0.400000E-03 0.640000E-03 0.400000E-03 0.400000E-03 0.800000E-04 0.160000E-03 0.160000E-03 0.160000E-03 0.800000E-04 0.800000E-04 0.160000E-03 0.160000E-03 0.800000E-04 0.000000E+00 0.800000E-04 0.800000E-04 0.800000E-04 0.800000E-04 0.800000E-04 0.800000E-04 0.240000E-03 0.000000E+00 0.000000E+00 0.000000E+00 0.000000E+00 0.000000E+00 0.000000E+00 0.000000E+00 0.000000E+00 0.000000E+00 0.000000E+00 0.000000E+00 0.000000E+00 0.000000E+00 0.000000E+00 0.000000E+00 0.000000E+00 0.000000E+00 0.000000E+00 0.000000E+00 0.000000E+00 0.000000E+00 0.000000E+00 0.000000E+00 0.000000E+00 0.000000E+00 0.000000E+00 0.000000E+00 0.000000E+00 0.000000E+00 0.000000E+00 0.000000E+00 0.000000E+00 0.000000E+00 0.000000E+00 0.000000E+00 0.000000E+00 0.000000E+00 0.000000E+00 0.000000E+00 0.000000E+00 0.000000E+00 0.000000E+00 0.000000E+00 0.000000E+00 0.000000E+00 0.000000E+00 0.000000E+00 0.000000E+00 0.000000E+00 0.000000E+00 0.000000E+00 0.000000E+00 0.000000E+00 0.000000E+00 0.000000E+00 0.000000E+00 0.000000E+00 0.000000E+00 0.000000E+00 0.000000E+00 0.000000E+00 0.000000E+00 0.000000E+00 0.000000E+00 0.000000E+00
 0.263608E+01 0.209032E+01 0.170968E+01 0.142048E+01 0.117960E+01 0.988880E+00 0.864080E+00 0.732640E+00 0.639680E+00 0.560000E+00 0.473280E+00 0.424000E+00 0.367600E+00 0.335280E+00 0.295840E+00 0.256880E+00 0.230960E+00 0.204400E+00 0.192880E+00 0.171280E+00 0.147200E+00 0.129840E+00 0.129280E+00 0.114640E+00 0.981600E-01 0.936800E-01 0.793600E-01 0.688800E-01 0.713600E-01 0.592000E-01 0.559200E-01 0.499200E-01 0.463200E-01 0.440800E-01 0.387200E-01 0.326400E-01 0.305600E-01 0.268000E-01 0.252000E-01 0.253600E-01 0.218400E-01 0.220000E-01 0.175200E-01 0.162400E-01 0.162400E-01 0.124000E-01 0.135200E-01 0.128000E-01 0.115200E-01 0.912000E-02 0.928000E-02 0.744000E-02 0.840000E-02 0.664000E-02 0.728000E-02 0.496000E-02 0.368000E-02 0.544000E-02 0.416000E-02 0.312000E-02 0.328000E-02 0.216000E-02 0.208000E-02 0.272000E-02 0.184000E-02 0.224000E-02 0.232000E-02 0.192000E-02 0.136000E-02 0.136000E-02 0.640000E-03 0.960000E-03 0.640000E-03 0.720000E-03 0.960000E-03 0.800000E-03 0.640000E-03 0.240000E-03 0.560000E-03 0.400000E-03 0.320000E-03 0.320000E-03 0.160000E-03 0.240000E-03 0.240000E-03 0.240000E-03 0.800000E-04 0.320000E-03 0.800000E-04 0.000000E+00 0.800000E-04 0.160000E-03 0.800000E-04 0.800000E-04 0.800000E-04 0.160000E-03 0.800000E-04 0.800000E-04 0.000000E+00 0.000000E+00 0.800000E-04 0.800000E-04 0.000000E+00 0.000000E+00 0.000000E+00 0.000000E+00 0.000000E+00 0.000000E+00 0.000000E+00 0.800000E-04 0.800000E-04 0.800000E-04 0.000000E+00 0.000000E+00 0.000000E+00 0.000000E+00 0.000000E+00 0.800000E-04 0.000000E+00 0.000000E+00 0.000000E+00 0.000000E+00 0.000000E+00 0.000000E+00 0.000000E+00 0.000000E+00 0.000000E+00 0.000000E+00 0.000000E+00 0.000000E+00 0.000000E+00 0.000000E+00 0.000000E+00 0.000000E+00 0.000000E+00 0.000000E+00 0.000000E+00 0.000000E+00 0.000000E+00 0.000000E+00 0.000000E+00 0.000000E+00 0.000000E+00 0.000000E+00 0.000000E+00 0.000000E+00 0.000000E+00 0.000000E+00 0.000000E+00 0.000000E+00 0.000000E+00 0.000000E+00 0.000000E+00 0.000000E+00 0.000000E+00 0.000000E+00 0.000000E+00 0.000000E+00 0.000000E+00 0.000000E+00 0.000000E+00 0.000000E+00 0.000000E+00 0.000000E+00 0.000000E+00 0.000000E+00 0.000000E+00 0.000000E+00 0.000000E+00 0.000000E+00 0.000000E+00 0.000000E+00 0.000000E+00 0.000000E+00 0.000000E+00 0.000000E+00 0.000000E+00 0.000000E+00 0.000000E+00 0.000000E+00 0.000000E+00 0.000000E+00 0.000000E+00 0.000000E+00 0.000000E+00 0.000000E+00 0.000000E+00 0.000000E+00 0.000000E+00 0.000000E+00 0.000000E+00 0.000000E+00 0.000000E+00 0.000000E+00 0.000000E+00 0.000000E+00 0.000000E+00 0.000000E+00 0.000000E+00 0.000000E+00
 0.267376E+01 0.209336E+01 0.170320E+01 0.141952E+01 0.118184E+01 0.100240E+01 0.857440E+00 0.727520E+00 0.637760E+00 0.541120E+00 0.476240E+00 0.421200E+00 0.363040E+00 0.328720E+00 0.283840E+00 0.255760E+00 0.239120E+00 0.205280E+00 0.187440E+00 0.168720E+00 0.145360E+00 0.138480E+00 0.118080E+00 0.110880E+00 0.962400E-01 0.928000E-01 0.816800E-01 0.740000E-01 0.714400E-01 0.628000E-01 0.570400E-01 0.530400E-01 0.418400E-01 0.453600E-01 0.385600E-01 0.336000E-01 0.334400E-01 0.285600E-01 0.288800E-01 0.247200E-01 0.220000E-01 0.217600E-01 0.170400E-01 0.155200E-01 0.157600E-01 0.132800E-01 0.130400E-01 0.106400E-01 0.116800E-01 0.120800E-01 0.720000E-02 0.784000E-02 0.696000E-02 0.680000E-02 0.584000E-02 0.584000E-02 0.392000E-02 0.424000E-02 0.384000E-02 0.408000E-02 0.296000E-02 0.336000E-02 0.296000E-02 0.256000E-02 0.192000E-02 0.216000E-02 0.168000E-02 0.112000E-02 0.144000E-02 0.128000E-02 0.880000E-03 0.128000E-02 0.960000E-03 0.104000E-02 0.560000E-03 0.640000E-03 0.640000E-03 0.720000E-03 0.400000E-03 0.000000E+00 0.160000E-03 0.480000E-03 0.240000E-03 0.320000E-03 0.320000E-03 0.800000E-04 0.160000E-03 0.160000E-03 0.320000E-03 0.240000E-03 0.000000E+00 0.160000E-03 0.240000E-03 0.160000E-03 0.800000E-04 0.000000E+00 0.160000E-03 0.000000E+00 0.160000E-03 0.800000E-04 0.000000E+00 0.000000E+00 0.000000E+00 0.800000E-04 0.000000E+00 0.800000E-04 0.000000E+00 0.000000E+00 0.000000E+00 0.000000E+00 0.000000E+00 0.000000E+00 0.000000E+00 0.000000E+00 0.000000E+00 0.000000E+00 0.000000E+00 0.000000E+00 0.000000E+00 0.000000E+00 0.000000E+00 0.000000E+00 0.000000E+00 0.000000E+00 0.000000E+00 0.000000E+00 0.000000E+00 0.000000E+00 0.000000E+00 0.000000E+00 0.000000E+00 0.000000E+00 0.000000E+00 0.000000E+00 0.000000E+00 0.000000E+00 0.000000E+00 0.000000E+00 0.000000E+00 0.000000E+00 0.000000E+00 0.000000E+00 0.000000E+00 0.000000E+00 0.000000E+00 0.000000E+00 0.000000E+00 0.000000E+00 0.000000E+00 0.000000E+00 0.000000E+00 0.000000E+00 0.000000E+00 0.000000E+00 0.000000E+00 0.000000E+00 0.000000E+00 0.000000E+00 0.000000E+00 0.000000E+00 0.000000E+00 0.000000E+00 0.000000E+00 0.000000E+00 0.000000E+00 0.000000E+00 0.000000E+00 0.000000E+00 0.000000E+00 0.000000E+00 0.000000E+00 0.000000E+00 0.000000E+00 0.000000E+00 0.000000E+00 0.000000E+00 0.000000E+00 0.000000E+00 0.000000E+00 0.000000E+00 0.000000E+00 0.000000E+00 0.000000E+00 0.000000E+00 0.000000E+00 0.000000E+00 0.000000E+00 0.000000E+00 0.000000E+00 0.000000E+00 0.000000E+00 0.000000E+00 0.000000E+00 0.000000E+00 0.000000E+00 0.000000E+00 0.000000E+00 0.000000E+00 0.000000E+00 0.000000E+00
 0.910744E+01 0.618448E+01 0.439736E+01 0.328072E+01 0.252800E+01 0.201088E+01 0.163840E+01 0.136160E+01 0.112520E+01 0.958160E+00 0.800160E+00 0.690800E+00 0.605040E+00 0.536640E+00 0.459840E+00 0.390320E+00 0.356800E+00 0.313280E+00 0.276560E+00 0.249840E+00 0.215200E+00 0.197680E+00 0.175360E+00 0.158080E+00 0.143360E+00 0.124880E+00 0.112560E+00 0.102560E+00 0.920000E-01 0.828800E-01 0.760000E-01 0.674400E-01 0.622400E-01 0.547200E-01 0.533600E-01 0.480000E-01 0.444800E-01 0.374400E-01 0.363200E-01 0.318400E-01 0.296800E-01 0.282400E-01 0.292800E-01 0.232000E-01 0.212000E-01 0.201600E-01 0.166400E-01 0.156800E-01 0.131200E-01 0.141600E-01 0.124000E-01 0.111200E-01 0.107200E-01 0.832000E-02 0.840000E-02 0.744000E-02 0.728000E-02 0.712000E-02 0.664000E-02 0.552000E-02 0.496000E-02 0.560000E-02 0.424000E-02 0.464000E-02 0.376000E-02 0.328000E-02 0.264000E-02 0.288000E-02 0.328000E-02 0.256000E-02 0.200000E-02 0.176000E-02 0.184000E-02 0.168000E-02 0.152000E-02 0.960000E-03 0.120000E-02 0.720000E-03 0.120000E-02 0.880000E-03 0.880000E-03 0.800000E-03 0.400000E-03 0.960000E-03 0.560000E-03 0.480000E-03 0.800000E-04 0.400000E-03 0.400000E-03 0.000000E+00 0.320000E-03 0.320000E-03 0.240000E-03 0.400000E-03 0.480000E-03 0.160000E-03 0.160000E-03 0.000000E+00 0.160000E-03 0.320000E-03 0.800000E-04 0.800000E-04 0.160000E-03 0.000000E+00 0.800000E-04 0.000000E+00 0.800000E-04 0.800000E-04 0.000000E+00 0.000000E+00 0.000000E+00 0.000000E+00 0.000000E+00 0.000000E+00 0.800000E-04 0.000000E+00 0.000000E+00 0.000000E+00 0.000000E+00 0.000000E+00 0.000000E+00 0.000000E+00 0.800000E-04 0.000000E+00 0.000000E+00 0.000000E+00 0.000000E+00 0.000000E+00 0.000000E+00 0.000000E+00 0.000000E+00 0.000000E+00 0.000000E+00 0.000000E+00 0.000000E+00 0.000000E+00 0.000000E+00 0.000000E+00 0.000000E+00 0.000000E+00 0.000000E+00 0.000000E+00 0.000000E+00 0.000000E+00 0.000000E+00 0.000000E+00 0.000000E+00 0.000000E+00 0.000000E+00 0.000000E+00 0.000000E+00 0.000000E+00 0.000000E+00 0.000000E+00 0.000000E+00 0.000000E+00 0.000000E+00 0.000000E+00 0.000000E+00 0.000000E+00 0.000000E+00 0.000000E+00 0.000000E+00 0.000000E+00 0.000000E+00 0.000000E+00 0.000000E+00 0.000000E+00 0.000000E+00 0.000000E+00 0.000000E+00 0.000000E+00 0.000000E+00 0.000000E+00 0.000000E+00 0.000000E+00 0.000000E+00 0.000000E+00 0.000000E+00 0.000000E+00 0.000000E+00 0.000000E+00 0.000000E+00 0.000000E+00 0.000000E+00 0.000000E+00 0.000000E+00 0.000000E+00 0.000000E+00 0.000000E+00 0.000000E+00 0.000000E+00 0.000000E+00 0.000000E+00 0.000000E+00 0.000000E+00 0.000000E+00 0.000000E+00 0.000000E+00 0.000000E+00
 0.910024E+01 0.618408E+01 0.446632E+01 0.333048E+01 0.261456E+01 0.210472E+01 0.172496E+01 0.142800E+01 0.119880E+01 0.103672E+01 0.891440E+00 0.768240E+00 0.670080E+00 0.589200E+00 0.531200E+00 0.462400E+00 0.415520E+00 0.365440E+00 0.325200E+00 0.294720E+00 0.266480E+00 0.238640E+00 0.220720E+00 0.195840E+00 0.179760E+00 0.162240E+00 0.148960E+00 0.135360E+00 0.124960E+00 0.109680E+00 0.102640E+00 0.948000E-01 0.869600E-01 0.772800E-01 0.680800E-01 0.679200E-01 0.590400E-01 0.544000E-01 0.480800E-01 0.456000E-01 0.421600E-01 0.408800E-01 0.389600E-01 0.344000E-01 0.300000E-01 0.301600E-01 0.264000E-01 0.232800E-01 0.220000E-01 0.192000E-01 0.198400E-01 0.173600E-01 0.175200E-01 0.155200E-01 0.148000E-01 0.120000E-01 0.125600E-01 0.126400E-01 0.116800E-01 0.105600E-01 0.848000E-02 0.792000E-02 0.776000E-02 0.576000E-02 0.672000E-02 0.664000E-02 0.560000E-02 0.488000E-02 0.512000E-02 0.424000E-02 0.392000E-02 0.336000E-02 0.392000E-02 0.280000E-02 0.264000E-02 0.248000E-02 0.280000E-02 0.184000E-02 0.232000E-02 0.256000E-02 0.136000E-02 0.160000E-02 0.136000E-02 0.192000E-02 0.960000E-03 0.152000E-02 0.104000E-02 0.960000E-03 0.120000E-02 0.960000E-03 0.560000E-03 0.640000E-03 0.560000E-03 0.560000E-03 0.480000E-03 0.320000E-03 0.480000E-03 0.320000E-03 0.320000E-03 0.160000E-03 0.240000E-03 0.160000E-03 0.240000E-03 0.240000E-03 0.160000E-03 0.800000E-04 0.800000E-04 0.160000E-03 0.240000E-03 0.000000E+00 0.000000E+00 0.160000E-03 0.800000E-04 0.800000E-04 0.160000E-03 0.000000E+00 0.240000E-03 0.800000E-04 0.160000E-03 0.000000E+00 0.000000E+00 0.000000E+00 0.800000E-04 0.800000E-04 0.000000E+00 0.000000E+00 0.000000E+00 0.000000E+00 0.000000E+00 0.800000E-04 0.800000E-04 0.000000E+00 0.000000E+00 0.000000E+00 0.000000E+00 0.000000E+00 0.000000E+00 0.000000E+00 0.000000E+00 0.000000E+00 0.000000E+00 0.000000E+00 0.000000E+00 0.000000E+00 0.000000E+00 0.000000E+00 0.000000E+00 0.000000E+00 0.000000E+00 0.000000E+00 0.000000E+00 0.000000E+00 0.000000E+00 0.000000E+00 0.000000E+00 0.000000E+00 0.000000E+00 0.000000E+00 0.000000E+00 0.000000E+00 0.000000E+00 0.000000E+00 0.000000E+00 0.000000E+00 0.000000E+00 0.000000E+00 0.000000E+00 0.000000E+00 0.000000E+00 0.000000E+00 0.000000E+00 0.000000E+00 0.000000E+00 0.000000E+00 0.000000E+00 0.000000E+00 0.000000E+00 0.000000E+00 0.000000E+00 0.000000E+00 0.000000E+00 0.000000E+00 0.000000E+00 0.000000E+00 0.000000E+00 0.000000E+00 0.000000E+00 0.000000E+00 0.000000E+00 0.000000E+00 0.000000E+00 0.000000E+00 0.000000E+00 0.000000E+00 0.000000E+00 0.000000E+00 0.000000E+00 0.000000E+00 0.000000E+00 0.000000E+00
 0.927936E+01 0.620824E+01 0.440952E+01 0.324256E+01 0.253400E+01 0.201400E+01 0.164472E+01 0.134912E+01 0.111560E+01 0.935040E+00 0.798400E+00 0.689680E+00 0.587520E+00 0.522400E+00 0.459440E+00 0.396320E+00 0.351920E+00 0.305600E+00 0.276560E+00 0.244000E+00 0.223840E+00 0.195600E+00 0.171200E+00 0.156720E+00 0.139040E+00 0.134560E+00 0.108400E+00 0.104960E+00 0.920800E-01 0.845600E-01 0.761600E-01 0.700000E-01 0.629600E-01 0.593600E-01 0.480800E-01 0.474400E-01 0.418400E-01 0.385600E-01 0.355200E-01 0.321600E-01 0.318400E-01 0.284000E-01 0.252000E-01 0.202400E-01 0.207200E-01 0.196800E-01 0.188000E-01 0.154400E-01 0.140800E-01 0.120800E-01 0.108000E-01 0.105600E-01 0.106400E-01 0.102400E-01 0.952000E-02 0.784000E-02 0.656000E-02 0.584000E-02 0.496000E-02 0.536000E-02 0.488000E-02 0.560000E-02 0.408000E-02 0.376000E-02 0.432000E-02 0.336000E-02 0.272000E-02 0.208000E-02 0.184000E-02 0.240000E-02 0.192000E-02 0.200000E-02 0.128000E-02 0.152000E-02 0.168000E-02 0.720000E-03 0.120000E-02 0.104000E-02 0.480000E-03 0.880000E-03 0.112000E-02 0.960000E-03 0.800000E-03 0.640000E-03 0.400000E-03 0.240000E-03 0.640000E-03 0.560000E-03 0.560000E-03 0.400000E-03 0.160000E-03 0.320000E-03 0.400000E-03 0.240000E-03 0.800000E-04 0.240000E-03 0.160000E-03 0.160000E-03 0.800000E-04 0.160000E-03 0.000000E+00 0.800000E-04 0.800000E-04 0.000000E+00 0.800000E-04 0.000000E+00 0.800000E-04 0.800000E-04 0.000000E+00 0.000000E+00 0.000000E+00 0.000000E+00 0.000000E+00 0.000000E+00 0.000000E+00 0.000000E+00 0.000000E+00 0.160000E-03 0.000000E+00 0.000000E+00 0.000000E+00 0.000000E+00 0.000000E+00 0.000000E+00 0.000000E+00 0.000000E+00 0.000000E+00 0.000000E+00 0.000000E+00 0.000000E+00 0.000000E+00 0.000000E+00 0.800000E-04 0.000000E+00 0.000000E+00 0.000000E+00 0.000000E+00 0.000000E+00 0.000000E+00 0.000000E+00 0.000000E+00 0.000000E+00 0.000000E+00 0.000000E+00 0.000000E+00 0.000000E+00 0.000000E+00 0.000000E+00 0.000000E+00 0.000000E+00 0.000000E+00 0.000000E+00 0.000000E+00 0.000000E+00 0.000000E+00 0.000000E+00 0.000000E+00 0.000000E+00 0.000000E+00 0.000000E+00 0.000000E+00 0.000000E+00 0.000000E+00 0.000000E+00 0.000000E+00 0.000000E+00 0.000000E+00 0.000000E+00 0.000000E+00 0.000000E+00 0.000000E+00 0.000000E+00 0.000000E+00 0.000000E+00 0.000000E+00 0.000000E+00 0.000000E+00 0.000000E+00 0.000000E+00 0.000000E+00 0.000000E+00 0.000000E+00 0.000000E+00 0.000000E+00 0.000000E+00 0.000000E+00 0.000000E+00 0.000000E+00 0.000000E+00 0.000000E+00 0.000000E+00 0.000000E+00 0.000000E+00 0.000000E+00 0.000000E+00 0.000000E+00 0.000000E+00 0.000000E+00 0.000000E+00 0.000000E+00
 0.922120E+01 0.624504E+01 0.445168E+01 0.333016E+01 0.259016E+01 0.209232E+01 0.172184E+01 0.142752E+01 0.122128E+01 0.102280E+01 0.894240E+00 0.780320E+00 0.669840E+00 0.572480E+00 0.518400E+00 0.450960E+00 0.411760E+00 0.356000E+00 0.326800E+00 0.302960E+00 0.254480E+00 0.235040E+00 0.211600E+00 0.191920E+00 0.176800E+00 0.162800E+00 0.148240E+00 0.133840E+00 0.119600E+00 0.115280E+00 0.100160E+00 0.936000E-01 0.820000E-01 0.769600E-01 0.728000E-01 0.679200E-01 0.610400E-01 0.544000E-01 0.508000E-01 0.458400E-01 0.425600E-01 0.398400E-01 0.364800E-01 0.308000E-01 0.300800E-01 0.293600E-01 0.257600E-01 0.220800E-01 0.258400E-01 0.221600E-01 0.200000E-01 0.157600E-01 0.155200E-01 0.156000E-01 0.134400E-01 0.128800E-01 0.107200E-01 0.103200E-01 0.107200E-01 0.856000E-02 0.920000E-02 0.920000E-02 0.824000E-02 0.760000E-02 0.624000E-02 0.568000E-02 0.632000E-02 0.496000E-02 0.384000E-02 0.440000E-02 0.392000E-02 0.352000E-02 0.360000E-02 0.280000E-02 0.320000E-02 0.376000E-02 0.200000E-02 0.224000E-02 0.208000E-02 0.168000E-02 0.160000E-02 0.152000E-02 0.128000E-02 0.128000E-02 0.160000E-02 0.120000E-02 0.560000E-03 0.112000E-02 0.104000E-02 0.960000E-03 0.112000E-02 0.800000E-03 0.560000E-03 0.320000E-03 0.800000E-03 0.320000E-03 0.400000E-03 0.240000E-03 0.320000E-03 0.320000E-03 0.800000E-04 0.160000E-03 0.160000E-03 0.800000E-04 0.800000E-04 0.800000E-04 0.320000E-03 0.160000E-03 0.000000E+00 0.800000E-04 0.160000E-03 0.800000E-04 0.800000E-04 0.160000E-03 0.800000E-04 0.160000E-03 0.800000E-04 0.160000E-03 0.000000E+00 0.000000E+00 0.000000E+00 0.000000E+00 0.000000E+00 0.000000E+00 0.800000E-04 0.800000E-04 0.000000E+00 0.000000E+00 0.000000E+00 0.000000E+00 0.000000E+00 0.000000E+00 0.000000E+00 0.000000E+00 0.000000E+00 0.000000E+00 0.000000E+00 0.000000E+00 0.000000E+00 0.000000E+00 0.000000E+00 0.000000E+00 0.000000E+00 0.000000E+00 0.000000E+00 0.000000E+00 0.000000E+00 0.000000E+00 0.000000E+00 0.000000E+00 0.000000E+00 0.000000E+00 0.000000E+00 0.000000E+00 0.000000E+00 0.000000E+00 0.000000E+00 0.000000E+00 0.000000E+00 0.000000E+00 0.000000E+00 0.000000E+00 0.000000E+00 0.000000E+00 0.000000E+00 0.000000E+00 0.000000E+00 0.000000E+00 0.000000E+00 0.000000E+00 0.000000E+00 0.000000E+00 0.000000E+00 0.000000E+00 0.000000E+00 0.000000E+00 0.000000E+00 0.000000E+00 0.000000E+00 0.000000E+00 0.000000E+00 0.000000E+00 0.000000E+00 0.000000E+00 0.000000E+00 0.000000E+00 0.000000E+00 0.000000E+00 0.000000E+00 0.000000E+00 0.000000E+00 0.000000E+00 0.000000E+00 0.000000E+00 0.000000E+00 0.000000E+00 0.000000E+00 0.000000E+00 0.000000E+00 0.000000E+00
 0.333384E+01 0.236488E+01 0.188120E+01 0.151640E+01 0.122792E+01 0.100984E+01 0.853120E+00 0.708640E+00 0.607120E+00 0.513920E+00 0.430800E+00 0.377040E+00 0.313200E+00 0.281920E+00 0.247200E+00 0.203840E+00 0.178320E+00 0.155920E+00 0.144960E+00 0.127440E+00 0.104240E+00 0.895200E-01 0.875200E-01 0.757600E-01 0.622400E-01 0.578400E-01 0.465600E-01 0.413600E-01 0.404800E-01 0.330400E-01 0.306400E-01 0.273600E-01 0.232800E-01 0.233600E-01 0.193600E-01 0.161600E-01 0.142400E-01 0.116800E-01 0.118400E-01 0.116000E-01 0.912000E-02 0.864000E-02 0.680000E-02 0.624000E-02 0.536000E-02 0.432000E-02 0.592000E-02 0.488000E-02 0.424000E-02 0.304000E-02 0.200000E-02 0.232000E-02 0.304000E-02 0.288000E-02 0.240000E-02 0.168000E-02 0.128000E-02 0.160000E-02 0.880000E-03 0.640000E-03 0.560000E-03 0.480000E-03 0.560000E-03 0.640000E-03 0.320000E-03 0.880000E-03 0.320000E-03 0.480000E-03 0.320000E-03 0.240000E-03 0.800000E-04 0.800000E-04 0.800000E-04 0.160000E-03 0.800000E-04 0.160000E-03 0.800000E-04 0.000000E+00 0.160000E-03 0.000000E+00 0.240000E-03 0.800000E-04 0.000000E+00 0.000000E+00 0.800000E-04 0.800000E-04 0.000000E+00 0.800000E-04 0.000000E+00 0.000000E+00 0.000000E+00 0.000000E+00 0.000000E+00 0.800000E-04 0.000000E+00 0.000000E+00 0.000000E+00 0.000000E+00 0.000000E+00 0.000000E+00 0.000000E+00 0.000000E+00 0.000000E+00 0.000000E+00 0.000000E+00 0.000000E+00 0.000000E+00 0.000000E+00 0.000000E+00 0.000000E+00 0.000000E+00 0.000000E+00 0.000000E+00 0.000000E+00 0.000000E+00 0.000000E+00 0.000000E+00 0.000000E+00 0.000000E+00 0.000000E+00 0.000000E+00 0.000000E+00 0.000000E+00 0.000000E+00 0.000000E+00 0.000000E+00 0.000000E+00 0.000000E+00 0.000000E+00 0.000000E+00 0.000000E+00 0.000000E+00 0.000000E+00 0.000000E+00 0.000000E+00 0.000000E+00 0.000000E+00 0.000000E+00 0.000000E+00 0.000000E+00 0.000000E+00 0.000000E+00 0.000000E+00 0.000000E+00 0.000000E+00 0.000000E+00 0.000000E+00 0.000000E+00 0.000000E+00 0.000000E+00 0.000000E+00 0.000000E+00 0.000000E+00 0.000000E+00 0.000000E+00 0.000000E+00 0.000000E+00 0.000000E+00 0.000000E+00 0.000000E+00 0.000000E+00 0.000000E+00 0.000000E+00 0.000000E+00 0.000000E+00 0.000000E+00 0.000000E+00 0.000000E+00 0.000000E+00 0.000000E+00 0.000000E+00 0.000000E+00 0.000000E+00 0.000000E+00 0.000000E+00 0.000000E+00 0.000000E+00 0.000000E+00 0.000000E+00 0.000000E+00 0.000000E+00 0.000000E+00 0.000000E+00 0.000000E+00 0.000000E+00 0.000000E+00 0.000000E+00 0.000000E+00 0.000000E+00 0.000000E+00 0.000000E+00 0.000000E+00 0.000000E+00 0.000000E+00 0.000000E+00 0.000000E+00 0.000000E+00 0.000000E+00 0.000000E+00 0.000000E+00
 0.299376E+01 0.226704E+01 0.181248E+01 0.149304E+01 0.122664E+01 0.102016E+01 0.869120E+00 0.723920E+00 0.625040E+00 0.526000E+00 0.456560E+00 0.395920E+00 0.339680E+00 0.303040E+00 0.259040E+00 0.224400E+00 0.208880E+00 0.176400E+00 0.159840E+00 0.143440E+00 0.119360E+00 0.110640E+00 0.964800E-01 0.876800E-01 0.770400E-01 0.748800E-01 0.597600E-01 0.558400E-01 0.515200E-01 0.448000E-01 0.394400E-01 0.360800E-01 0.291200E-01 0.301600E-01 0.252800E-01 0.233600E-01 0.216000E-01 0.184800E-01 0.180800E-01 0.142400E-01 0.143200E-01 0.137600E-01 0.912000E-02 0.880000E-02 0.904000E-02 0.712000E-02 0.768000E-02 0.584000E-02 0.600000E-02 0.656000E-02 0.320000E-02 0.384000E-02 0.360000E-02 0.352000E-02 0.280000E-02 0.288000E-02 0.240000E-02 0.160000E-02 0.152000E-02 0.168000E-02 0.184000E-02 0.160000E-02 0.160000E-02 0.960000E-03 0.880000E-03 0.112000E-02 0.120000E-02 0.720000E-03 0.240000E-03 0.720000E-03 0.240000E-03 0.480000E-03 0.480000E-03 0.160000E-03 0.240000E-03 0.240000E-03 0.240000E-03 0.400000E-03 0.800000E-04 0.800000E-04 0.000000E+00 0.240000E-03 0.800000E-04 0.160000E-03 0.800000E-04 0.000000E+00 0.000000E+00 0.800000E-04 0.160000E-03 0.160000E-03 0.000000E+00 0.000000E+00 0.800000E-04 0.800000E-04 0.000000E+00 0.000000E+00 0.000000E+00 0.000000E+00 0.000000E+00 0.000000E+00 0.000000E+00 0.000000E+00 0.000000E+00 0.000000E+00 0.000000E+00 0.000000E+00 0.000000E+00 0.000000E+00 0.000000E+00 0.000000E+00 0.000000E+00 0.000000E+00 0.000000E+00 0.000000E+00 0.000000E+00 0.000000E+00 0.000000E+00 0.000000E+00 0.000000E+00 0.000000E+00 0.000000E+00 0.000000E+00 0.000000E+00 0.000000E+00 0.000000E+00 0.000000E+00 0.000000E+00 0.000000E+00 0.000000E+00 0.000000E+00 0.000000E+00 0.000000E+00 0.000000E+00 0.000000E+00 0.000000E+00 0.000000E+00 0.000000E+00 0.000000E+00 0.000000E+00 0.000000E+00 0.000000E+00 0.000000E+00 0.000000E+00 0.000000E+00 0.000000E+00 0.000000E+00 0.000000E+00 0.000000E+00 0.000000E+00 0.000000E+00 0.000000E+00 0.000000E+00 0.000000E+00 0.000000E+00 0.000000E+00 0.000000E+00 0.000000E+00 0.000000E+00 0.000000E+00 0.000000E+00 0.000000E+00 0.000000E+00 0.000000E+00 0.000000E+00 0.000000E+00 0.000000E+00 0.000000E+00 0.000000E+00 0.000000E+00 0.000000E+00 0.000000E+00 0.000000E+00 0.000000E+00 0.000000E+00 0.000000E+00 0.000000E+00 0.000000E+00 0.000000E+00 0.000000E+00 0.000000E+00 0.000000E+00 0.000000E+00 0.000000E+00 0.000000E+00 0.000000E+00 0.000000E+00 0.000000E+00 0.000000E+00 0.000000E+00 0.000000E+00 0.000000E+00 0.000000E+00 0.000000E+00 0.000000E+00 0.000000E+00 0.000000E+00 0.000000E+00 0.000000E+00 0.000000E+00 0.000000E+00
 0.910744E+01 0.618448E+01 0.439736E+01 0.328072E+01 0.252800E+01 0.201088E+01 0.163840E+01 0.136160E+01 0.112520E+01 0.958160E+00 0.800160E+00 0.690800E+00 0.605040E+00 0.536640E+00 0.459840E+00 0.390320E+00 0.356800E+00 0.313280E+00 0.276560E+00 0.249840E+00 0.215200E+00 0.197680E+00 0.175360E+00 0.158080E+00 0.143360E+00 0.124880E+00 0.112560E+00 0.102560E+00 0.920000E-01 0.828800E-01 0.760000E-01 0.674400E-01 0.622400E-01 0.547200E-01 0.533600E-01 0.480000E-01 0.444800E-01 0.374400E-01 0.363200E-01 0.318400E-01 0.296800E-01 0.282400E-01 0.292800E-01 0.232000E-01 0.212000E-01 0.201600E-01 0.166400E-01 0.156800E-01 0.131200E-01 0.141600E-01 0.124000E-01 0.111200E-01 0.107200E-01 0.832000E-02 0.840000E-02 0.744000E-02 0.728000E-02 0.712000E-02 0.664000E-02 0.552000E-02 0.496000E-02 0.560000E-02 0.424000E-02 0.464000E-02 0.376000E-02 0.328000E-02 0.264000E-02 0.288000E-02 0.328000E-02 0.256000E-02 0.200000E-02 0.176000E-02 0.184000E-02 0.168000E-02 0.152000E-02 0.960000E-03 0.120000E-02 0.720000E-03 0.120000E-02 0.880000E-03 0.880000E-03 0.800000E-03 0.400000E-03 0.960000E-03 0.560000E-03 0.480000E-03 0.800000E-04 0.400000E-03 0.400000E-03 0.000000E+00 0.320000E-03 0.320000E-03 0.240000E-03 0.400000E-03 0.480000E-03 0.160000E-03 0.160000E-03 0.000000E+00 0.160000E-03 0.320000E-03 0.800000E-04 0.800000E-04 0.160000E-03 0.000000E+00 0.800000E-04 0.000000E+00 0.800000E-04 0.800000E-04 0.000000E+00 0.000000E+00 0.000000E+00 0.000000E+00 0.000000E+00 0.000000E+00 0.800000E-04 0.000000E+00 0.000000E+00 0.000000E+00 0.000000E+00 0.000000E+00 0.000000E+00 0.000000E+00 0.800000E-04 0.000000E+00 0.000000E+00 0.000000E+00 0.000000E+00 0.000000E+00 0.000000E+00 0.000000E+00 0.000000E+00 0.000000E+00 0.000000E+00 0.000000E+00 0.000000E+00 0.000000E+00 0.000000E+00 0.000000E+00 0.000000E+00 0.000000E+00 0.000000E+00 0.000000E+00 0.000000E+00 0.000000E+00 0.000000E+00 0.000000E+00 0.000000E+00 0.000000E+00 0.000000E+00 0.000000E+00 0.000000E+00 0.000000E+00 0.000000E+00 0.000000E+00 0.000000E+00 0.000000E+00 0.000000E+00 0.000000E+00 0.000000E+00 0.000000E+00 0.000000E+00 0.000000E+00 0.000000E+00 0.000000E+00 0.000000E+00 0.000000E+00 0.000000E+00 0.000000E+00 0.000000E+00 0.000000E+00 0.000000E+00 0.000000E+00 0.000000E+00 0.000000E+00 0.000000E+00 0.000000E+00 0.000000E+00 0.000000E+00 0.000000E+00 0.000000E+00 0.000000E+00 0.000000E+00 0.000000E+00 0.000000E+00 0.000000E+00 0.000000E+00 0.000000E+00 0.000000E+00 0.000000E+00 0.000000E+00 0.000000E+00 0.000000E+00 0.000000E+00 0.000000E+00 0.000000E+00 0.000000E+00 0.000000E+00 0.000000E+00 0.000000E+00 0.000000E+00
 0.910024E+01 0.618408E+01 0.446632E+01 0.333048E+01 0.261456E+01 0.210472E+01 0.172496E+01 0.142800E+01 0.119880E+01 0.103672E+01 0.891440E+00 0.768240E+00 0.670080E+00 0.589200E+00 0.531200E+00 0.462400E+00 0.415520E+00 0.365440E+00 0.325200E+00 0.294720E+00 0.266480E+00 0.238640E+00 0.220720E+00 0.195840E+00 0.179760E+00 0.162240E+00 0.148960E+00 0.135360E+00 0.124960E+00 0.109680E+00 0.102640E+00 0.948000E-01 0.869600E-01 0.772800E-01 0.680800E-01 0.679200E-01 0.590400E-01 0.544000E-01 0.480800E-01 0.456000E-01 0.421600E-01 0.408800E-01 0.389600E-01 0.344000E-01 0.300000E-01 0.301600E-01 0.264000E-01 0.232800E-01 0.220000E-01 0.192000E-01 0.198400E-01 0.173600E-01 0.175200E-01 0.155200E-01 0.148000E-01 0.120000E-01 0.125600E-01 0.126400E-01 0.116800E-01 0.105600E-01 0.848000E-02 0.792000E-02 0.776000E-02 0.576000E-02 0.672000E-02 0.664000E-02 0.560000E-02 0.488000E-02 0.512000E-02 0.424000E-02 0.392000E-02 0.336000E-02 0.392000E-02 0.280000E-02 0.264000E-02 0.248000E-02 0.280000E-02 0.184000E-02 0.232000E-02 0.256000E-02 0.136000E-02 0.160000E-02 0.136000E-02 0.192000E-02 0.960000E-03 0.152000E-02 0.104000E-02 0.960000E-03 0.120000E-02 0.960000E-03 0.560000E-03 0.640000E-03 0.560000E-03 0.560000E-03 0.480000E-03 0.320000E-03 0.480000E-03 0.320000E-03 0.320000E-03 0.160000E-03 0.240000E-03 0.160000E-03 0.240000E-03 0.240000E-03 0.160000E-03 0.800000E-04 0.800000E-04 0.160000E-03 0.240000E-03 0.000000E+00 0.000000E+00 0.160000E-03 0.800000E-04 0.800000E-04 0.160000E-03 0.000000E+00 0.240000E-03 0.800000E-04 0.160000E-03 0.000000E+00 0.000000E+00 0.000000E+00 0.800000E-04 0.800000E-04 0.000000E+00 0.000000E+00 0.000000E+00 0.000000E+00 0.000000E+00 0.800000E-04 0.800000E-04 0.000000E+00 0.000000E+00 0.000000E+00 0.000000E+00 0.000000E+00 0.000000E+00 0.000000E+00 0.000000E+00 0.000000E+00 0.000000E+00 0.000000E+00 0.000000E+00 0.000000E+00 0.000000E+00 0.000000E+00 0.000000E+00 0.000000E+00 0.000000E+00 0.000000E+00 0.000000E+00 0.000000E+00 0.000000E+00 0.000000E+00 0.000000E+00 0.000000E+00 0.000000E+00 0.000000E+00 0.000000E+00 0.000000E+00 0.000000E+00 0.000000E+00 0.000000E+00 0.000000E+00 0.000000E+00 0.000000E+00 0.000000E+00 0.000000E+00 0.000000E+00 0.000000E+00 0.000000E+00 0.000000E+00 0.000000E+00 0.000000E+00 0.000000E+00 0.000000E+00 0.000000E+00 0.000000E+00 0.000000E+00 0.000000E+00 0.000000E+00 0.000000E+00 0.000000E+00 0.000000E+00 0.000000E+00 0.000000E+00 0.000000E+00 0.000000E+00 0.000000E+00 0.000000E+00 0.000000E+00 0.000000E+00 0.000000E+00 0.000000E+00 0.000000E+00 0.000000E+00 0.000000E+00 0.000000E+00 0.000000E+00 0.000000E+00
 0.927936E+01 0.620824E+01 0.440952E+01 0.324256E+01 0.253400E+01 0.201400E+01 0.164472E+01 0.134912E+01 0.111560E+01 0.935040E+00 0.798400E+00 0.689680E+00 0.587520E+00 0.522400E+00 0.459440E+00 0.396320E+00 0.351920E+00 0.305600E+00 0.276560E+00 0.244000E+00 0.223840E+00 0.195600E+00 0.171200E+00 0.156720E+00 0.139040E+00 0.134560E+00 0.108400E+00 0.104960E+00 0.920800E-01 0.845600E-01 0.761600E-01 0.700000E-01 0.629600E-01 0.593600E-01 0.480800E-01 0.474400E-01 0.418400E-01 0.385600E-01 0.355200E-01 0.321600E-01 0.318400E-01 0.284000E-01 0.252000E-01 0.202400E-01 0.207200E-01 0.196800E-01 0.188000E-01 0.154400E-01 0.140800E-01 0.120800E-01 0.108000E-01 0.105600E-01 0.106400E-01 0.102400E-01 0.952000E-02 0.784000E-02 0.656000E-02 0.584000E-02 0.496000E-02 0.536000E-02 0.488000E-02 0.560000E-02 0.408000E-02 0.376000E-02 0.432000E-02 0.336000E-02 0.272000E-02 0.208000E-02 0.184000E-02 0.240000E-02 0.192000E-02 0.200000E-02 0.128000E-02 0.152000E-02 0.168000E-02 0.720000E-03 0.120000E-02 0.104000E-02 0.480000E-03 0.880000E-03 0.112000E-02 0.960000E-03 0.800000E-03 0.640000E-03 0.400000E-03 0.240000E-03 0.640000E-03 0.560000E-03 0.560000E-03 0.400000E-03 0.160000E-03 0.320000E-03 0.400000E-03 0.240000E-03 0.800000E-04 0.240000E-03 0.160000E-03 0.160000E-03 0.800000E-04 0.160000E-03 0.000000E+00 0.800000E-04 0.800000E-04 0.000000E+00 0.800000E-04 0.000000E+00 0.800000E-04 0.800000E-04 0.000000E+00 0.000000E+00 0.000000E+00 0.000000E+00 0.000000E+00 0.000000E+00 0.000000E+00 0.000000E+00 0.000000E+00 0.160000E-03 0.000000E+00 0.000000E+00 0.000000E+00 0.000000E+00 0.000000E+00 0.000000E+00 0.000000E+00 0.000000E+00 0.000000E+00 0.000000E+00 0.000000E+00 0.000000E+00 0.000000E+00 0.000000E+00 0.800000E-04 0.000000E+00 0.000000E+00 0.000000E+00 0.000000E+00 0.000000E+00 0.000000E+00 0.000000E+00 0.000000E+00 0.000000E+00 0.000000E+00 0.000000E+00 0.000000E+00 0.000000E+00 0.000000E+00 0.000000E+00 0.000000E+00 0.000000E+00 0.000000E+00 0.000000E+00 0.000000E+00 0.000000E+00 0.000000E+00 0.000000E+00 0.000000E+00 0.000000E+00 0.000000E+00 0.000000E+00 0.000000E+00 0.000000E+00 0.000000E+00 0.000000E+00 0.000000E+00 0.000000E+00 0.000000E+00 0.000000E+00 0.000000E+00 0.000000E+00 0.000000E+00 0.000000E+00 0.000000E+00 0.000000E+00 0.000000E+00 0.000000E+00 0.000000E+00 0.000000E+00 0.000000E+00 0.000000E+00 0.000000E+00 0.000000E+00 0.000000E+00 0.000000E+00 0.000000E+00 0.000000E+00 0.000000E+00 0.000000E+00 0.000000E+00 0.000000E+00 0.000000E+00 0.000000E+00 0.000000E+00 0.000000E+00 0.000000E+00 0.000000E+00 0.000000E+00 0.000000E+00 0.000000E+00 0.000000E+00
 0.922120E+01 0.624504E+01 0.445168E+01 0.333016E+01 0.259016E+01 0.209232E+01 0.172184E+01 0.142752E+01 0.122128E+01 0.102280E+01 0.894240E+00 0.780320E+00 0.669840E+00 0.572480E+00 0.518400E+00 0.450960E+00 0.411760E+00 0.356000E+00 0.326800E+00 0.302960E+00 0.254480E+00 0.235040E+00 0.211600E+00 0.191920E+00 0.176800E+00 0.162800E+00 0.148240E+00 0.133840E+00 0.119600E+00 0.115280E+00 0.100160E+00 0.936000E-01 0.820000E-01 0.769600E-01 0.728000E-01 0.679200E-01 0.610400E-01 0.544000E-01 0.508000E-01 0.458400E-01 0.425600E-01 0.398400E-01 0.364800E-01 0.308000E-01 0.300800E-01 0.293600E-01 0.257600E-01 0.220800E-01 0.258400E-01 0.221600E-01 0.200000E-01 0.157600E-01 0.155200E-01 0.156000E-01 0.134400E-01 0.128800E-01 0.107200E-01 0.103200E-01 0.107200E-01 0.856000E-02 0.920000E-02 0.920000E-02 0.824000E-02 0.760000E-02 0.624000E-02 0.568000E-02 0.632000E-02 0.496000E-02 0.384000E-02 0.440000E-02 0.392000E-02 0.352000E-02 0.360000E-02 0.280000E-02 0.320000E-02 0.376000E-02 0.200000E-02 0.224000E-02 0.208000E-02 0.168000E-02 0.160000E-02 0.152000E-02 0.128000E-02 0.128000E-02 0.160000E-02 0.120000E-02 0.560000E-03 0.112000E-02 0.104000E-02 0.960000E-03 0.112000E-02 0.800000E-03 0.560000E-03 0.320000E-03 0.800000E-03 0.320000E-03 0.400000E-03 0.240000E-03 0.320000E-03 0.320000E-03 0.800000E-04 0.160000E-03 0.160000E-03 0.800000E-04 0.800000E-04 0.800000E-04 0.320000E-03 0.160000E-03 0.000000E+00 0.800000E-04 0.160000E-03 0.800000E-04 0.800000E-04 0.160000E-03 0.800000E-04 0.160000E-03 0.800000E-04 0.160000E-03 0.000000E+00 0.000000E+00 0.000000E+00 0.000000E+00 0.000000E+00 0.000000E+00 0.800000E-04 0.800000E-04 0.000000E+00 0.000000E+00 0.000000E+00 0.000000E+00 0.000000E+00 0.000000E+00 0.000000E+00 0.000000E+00 0.000000E+00 0.000000E+00 0.000000E+00 0.000000E+00 0.000000E+00 0.000000E+00 0.000000E+00 0.000000E+00 0.000000E+00 0.000000E+00 0.000000E+00 0.000000E+00 0.000000E+00 0.000000E+00 0.000000E+00 0.000000E+00 0.000000E+00 0.000000E+00 0.000000E+00 0.000000E+00 0.000000E+00 0.000000E+00 0.000000E+00 0.000000E+00 0.000000E+00 0.000000E+00 0.000000E+00 0.000000E+00 0.000000E+00 0.000000E+00 0.000000E+00 0.000000E+00 0.000000E+00 0.000000E+00 0.000000E+00 0.000000E+00 0.000000E+00 0.000000E+00 0.000000E+00 0.000000E+00 0.000000E+00 0.000000E+00 0.000000E+00 0.000000E+00 0.000000E+00 0.000000E+00 0.000000E+00 0.000000E+00 0.000000E+00 0.000000E+00 0.000000E+00 0.000000E+00 0.000000E+00 0.000000E+00 0.000000E+00 0.000000E+00 0.000000E+00 0.000000E+00 0.000000E+00 0.000000E+00 0.000000E+00 0.000000E+00 0.000000E+00 0.000000E+00 0.000000E+00 0.000000E+00
 0.333384E+01 0.236488E+01 0.188120E+01 0.151640E+01 0.122792E+01 0.100984E+01 0.853120E+00 0.708640E+00 0.607120E+00 0.513920E+00 0.430800E+00 0.377040E+00 0.313200E+00 0.281920E+00 0.247200E+00 0.203840E+00 0.178320E+00 0.155920E+00 0.144960E+00 0.127440E+00 0.104240E+00 0.895200E-01 0.875200E-01 0.757600E-01 0.622400E-01 0.578400E-01 0.465600E-01 0.413600E-01 0.404800E-01 0.330400E-01 0.306400E-01 0.273600E-01 0.232800E-01 0.233600E-01 0.193600E-01 0.161600E-01 0.142400E-01 0.116800E-01 0.118400E-01 0.116000E-01 0.912000E-02 0.864000E-02 0.680000E-02 0.624000E-02 0.536000E-02 0.432000E-02 0.592000E-02 0.488000E-02 0.424000E-02 0.304000E-02 0.200000E-02 0.232000E-02 0.304000E-02 0.288000E-02 0.240000E-02 0.168000E-02 0.128000E-02 0.160000E-02 0.880000E-03 0.640000E-03 0.560000E-03 0.480000E-03 0.560000E-03 0.640000E-03 0.320000E-03 0.880000E-03 0.320000E-03 0.480000E-03 0.320000E-03 0.240000E-03 0.800000E-04 0.800000E-04 0.800000E-04 0.160000E-03 0.800000E-04 0.160000E-03 0.800000E-04 0.000000E+00 0.160000E-03 0.000000E+00 0.240000E-03 0.800000E-04 0.000000E+00 0.000000E+00 0.800000E-04 0.800000E-04 0.000000E+00 0.800000E-04 0.000000E+00 0.000000E+00 0.000000E+00 0.000000E+00 0.000000E+00 0.800000E-04 0.000000E+00 0.000000E+00 0.000000E+00 0.000000E+00 0.000000E+00 0.000000E+00 0.000000E+00 0.000000E+00 0.000000E+00 0.000000E+00 0.000000E+00 0.000000E+00 0.000000E+00 0.000000E+00 0.000000E+00 0.000000E+00 0.000000E+00 0.000000E+00 0.000000E+00 0.000000E+00 0.000000E+00 0.000000E+00 0.000000E+00 0.000000E+00 0.000000E+00 0.000000E+00 0.000000E+00 0.000000E+00 0.000000E+00 0.000000E+00 0.000000E+00 0.000000E+00 0.000000E+00 0.000000E+00 0.000000E+00 0.000000E+00 0.000000E+00 0.000000E+00 0.000000E+00 0.000000E+00 0.000000E+00 0.000000E+00 0.000000E+00 0.000000E+00 0.000000E+00 0.000000E+00 0.000000E+00 0.000000E+00 0.000000E+00 0.000000E+00 0.000000E+00 0.000000E+00 0.000000E+00 0.000000E+00 0.000000E+00 0.000000E+00 0.000000E+00 0.000000E+00 0.000000E+00 0.000000E+00 0.000000E+00 0.000000E+00 0.000000E+00 0.000000E+00 0.000000E+00 0.000000E+00 0.000000E+00 0.000000E+00 0.000000E+00 0.000000E+00 0.000000E+00 0.000000E+00 0.000000E+00 0.000000E+00 0.000000E+00 0.000000E+00 0.000000E+00 0.000000E+00 0.000000E+00 0.000000E+00 0.000000E+00 0.000000E+00 0.000000E+00 0.000000E+00 0.000000E+00 0.000000E+00 0.000000E+00 0.000000E+00 0.000000E+00 0.000000E+00 0.000000E+00 0.000000E+00 0.000000E+00 0.000000E+00 0.000000E+00 0.000000E+00 0.000000E+00 0.000000E+00 0.000000E+00 0.000000E+00 0.000000E+00 0.000000E+00 0.000000E+00 0.000000E+00 0.000000E+00 0.000000E+00
 0.299376E+01 0.226704E+01 0.181248E+01 0.149304E+01 0.122664E+01 0.102016E+01 0.869120E+00 0.723920E+00 0.625040E+00 0.526000E+00 0.456560E+00 0.395920E+00 0.339680E+00 0.303040E+00 0.259040E+00 0.224400E+00 0.208880E+00 0.176400E+00 0.159840E+00 0.143440E+00 0.119360E+00 0.110640E+00 0.964800E-01 0.876800E-01 0.770400E-01 0.748800E-01 0.597600E-01 0.558400E-01 0.515200E-01 0.448000E-01 0.394400E-01 0.360800E-01 0.291200E-01 0.301600E-01 0.252800E-01 0.233600E-01 0.216000E-01 0.184800E-01 0.180800E-01 0.142400E-01 0.143200E-01 0.137600E-01 0.912000E-02 0.880000E-02 0.904000E-02 0.712000E-02 0.768000E-02 0.584000E-02 0.600000E-02 0.656000E-02 0.320000E-02 0.384000E-02 0.360000E-02 0.352000E-02 0.280000E-02 0.288000E-02 0.240000E-02 0.160000E-02 0.152000E-02 0.168000E-02 0.184000E-02 0.160000E-02 0.160000E-02 0.960000E-03 0.880000E-03 0.112000E-02 0.120000E-02 0.720000E-03 0.240000E-03 0.720000E-03 0.240000E-03 0.480000E-03 0.480000E-03 0.160000E-03 0.240000E-03 0.240000E-03 0.240000E-03 0.400000E-03 0.800000E-04 0.800000E-04 0.000000E+00 0.240000E-03 0.800000E-04 0.160000E-03 0.800000E-04 0.000000E+00 0.000000E+00 0.800000E-04 0.160000E-03 0.160000E-03 0.000000E+00 0.000000E+00 0.800000E-04 0.800000E-04 0.000000E+00 0.000000E+00 0.000000E+00 0.000000E+00 0.000000E+00 0.000000E+00 0.000000E+00 0.000000E+00 0.000000E+00 0.000000E+00 0.000000E+00 0.000000E+00 0.000000E+00 0.000000E+00 0.000000E+00 0.000000E+00 0.000000E+00 0.000000E+00 0.000000E+00 0.000000E+00 0.000000E+00 0.000000E+00 0.000000E+00 0.000000E+00 0.000000E+00 0.000000E+00 0.000000E+00 0.000000E+00 0.000000E+00 0.000000E+00 0.000000E+00 0.000000E+00 0.000000E+00 0.000000E+00 0.000000E+00 0.000000E+00 0.000000E+00 0.000000E+00 0.000000E+00 0.000000E+00 0.000000E+00 0.000000E+00 0.000000E+00 0.000000E+00 0.000000E+00 0.000000E+00 0.000000E+00 0.000000E+00 0.000000E+00 0.000000E+00 0.000000E+00 0.000000E+00 0.000000E+00 0.000000E+00 0.000000E+00 0.000000E+00 0.000000E+00 0.000000E+00 0.000000E+00 0.000000E+00 0.000000E+00 0.000000E+00 0.000000E+00 0.000000E+00 0.000000E+00 0.000000E+00 0.000000E+00 0.000000E+00 0.000000E+00 0.000000E+00 0.000000E+00 0.000000E+00 0.000000E+00 0.000000E+00 0.000000E+00 0.000000E+00 0.000000E+00 0.000000E+00 0.000000E+00 0.000000E+00 0.000000E+00 0.000000E+00 0.000000E+00 0.000000E+00 0.000000E+00 0.000000E+00 0.000000E+00 0.000000E+00 0.000000E+00 0.000000E+00 0.000000E+00 0.000000E+00 0.000000E+00 0.000000E+00 0.000000E+00 0.000000E+00 0.000000E+00 0.000000E+00 0.000000E+00 0.000000E+00 0.000000E+00 0.000000E+00 0.000000E+00 0.000000E+00 0.000000E+00 0.000000E+00
 0.521600E-01 0.316800E-01 0.187200E-01 0.165600E-01 0.108000E-01 0.624000E-02 0.568000E-02 0.608000E-02 0.440000E-02 0.312000E-02 0.208000E-02 0.184000E-02 0.216000E-02 0.120000E-02 0.720000E-03 0.800000E-03 0.136000E-02 0.104000E-02 0.480000E-03 0.240000E-03 0.480000E-03 0.560000E-03 0.800000E-04 0.240000E-03 0.800000E-04 0.800000E-04 0.160000E-03 0.800000E-04 0.800000E-04 0.000000E+00 0.000000E+00 0.800000E-04 0.800000E-04 0.000000E+00 0.800000E-04 0.000000E+00 0.800000E-04 0.000000E+00 0.000000E+00 0.000000E+00 0.000000E+00 0.000000E+00 0.000000E+00 0.800000E-04 0.000000E+00 0.000000E+00 0.000000E+00 0.000000E+00 0.000000E+00 0.000000E+00 0.000000E+00 0.000000E+00 0.000000E+00 0.000000E+00 0.000000E+00 0.000000E+00 0.000000E+00 0.000000E+00 0.000000E+00 0.000000E+00 0.000000E+00 0.000000E+00 0.000000E+00 0.000000E+00 0.000000E+00 0.000000E+00 0.000000E+00 0.000000E+00 0.000000E+00 0.000000E+00 0.000000E+00 0.000000E+00 0.000000E+00 0.000000E+00 0.000000E+00 0.000000E+00 0.000000E+00 0.000000E+00 0.000000E+00 0.000000E+00 0.000000E+00 0.000000E+00 0.000000E+00 0.000000E+00 0.000000E+00 0.000000E+00 0.000000E+00 0.000000E+00 0.000000E+00 0.000000E+00 0.000000E+00 0.000000E+00 0.000000E+00 0.000000E+00 0.000000E+00 0.000000E+00 0.000000E+00 0.000000E+00 0.000000E+00 0.000000E+00 0.000000E+00 0.000000E+00 0.000000E+00 0.000000E+00 0.000000E+00 0.000000E+00 0.000000E+00 0.000000E+00 0.000000E+00 0.000000E+00 0.000000E+00 0.000000E+00 0.000000E+00 0.000000E+00 0.000000E+00 0.000000E+00 0.000000E+00 0.000000E+00 0.000000E+00 0.000000E+00 0.000000E+00 0.000000E+00 0.000000E+00 0.000000E+00 0.000000E+00 0.000000E+00 0.000000E+00 0.000000E+00 0.000000E+00 0.000000E+00 0.000000E+00 0.000000E+00 0.000000E+00 0.000000E+00 0.000000E+00 0.000000E+00 0.000000E+00 0.000000E+00 0.000000E+00 0.000000E+00 0.000000E+00 0.000000E+00 0.000000E+00 0.000000E+00 0.000000E+00 0.000000E+00 0.000000E+00 0.000000E+00 0.000000E+00 0.000000E+00 0.000000E+00 0.000000E+00 0.000000E+00 0.000000E+00 0.000000E+00 0.000000E+00 0.000000E+00 0.000000E+00 0.000000E+00 0.000000E+00 0.000000E+00 0.000000E+00 0.000000E+00 0.000000E+00 0.000000E+00 0.000000E+00 0.000000E+00 0.000000E+00 0.000000E+00 0.000000E+00 0.000000E+00 0.000000E+00 0.000000E+00 0.000000E+00 0.000000E+00 0.000000E+00 0.000000E+00 0.000000E+00 0.000000E+00 0.000000E+00 0.000000E+00 0.000000E+00 0.000000E+00 0.000000E+00 0.000000E+00 0.000000E+00 0.000000E+00 0.000000E+00 0.000000E+00 0.000000E+00 0.000000E+00 0.000000E+00 0.000000E+00 0.000000E+00 0.000000E+00 0.000000E+00 0.000000E+00 0.000000E+00 0.000000E+00 0.000000E+00
 0.984000E-01 0.465600E-01 0.284800E-01 0.178400E-01 0.132800E-01 0.808000E-02 0.720000E-02 0.440000E-02 0.464000E-02 0.320000E-02 0.280000E-02 0.224000E-02 0.144000E-02 0.144000E-02 0.720000E-03 0.136000E-02 0.800000E-03 0.640000E-03 0.560000E-03 0.640000E-03 0.320000E-03 0.160000E-03 0.240000E-03 0.240000E-03 0.800000E-04 0.800000E-04 0.000000E+00 0.240000E-03 0.800000E-04 0.160000E-03 0.000000E+00 0.800000E-04 0.800000E-04 0.000000E+00 0.000000E+00 0.000000E+00 0.800000E-04 0.000000E+00 0.800000E-04 0.000000E+00 0.800000E-04 0.000000E+00 0.000000E+00 0.000000E+00 0.000000E+00 0.000000E+00 0.000000E+00 0.000000E+00 0.000000E+00 0.000000E+00 0.000000E+00 0.000000E+00 0.000000E+00 0.000000E+00 0.000000E+00 0.000000E+00 0.000000E+00 0.000000E+00 0.000000E+00 0.000000E+00 0.000000E+00 0.000000E+00 0.000000E+00 0.000000E+00 0.000000E+00 0.000000E+00 0.000000E+00 0.000000E+00 0.000000E+00 0.000000E+00 0.000000E+00 0.000000E+00 0.000000E+00 0.000000E+00 0.000000E+00 0.000000E+00 0.000000E+00 0.000000E+00 0.000000E+00 0.000000E+00 0.000000E+00 0.000000E+00 0.000000E+00 0.000000E+00 0.000000E+00 0.000000E+00 0.000000E+00 0.000000E+00 0.000000E+00 0.000000E+00 0.000000E+00 0.000000E+00 0.000000E+00 0.000000E+00 0.000000E+00 0.000000E+00 0.000000E+00 0.000000E+00 0.000000E+00 0.000000E+00 0.000000E+00 0.000000E+00 0.000000E+00 0.000000E+00 0.000000E+00 0.000000E+00 0.000000E+00 0.000000E+00 0.000000E+00 0.000000E+00 0.000000E+00 0.000000E+00 0.000000E+00 0.000000E+00 0.000000E+00 0.000000E+00 0.000000E+00 0.000000E+00 0.000000E+00 0.000000E+00 0.000000E+00 0.000000E+00 0.000000E+00 0.000000E+00 0.000000E+00 0.000000E+00 0.000000E+00 0.000000E+00 0.000000E+00 0.000000E+00 0.000000E+00 0.000000E+00 0.000000E+00 0.000000E+00 0.000000E+00 0.000000E+00 0.000000E+00 0.000000E+00 0.000000E+00 0.000000E+00 0.000000E+00 0.000000E+00 0.000000E+00 0.000000E+00 0.000000E+00 0.000000E+00 0.000000E+00 0.000000E+00 0.000000E+00 0.000000E+00 0.000000E+00 0.000000E+00 0.000000E+00 0.000000E+00 0.000000E+00 0.000000E+00 0.000000E+00 0.000000E+00 0.000000E+00 0.000000E+00 0.000000E+00 0.000000E+00 0.000000E+00 0.000000E+00 0.000000E+00 0.000000E+00 0.000000E+00 0.000000E+00 0.000000E+00 0.000000E+00 0.000000E+00 0.000000E+00 0.000000E+00 0.000000E+00 0.000000E+00 0.000000E+00 0.000000E+00 0.000000E+00 0.000000E+00 0.000000E+00 0.000000E+00 0.000000E+00 0.000000E+00 0.000000E+00 0.000000E+00 0.000000E+00 0.000000E+00 0.000000E+00 0.000000E+00 0.000000E+00 0.000000E+00 0.000000E+00 0.000000E+00 0.000000E+00 0.000000E+00 0.000000E+00 0.000000E+00 0.000000E+00 0.000000E+00 0.000000E+00
 0.539200E-01 0.290400E-01 0.218400E-01 0.142400E-01 0.824000E-02 0.760000E-02 0.664000E-02 0.520000E-02 0.416000E-02 0.280000E-02 0.224000E-02 0.168000E-02 0.184000E-02 0.104000E-02 0.880000E-03 0.128000E-02 0.104000E-02 0.640000E-03 0.880000E-03 0.320000E-03 0.240000E-03 0.240000E-03 0.240000E-03 0.800000E-04 0.320000E-03 0.480000E-03 0.000000E+00 0.320000E-03 0.000000E+00 0.160000E-03 0.000000E+00 0.000000E+00 0.160000E-03 0.000000E+00 0.160000E-03 0.000000E+00 0.000000E+00 0.800000E-04 0.000000E+00 0.000000E+00 0.000000E+00 0.000000E+00 0.000000E+00 0.000000E+00 0.000000E+00 0.000000E+00 0.000000E+00 0.000000E+00 0.000000E+00 0.000000E+00 0.000000E+00 0.000000E+00 0.000000E+00 0.000000E+00 0.000000E+00 0.000000E+00 0.000000E+00 0.000000E+00 0.000000E+00 0.000000E+00 0.000000E+00 0.000000E+00 0.000000E+00 0.000000E+00 0.000000E+00 0.000000E+00 0.000000E+00 0.000000E+00 0.000000E+00 0.000000E+00 0.000000E+00 0.000000E+00 0.000000E+00 0.000000E+00 0.000000E+00 0.000000E+00 0.000000E+00 0.000000E+00 0.000000E+00 0.000000E+00 0.000000E+00 0.000000E+00 0.000000E+00 0.000000E+00 0.000000E+00 0.000000E+00 0.000000E+00 0.000000E+00 0.000000E+00 0.000000E+00 0.000000E+00 0.000000E+00 0.000000E+00 0.000000E+00 0.000000E+00 0.000000E+00 0.000000E+00 0.000000E+00 0.000000E+00 0.000000E+00 0.000000E+00 0.000000E+00 0.000000E+00 0.000000E+00 0.000000E+00 0.000000E+00 0.000000E+00 0.000000E+00 0.000000E+00 0.000000E+00 0.000000E+00 0.000000E+00 0.000000E+00 0.000000E+00 0.000000E+00 0.000000E+00 0.000000E+00 0.000000E+00 0.000000E+00 0.000000E+00 0.000000E+00 0.000000E+00 0.000000E+00 0.000000E+00 0.000000E+00 0.000000E+00 0.000000E+00 0.000000E+00 0.000000E+00 0.000000E+00 0.000000E+00 0.000000E+00 0.000000E+00 0.000000E+00 0.000000E+00 0.000000E+00 0.000000E+00 0.000000E+00 0.000000E+00 0.000000E+00 0.000000E+00 0.000000E+00 0.000000E+00 0.000000E+00 0.000000E+00 0.000000E+00 0.000000E+00 0.000000E+00 0.000000E+00 0.000000E+00 0.000000E+00 0.000000E+00 0.000000E+00 0.000000E+00 0.000000E+00 0.000000E+00 0.000000E+00 0.000000E+00 0.000000E+00 0.000000E+00 0.000000E+00 0.000000E+00 0.000000E+00 0.000000E+00 0.000000E+00 0.000000E+00 0.000000E+00 0.000000E+00 0.000000E+00 0.000000E+00 0.000000E+00 0.000000E+00 0.000000E+00 0.000000E+00 0.000000E+00 0.000000E+00 0.000000E+00 0.000000E+00 0.000000E+00 0.000000E+00 0.000000E+00 0.000000E+00 0.000000E+00 0.000000E+00 0.000000E+00 0.000000E+00 0.000000E+00 0.000000E+00 0.000000E+00 0.000000E+00 0.000000E+00 0.000000E+00 0.000000E+00 0.000000E+00 0.000000E+00 0.000000E+00 0.000000E+00 0.000000E+00 0.000000E+00 0.000000E+00
 0.948000E-01 0.444800E-01 0.252800E-01 0.172800E-01 0.134400E-01 0.984000E-02 0.656000E-02 0.448000E-02 0.408000E-02 0.280000E-02 0.272000E-02 0.192000E-02 0.216000E-02 0.160000E-02 0.104000E-02 0.960000E-03 0.800000E-03 0.320000E-03 0.560000E-03 0.240000E-03 0.640000E-03 0.320000E-03 0.400000E-03 0.160000E-03 0.240000E-03 0.800000E-04 0.160000E-03 0.000000E+00 0.000000E+00 0.000000E+00 0.160000E-03 0.000000E+00 0.800000E-04 0.000000E+00 0.800000E-04 0.160000E-03 0.800000E-04 0.800000E-04 0.000000E+00 0.000000E+00 0.000000E+00 0.000000E+00 0.000000E+00 0.000000E+00 0.000000E+00 0.000000E+00 0.000000E+00 0.000000E+00 0.000000E+00 0.000000E+00 0.000000E+00 0.000000E+00 0.000000E+00 0.000000E+00 0.000000E+00 0.000000E+00 0.000000E+00 0.000000E+00 0.000000E+00 0.000000E+00 0.000000E+00 0.000000E+00 0.000000E+00 0.000000E+00 0.000000E+00 0.000000E+00 0.000000E+00 0.000000E+00 0.000000E+00 0.000000E+00 0.000000E+00 0.000000E+00 0.000000E+00 0.000000E+00 0.000000E+00 0.000000E+00 0.000000E+00 0.000000E+00 0.000000E+00 0.000000E+00 0.000000E+00 0.000000E+00 0.000000E+00 0.000000E+00 0.000000E+00 0.000000E+00 0.000000E+00 0.000000E+00 0.000000E+00 0.000000E+00 0.000000E+00 0.000000E+00 0.000000E+00 0.000000E+00 0.000000E+00 0.000000E+00 0.000000E+00 0.000000E+00 0.000000E+00 0.000000E+00 0.000000E+00 0.000000E+00 0.000000E+00 0.000000E+00 0.000000E+00 0.000000E+00 0.000000E+00 0.000000E+00 0.000000E+00 0.000000E+00 0.000000E+00 0.000000E+00 0.000000E+00 0.000000E+00 0.000000E+00 0.000000E+00 0.000000E+00 0.000000E+00 0.000000E+00 0.000000E+00 0.000000E+00 0.000000E+00 0.000000E+00 0.000000E+00 0.000000E+00 0.000000E+00 0.000000E+00 0.000000E+00 0.000000E+00 0.000000E+00 0.000000E+00 0.000000E+00 0.000000E+00 0.000000E+00 0.000000E+00 0.000000E+00 0.000000E+00 0.000000E+00 0.000000E+00 0.000000E+00 0.000000E+00 0.000000E+00 0.000000E+00 0.000000E+00 0.000000E+00 0.000000E+00 0.000000E+00 0.000000E+00 0.000000E+00 0.000000E+00 0.000000E+00 0.000000E+00 0.000000E+00 0.000000E+00 0.000000E+00 0.000000E+00 0.000000E+00 0.000000E+00 0.000000E+00 0.000000E+00 0.000000E+00 0.000000E+00 0.000000E+00 0.000000E+00 0.000000E+00 0.000000E+00 0.000000E+00 0.000000E+00 0.000000E+00 0.000000E+00 0.000000E+00 0.000000E+00 0.000000E+00 0.000000E+00 0.000000E+00 0.000000E+00 0.000000E+00 0.000000E+00 0.000000E+00 0.000000E+00 0.000000E+00 0.000000E+00 0.000000E+00 0.000000E+00 0.000000E+00 0.000000E+00 0.000000E+00 0.000000E+00 0.000000E+00 0.000000E+00 0.000000E+00 0.000000E+00 0.000000E+00 0.000000E+00 0.000000E+00 0.000000E+00 0.000000E+00 0.000000E+00 0.000000E+00 0.000000E+00
 0.610000E+00 0.216640E+00 0.137600E+00 0.971200E-01 0.661600E-01 0.520000E-01 0.372000E-01 0.271200E-01 0.235200E-01 0.202400E-01 0.148800E-01 0.128000E-01 0.904000E-02 0.752000E-02 0.536000E-02 0.512000E-02 0.408000E-02 0.352000E-02 0.288000E-02 0.288000E-02 0.200000E-02 0.192000E-02 0.176000E-02 0.144000E-02 0.720000E-03 0.560000E-03 0.800000E-03 0.480000E-03 0.104000E-02 0.320000E-03 0.320000E-03 0.400000E-03 0.240000E-03 0.560000E-03 0.800000E-04 0.400000E-03 0.160000E-03 0.000000E+00 0.000000E+00 0.800000E-04 0.000000E+00 0.800000E-04 0.000000E+00 0.160000E-03 0.800000E-04 0.000000E+00 0.160000E-03 0.000000E+00 0.000000E+00 0.800000E-04 0.800000E-04 0.000000E+00 0.000000E+00 0.000000E+00 0.800000E-04 0.000000E+00 0.000000E+00 0.000000E+00 0.000000E+00 0.000000E+00 0.000000E+00 0.000000E+00 0.000000E+00 0.800000E-04 0.000000E+00 0.000000E+00 0.000000E+00 0.000000E+00 0.000000E+00 0.000000E+00 0.000000E+00 0.000000E+00 0.000000E+00 0.000000E+00 0.000000E+00 0.000000E+00 0.000000E+00 0.000000E+00 0.000000E+00 0.000000E+00 0.000000E+00 0.000000E+00 0.000000E+00 0.000000E+00 0.000000E+00 0.000000E+00 0.000000E+00 0.000000E+00 0.000000E+00 0.000000E+00 0.000000E+00 0.000000E+00 0.000000E+00 0.000000E+00 0.000000E+00 0.000000E+00 0.000000E+00 0.000000E+00 0.000000E+00 0.000000E+00 0.000000E+00 0.000000E+00 0.000000E+00 0.000000E+00 0.000000E+00 0.000000E+00 0.000000E+00 0.000000E+00 0.000000E+00 0.000000E+00 0.000000E+00 0.000000E+00 0.000000E+00 0.000000E+00 0.000000E+00 0.000000E+00 0.000000E+00 0.000000E+00 0.000000E+00 0.000000E+00 0.000000E+00 0.000000E+00 0.000000E+00 0.000000E+00 0.000000E+00 0.000000E+00 0.000000E+00 0.000000E+00 0.000000E+00 0.000000E+00 0.000000E+00 0.000000E+00 0.000000E+00 0.000000E+00 0.000000E+00 0.000000E+00 0.000000E+00 0.000000E+00 0.000000E+00 0.000000E+00 0.000000E+00 0.000000E+00 0.000000E+00 0.000000E+00 0.000000E+00 0.000000E+00 0.000000E+00 0.000000E+00 0.000000E+00 0.000000E+00 0.000000E+00 0.000000E+00 0.000000E+00 0.000000E+00 0.000000E+00 0.000000E+00 0.000000E+00 0.000000E+00 0.000000E+00 0.000000E+00 0.000000E+00 0.000000E+00 0.000000E+00 0.000000E+00 0.000000E+00 0.000000E+00 0.000000E+00 0.000000E+00 0.000000E+00 0.000000E+00 0.000000E+00 0.000000E+00 0.000000E+00 0.000000E+00 0.000000E+00 0.000000E+00 0.000000E+00 0.000000E+00 0.000000E+00 0.000000E+00 0.000000E+00 0.000000E+00 0.000000E+00 0.000000E+00 0.000000E+00 0.000000E+00 0.000000E+00 0.000000E+00 0.000000E+00 0.000000E+00 0.000000E+00 0.000000E+00 0.000000E+00 0.000000E+00 0.000000E+00 0.000000E+00 0.000000E+00 0.000000E+00 0.000000E+00 0.000000E+00
 0.297040E+00 0.152560E+00 0.104960E+00 0.788000E-01 0.620800E-01 0.451200E-01 0.358400E-01 0.296000E-01 0.244800E-01 0.207200E-01 0.168800E-01 0.124000E-01 0.110400E-01 0.944000E-02 0.752000E-02 0.688000E-02 0.488000E-02 0.368000E-02 0.456000E-02 0.376000E-02 0.232000E-02 0.152000E-02 0.272000E-02 0.128000E-02 0.240000E-02 0.120000E-02 0.112000E-02 0.104000E-02 0.880000E-03 0.240000E-03 0.640000E-03 0.240000E-03 0.480000E-03 0.560000E-03 0.320000E-03 0.240000E-03 0.240000E-03 0.160000E-03 0.320000E-03 0.160000E-03 0.000000E+00 0.800000E-04 0.000000E+00 0.000000E+00 0.800000E-04 0.800000E-04 0.800000E-04 0.800000E-04 0.000000E+00 0.000000E+00 0.800000E-04 0.000000E+00 0.000000E+00 0.000000E+00 0.000000E+00 0.000000E+00 0.800000E-04 0.000000E+00 0.000000E+00 0.000000E+00 0.000000E+00 0.000000E+00 0.000000E+00 0.000000E+00 0.000000E+00 0.000000E+00 0.000000E+00 0.000000E+00 0.000000E+00 0.000000E+00 0.000000E+00 0.000000E+00 0.000000E+00 0.000000E+00 0.000000E+00 0.000000E+00 0.000000E+00 0.000000E+00 0.000000E+00 0.000000E+00 0.000000E+00 0.000000E+00 0.000000E+00 0.000000E+00 0.000000E+00 0.000000E+00 0.000000E+00 0.000000E+00 0.000000E+00 0.000000E+00 0.000000E+00 0.000000E+00 0.000000E+00 0.000000E+00 0.000000E+00 0.000000E+00 0.000000E+00 0.000000E+00 0.000000E+00 0.000000E+00 0.000000E+00 0.000000E+00 0.000000E+00 0.000000E+00 0.000000E+00 0.000000E+00 0.000000E+00 0.000000E+00 0.000000E+00 0.000000E+00 0.000000E+00 0.000000E+00 0.000000E+00 0.000000E+00 0.000000E+00 0.000000E+00 0.000000E+00 0.000000E+00 0.000000E+00 0.000000E+00 0.000000E+00 0.000000E+00 0.000000E+00 0.000000E+00 0.000000E+00 0.000000E+00 0.000000E+00 0.000000E+00 0.000000E+00 0.000000E+00 0.000000E+00 0.000000E+00 0.000000E+00 0.000000E+00 0.000000E+00 0.000000E+00 0.000000E+00 0.000000E+00 0.000000E+00 0.000000E+00 0.000000E+00 0.000000E+00 0.000000E+00 0.000000E+00 0.000000E+00 0.000000E+00 0.000000E+00 0.000000E+00 0.000000E+00 0.000000E+00 0.000000E+00 0.000000E+00 0.000000E+00 0.000000E+00 0.000000E+00 0.000000E+00 0.000000E+00 0.000000E+00 0.000000E+00 0.000000E+00 0.000000E+00 0.000000E+00 0.000000E+00 0.000000E+00 0.000000E+00 0.000000E+00 0.000000E+00 0.000000E+00 0.000000E+00 0.000000E+00 0.000000E+00 0.000000E+00 0.000000E+00 0.000000E+00 0.000000E+00 0.000000E+00 0.000000E+00 0.000000E+00 0.000000E+00 0.000000E+00 0.000000E+00 0.000000E+00 0.000000E+00 0.000000E+00 0.000000E+00 0.000000E+00 0.000000E+00 0.000000E+00 0.000000E+00 0.000000E+00 0.000000E+00 0.000000E+00 0.000000E+00 0.000000E+00 0.000000E+00 0.000000E+00 0.000000E+00 0.000000E+00 0.000000E+00 0.000000E+00
 0.521600E-01 0.316800E-01 0.187200E-01 0.165600E-01 0.108000E-01 0.624000E-02 0.568000E-02 0.608000E-02 0.440000E-02 0.312000E-02 0.208000E-02 0.184000E-02 0.216000E-02 0.120000E-02 0.720000E-03 0.800000E-03 0.136000E-02 0.104000E-02 0.480000E-03 0.240000E-03 0.480000E-03 0.560000E-03 0.800000E-04 0.240000E-03 0.800000E-04 0.800000E-04 0.160000E-03 0.800000E-04 0.800000E-04 0.000000E+00 0.000000E+00 0.800000E-04 0.800000E-04 0.000000E+00 0.800000E-04 0.000000E+00 0.800000E-04 0.000000E+00 0.000000E+00 0.000000E+00 0.000000E+00 0.000000E+00 0.000000E+00 0.800000E-04 0.000000E+00 0.000000E+00 0.000000E+00 0.000000E+00 0.000000E+00 0.000000E+00 0.000000E+00 0.000000E+00 0.000000E+00 0.000000E+00 0.000000E+00 0.000000E+00 0.000000E+00 0.000000E+00 0.000000E+00 0.000000E+00 0.000000E+00 0.000000E+00 0.000000E+00 0.000000E+00 0.000000E+00 0.000000E+00 0.000000E+00 0.000000E+00 0.000000E+00 0.000000E+00 0.000000E+00 0.000000E+00 0.000000E+00 0.000000E+00 0.000000E+00 0.000000E+00 0.000000E+00 0.000000E+00 0.000000E+00 0.000000E+00 0.000000E+00 0.000000E+00 0.000000E+00 0.000000E+00 0.000000E+00 0.000000E+00 0.000000E+00 0.000000E+00 0.000000E+00 0.000000E+00 0.000000E+00 0.000000E+00 0.000000E+00 0.000000E+00 0.000000E+00 0.000000E+00 0.000000E+00 0.000000E+00 0.000000E+00 0.000000E+00 0.000000E+00 0.000000E+00 0.000000E+00 0.000000E+00 0.000000E+00 0.000000E+00 0.000000E+00 0.000000E+00 0.000000E+00 0.000000E+00 0.000000E+00 0.000000E+00 0.000000E+00 0.000000E+00 0.000000E+00 0.000000E+00 0.000000E+00 0.000000E+00 0.000000E+00 0.000000E+00 0.000000E+00 0.000000E+00 0.000000E+00 0.000000E+00 0.000000E+00 0.000000E+00 0.000000E+00 0.000000E+00 0.000000E+00 0.000000E+00 0.000000E+00 0.000000E+00 0.000000E+00 0.000000E+00 0.000000E+00 0.000000E+00 0.000000E+00 0.000000E+00 0.000000E+00 0.000000E+00 0.000000E+00 0.000000E+00 0.000000E+00 0.000000E+00 0.000000E+00 0.000000E+00 0.000000E+00 0.000000E+00 0.000000E+00 0.000000E+00 0.000000E+00 0.000000E+00 0.000000E+00 0.000000E+00 0.000000E+00 0.000000E+00 0.000000E+00 0.000000E+00 0.000000E+00 0.000000E+00 0.000000E+00 0.000000E+00 0.000000E+00 0.000000E+00 0.000000E+00 0.000000E+00 0.000000E+00 0.000000E+00 0.000000E+00 0.000000E+00 0.000000E+00 0.000000E+00 0.000000E+00 0.000000E+00 0.000000E+00 0.000000E+00 0.000000E+00 0.000000E+00 0.000000E+00 0.000000E+00 0.000000E+00 0.000000E+00 0.000000E+00 0.000000E+00 0.000000E+00 0.000000E+00 0.000000E+00 0.000000E+00 0.000000E+00 0.000000E+00 0.000000E+00 0.000000E+00 0.000000E+00 0.000000E+00 0.000000E+00 0.000000E+00 0.000000E+00 0.000000E+00 0.000000E+00 0.000000E+00
 0.984000E-01 0.465600E-01 0.284800E-01 0.178400E-01 0.132800E-01 0.808000E-02 0.720000E-02 0.440000E-02 0.464000E-02 0.320000E-02 0.280000E-02 0.224000E-02 0.144000E-02 0.144000E-02 0.720000E-03 0.136000E-02 0.800000E-03 0.640000E-03 0.560000E-03 0.640000E-03 0.320000E-03 0.160000E-03 0.240000E-03 0.240000E-03 0.800000E-04 0.800000E-04 0.000000E+00 0.240000E-03 0.800000E-04 0.160000E-03 0.000000E+00 0.800000E-04 0.800000E-04 0.000000E+00 0.000000E+00 0.000000E+00 0.800000E-04 0.000000E+00 0.800000E-04 0.000000E+00 0.800000E-04 0.000000E+00 0.000000E+00 0.000000E+00 0.000000E+00 0.000000E+00 0.000000E+00 0.000000E+00 0.000000E+00 0.000000E+00 0.000000E+00 0.000000E+00 0.000000E+00 0.000000E+00 0.000000E+00 0.000000E+00 0.000000E+00 0.000000E+00 0.000000E+00 0.000000E+00 0.000000E+00 0.000000E+00 0.000000E+00 0.000000E+00 0.000000E+00 0.000000E+00 0.000000E+00 0.000000E+00 0.000000E+00 0.000000E+00 0.000000E+00 0.000000E+00 0.000000E+00 0.000000E+00 0.000000E+00 0.000000E+00 0.000000E+00 0.000000E+00 0.000000E+00 0.000000E+00 0.000000E+00 0.000000E+00 0.000000E+00 0.000000E+00 0.000000E+00 0.000000E+00 0.000000E+00 0.000000E+00 0.000000E+00 0.000000E+00 0.000000E+00 0.000000E+00 0.000000E+00 0.000000E+00 0.000000E+00 0.000000E+00 0.000000E+00 0.000000E+00 0.000000E+00 0.000000E+00 0.000000E+00 0.000000E+00 0.000000E+00 0.000000E+00 0.000000E+00 0.000000E+00 0.000000E+00 0.000000E+00 0.000000E+00 0.000000E+00 0.000000E+00 0.000000E+00 0.000000E+00 0.000000E+00 0.000000E+00 0.000000E+00 0.000000E+00 0.000000E+00 0.000000E+00 0.000000E+00 0.000000E+00 0.000000E+00 0.000000E+00 0.000000E+00 0.000000E+00 0.000000E+00 0.000000E+00 0.000000E+00 0.000000E+00 0.000000E+00 0.000000E+00 0.000000E+00 0.000000E+00 0.000000E+00 0.000000E+00 0.000000E+00 0.000000E+00 0.000000E+00 0.000000E+00 0.000000E+00 0.000000E+00 0.000000E+00 0.000000E+00 0.000000E+00 0.000000E+00 0.000000E+00 0.000000E+00 0.000000E+00 0.000000E+00 0.000000E+00 0.000000E+00 0.000000E+00 0.000000E+00 0.000000E+00 0.000000E+00 0.000000E+00 0.000000E+00 0.000000E+00 0.000000E+00 0.000000E+00 0.000000E+00 0.000000E+00 0.000000E+00 0.000000E+00 0.000000E+00 0.000000E+00 0.000000E+00 0.000000E+00 0.000000E+00 0.000000E+00 0.000000E+00 0.000000E+00 0.000000E+00 0.000000E+00 0.000000E+00 0.000000E+00 0.000000E+00 0.000000E+00 0.000000E+00 0.000000E+00 0.000000E+00 0.000000E+00 0.000000E+00 0.000000E+00 0.000000E+00 0.000000E+00 0.000000E+00 0.000000E+00 0.000000E+00 0.000000E+00 0.000000E+00 0.000000E+00 0.000000E+00 0.000000E+00 0.000000E+00 0.000000E+00 0.000000E+00 0.000000E+00 0.000000E+00 0.000000E+00
 0.539200E-01 0.290400E-01 0.218400E-01 0.142400E-01 0.824000E-02 0.760000E-02 0.664000E-02 0.520000E-02 0.416000E-02 0.280000E-02 0.224000E-02 0.168000E-02 0.184000E-02 0.104000E-02 0.880000E-03 0.128000E-02 0.104000E-02 0.640000E-03 0.880000E-03 0.320000E-03 0.240000E-03 0.240000E-03 0.240000E-03 0.800000E-04 0.320000E-03 0.480000E-03 0.000000E+00 0.320000E-03 0.000000E+00 0.160000E-03 0.000000E+00 0.000000E+00 0.160000E-03 0.000000E+00 0.160000E-03 0.000000E+00 0.000000E+00 0.800000E-04 0.000000E+00 0.000000E+00 0.000000E+00 0.000000E+00 0.000000E+00 0.000000E+00 0.000000E+00 0.000000E+00 0.000000E+00 0.000000E+00 0.000000E+00 0.000000E+00 0.000000E+00 0.000000E+00 0.000000E+00 0.000000E+00 0.000000E+00 0.000000E+00 0.000000E+00 0.000000E+00 0.000000E+00 0.000000E+00 0.000000E+00 0.000000E+00 0.000000E+00 0.000000E+00 0.000000E+00 0.000000E+00 0.000000E+00 0.000000E+00 0.000000E+00 0.000000E+00 0.000000E+00 0.000000E+00 0.000000E+00 0.000000E+00 0.000000E+00 0.000000E+00 0.000000E+00 0.000000E+00 0.000000E+00 0.000000E+00 0.000000E+00 0.000000E+00 0.000000E+00 0.000000E+00 0.000000E+00 0.000000E+00 0.000000E+00 0.000000E+00 0.000000E+00 0.000000E+00 0.000000E+00 0.000000E+00 0.000000E+00 0.000000E+00 0.000000E+00 0.000000E+00 0.000000E+00 0.000000E+00 0.000000E+00 0.000000E+00 0.000000E+00 0.000000E+00 0.000000E+00 0.000000E+00 0.000000E+00 0.000000E+00 0.000000E+00 0.000000E+00 0.000000E+00 0.000000E+00 0.000000E+00 0.000000E+00 0.000000E+00 0.000000E+00 0.000000E+00 0.000000E+00 0.000000E+00 0.000000E+00 0.000000E+00 0.000000E+00 0.000000E+00 0.000000E+00 0.000000E+00 0.000000E+00 0.000000E+00 0.000000E+00 0.000000E+00 0.000000E+00 0.000000E+00 0.000000E+00 0.000000E+00 0.000000E+00 0.000000E+00 0.000000E+00 0.000000E+00 0.000000E+00 0.000000E+00 0.000000E+00 0.000000E+00 0.000000E+00 0.000000E+00 0.000000E+00 0.000000E+00 0.000000E+00 0.000000E+00 0.000000E+00 0.000000E+00 0.000000E+00 0.000000E+00 0.000000E+00 0.000000E+00 0.000000E+00 0.000000E+00 0.000000E+00 0.000000E+00 0.000000E+00 0.000000E+00 0.000000E+00 0.000000E+00 0.000000E+00 0.000000E+00 0.000000E+00 0.000000E+00 0.000000E+00 0.000000E+00 0.000000E+00 0.000000E+00 0.000000E+00 0.000000E+00 0.000000E+00 0.000000E+00 0.000000E+00 0.000000E+00 0.000000E+00 0.000000E+00 0.000000E+00 0.000000E+00 0.000000E+00 0.000000E+00 0.000000E+00 0.000000E+00 0.000000E+00 0.000000E+00 0.000000E+00 0.000000E+00 0.000000E+00 0.000000E+00 0.000000E+00 0.000000E+00 0.000000E+00 0.000000E+00 0.000000E+00 0.000000E+00 0.000000E+00 0.000000E+00 0.000000E+00 0.000000E+00 0.000000E+00 0.000000E+00 0.000000E+00
 0.948000E-01 0.444800E-01 0.252800E-01 0.172800E-01 0.134400E-01 0.984000E-02 0.656000E-02 0.448000E-02 0.408000E-02 0.280000E-02 0.272000E-02 0.192000E-02 0.216000E-02 0.160000E-02 0.104000E-02 0.960000E-03 0.800000E-03 0.320000E-03 0.560000E-03 0.240000E-03 0.640000E-03 0.320000E-03 0.400000E-03 0.160000E-03 0.240000E-03 0.800000E-04 0.160000E-03 0.000000E+00 0.000000E+00 0.000000E+00 0.160000E-03 0.000000E+00 0.800000E-04 0.000000E+00 0.800000E-04 0.160000E-03 0.800000E-04 0.800000E-04 0.000000E+00 0.000000E+00 0.000000E+00 0.000000E+00 0.000000E+00 0.000000E+00 0.000000E+00 0.000000E+00 0.000000E+00 0.000000E+00 0.000000E+00 0.000000E+00 0.000000E+00 0.000000E+00 0.000000E+00 0.000000E+00 0.000000E+00 0.000000E+00 0.000000E+00 0.000000E+00 0.000000E+00 0.000000E+00 0.000000E+00 0.000000E+00 0.000000E+00 0.000000E+00 0.000000E+00 0.000000E+00 0.000000E+00 0.000000E+00 0.000000E+00 0.000000E+00 0.000000E+00 0.000000E+00 0.000000E+00 0.000000E+00 0.000000E+00 0.000000E+00 0.000000E+00 0.000000E+00 0.000000E+00 0.000000E+00 0.000000E+00 0.000000E+00 0.000000E+00 0.000000E+00 0.000000E+00 0.000000E+00 0.000000E+00 0.000000E+00 0.000000E+00 0.000000E+00 0.000000E+00 0.000000E+00 0.000000E+00 0.000000E+00 0.000000E+00 0.000000E+00 0.000000E+00 0.000000E+00 0.000000E+00 0.000000E+00 0.000000E+00 0.000000E+00 0.000000E+00 0.000000E+00 0.000000E+00 0.000000E+00 0.000000E+00 0.000000E+00 0.000000E+00 0.000000E+00 0.000000E+00 0.000000E+00 0.000000E+00 0.000000E+00 0.000000E+00 0.000000E+00 0.000000E+00 0.000000E+00 0.000000E+00 0.000000E+00 0.000000E+00 0.000000E+00 0.000000E+00 0.000000E+00 0.000000E+00 0.000000E+00 0.000000E+00 0.000000E+00 0.000000E+00 0.000000E+00 0.000000E+00 0.000000E+00 0.000000E+00 0.000000E+00 0.000000E+00 0.000000E+00 0.000000E+00 0.000000E+00 0.000000E+00 0.000000E+00 0.000000E+00 0.000000E+00 0.000000E+00 0.000000E+00 0.000000E+00 0.000000E+00 0.000000E+00 0.000000E+00 0.000000E+00 0.000000E+00 0.000000E+00 0.000000E+00 0.000000E+00 0.000000E+00 0.000000E+00 0.000000E+00 0.000000E+00 0.000000E+00 0.000000E+00 0.000000E+00 0.000000E+00 0.000000E+00 0.000000E+00 0.000000E+00 0.000000E+00 0.000000E+00 0.000000E+00 0.000000E+00 0.000000E+00 0.000000E+00 0.000000E+00 0.000000E+00 0.000000E+00 0.000000E+00 0.000000E+00 0.000000E+00 0.000000E+00 0.000000E+00 0.000000E+00 0.000000E+00 0.000000E+00 0.000000E+00 0.000000E+00 0.000000E+00 0.000000E+00 0.000000E+00 0.000000E+00 0.000000E+00 0.000000E+00 0.000000E+00 0.000000E+00 0.000000E+00 0.000000E+00 0.000000E+00 0.000000E+00 0.000000E+00 0.000000E+00 0.000000E+00 0.000000E+00 0.000000E+00
 0.610000E+00 0.216640E+00 0.137600E+00 0.971200E-01 0.661600E-01 0.520000E-01 0.372000E-01 0.271200E-01 0.235200E-01 0.202400E-01 0.148800E-01 0.128000E-01 0.904000E-02 0.752000E-02 0.536000E-02 0.512000E-02 0.408000E-02 0.352000E-02 0.288000E-02 0.288000E-02 0.200000E-02 0.192000E-02 0.176000E-02 0.144000E-02 0.720000E-03 0.560000E-03 0.800000E-03 0.480000E-03 0.104000E-02 0.320000E-03 0.320000E-03 0.400000E-03 0.240000E-03 0.560000E-03 0.800000E-04 0.400000E-03 0.160000E-03 0.000000E+00 0.000000E+00 0.800000E-04 0.000000E+00 0.800000E-04 0.000000E+00 0.160000E-03 0.800000E-04 0.000000E+00 0.160000E-03 0.000000E+00 0.000000E+00 0.800000E-04 0.800000E-04 0.000000E+00 0.000000E+00 0.000000E+00 0.800000E-04 0.000000E+00 0.000000E+00 0.000000E+00 0.000000E+00 0.000000E+00 0.000000E+00 0.000000E+00 0.000000E+00 0.800000E-04 0.000000E+00 0.000000E+00 0.000000E+00 0.000000E+00 0.000000E+00 0.000000E+00 0.000000E+00 0.000000E+00 0.000000E+00 0.000000E+00 0.000000E+00 0.000000E+00 0.000000E+00 0.000000E+00 0.000000E+00 0.000000E+00 0.000000E+00 0.000000E+00 0.000000E+00 0.000000E+00 0.000000E+00 0.000000E+00 0.000000E+00 0.000000E+00 0.000000E+00 0.000000E+00 0.000000E+00 0.000000E+00 0.000000E+00 0.000000E+00 0.000000E+00 0.000000E+00 0.000000E+00 0.000000E+00 0.000000E+00 0.000000E+00 0.000000E+00 0.000000E+00 0.000000E+00 0.000000E+00 0.000000E+00 0.000000E+00 0.000000E+00 0.000000E+00 0.000000E+00 0.000000E+00 0.000000E+00 0.000000E+00 0.000000E+00 0.000000E+00 0.000000E+00 0.000000E+00 0.000000E+00 0.000000E+00 0.000000E+00 0.000000E+00 0.000000E+00 0.000000E+00 0.000000E+00 0.000000E+00 0.000000E+00 0.000000E+00 0.000000E+00 0.000000E+00 0.000000E+00 0.000000E+00 0.000000E+00 0.000000E+00 0.000000E+00 0.000000E+00 0.000000E+00 0.000000E+00 0.000000E+00 0.000000E+00 0.000000E+00 0.000000E+00 0.000000E+00 0.000000E+00 0.000000E+00 0.000000E+00 0.000000E+00 0.000000E+00 0.000000E+00 0.000000E+00 0.000000E+00 0.000000E+00 0.000000E+00 0.000000E+00 0.000000E+00 0.000000E+00 0.000000E+00 0.000000E+00 0.000000E+00 0.000000E+00 0.000000E+00 0.000000E+00 0.000000E+00 0.000000E+00 0.000000E+00 0.000000E+00 0.000000E+00 0.000000E+00 0.000000E+00 0.000000E+00 0.000000E+00 0.000000E+00 0.000000E+00 0.000000E+00 0.000000E+00 0.000000E+00 0.000000E+00 0.000000E+00 0.000000E+00 0.000000E+00 0.000000E+00 0.000000E+00 0.000000E+00 0.000000E+00 0.000000E+00 0.000000E+00 0.000000E+00 0.000000E+00 0.000000E+00 0.000000E+00 0.000000E+00 0.000000E+00 0.000000E+00 0.000000E+00 0.000000E+00 0.000000E+00 0.000000E+00 0.000000E+00 0.000000E+00 0.000000E+00 0.000000E+00 0.000000E+00
 0.297040E+00 0.152560E+00 0.104960E+00 0.788000E-01 0.620800E-01 0.451200E-01 0.358400E-01 0.296000E-01 0.244800E-01 0.207200E-01 0.168800E-01 0.124000E-01 0.110400E-01 0.944000E-02 0.752000E-02 0.688000E-02 0.488000E-02 0.368000E-02 0.456000E-02 0.376000E-02 0.232000E-02 0.152000E-02 0.272000E-02 0.128000E-02 0.240000E-02 0.120000E-02 0.112000E-02 0.104000E-02 0.880000E-03 0.240000E-03 0.640000E-03 0.240000E-03 0.480000E-03 0.560000E-03 0.320000E-03 0.240000E-03 0.240000E-03 0.160000E-03 0.320000E-03 0.160000E-03 0.000000E+00 0.800000E-04 0.000000E+00 0.000000E+00 0.800000E-04 0.800000E-04 0.800000E-04 0.800000E-04 0.000000E+00 0.000000E+00 0.800000E-04 0.000000E+00 0.000000E+00 0.000000E+00 0.000000E+00 0.000000E+00 0.800000E-04 0.000000E+00 0.000000E+00 0.000000E+00 0.000000E+00 0.000000E+00 0.000000E+00 0.000000E+00 0.000000E+00 0.000000E+00 0.000000E+00 0.000000E+00 0.000000E+00 0.000000E+00 0.000000E+00 0.000000E+00 0.000000E+00 0.000000E+00 0.000000E+00 0.000000E+00 0.000000E+00 0.000000E+00 0.000000E+00 0.000000E+00 0.000000E+00 0.000000E+00 0.000000E+00 0.000000E+00 0.000000E+00 0.000000E+00 0.000000E+00 0.000000E+00 0.000000E+00 0.000000E+00 0.000000E+00 0.000000E+00 0.000000E+00 0.000000E+00 0.000000E+00 0.000000E+00 0.000000E+00 0.000000E+00 0.000000E+00 0.000000E+00 0.000000E+00 0.000000E+00 0.000000E+00 0.000000E+00 0.000000E+00 0.000000E+00 0.000000E+00 0.000000E+00 0.000000E+00 0.000000E+00 0.000000E+00 0.000000E+00 0.000000E+00 0.000000E+00 0.000000E+00 0.000000E+00 0.000000E+00 0.000000E+00 0.000000E+00 0.000000E+00 0.000000E+00 0.000000E+00 0.000000E+00 0.000000E+00 0.000000E+00 0.000000E+00 0.000000E+00 0.000000E+00 0.000000E+00 0.000000E+00 0.000000E+00 0.000000E+00 0.000000E+00 0.000000E+00 0.000000E+00 0.000000E+00 0.000000E+00 0.000000E+00 0.000000E+00 0.000000E+00 0.000000E+00 0.000000E+00 0.000000E+00 0.000000E+00 0.000000E+00 0.000000E+00 0.000000E+00 0.000000E+00 0.000000E+00 0.000000E+00 0.000000E+00 0.000000E+00 0.000000E+00 0.000000E+00 0.000000E+00 0.000000E+00 0.000000E+00 0.000000E+00 0.000000E+00 0.000000E+00 0.000000E+00 0.000000E+00 0.000000E+00 0.000000E+00 0.000000E+00 0.000000E+00 0.000000E+00 0.000000E+00 0.000000E+00 0.000000E+00 0.000000E+00 0.000000E+00 0.000000E+00 0.000000E+00 0.000000E+00 0.000000E+00 0.000000E+00 0.000000E+00 0.000000E+00 0.000000E+00 0.000000E+00 0.000000E+00 0.000000E+00 0.000000E+00 0.000000E+00 0.000000E+00 0.000000E+00 0.000000E+00 0.000000E+00 0.000000E+00 0.000000E+00 0.000000E+00 0.000000E+00 0.000000E+00 0.000000E+00 0.000000E+00 0.000000E+00 0.000000E+00 0.000000E+00 0.000000E+00
