### Run with WimpAnn version = wimpann-2.08                            
###   Using Pythia version   = Pythia 6.400    
###   Using nusigma version  = nusigma-1.15-pyr                        
###   Using DarkSUSY version = ds-4.1.6                                
###   WimpAnn run started at date 2007-09-09; time 01:17:17
### Neutrino oscillation parameters
#      theta_12 =  0.00000000E+00
#      theta_13 =  0.00000000E+00
#      theta_23 =  0.00000000E+00
#         delta =  0.00000000E+00
#  delta_m^2_21 =  0.81000000E-04
#  delta_m^2_31 =  0.22000000E-02
### WimpAnn run parameters
#  Annihilation channel =         4
#  Generated particles =  tau-             tau+            
#  WIMP mass =  0.20000000E+04
#  Number of annihilations =   2500000
#  Source = Sun
#...dPhi/dz in  200 bins from 0 to 1
#...Line  1- 6: flux at centre of Sun for neutrino 1-6
#...Line  7-12: flux at surface of Sun for neutrino 1-6
#...Line 13-18: flux at 1 AU from the Sun for neutrino 1-6
#...Line 19-24: flux at surface of Sun for secondary neutrino 1-6
#...Line 25-30: flux at 1 AU from the Sun for secondary neutrino 1-6
 0.383200E+00 0.380800E+00 0.377920E+00 0.378560E+00 0.376480E+00 0.379280E+00 0.374240E+00 0.366640E+00 0.365120E+00 0.371200E+00 0.358080E+00 0.370720E+00 0.375120E+00 0.363920E+00 0.363840E+00 0.363440E+00 0.361280E+00 0.360560E+00 0.361280E+00 0.351120E+00 0.358080E+00 0.351760E+00 0.352960E+00 0.348800E+00 0.343920E+00 0.339680E+00 0.339440E+00 0.344000E+00 0.337120E+00 0.345120E+00 0.343360E+00 0.337360E+00 0.338480E+00 0.338000E+00 0.331520E+00 0.337760E+00 0.331360E+00 0.329360E+00 0.328640E+00 0.328560E+00 0.324000E+00 0.318160E+00 0.317440E+00 0.312560E+00 0.319760E+00 0.305360E+00 0.313120E+00 0.307440E+00 0.306240E+00 0.298720E+00 0.303120E+00 0.285440E+00 0.294080E+00 0.296800E+00 0.290480E+00 0.282080E+00 0.286720E+00 0.288320E+00 0.281760E+00 0.280320E+00 0.275360E+00 0.275360E+00 0.273760E+00 0.270960E+00 0.268000E+00 0.269760E+00 0.258800E+00 0.258400E+00 0.261280E+00 0.253920E+00 0.250720E+00 0.253520E+00 0.247040E+00 0.242320E+00 0.245680E+00 0.242320E+00 0.237600E+00 0.233680E+00 0.226080E+00 0.221840E+00 0.228800E+00 0.225520E+00 0.225360E+00 0.214320E+00 0.209520E+00 0.212480E+00 0.203360E+00 0.208560E+00 0.207680E+00 0.201280E+00 0.197440E+00 0.196400E+00 0.186480E+00 0.188880E+00 0.190720E+00 0.182000E+00 0.185440E+00 0.185680E+00 0.175360E+00 0.171200E+00 0.171520E+00 0.170080E+00 0.160160E+00 0.160080E+00 0.164480E+00 0.153840E+00 0.150160E+00 0.149200E+00 0.150720E+00 0.144320E+00 0.142960E+00 0.144000E+00 0.137760E+00 0.141840E+00 0.134560E+00 0.138880E+00 0.132640E+00 0.126560E+00 0.127200E+00 0.124400E+00 0.118480E+00 0.116080E+00 0.112720E+00 0.116000E+00 0.108160E+00 0.105040E+00 0.107840E+00 0.101920E+00 0.992000E-01 0.985600E-01 0.964000E-01 0.898400E-01 0.910400E-01 0.864800E-01 0.914400E-01 0.836800E-01 0.844000E-01 0.792000E-01 0.772000E-01 0.755200E-01 0.779200E-01 0.652000E-01 0.675200E-01 0.635200E-01 0.617600E-01 0.614400E-01 0.585600E-01 0.564800E-01 0.567200E-01 0.517600E-01 0.520800E-01 0.520000E-01 0.467200E-01 0.473600E-01 0.431200E-01 0.404800E-01 0.372000E-01 0.384800E-01 0.374400E-01 0.332800E-01 0.324800E-01 0.332000E-01 0.288800E-01 0.296000E-01 0.256800E-01 0.280000E-01 0.256000E-01 0.254400E-01 0.209600E-01 0.180800E-01 0.181600E-01 0.188800E-01 0.185600E-01 0.152800E-01 0.138400E-01 0.134400E-01 0.124000E-01 0.105600E-01 0.116000E-01 0.114400E-01 0.680000E-02 0.888000E-02 0.664000E-02 0.584000E-02 0.584000E-02 0.440000E-02 0.416000E-02 0.448000E-02 0.288000E-02 0.216000E-02 0.216000E-02 0.200000E-02 0.160000E-02 0.720000E-03 0.480000E-03 0.480000E-03 0.160000E-03 0.240000E-03 0.160000E-03 0.000000E+00
 0.383360E+00 0.389200E+00 0.384480E+00 0.371760E+00 0.374400E+00 0.374080E+00 0.371520E+00 0.364000E+00 0.373440E+00 0.364480E+00 0.357280E+00 0.366400E+00 0.368000E+00 0.364800E+00 0.362720E+00 0.354000E+00 0.360000E+00 0.354720E+00 0.360400E+00 0.354320E+00 0.350480E+00 0.342560E+00 0.361120E+00 0.351440E+00 0.338000E+00 0.348560E+00 0.342640E+00 0.351440E+00 0.347840E+00 0.348320E+00 0.338720E+00 0.335440E+00 0.339520E+00 0.344960E+00 0.333200E+00 0.335520E+00 0.330640E+00 0.337680E+00 0.323040E+00 0.317920E+00 0.322720E+00 0.319680E+00 0.308880E+00 0.318080E+00 0.309040E+00 0.313280E+00 0.315280E+00 0.311600E+00 0.304160E+00 0.301440E+00 0.306960E+00 0.285280E+00 0.293840E+00 0.290800E+00 0.300880E+00 0.295440E+00 0.291360E+00 0.285760E+00 0.287200E+00 0.277440E+00 0.279680E+00 0.278000E+00 0.268240E+00 0.273360E+00 0.266400E+00 0.261200E+00 0.266800E+00 0.263600E+00 0.262800E+00 0.249760E+00 0.248560E+00 0.255360E+00 0.247520E+00 0.238640E+00 0.240480E+00 0.235760E+00 0.242080E+00 0.227680E+00 0.229920E+00 0.229040E+00 0.224000E+00 0.228880E+00 0.223840E+00 0.226720E+00 0.222000E+00 0.204640E+00 0.210080E+00 0.207600E+00 0.202000E+00 0.208560E+00 0.205680E+00 0.200080E+00 0.197520E+00 0.197360E+00 0.187600E+00 0.182880E+00 0.184080E+00 0.182400E+00 0.170320E+00 0.167280E+00 0.175600E+00 0.168720E+00 0.169760E+00 0.172240E+00 0.164000E+00 0.166640E+00 0.153680E+00 0.162080E+00 0.148400E+00 0.148960E+00 0.148640E+00 0.143680E+00 0.139600E+00 0.133120E+00 0.133920E+00 0.132960E+00 0.126720E+00 0.124000E+00 0.120240E+00 0.128240E+00 0.122800E+00 0.120080E+00 0.113120E+00 0.112480E+00 0.107200E+00 0.999200E-01 0.100560E+00 0.103360E+00 0.989600E-01 0.990400E-01 0.996000E-01 0.960000E-01 0.951200E-01 0.877600E-01 0.811200E-01 0.830400E-01 0.855200E-01 0.786400E-01 0.749600E-01 0.748000E-01 0.733600E-01 0.673600E-01 0.657600E-01 0.716000E-01 0.632800E-01 0.640800E-01 0.605600E-01 0.566400E-01 0.545600E-01 0.540800E-01 0.496800E-01 0.519200E-01 0.496000E-01 0.448800E-01 0.422400E-01 0.426400E-01 0.403200E-01 0.350400E-01 0.381600E-01 0.388800E-01 0.356800E-01 0.340000E-01 0.328800E-01 0.293600E-01 0.284000E-01 0.280800E-01 0.244000E-01 0.246400E-01 0.212000E-01 0.243200E-01 0.202400E-01 0.199200E-01 0.168800E-01 0.145600E-01 0.140000E-01 0.109600E-01 0.116800E-01 0.116800E-01 0.118400E-01 0.111200E-01 0.864000E-02 0.768000E-02 0.568000E-02 0.576000E-02 0.368000E-02 0.504000E-02 0.408000E-02 0.304000E-02 0.344000E-02 0.400000E-02 0.232000E-02 0.960000E-03 0.120000E-02 0.960000E-03 0.480000E-03 0.480000E-03 0.320000E-03 0.800000E-04 0.800000E-04 0.000000E+00
 0.372080E+00 0.374320E+00 0.364240E+00 0.365760E+00 0.368880E+00 0.360080E+00 0.370160E+00 0.364240E+00 0.358640E+00 0.355360E+00 0.352800E+00 0.361680E+00 0.353200E+00 0.357520E+00 0.347440E+00 0.364560E+00 0.358240E+00 0.353120E+00 0.356000E+00 0.348240E+00 0.352240E+00 0.345920E+00 0.344320E+00 0.335600E+00 0.340320E+00 0.345920E+00 0.331920E+00 0.334960E+00 0.333200E+00 0.334400E+00 0.332800E+00 0.322480E+00 0.332080E+00 0.333040E+00 0.329760E+00 0.328960E+00 0.321760E+00 0.313280E+00 0.321600E+00 0.319600E+00 0.312000E+00 0.306240E+00 0.313760E+00 0.301520E+00 0.308080E+00 0.303120E+00 0.305920E+00 0.302800E+00 0.299280E+00 0.296080E+00 0.291600E+00 0.298640E+00 0.284640E+00 0.287840E+00 0.283600E+00 0.280400E+00 0.271440E+00 0.282480E+00 0.276480E+00 0.272320E+00 0.271280E+00 0.264800E+00 0.271360E+00 0.263760E+00 0.257520E+00 0.259040E+00 0.252640E+00 0.252960E+00 0.260720E+00 0.253760E+00 0.248320E+00 0.234880E+00 0.237600E+00 0.232080E+00 0.235200E+00 0.228080E+00 0.240000E+00 0.231600E+00 0.224480E+00 0.224720E+00 0.219760E+00 0.217120E+00 0.212160E+00 0.213680E+00 0.210480E+00 0.210400E+00 0.202800E+00 0.206160E+00 0.194400E+00 0.195360E+00 0.191520E+00 0.195840E+00 0.188400E+00 0.182720E+00 0.181040E+00 0.182000E+00 0.177840E+00 0.178000E+00 0.172400E+00 0.174640E+00 0.167360E+00 0.162880E+00 0.168880E+00 0.159200E+00 0.150800E+00 0.150240E+00 0.157360E+00 0.143920E+00 0.147680E+00 0.139520E+00 0.136720E+00 0.137440E+00 0.135440E+00 0.126560E+00 0.135760E+00 0.127680E+00 0.124560E+00 0.122480E+00 0.116880E+00 0.118880E+00 0.113280E+00 0.107680E+00 0.111200E+00 0.109280E+00 0.104880E+00 0.980000E-01 0.968800E-01 0.968800E-01 0.100320E+00 0.964000E-01 0.878400E-01 0.866400E-01 0.848800E-01 0.830400E-01 0.838400E-01 0.799200E-01 0.790400E-01 0.767200E-01 0.708000E-01 0.671200E-01 0.669600E-01 0.658400E-01 0.627200E-01 0.584000E-01 0.586400E-01 0.569600E-01 0.522400E-01 0.540800E-01 0.520800E-01 0.478400E-01 0.492800E-01 0.453600E-01 0.483200E-01 0.416000E-01 0.412000E-01 0.387200E-01 0.396000E-01 0.323200E-01 0.349600E-01 0.329600E-01 0.323200E-01 0.278400E-01 0.259200E-01 0.256800E-01 0.252000E-01 0.249600E-01 0.221600E-01 0.236000E-01 0.200800E-01 0.193600E-01 0.172800E-01 0.174400E-01 0.162400E-01 0.149600E-01 0.132800E-01 0.952000E-02 0.104800E-01 0.992000E-02 0.104000E-01 0.792000E-02 0.672000E-02 0.752000E-02 0.504000E-02 0.488000E-02 0.480000E-02 0.336000E-02 0.328000E-02 0.312000E-02 0.200000E-02 0.176000E-02 0.200000E-02 0.120000E-02 0.152000E-02 0.104000E-02 0.320000E-03 0.640000E-03 0.000000E+00 0.000000E+00 0.000000E+00 0.000000E+00
 0.371920E+00 0.367200E+00 0.358880E+00 0.364000E+00 0.363680E+00 0.364400E+00 0.372400E+00 0.356080E+00 0.357040E+00 0.366800E+00 0.361440E+00 0.364320E+00 0.351600E+00 0.358720E+00 0.360560E+00 0.348080E+00 0.348240E+00 0.352000E+00 0.342000E+00 0.346720E+00 0.349360E+00 0.354640E+00 0.345040E+00 0.337440E+00 0.339200E+00 0.344560E+00 0.337200E+00 0.332240E+00 0.337040E+00 0.336560E+00 0.332960E+00 0.331840E+00 0.325760E+00 0.324640E+00 0.334640E+00 0.318560E+00 0.320560E+00 0.319120E+00 0.311600E+00 0.317760E+00 0.315040E+00 0.308000E+00 0.319040E+00 0.309680E+00 0.304000E+00 0.300720E+00 0.304640E+00 0.293760E+00 0.299920E+00 0.299440E+00 0.291360E+00 0.288960E+00 0.297920E+00 0.293040E+00 0.279120E+00 0.281600E+00 0.278320E+00 0.279360E+00 0.273920E+00 0.276480E+00 0.274800E+00 0.269440E+00 0.260880E+00 0.266640E+00 0.262480E+00 0.256880E+00 0.252400E+00 0.254800E+00 0.254240E+00 0.250560E+00 0.246320E+00 0.242960E+00 0.243920E+00 0.240160E+00 0.236960E+00 0.228240E+00 0.233600E+00 0.225760E+00 0.233120E+00 0.228880E+00 0.221200E+00 0.215840E+00 0.214240E+00 0.223120E+00 0.208080E+00 0.211440E+00 0.202560E+00 0.205200E+00 0.199920E+00 0.195120E+00 0.201200E+00 0.188480E+00 0.197120E+00 0.185760E+00 0.183200E+00 0.178880E+00 0.176080E+00 0.178960E+00 0.174720E+00 0.175040E+00 0.166480E+00 0.160160E+00 0.167760E+00 0.160080E+00 0.153280E+00 0.151200E+00 0.152400E+00 0.143360E+00 0.146000E+00 0.140880E+00 0.143360E+00 0.135200E+00 0.133920E+00 0.133280E+00 0.127840E+00 0.124240E+00 0.120160E+00 0.120000E+00 0.118160E+00 0.117760E+00 0.115920E+00 0.112240E+00 0.107680E+00 0.107840E+00 0.107360E+00 0.103600E+00 0.104480E+00 0.972800E-01 0.917600E-01 0.925600E-01 0.916800E-01 0.840800E-01 0.872800E-01 0.824800E-01 0.765600E-01 0.785600E-01 0.788000E-01 0.744800E-01 0.698400E-01 0.691200E-01 0.656000E-01 0.651200E-01 0.615200E-01 0.616800E-01 0.607200E-01 0.603200E-01 0.563200E-01 0.533600E-01 0.524000E-01 0.475200E-01 0.468800E-01 0.466400E-01 0.420800E-01 0.379200E-01 0.405600E-01 0.416000E-01 0.377600E-01 0.364800E-01 0.368000E-01 0.297600E-01 0.349600E-01 0.304000E-01 0.261600E-01 0.281600E-01 0.276800E-01 0.229600E-01 0.229600E-01 0.212000E-01 0.218400E-01 0.195200E-01 0.185600E-01 0.152000E-01 0.174400E-01 0.145600E-01 0.127200E-01 0.116800E-01 0.912000E-02 0.100800E-01 0.832000E-02 0.648000E-02 0.752000E-02 0.632000E-02 0.584000E-02 0.560000E-02 0.528000E-02 0.464000E-02 0.384000E-02 0.296000E-02 0.264000E-02 0.160000E-02 0.136000E-02 0.880000E-03 0.720000E-03 0.112000E-02 0.320000E-03 0.400000E-03 0.800000E-04 0.000000E+00 0.000000E+00 0.000000E+00
 0.205440E+01 0.199624E+01 0.194992E+01 0.195280E+01 0.193744E+01 0.190184E+01 0.188968E+01 0.185152E+01 0.184728E+01 0.183312E+01 0.185712E+01 0.185448E+01 0.184128E+01 0.184032E+01 0.182392E+01 0.180064E+01 0.180296E+01 0.179160E+01 0.178560E+01 0.176184E+01 0.174384E+01 0.177016E+01 0.174424E+01 0.175208E+01 0.173536E+01 0.170960E+01 0.168448E+01 0.170576E+01 0.167184E+01 0.168128E+01 0.168640E+01 0.166288E+01 0.166440E+01 0.163200E+01 0.162464E+01 0.163456E+01 0.161952E+01 0.161488E+01 0.161112E+01 0.156912E+01 0.155360E+01 0.157264E+01 0.155248E+01 0.156168E+01 0.155000E+01 0.151688E+01 0.151232E+01 0.152240E+01 0.150608E+01 0.148880E+01 0.147240E+01 0.145856E+01 0.143112E+01 0.143344E+01 0.143704E+01 0.145424E+01 0.141680E+01 0.138992E+01 0.139920E+01 0.136568E+01 0.137376E+01 0.137112E+01 0.134880E+01 0.135496E+01 0.133128E+01 0.133808E+01 0.130792E+01 0.128472E+01 0.129464E+01 0.130080E+01 0.128840E+01 0.127672E+01 0.125448E+01 0.123584E+01 0.123664E+01 0.122800E+01 0.122448E+01 0.121128E+01 0.120232E+01 0.119712E+01 0.119216E+01 0.117968E+01 0.115192E+01 0.115664E+01 0.113512E+01 0.111912E+01 0.112288E+01 0.112904E+01 0.111696E+01 0.108832E+01 0.107344E+01 0.106920E+01 0.106168E+01 0.103848E+01 0.103960E+01 0.104080E+01 0.101992E+01 0.102672E+01 0.990800E+00 0.100048E+01 0.996480E+00 0.976560E+00 0.963840E+00 0.960320E+00 0.942160E+00 0.938880E+00 0.935280E+00 0.914640E+00 0.916720E+00 0.902160E+00 0.903280E+00 0.900080E+00 0.879040E+00 0.876400E+00 0.877360E+00 0.850160E+00 0.841600E+00 0.842240E+00 0.830560E+00 0.817040E+00 0.799040E+00 0.808480E+00 0.791680E+00 0.797440E+00 0.791280E+00 0.761760E+00 0.751440E+00 0.749760E+00 0.733040E+00 0.740320E+00 0.731040E+00 0.703600E+00 0.713600E+00 0.709440E+00 0.702720E+00 0.686640E+00 0.679520E+00 0.665760E+00 0.669440E+00 0.653280E+00 0.644320E+00 0.643280E+00 0.619440E+00 0.619360E+00 0.608800E+00 0.608000E+00 0.593280E+00 0.586560E+00 0.569520E+00 0.562960E+00 0.553760E+00 0.538000E+00 0.530560E+00 0.532160E+00 0.515120E+00 0.500080E+00 0.477040E+00 0.464880E+00 0.449840E+00 0.443040E+00 0.416640E+00 0.408960E+00 0.380320E+00 0.369680E+00 0.345360E+00 0.343040E+00 0.320000E+00 0.307360E+00 0.287360E+00 0.275760E+00 0.266560E+00 0.258400E+00 0.250000E+00 0.235600E+00 0.228480E+00 0.218400E+00 0.222080E+00 0.214400E+00 0.195360E+00 0.188400E+00 0.188320E+00 0.178240E+00 0.181680E+00 0.173120E+00 0.160080E+00 0.155680E+00 0.151120E+00 0.147840E+00 0.137440E+00 0.126800E+00 0.134800E+00 0.131200E+00 0.125120E+00 0.114480E+00 0.109280E+00 0.106640E+00 0.104480E+00 0.998400E-01 0.751200E-01 0.720000E-03
 0.204240E+01 0.200992E+01 0.195488E+01 0.193104E+01 0.192344E+01 0.191240E+01 0.189584E+01 0.188184E+01 0.184880E+01 0.183544E+01 0.184720E+01 0.182208E+01 0.181872E+01 0.184024E+01 0.182096E+01 0.181840E+01 0.179448E+01 0.176912E+01 0.179528E+01 0.179080E+01 0.177208E+01 0.175936E+01 0.173648E+01 0.173584E+01 0.171624E+01 0.172056E+01 0.169344E+01 0.168920E+01 0.167640E+01 0.169128E+01 0.166456E+01 0.165184E+01 0.164144E+01 0.163552E+01 0.161856E+01 0.163928E+01 0.161920E+01 0.161888E+01 0.158376E+01 0.156344E+01 0.156640E+01 0.157560E+01 0.155040E+01 0.154208E+01 0.154984E+01 0.154008E+01 0.153072E+01 0.150648E+01 0.148592E+01 0.150504E+01 0.147400E+01 0.148144E+01 0.147184E+01 0.145512E+01 0.144048E+01 0.142704E+01 0.141400E+01 0.141360E+01 0.139512E+01 0.139656E+01 0.138472E+01 0.137112E+01 0.135664E+01 0.134016E+01 0.131576E+01 0.133048E+01 0.131544E+01 0.130032E+01 0.130944E+01 0.128472E+01 0.127952E+01 0.126304E+01 0.125368E+01 0.125376E+01 0.124480E+01 0.122760E+01 0.121344E+01 0.120152E+01 0.119008E+01 0.119728E+01 0.116344E+01 0.117696E+01 0.116536E+01 0.114944E+01 0.113256E+01 0.114264E+01 0.111616E+01 0.110480E+01 0.111856E+01 0.109160E+01 0.107968E+01 0.107440E+01 0.106416E+01 0.106400E+01 0.102216E+01 0.102776E+01 0.102032E+01 0.101984E+01 0.100432E+01 0.100056E+01 0.977360E+00 0.975280E+00 0.964960E+00 0.961120E+00 0.952080E+00 0.946480E+00 0.932960E+00 0.916560E+00 0.914640E+00 0.909200E+00 0.905360E+00 0.884960E+00 0.868800E+00 0.863280E+00 0.860640E+00 0.859360E+00 0.841440E+00 0.853200E+00 0.827920E+00 0.810240E+00 0.795840E+00 0.809840E+00 0.785040E+00 0.787920E+00 0.787040E+00 0.764720E+00 0.763600E+00 0.740960E+00 0.744240E+00 0.738080E+00 0.738400E+00 0.713840E+00 0.718240E+00 0.696160E+00 0.683280E+00 0.678880E+00 0.666720E+00 0.666480E+00 0.646720E+00 0.661200E+00 0.651600E+00 0.634400E+00 0.631120E+00 0.621360E+00 0.617760E+00 0.612640E+00 0.588080E+00 0.589680E+00 0.571360E+00 0.572800E+00 0.551920E+00 0.551760E+00 0.522960E+00 0.522640E+00 0.516560E+00 0.503840E+00 0.477920E+00 0.476080E+00 0.459760E+00 0.436560E+00 0.427120E+00 0.404720E+00 0.385120E+00 0.368880E+00 0.341920E+00 0.330400E+00 0.314080E+00 0.304080E+00 0.290640E+00 0.282880E+00 0.265920E+00 0.262240E+00 0.254160E+00 0.235920E+00 0.226480E+00 0.222400E+00 0.212960E+00 0.204480E+00 0.209280E+00 0.197920E+00 0.199200E+00 0.184880E+00 0.181760E+00 0.178960E+00 0.172240E+00 0.155840E+00 0.150080E+00 0.147120E+00 0.138400E+00 0.141040E+00 0.129920E+00 0.129440E+00 0.129360E+00 0.117920E+00 0.114320E+00 0.108480E+00 0.106240E+00 0.101920E+00 0.720000E-01 0.800000E-03
 0.219877E+02 0.648240E+01 0.412464E+01 0.305232E+01 0.238424E+01 0.196464E+01 0.164944E+01 0.141328E+01 0.120136E+01 0.103768E+01 0.917840E+00 0.802400E+00 0.713040E+00 0.634400E+00 0.560160E+00 0.491280E+00 0.453040E+00 0.389680E+00 0.367840E+00 0.328640E+00 0.300000E+00 0.271200E+00 0.244560E+00 0.220800E+00 0.197360E+00 0.178640E+00 0.169840E+00 0.152400E+00 0.140160E+00 0.126000E+00 0.115760E+00 0.106000E+00 0.100320E+00 0.884000E-01 0.777600E-01 0.768000E-01 0.712000E-01 0.624000E-01 0.573600E-01 0.516000E-01 0.518400E-01 0.438400E-01 0.394400E-01 0.341600E-01 0.349600E-01 0.298400E-01 0.288800E-01 0.285600E-01 0.244800E-01 0.196000E-01 0.199200E-01 0.200800E-01 0.154400E-01 0.157600E-01 0.158400E-01 0.133600E-01 0.103200E-01 0.134400E-01 0.103200E-01 0.968000E-02 0.840000E-02 0.984000E-02 0.696000E-02 0.768000E-02 0.624000E-02 0.560000E-02 0.448000E-02 0.488000E-02 0.504000E-02 0.544000E-02 0.408000E-02 0.424000E-02 0.368000E-02 0.288000E-02 0.280000E-02 0.288000E-02 0.232000E-02 0.200000E-02 0.184000E-02 0.160000E-02 0.136000E-02 0.880000E-03 0.160000E-02 0.136000E-02 0.104000E-02 0.136000E-02 0.112000E-02 0.880000E-03 0.120000E-02 0.128000E-02 0.104000E-02 0.400000E-03 0.640000E-03 0.104000E-02 0.880000E-03 0.720000E-03 0.800000E-03 0.480000E-03 0.320000E-03 0.400000E-03 0.400000E-03 0.160000E-03 0.160000E-03 0.400000E-03 0.240000E-03 0.480000E-03 0.160000E-03 0.240000E-03 0.160000E-03 0.000000E+00 0.000000E+00 0.800000E-04 0.800000E-04 0.160000E-03 0.240000E-03 0.800000E-04 0.000000E+00 0.800000E-04 0.240000E-03 0.800000E-04 0.000000E+00 0.800000E-04 0.800000E-04 0.800000E-04 0.000000E+00 0.160000E-03 0.800000E-04 0.000000E+00 0.000000E+00 0.800000E-04 0.000000E+00 0.000000E+00 0.000000E+00 0.000000E+00 0.000000E+00 0.000000E+00 0.000000E+00 0.000000E+00 0.000000E+00 0.000000E+00 0.000000E+00 0.000000E+00 0.000000E+00 0.000000E+00 0.000000E+00 0.000000E+00 0.000000E+00 0.000000E+00 0.000000E+00 0.000000E+00 0.000000E+00 0.000000E+00 0.000000E+00 0.000000E+00 0.000000E+00 0.000000E+00 0.000000E+00 0.000000E+00 0.000000E+00 0.000000E+00 0.000000E+00 0.000000E+00 0.000000E+00 0.000000E+00 0.000000E+00 0.000000E+00 0.000000E+00 0.000000E+00 0.000000E+00 0.000000E+00 0.000000E+00 0.000000E+00 0.000000E+00 0.000000E+00 0.000000E+00 0.000000E+00 0.000000E+00 0.000000E+00 0.000000E+00 0.000000E+00 0.000000E+00 0.000000E+00 0.000000E+00 0.000000E+00 0.000000E+00 0.000000E+00 0.000000E+00 0.000000E+00 0.000000E+00 0.000000E+00 0.000000E+00 0.000000E+00 0.000000E+00 0.000000E+00 0.000000E+00 0.000000E+00 0.000000E+00 0.000000E+00 0.000000E+00 0.000000E+00
 0.269259E+02 0.688040E+01 0.420648E+01 0.303136E+01 0.237672E+01 0.192560E+01 0.163976E+01 0.138792E+01 0.118032E+01 0.104672E+01 0.921600E+00 0.824640E+00 0.744640E+00 0.672960E+00 0.607040E+00 0.551520E+00 0.505200E+00 0.456400E+00 0.431920E+00 0.394480E+00 0.354400E+00 0.322640E+00 0.306240E+00 0.285120E+00 0.256080E+00 0.251200E+00 0.224800E+00 0.216720E+00 0.206160E+00 0.186240E+00 0.166480E+00 0.158160E+00 0.149680E+00 0.149360E+00 0.137200E+00 0.130640E+00 0.116880E+00 0.110000E+00 0.104080E+00 0.942400E-01 0.927200E-01 0.880800E-01 0.774400E-01 0.745600E-01 0.684800E-01 0.705600E-01 0.619200E-01 0.608800E-01 0.592000E-01 0.545600E-01 0.504800E-01 0.444000E-01 0.432000E-01 0.420000E-01 0.376800E-01 0.369600E-01 0.351200E-01 0.314400E-01 0.296000E-01 0.292000E-01 0.273600E-01 0.268000E-01 0.256000E-01 0.256000E-01 0.222400E-01 0.213600E-01 0.195200E-01 0.182400E-01 0.176000E-01 0.148000E-01 0.153600E-01 0.157600E-01 0.131200E-01 0.137600E-01 0.125600E-01 0.115200E-01 0.111200E-01 0.103200E-01 0.952000E-02 0.936000E-02 0.872000E-02 0.928000E-02 0.696000E-02 0.672000E-02 0.816000E-02 0.704000E-02 0.608000E-02 0.528000E-02 0.424000E-02 0.528000E-02 0.520000E-02 0.568000E-02 0.480000E-02 0.496000E-02 0.416000E-02 0.400000E-02 0.376000E-02 0.368000E-02 0.456000E-02 0.296000E-02 0.272000E-02 0.272000E-02 0.232000E-02 0.152000E-02 0.240000E-02 0.216000E-02 0.160000E-02 0.200000E-02 0.144000E-02 0.160000E-02 0.144000E-02 0.112000E-02 0.176000E-02 0.104000E-02 0.720000E-03 0.136000E-02 0.880000E-03 0.112000E-02 0.560000E-03 0.104000E-02 0.800000E-03 0.640000E-03 0.800000E-03 0.560000E-03 0.320000E-03 0.560000E-03 0.400000E-03 0.480000E-03 0.240000E-03 0.240000E-03 0.480000E-03 0.560000E-03 0.400000E-03 0.800000E-04 0.320000E-03 0.320000E-03 0.240000E-03 0.800000E-04 0.000000E+00 0.160000E-03 0.800000E-04 0.400000E-03 0.000000E+00 0.240000E-03 0.000000E+00 0.800000E-04 0.000000E+00 0.800000E-04 0.000000E+00 0.160000E-03 0.800000E-04 0.000000E+00 0.800000E-04 0.000000E+00 0.800000E-04 0.000000E+00 0.000000E+00 0.000000E+00 0.000000E+00 0.000000E+00 0.800000E-04 0.000000E+00 0.000000E+00 0.000000E+00 0.000000E+00 0.800000E-04 0.000000E+00 0.000000E+00 0.000000E+00 0.800000E-04 0.000000E+00 0.000000E+00 0.800000E-04 0.000000E+00 0.000000E+00 0.000000E+00 0.000000E+00 0.800000E-04 0.000000E+00 0.000000E+00 0.000000E+00 0.000000E+00 0.000000E+00 0.000000E+00 0.000000E+00 0.000000E+00 0.000000E+00 0.000000E+00 0.000000E+00 0.000000E+00 0.000000E+00 0.000000E+00 0.000000E+00 0.000000E+00 0.000000E+00 0.000000E+00 0.000000E+00 0.000000E+00 0.000000E+00 0.000000E+00
 0.214731E+02 0.629288E+01 0.400376E+01 0.298928E+01 0.234432E+01 0.192400E+01 0.158112E+01 0.135048E+01 0.117768E+01 0.102568E+01 0.865280E+00 0.784560E+00 0.678320E+00 0.620960E+00 0.545840E+00 0.492800E+00 0.454560E+00 0.392000E+00 0.360000E+00 0.326160E+00 0.284240E+00 0.258480E+00 0.242400E+00 0.216880E+00 0.197600E+00 0.178160E+00 0.160720E+00 0.149280E+00 0.137120E+00 0.127920E+00 0.106720E+00 0.100240E+00 0.914400E-01 0.848800E-01 0.755200E-01 0.724000E-01 0.657600E-01 0.628800E-01 0.551200E-01 0.484000E-01 0.481600E-01 0.407200E-01 0.395200E-01 0.355200E-01 0.340000E-01 0.310400E-01 0.286400E-01 0.231200E-01 0.236800E-01 0.236000E-01 0.196800E-01 0.181600E-01 0.161600E-01 0.164000E-01 0.119200E-01 0.120800E-01 0.132000E-01 0.112800E-01 0.110400E-01 0.111200E-01 0.824000E-02 0.800000E-02 0.808000E-02 0.616000E-02 0.568000E-02 0.704000E-02 0.480000E-02 0.440000E-02 0.528000E-02 0.464000E-02 0.344000E-02 0.352000E-02 0.360000E-02 0.264000E-02 0.272000E-02 0.304000E-02 0.184000E-02 0.240000E-02 0.192000E-02 0.224000E-02 0.176000E-02 0.560000E-03 0.184000E-02 0.192000E-02 0.104000E-02 0.720000E-03 0.960000E-03 0.160000E-02 0.120000E-02 0.880000E-03 0.720000E-03 0.640000E-03 0.480000E-03 0.160000E-03 0.480000E-03 0.480000E-03 0.400000E-03 0.560000E-03 0.160000E-03 0.240000E-03 0.320000E-03 0.400000E-03 0.240000E-03 0.320000E-03 0.320000E-03 0.160000E-03 0.320000E-03 0.320000E-03 0.320000E-03 0.800000E-04 0.240000E-03 0.160000E-03 0.160000E-03 0.800000E-04 0.800000E-04 0.800000E-04 0.000000E+00 0.800000E-04 0.800000E-04 0.800000E-04 0.160000E-03 0.000000E+00 0.000000E+00 0.000000E+00 0.000000E+00 0.000000E+00 0.160000E-03 0.000000E+00 0.800000E-04 0.000000E+00 0.000000E+00 0.000000E+00 0.000000E+00 0.000000E+00 0.000000E+00 0.000000E+00 0.000000E+00 0.000000E+00 0.000000E+00 0.000000E+00 0.000000E+00 0.000000E+00 0.000000E+00 0.000000E+00 0.000000E+00 0.000000E+00 0.000000E+00 0.000000E+00 0.000000E+00 0.000000E+00 0.000000E+00 0.000000E+00 0.000000E+00 0.000000E+00 0.000000E+00 0.000000E+00 0.000000E+00 0.000000E+00 0.000000E+00 0.000000E+00 0.000000E+00 0.000000E+00 0.000000E+00 0.000000E+00 0.000000E+00 0.000000E+00 0.000000E+00 0.000000E+00 0.000000E+00 0.000000E+00 0.000000E+00 0.000000E+00 0.000000E+00 0.000000E+00 0.000000E+00 0.000000E+00 0.000000E+00 0.000000E+00 0.000000E+00 0.000000E+00 0.000000E+00 0.000000E+00 0.000000E+00 0.000000E+00 0.000000E+00 0.000000E+00 0.000000E+00 0.000000E+00 0.000000E+00 0.000000E+00 0.000000E+00 0.000000E+00 0.000000E+00 0.000000E+00 0.000000E+00 0.000000E+00 0.000000E+00 0.000000E+00 0.000000E+00 0.000000E+00
 0.262839E+02 0.669504E+01 0.408968E+01 0.294824E+01 0.231584E+01 0.187504E+01 0.158568E+01 0.134848E+01 0.116184E+01 0.102992E+01 0.902640E+00 0.816560E+00 0.713520E+00 0.656000E+00 0.592240E+00 0.531600E+00 0.486400E+00 0.445760E+00 0.405520E+00 0.375840E+00 0.354240E+00 0.329680E+00 0.290240E+00 0.279520E+00 0.251840E+00 0.243680E+00 0.225440E+00 0.207920E+00 0.197520E+00 0.183120E+00 0.171360E+00 0.151040E+00 0.147440E+00 0.140240E+00 0.131440E+00 0.125760E+00 0.116480E+00 0.103200E+00 0.101520E+00 0.966400E-01 0.917600E-01 0.838400E-01 0.844000E-01 0.775200E-01 0.689600E-01 0.684000E-01 0.645600E-01 0.583200E-01 0.565600E-01 0.479200E-01 0.499200E-01 0.471200E-01 0.436800E-01 0.422400E-01 0.388800E-01 0.381600E-01 0.347200E-01 0.324000E-01 0.304800E-01 0.298400E-01 0.268800E-01 0.282400E-01 0.234400E-01 0.238400E-01 0.224800E-01 0.194400E-01 0.210400E-01 0.168000E-01 0.186400E-01 0.153600E-01 0.142400E-01 0.125600E-01 0.140000E-01 0.131200E-01 0.124000E-01 0.100800E-01 0.968000E-02 0.108000E-01 0.952000E-02 0.968000E-02 0.912000E-02 0.800000E-02 0.720000E-02 0.728000E-02 0.576000E-02 0.536000E-02 0.488000E-02 0.576000E-02 0.608000E-02 0.544000E-02 0.488000E-02 0.400000E-02 0.480000E-02 0.456000E-02 0.360000E-02 0.296000E-02 0.320000E-02 0.280000E-02 0.264000E-02 0.264000E-02 0.360000E-02 0.312000E-02 0.168000E-02 0.184000E-02 0.176000E-02 0.232000E-02 0.168000E-02 0.128000E-02 0.176000E-02 0.128000E-02 0.112000E-02 0.152000E-02 0.960000E-03 0.880000E-03 0.136000E-02 0.144000E-02 0.800000E-03 0.720000E-03 0.720000E-03 0.960000E-03 0.880000E-03 0.720000E-03 0.400000E-03 0.560000E-03 0.560000E-03 0.160000E-03 0.720000E-03 0.480000E-03 0.160000E-03 0.480000E-03 0.480000E-03 0.400000E-03 0.400000E-03 0.320000E-03 0.320000E-03 0.240000E-03 0.320000E-03 0.000000E+00 0.800000E-04 0.480000E-03 0.800000E-04 0.800000E-04 0.400000E-03 0.800000E-04 0.400000E-03 0.800000E-04 0.240000E-03 0.800000E-04 0.000000E+00 0.000000E+00 0.800000E-04 0.320000E-03 0.800000E-04 0.800000E-04 0.800000E-04 0.800000E-04 0.800000E-04 0.800000E-04 0.160000E-03 0.000000E+00 0.000000E+00 0.000000E+00 0.000000E+00 0.000000E+00 0.000000E+00 0.800000E-04 0.800000E-04 0.000000E+00 0.800000E-04 0.800000E-04 0.000000E+00 0.800000E-04 0.000000E+00 0.000000E+00 0.000000E+00 0.000000E+00 0.000000E+00 0.000000E+00 0.800000E-04 0.000000E+00 0.000000E+00 0.000000E+00 0.000000E+00 0.000000E+00 0.000000E+00 0.000000E+00 0.000000E+00 0.000000E+00 0.000000E+00 0.000000E+00 0.000000E+00 0.000000E+00 0.000000E+00 0.000000E+00 0.000000E+00 0.000000E+00 0.000000E+00 0.000000E+00 0.000000E+00 0.000000E+00
 0.133504E+03 0.112294E+02 0.727160E+01 0.551792E+01 0.444824E+01 0.373016E+01 0.323056E+01 0.277288E+01 0.248896E+01 0.221568E+01 0.199112E+01 0.182496E+01 0.163408E+01 0.150096E+01 0.135672E+01 0.124824E+01 0.115056E+01 0.106168E+01 0.965040E+00 0.893920E+00 0.815120E+00 0.767200E+00 0.686000E+00 0.643200E+00 0.592560E+00 0.546480E+00 0.510320E+00 0.479360E+00 0.448000E+00 0.403600E+00 0.381440E+00 0.340320E+00 0.318720E+00 0.302400E+00 0.277360E+00 0.265360E+00 0.243280E+00 0.219440E+00 0.209360E+00 0.192720E+00 0.173680E+00 0.167040E+00 0.154400E+00 0.139920E+00 0.136720E+00 0.122400E+00 0.114400E+00 0.110720E+00 0.978400E-01 0.899200E-01 0.825600E-01 0.784000E-01 0.767200E-01 0.721600E-01 0.628000E-01 0.592000E-01 0.549600E-01 0.537600E-01 0.507200E-01 0.476000E-01 0.385600E-01 0.400000E-01 0.372800E-01 0.330400E-01 0.320000E-01 0.284800E-01 0.255200E-01 0.239200E-01 0.234400E-01 0.212800E-01 0.213600E-01 0.184000E-01 0.180800E-01 0.165600E-01 0.140000E-01 0.140800E-01 0.123200E-01 0.110400E-01 0.952000E-02 0.912000E-02 0.119200E-01 0.100800E-01 0.928000E-02 0.728000E-02 0.840000E-02 0.616000E-02 0.616000E-02 0.664000E-02 0.560000E-02 0.408000E-02 0.504000E-02 0.536000E-02 0.432000E-02 0.440000E-02 0.384000E-02 0.360000E-02 0.312000E-02 0.288000E-02 0.256000E-02 0.320000E-02 0.240000E-02 0.256000E-02 0.208000E-02 0.136000E-02 0.184000E-02 0.208000E-02 0.880000E-03 0.136000E-02 0.112000E-02 0.144000E-02 0.880000E-03 0.104000E-02 0.960000E-03 0.720000E-03 0.104000E-02 0.640000E-03 0.960000E-03 0.640000E-03 0.320000E-03 0.160000E-03 0.160000E-03 0.320000E-03 0.800000E-04 0.640000E-03 0.320000E-03 0.480000E-03 0.960000E-03 0.400000E-03 0.240000E-03 0.240000E-03 0.160000E-03 0.800000E-04 0.160000E-03 0.800000E-04 0.240000E-03 0.160000E-03 0.800000E-04 0.800000E-04 0.800000E-04 0.320000E-03 0.800000E-04 0.160000E-03 0.000000E+00 0.160000E-03 0.800000E-04 0.800000E-04 0.800000E-04 0.160000E-03 0.000000E+00 0.160000E-03 0.800000E-04 0.000000E+00 0.000000E+00 0.800000E-04 0.000000E+00 0.800000E-04 0.000000E+00 0.800000E-04 0.000000E+00 0.000000E+00 0.000000E+00 0.000000E+00 0.000000E+00 0.800000E-04 0.000000E+00 0.000000E+00 0.000000E+00 0.000000E+00 0.000000E+00 0.000000E+00 0.800000E-04 0.000000E+00 0.000000E+00 0.000000E+00 0.000000E+00 0.000000E+00 0.000000E+00 0.000000E+00 0.000000E+00 0.000000E+00 0.000000E+00 0.000000E+00 0.000000E+00 0.000000E+00 0.000000E+00 0.000000E+00 0.000000E+00 0.000000E+00 0.000000E+00 0.000000E+00 0.000000E+00 0.000000E+00 0.000000E+00 0.000000E+00 0.000000E+00 0.000000E+00 0.000000E+00 0.000000E+00 0.000000E+00 0.000000E+00
 0.917927E+02 0.145245E+02 0.967936E+01 0.742448E+01 0.615352E+01 0.526784E+01 0.461416E+01 0.410952E+01 0.370216E+01 0.335624E+01 0.306736E+01 0.281728E+01 0.259752E+01 0.244008E+01 0.221920E+01 0.210048E+01 0.195840E+01 0.180400E+01 0.172472E+01 0.162400E+01 0.152848E+01 0.141504E+01 0.132680E+01 0.125248E+01 0.118336E+01 0.112360E+01 0.104960E+01 0.993760E+00 0.937120E+00 0.897120E+00 0.836880E+00 0.793680E+00 0.750000E+00 0.712000E+00 0.660640E+00 0.646240E+00 0.611120E+00 0.570320E+00 0.542080E+00 0.519200E+00 0.487360E+00 0.467600E+00 0.432320E+00 0.424400E+00 0.396720E+00 0.375200E+00 0.359280E+00 0.336960E+00 0.315040E+00 0.313520E+00 0.294560E+00 0.272960E+00 0.265600E+00 0.250400E+00 0.232960E+00 0.226000E+00 0.211520E+00 0.195280E+00 0.186000E+00 0.179600E+00 0.173920E+00 0.157680E+00 0.150080E+00 0.149200E+00 0.134720E+00 0.127120E+00 0.122400E+00 0.117200E+00 0.111200E+00 0.104640E+00 0.100160E+00 0.928800E-01 0.892000E-01 0.858400E-01 0.804000E-01 0.774400E-01 0.712800E-01 0.662400E-01 0.663200E-01 0.666400E-01 0.576000E-01 0.555200E-01 0.517600E-01 0.506400E-01 0.481600E-01 0.477600E-01 0.435200E-01 0.435200E-01 0.377600E-01 0.380800E-01 0.363200E-01 0.311200E-01 0.311200E-01 0.254400E-01 0.294400E-01 0.237600E-01 0.273600E-01 0.264000E-01 0.230400E-01 0.204000E-01 0.216000E-01 0.212000E-01 0.177600E-01 0.149600E-01 0.160000E-01 0.153600E-01 0.169600E-01 0.152000E-01 0.129600E-01 0.136800E-01 0.101600E-01 0.128800E-01 0.107200E-01 0.848000E-02 0.848000E-02 0.848000E-02 0.776000E-02 0.656000E-02 0.776000E-02 0.840000E-02 0.640000E-02 0.608000E-02 0.672000E-02 0.552000E-02 0.504000E-02 0.608000E-02 0.552000E-02 0.424000E-02 0.544000E-02 0.408000E-02 0.424000E-02 0.384000E-02 0.352000E-02 0.368000E-02 0.336000E-02 0.232000E-02 0.264000E-02 0.256000E-02 0.320000E-02 0.256000E-02 0.168000E-02 0.232000E-02 0.224000E-02 0.216000E-02 0.176000E-02 0.200000E-02 0.136000E-02 0.208000E-02 0.168000E-02 0.136000E-02 0.112000E-02 0.200000E-02 0.960000E-03 0.880000E-03 0.960000E-03 0.560000E-03 0.880000E-03 0.800000E-03 0.720000E-03 0.104000E-02 0.960000E-03 0.640000E-03 0.400000E-03 0.720000E-03 0.560000E-03 0.320000E-03 0.160000E-03 0.640000E-03 0.800000E-04 0.560000E-03 0.480000E-03 0.400000E-03 0.400000E-03 0.240000E-03 0.800000E-04 0.160000E-03 0.000000E+00 0.480000E-03 0.240000E-03 0.160000E-03 0.800000E-04 0.000000E+00 0.240000E-03 0.000000E+00 0.240000E-03 0.000000E+00 0.000000E+00 0.160000E-03 0.800000E-04 0.000000E+00 0.800000E-04 0.160000E-03 0.240000E-03 0.800000E-04 0.000000E+00 0.000000E+00 0.000000E+00 0.000000E+00 0.000000E+00 0.000000E+00
 0.219877E+02 0.648240E+01 0.412464E+01 0.305232E+01 0.238424E+01 0.196464E+01 0.164944E+01 0.141328E+01 0.120136E+01 0.103768E+01 0.917840E+00 0.802400E+00 0.713040E+00 0.634400E+00 0.560160E+00 0.491280E+00 0.453040E+00 0.389680E+00 0.367840E+00 0.328640E+00 0.300000E+00 0.271200E+00 0.244560E+00 0.220800E+00 0.197360E+00 0.178640E+00 0.169840E+00 0.152400E+00 0.140160E+00 0.126000E+00 0.115760E+00 0.106000E+00 0.100320E+00 0.884000E-01 0.777600E-01 0.768000E-01 0.712000E-01 0.624000E-01 0.573600E-01 0.516000E-01 0.518400E-01 0.438400E-01 0.394400E-01 0.341600E-01 0.349600E-01 0.298400E-01 0.288800E-01 0.285600E-01 0.244800E-01 0.196000E-01 0.199200E-01 0.200800E-01 0.154400E-01 0.157600E-01 0.158400E-01 0.133600E-01 0.103200E-01 0.134400E-01 0.103200E-01 0.968000E-02 0.840000E-02 0.984000E-02 0.696000E-02 0.768000E-02 0.624000E-02 0.560000E-02 0.448000E-02 0.488000E-02 0.504000E-02 0.544000E-02 0.408000E-02 0.424000E-02 0.368000E-02 0.288000E-02 0.280000E-02 0.288000E-02 0.232000E-02 0.200000E-02 0.184000E-02 0.160000E-02 0.136000E-02 0.880000E-03 0.160000E-02 0.136000E-02 0.104000E-02 0.136000E-02 0.112000E-02 0.880000E-03 0.120000E-02 0.128000E-02 0.104000E-02 0.400000E-03 0.640000E-03 0.104000E-02 0.880000E-03 0.720000E-03 0.800000E-03 0.480000E-03 0.320000E-03 0.400000E-03 0.400000E-03 0.160000E-03 0.160000E-03 0.400000E-03 0.240000E-03 0.480000E-03 0.160000E-03 0.240000E-03 0.160000E-03 0.000000E+00 0.000000E+00 0.800000E-04 0.800000E-04 0.160000E-03 0.240000E-03 0.800000E-04 0.000000E+00 0.800000E-04 0.240000E-03 0.800000E-04 0.000000E+00 0.800000E-04 0.800000E-04 0.800000E-04 0.000000E+00 0.160000E-03 0.800000E-04 0.000000E+00 0.000000E+00 0.800000E-04 0.000000E+00 0.000000E+00 0.000000E+00 0.000000E+00 0.000000E+00 0.000000E+00 0.000000E+00 0.000000E+00 0.000000E+00 0.000000E+00 0.000000E+00 0.000000E+00 0.000000E+00 0.000000E+00 0.000000E+00 0.000000E+00 0.000000E+00 0.000000E+00 0.000000E+00 0.000000E+00 0.000000E+00 0.000000E+00 0.000000E+00 0.000000E+00 0.000000E+00 0.000000E+00 0.000000E+00 0.000000E+00 0.000000E+00 0.000000E+00 0.000000E+00 0.000000E+00 0.000000E+00 0.000000E+00 0.000000E+00 0.000000E+00 0.000000E+00 0.000000E+00 0.000000E+00 0.000000E+00 0.000000E+00 0.000000E+00 0.000000E+00 0.000000E+00 0.000000E+00 0.000000E+00 0.000000E+00 0.000000E+00 0.000000E+00 0.000000E+00 0.000000E+00 0.000000E+00 0.000000E+00 0.000000E+00 0.000000E+00 0.000000E+00 0.000000E+00 0.000000E+00 0.000000E+00 0.000000E+00 0.000000E+00 0.000000E+00 0.000000E+00 0.000000E+00 0.000000E+00 0.000000E+00 0.000000E+00 0.000000E+00 0.000000E+00 0.000000E+00
 0.269259E+02 0.688040E+01 0.420648E+01 0.303136E+01 0.237672E+01 0.192560E+01 0.163976E+01 0.138792E+01 0.118032E+01 0.104672E+01 0.921600E+00 0.824640E+00 0.744640E+00 0.672960E+00 0.607040E+00 0.551520E+00 0.505200E+00 0.456400E+00 0.431920E+00 0.394480E+00 0.354400E+00 0.322640E+00 0.306240E+00 0.285120E+00 0.256080E+00 0.251200E+00 0.224800E+00 0.216720E+00 0.206160E+00 0.186240E+00 0.166480E+00 0.158160E+00 0.149680E+00 0.149360E+00 0.137200E+00 0.130640E+00 0.116880E+00 0.110000E+00 0.104080E+00 0.942400E-01 0.927200E-01 0.880800E-01 0.774400E-01 0.745600E-01 0.684800E-01 0.705600E-01 0.619200E-01 0.608800E-01 0.592000E-01 0.545600E-01 0.504800E-01 0.444000E-01 0.432000E-01 0.420000E-01 0.376800E-01 0.369600E-01 0.351200E-01 0.314400E-01 0.296000E-01 0.292000E-01 0.273600E-01 0.268000E-01 0.256000E-01 0.256000E-01 0.222400E-01 0.213600E-01 0.195200E-01 0.182400E-01 0.176000E-01 0.148000E-01 0.153600E-01 0.157600E-01 0.131200E-01 0.137600E-01 0.125600E-01 0.115200E-01 0.111200E-01 0.103200E-01 0.952000E-02 0.936000E-02 0.872000E-02 0.928000E-02 0.696000E-02 0.672000E-02 0.816000E-02 0.704000E-02 0.608000E-02 0.528000E-02 0.424000E-02 0.528000E-02 0.520000E-02 0.568000E-02 0.480000E-02 0.496000E-02 0.416000E-02 0.400000E-02 0.376000E-02 0.368000E-02 0.456000E-02 0.296000E-02 0.272000E-02 0.272000E-02 0.232000E-02 0.152000E-02 0.240000E-02 0.216000E-02 0.160000E-02 0.200000E-02 0.144000E-02 0.160000E-02 0.144000E-02 0.112000E-02 0.176000E-02 0.104000E-02 0.720000E-03 0.136000E-02 0.880000E-03 0.112000E-02 0.560000E-03 0.104000E-02 0.800000E-03 0.640000E-03 0.800000E-03 0.560000E-03 0.320000E-03 0.560000E-03 0.400000E-03 0.480000E-03 0.240000E-03 0.240000E-03 0.480000E-03 0.560000E-03 0.400000E-03 0.800000E-04 0.320000E-03 0.320000E-03 0.240000E-03 0.800000E-04 0.000000E+00 0.160000E-03 0.800000E-04 0.400000E-03 0.000000E+00 0.240000E-03 0.000000E+00 0.800000E-04 0.000000E+00 0.800000E-04 0.000000E+00 0.160000E-03 0.800000E-04 0.000000E+00 0.800000E-04 0.000000E+00 0.800000E-04 0.000000E+00 0.000000E+00 0.000000E+00 0.000000E+00 0.000000E+00 0.800000E-04 0.000000E+00 0.000000E+00 0.000000E+00 0.000000E+00 0.800000E-04 0.000000E+00 0.000000E+00 0.000000E+00 0.800000E-04 0.000000E+00 0.000000E+00 0.800000E-04 0.000000E+00 0.000000E+00 0.000000E+00 0.000000E+00 0.800000E-04 0.000000E+00 0.000000E+00 0.000000E+00 0.000000E+00 0.000000E+00 0.000000E+00 0.000000E+00 0.000000E+00 0.000000E+00 0.000000E+00 0.000000E+00 0.000000E+00 0.000000E+00 0.000000E+00 0.000000E+00 0.000000E+00 0.000000E+00 0.000000E+00 0.000000E+00 0.000000E+00 0.000000E+00 0.000000E+00
 0.214731E+02 0.629288E+01 0.400376E+01 0.298928E+01 0.234432E+01 0.192400E+01 0.158112E+01 0.135048E+01 0.117768E+01 0.102568E+01 0.865280E+00 0.784560E+00 0.678320E+00 0.620960E+00 0.545840E+00 0.492800E+00 0.454560E+00 0.392000E+00 0.360000E+00 0.326160E+00 0.284240E+00 0.258480E+00 0.242400E+00 0.216880E+00 0.197600E+00 0.178160E+00 0.160720E+00 0.149280E+00 0.137120E+00 0.127920E+00 0.106720E+00 0.100240E+00 0.914400E-01 0.848800E-01 0.755200E-01 0.724000E-01 0.657600E-01 0.628800E-01 0.551200E-01 0.484000E-01 0.481600E-01 0.407200E-01 0.395200E-01 0.355200E-01 0.340000E-01 0.310400E-01 0.286400E-01 0.231200E-01 0.236800E-01 0.236000E-01 0.196800E-01 0.181600E-01 0.161600E-01 0.164000E-01 0.119200E-01 0.120800E-01 0.132000E-01 0.112800E-01 0.110400E-01 0.111200E-01 0.824000E-02 0.800000E-02 0.808000E-02 0.616000E-02 0.568000E-02 0.704000E-02 0.480000E-02 0.440000E-02 0.528000E-02 0.464000E-02 0.344000E-02 0.352000E-02 0.360000E-02 0.264000E-02 0.272000E-02 0.304000E-02 0.184000E-02 0.240000E-02 0.192000E-02 0.224000E-02 0.176000E-02 0.560000E-03 0.184000E-02 0.192000E-02 0.104000E-02 0.720000E-03 0.960000E-03 0.160000E-02 0.120000E-02 0.880000E-03 0.720000E-03 0.640000E-03 0.480000E-03 0.160000E-03 0.480000E-03 0.480000E-03 0.400000E-03 0.560000E-03 0.160000E-03 0.240000E-03 0.320000E-03 0.400000E-03 0.240000E-03 0.320000E-03 0.320000E-03 0.160000E-03 0.320000E-03 0.320000E-03 0.320000E-03 0.800000E-04 0.240000E-03 0.160000E-03 0.160000E-03 0.800000E-04 0.800000E-04 0.800000E-04 0.000000E+00 0.800000E-04 0.800000E-04 0.800000E-04 0.160000E-03 0.000000E+00 0.000000E+00 0.000000E+00 0.000000E+00 0.000000E+00 0.160000E-03 0.000000E+00 0.800000E-04 0.000000E+00 0.000000E+00 0.000000E+00 0.000000E+00 0.000000E+00 0.000000E+00 0.000000E+00 0.000000E+00 0.000000E+00 0.000000E+00 0.000000E+00 0.000000E+00 0.000000E+00 0.000000E+00 0.000000E+00 0.000000E+00 0.000000E+00 0.000000E+00 0.000000E+00 0.000000E+00 0.000000E+00 0.000000E+00 0.000000E+00 0.000000E+00 0.000000E+00 0.000000E+00 0.000000E+00 0.000000E+00 0.000000E+00 0.000000E+00 0.000000E+00 0.000000E+00 0.000000E+00 0.000000E+00 0.000000E+00 0.000000E+00 0.000000E+00 0.000000E+00 0.000000E+00 0.000000E+00 0.000000E+00 0.000000E+00 0.000000E+00 0.000000E+00 0.000000E+00 0.000000E+00 0.000000E+00 0.000000E+00 0.000000E+00 0.000000E+00 0.000000E+00 0.000000E+00 0.000000E+00 0.000000E+00 0.000000E+00 0.000000E+00 0.000000E+00 0.000000E+00 0.000000E+00 0.000000E+00 0.000000E+00 0.000000E+00 0.000000E+00 0.000000E+00 0.000000E+00 0.000000E+00 0.000000E+00 0.000000E+00 0.000000E+00 0.000000E+00 0.000000E+00
 0.262839E+02 0.669504E+01 0.408968E+01 0.294824E+01 0.231584E+01 0.187504E+01 0.158568E+01 0.134848E+01 0.116184E+01 0.102992E+01 0.902640E+00 0.816560E+00 0.713520E+00 0.656000E+00 0.592240E+00 0.531600E+00 0.486400E+00 0.445760E+00 0.405520E+00 0.375840E+00 0.354240E+00 0.329680E+00 0.290240E+00 0.279520E+00 0.251840E+00 0.243680E+00 0.225440E+00 0.207920E+00 0.197520E+00 0.183120E+00 0.171360E+00 0.151040E+00 0.147440E+00 0.140240E+00 0.131440E+00 0.125760E+00 0.116480E+00 0.103200E+00 0.101520E+00 0.966400E-01 0.917600E-01 0.838400E-01 0.844000E-01 0.775200E-01 0.689600E-01 0.684000E-01 0.645600E-01 0.583200E-01 0.565600E-01 0.479200E-01 0.499200E-01 0.471200E-01 0.436800E-01 0.422400E-01 0.388800E-01 0.381600E-01 0.347200E-01 0.324000E-01 0.304800E-01 0.298400E-01 0.268800E-01 0.282400E-01 0.234400E-01 0.238400E-01 0.224800E-01 0.194400E-01 0.210400E-01 0.168000E-01 0.186400E-01 0.153600E-01 0.142400E-01 0.125600E-01 0.140000E-01 0.131200E-01 0.124000E-01 0.100800E-01 0.968000E-02 0.108000E-01 0.952000E-02 0.968000E-02 0.912000E-02 0.800000E-02 0.720000E-02 0.728000E-02 0.576000E-02 0.536000E-02 0.488000E-02 0.576000E-02 0.608000E-02 0.544000E-02 0.488000E-02 0.400000E-02 0.480000E-02 0.456000E-02 0.360000E-02 0.296000E-02 0.320000E-02 0.280000E-02 0.264000E-02 0.264000E-02 0.360000E-02 0.312000E-02 0.168000E-02 0.184000E-02 0.176000E-02 0.232000E-02 0.168000E-02 0.128000E-02 0.176000E-02 0.128000E-02 0.112000E-02 0.152000E-02 0.960000E-03 0.880000E-03 0.136000E-02 0.144000E-02 0.800000E-03 0.720000E-03 0.720000E-03 0.960000E-03 0.880000E-03 0.720000E-03 0.400000E-03 0.560000E-03 0.560000E-03 0.160000E-03 0.720000E-03 0.480000E-03 0.160000E-03 0.480000E-03 0.480000E-03 0.400000E-03 0.400000E-03 0.320000E-03 0.320000E-03 0.240000E-03 0.320000E-03 0.000000E+00 0.800000E-04 0.480000E-03 0.800000E-04 0.800000E-04 0.400000E-03 0.800000E-04 0.400000E-03 0.800000E-04 0.240000E-03 0.800000E-04 0.000000E+00 0.000000E+00 0.800000E-04 0.320000E-03 0.800000E-04 0.800000E-04 0.800000E-04 0.800000E-04 0.800000E-04 0.800000E-04 0.160000E-03 0.000000E+00 0.000000E+00 0.000000E+00 0.000000E+00 0.000000E+00 0.000000E+00 0.800000E-04 0.800000E-04 0.000000E+00 0.800000E-04 0.800000E-04 0.000000E+00 0.800000E-04 0.000000E+00 0.000000E+00 0.000000E+00 0.000000E+00 0.000000E+00 0.000000E+00 0.800000E-04 0.000000E+00 0.000000E+00 0.000000E+00 0.000000E+00 0.000000E+00 0.000000E+00 0.000000E+00 0.000000E+00 0.000000E+00 0.000000E+00 0.000000E+00 0.000000E+00 0.000000E+00 0.000000E+00 0.000000E+00 0.000000E+00 0.000000E+00 0.000000E+00 0.000000E+00 0.000000E+00 0.000000E+00
 0.133504E+03 0.112294E+02 0.727160E+01 0.551792E+01 0.444824E+01 0.373016E+01 0.323056E+01 0.277288E+01 0.248896E+01 0.221568E+01 0.199112E+01 0.182496E+01 0.163408E+01 0.150096E+01 0.135672E+01 0.124824E+01 0.115056E+01 0.106168E+01 0.965040E+00 0.893920E+00 0.815120E+00 0.767200E+00 0.686000E+00 0.643200E+00 0.592560E+00 0.546480E+00 0.510320E+00 0.479360E+00 0.448000E+00 0.403600E+00 0.381440E+00 0.340320E+00 0.318720E+00 0.302400E+00 0.277360E+00 0.265360E+00 0.243280E+00 0.219440E+00 0.209360E+00 0.192720E+00 0.173680E+00 0.167040E+00 0.154400E+00 0.139920E+00 0.136720E+00 0.122400E+00 0.114400E+00 0.110720E+00 0.978400E-01 0.899200E-01 0.825600E-01 0.784000E-01 0.767200E-01 0.721600E-01 0.628000E-01 0.592000E-01 0.549600E-01 0.537600E-01 0.507200E-01 0.476000E-01 0.385600E-01 0.400000E-01 0.372800E-01 0.330400E-01 0.320000E-01 0.284800E-01 0.255200E-01 0.239200E-01 0.234400E-01 0.212800E-01 0.213600E-01 0.184000E-01 0.180800E-01 0.165600E-01 0.140000E-01 0.140800E-01 0.123200E-01 0.110400E-01 0.952000E-02 0.912000E-02 0.119200E-01 0.100800E-01 0.928000E-02 0.728000E-02 0.840000E-02 0.616000E-02 0.616000E-02 0.664000E-02 0.560000E-02 0.408000E-02 0.504000E-02 0.536000E-02 0.432000E-02 0.440000E-02 0.384000E-02 0.360000E-02 0.312000E-02 0.288000E-02 0.256000E-02 0.320000E-02 0.240000E-02 0.256000E-02 0.208000E-02 0.136000E-02 0.184000E-02 0.208000E-02 0.880000E-03 0.136000E-02 0.112000E-02 0.144000E-02 0.880000E-03 0.104000E-02 0.960000E-03 0.720000E-03 0.104000E-02 0.640000E-03 0.960000E-03 0.640000E-03 0.320000E-03 0.160000E-03 0.160000E-03 0.320000E-03 0.800000E-04 0.640000E-03 0.320000E-03 0.480000E-03 0.960000E-03 0.400000E-03 0.240000E-03 0.240000E-03 0.160000E-03 0.800000E-04 0.160000E-03 0.800000E-04 0.240000E-03 0.160000E-03 0.800000E-04 0.800000E-04 0.800000E-04 0.320000E-03 0.800000E-04 0.160000E-03 0.000000E+00 0.160000E-03 0.800000E-04 0.800000E-04 0.800000E-04 0.160000E-03 0.000000E+00 0.160000E-03 0.800000E-04 0.000000E+00 0.000000E+00 0.800000E-04 0.000000E+00 0.800000E-04 0.000000E+00 0.800000E-04 0.000000E+00 0.000000E+00 0.000000E+00 0.000000E+00 0.000000E+00 0.800000E-04 0.000000E+00 0.000000E+00 0.000000E+00 0.000000E+00 0.000000E+00 0.000000E+00 0.800000E-04 0.000000E+00 0.000000E+00 0.000000E+00 0.000000E+00 0.000000E+00 0.000000E+00 0.000000E+00 0.000000E+00 0.000000E+00 0.000000E+00 0.000000E+00 0.000000E+00 0.000000E+00 0.000000E+00 0.000000E+00 0.000000E+00 0.000000E+00 0.000000E+00 0.000000E+00 0.000000E+00 0.000000E+00 0.000000E+00 0.000000E+00 0.000000E+00 0.000000E+00 0.000000E+00 0.000000E+00 0.000000E+00 0.000000E+00
 0.917927E+02 0.145245E+02 0.967936E+01 0.742448E+01 0.615352E+01 0.526784E+01 0.461416E+01 0.410952E+01 0.370216E+01 0.335624E+01 0.306736E+01 0.281728E+01 0.259752E+01 0.244008E+01 0.221920E+01 0.210048E+01 0.195840E+01 0.180400E+01 0.172472E+01 0.162400E+01 0.152848E+01 0.141504E+01 0.132680E+01 0.125248E+01 0.118336E+01 0.112360E+01 0.104960E+01 0.993760E+00 0.937120E+00 0.897120E+00 0.836880E+00 0.793680E+00 0.750000E+00 0.712000E+00 0.660640E+00 0.646240E+00 0.611120E+00 0.570320E+00 0.542080E+00 0.519200E+00 0.487360E+00 0.467600E+00 0.432320E+00 0.424400E+00 0.396720E+00 0.375200E+00 0.359280E+00 0.336960E+00 0.315040E+00 0.313520E+00 0.294560E+00 0.272960E+00 0.265600E+00 0.250400E+00 0.232960E+00 0.226000E+00 0.211520E+00 0.195280E+00 0.186000E+00 0.179600E+00 0.173920E+00 0.157680E+00 0.150080E+00 0.149200E+00 0.134720E+00 0.127120E+00 0.122400E+00 0.117200E+00 0.111200E+00 0.104640E+00 0.100160E+00 0.928800E-01 0.892000E-01 0.858400E-01 0.804000E-01 0.774400E-01 0.712800E-01 0.662400E-01 0.663200E-01 0.666400E-01 0.576000E-01 0.555200E-01 0.517600E-01 0.506400E-01 0.481600E-01 0.477600E-01 0.435200E-01 0.435200E-01 0.377600E-01 0.380800E-01 0.363200E-01 0.311200E-01 0.311200E-01 0.254400E-01 0.294400E-01 0.237600E-01 0.273600E-01 0.264000E-01 0.230400E-01 0.204000E-01 0.216000E-01 0.212000E-01 0.177600E-01 0.149600E-01 0.160000E-01 0.153600E-01 0.169600E-01 0.152000E-01 0.129600E-01 0.136800E-01 0.101600E-01 0.128800E-01 0.107200E-01 0.848000E-02 0.848000E-02 0.848000E-02 0.776000E-02 0.656000E-02 0.776000E-02 0.840000E-02 0.640000E-02 0.608000E-02 0.672000E-02 0.552000E-02 0.504000E-02 0.608000E-02 0.552000E-02 0.424000E-02 0.544000E-02 0.408000E-02 0.424000E-02 0.384000E-02 0.352000E-02 0.368000E-02 0.336000E-02 0.232000E-02 0.264000E-02 0.256000E-02 0.320000E-02 0.256000E-02 0.168000E-02 0.232000E-02 0.224000E-02 0.216000E-02 0.176000E-02 0.200000E-02 0.136000E-02 0.208000E-02 0.168000E-02 0.136000E-02 0.112000E-02 0.200000E-02 0.960000E-03 0.880000E-03 0.960000E-03 0.560000E-03 0.880000E-03 0.800000E-03 0.720000E-03 0.104000E-02 0.960000E-03 0.640000E-03 0.400000E-03 0.720000E-03 0.560000E-03 0.320000E-03 0.160000E-03 0.640000E-03 0.800000E-04 0.560000E-03 0.480000E-03 0.400000E-03 0.400000E-03 0.240000E-03 0.800000E-04 0.160000E-03 0.000000E+00 0.480000E-03 0.240000E-03 0.160000E-03 0.800000E-04 0.000000E+00 0.240000E-03 0.000000E+00 0.240000E-03 0.000000E+00 0.000000E+00 0.160000E-03 0.800000E-04 0.000000E+00 0.800000E-04 0.160000E-03 0.240000E-03 0.800000E-04 0.000000E+00 0.000000E+00 0.000000E+00 0.000000E+00 0.000000E+00 0.000000E+00
 0.214595E+02 0.602344E+01 0.370288E+01 0.266976E+01 0.202760E+01 0.162800E+01 0.133824E+01 0.112208E+01 0.927520E+00 0.788480E+00 0.687680E+00 0.585440E+00 0.510640E+00 0.445920E+00 0.386720E+00 0.338960E+00 0.306800E+00 0.254320E+00 0.234400E+00 0.208640E+00 0.185600E+00 0.167920E+00 0.146160E+00 0.130000E+00 0.115840E+00 0.101920E+00 0.921600E-01 0.835200E-01 0.789600E-01 0.626400E-01 0.607200E-01 0.536000E-01 0.487200E-01 0.452000E-01 0.364800E-01 0.368000E-01 0.350400E-01 0.294400E-01 0.253600E-01 0.240000E-01 0.236000E-01 0.192800E-01 0.179200E-01 0.132800E-01 0.152000E-01 0.112800E-01 0.122400E-01 0.109600E-01 0.952000E-02 0.752000E-02 0.816000E-02 0.760000E-02 0.568000E-02 0.560000E-02 0.552000E-02 0.496000E-02 0.392000E-02 0.528000E-02 0.312000E-02 0.288000E-02 0.240000E-02 0.384000E-02 0.208000E-02 0.256000E-02 0.184000E-02 0.144000E-02 0.136000E-02 0.960000E-03 0.136000E-02 0.152000E-02 0.880000E-03 0.104000E-02 0.128000E-02 0.480000E-03 0.400000E-03 0.120000E-02 0.480000E-03 0.640000E-03 0.400000E-03 0.320000E-03 0.560000E-03 0.240000E-03 0.400000E-03 0.320000E-03 0.240000E-03 0.240000E-03 0.160000E-03 0.160000E-03 0.800000E-04 0.800000E-04 0.160000E-03 0.800000E-04 0.800000E-04 0.240000E-03 0.000000E+00 0.240000E-03 0.000000E+00 0.800000E-04 0.800000E-04 0.800000E-04 0.000000E+00 0.000000E+00 0.800000E-04 0.160000E-03 0.000000E+00 0.160000E-03 0.000000E+00 0.000000E+00 0.000000E+00 0.000000E+00 0.000000E+00 0.000000E+00 0.000000E+00 0.000000E+00 0.000000E+00 0.000000E+00 0.000000E+00 0.000000E+00 0.000000E+00 0.000000E+00 0.000000E+00 0.000000E+00 0.000000E+00 0.000000E+00 0.000000E+00 0.000000E+00 0.000000E+00 0.000000E+00 0.000000E+00 0.000000E+00 0.000000E+00 0.000000E+00 0.000000E+00 0.000000E+00 0.000000E+00 0.000000E+00 0.000000E+00 0.000000E+00 0.000000E+00 0.000000E+00 0.000000E+00 0.000000E+00 0.000000E+00 0.000000E+00 0.000000E+00 0.000000E+00 0.000000E+00 0.000000E+00 0.000000E+00 0.000000E+00 0.000000E+00 0.000000E+00 0.000000E+00 0.000000E+00 0.000000E+00 0.000000E+00 0.000000E+00 0.000000E+00 0.000000E+00 0.000000E+00 0.000000E+00 0.000000E+00 0.000000E+00 0.000000E+00 0.000000E+00 0.000000E+00 0.000000E+00 0.000000E+00 0.000000E+00 0.000000E+00 0.000000E+00 0.000000E+00 0.000000E+00 0.000000E+00 0.000000E+00 0.000000E+00 0.000000E+00 0.000000E+00 0.000000E+00 0.000000E+00 0.000000E+00 0.000000E+00 0.000000E+00 0.000000E+00 0.000000E+00 0.000000E+00 0.000000E+00 0.000000E+00 0.000000E+00 0.000000E+00 0.000000E+00 0.000000E+00 0.000000E+00 0.000000E+00 0.000000E+00 0.000000E+00 0.000000E+00 0.000000E+00 0.000000E+00 0.000000E+00
 0.264884E+02 0.645664E+01 0.379600E+01 0.265520E+01 0.200464E+01 0.156960E+01 0.130104E+01 0.106848E+01 0.866800E+00 0.750800E+00 0.642560E+00 0.548560E+00 0.483920E+00 0.423920E+00 0.369600E+00 0.323040E+00 0.287680E+00 0.248800E+00 0.225200E+00 0.200240E+00 0.173680E+00 0.159440E+00 0.136560E+00 0.127120E+00 0.114880E+00 0.103120E+00 0.881600E-01 0.814400E-01 0.768800E-01 0.660000E-01 0.548000E-01 0.516000E-01 0.485600E-01 0.462400E-01 0.424000E-01 0.344000E-01 0.290400E-01 0.291200E-01 0.273600E-01 0.238400E-01 0.209600E-01 0.212000E-01 0.172000E-01 0.140800E-01 0.140800E-01 0.132800E-01 0.116800E-01 0.106400E-01 0.111200E-01 0.864000E-02 0.720000E-02 0.704000E-02 0.704000E-02 0.552000E-02 0.504000E-02 0.560000E-02 0.392000E-02 0.432000E-02 0.328000E-02 0.336000E-02 0.360000E-02 0.328000E-02 0.288000E-02 0.248000E-02 0.200000E-02 0.200000E-02 0.216000E-02 0.120000E-02 0.176000E-02 0.120000E-02 0.120000E-02 0.880000E-03 0.104000E-02 0.112000E-02 0.960000E-03 0.120000E-02 0.112000E-02 0.480000E-03 0.320000E-03 0.400000E-03 0.640000E-03 0.880000E-03 0.640000E-03 0.480000E-03 0.240000E-03 0.480000E-03 0.400000E-03 0.320000E-03 0.240000E-03 0.800000E-04 0.240000E-03 0.800000E-04 0.240000E-03 0.800000E-04 0.160000E-03 0.000000E+00 0.400000E-03 0.160000E-03 0.160000E-03 0.320000E-03 0.000000E+00 0.000000E+00 0.800000E-04 0.000000E+00 0.000000E+00 0.160000E-03 0.000000E+00 0.160000E-03 0.000000E+00 0.000000E+00 0.000000E+00 0.000000E+00 0.000000E+00 0.800000E-04 0.000000E+00 0.000000E+00 0.000000E+00 0.000000E+00 0.000000E+00 0.000000E+00 0.000000E+00 0.000000E+00 0.000000E+00 0.000000E+00 0.000000E+00 0.000000E+00 0.000000E+00 0.000000E+00 0.000000E+00 0.000000E+00 0.000000E+00 0.000000E+00 0.000000E+00 0.000000E+00 0.000000E+00 0.000000E+00 0.000000E+00 0.000000E+00 0.000000E+00 0.000000E+00 0.000000E+00 0.000000E+00 0.000000E+00 0.000000E+00 0.000000E+00 0.000000E+00 0.000000E+00 0.000000E+00 0.000000E+00 0.000000E+00 0.000000E+00 0.000000E+00 0.000000E+00 0.000000E+00 0.000000E+00 0.000000E+00 0.000000E+00 0.000000E+00 0.000000E+00 0.000000E+00 0.000000E+00 0.000000E+00 0.000000E+00 0.000000E+00 0.000000E+00 0.000000E+00 0.000000E+00 0.000000E+00 0.000000E+00 0.000000E+00 0.000000E+00 0.000000E+00 0.000000E+00 0.000000E+00 0.000000E+00 0.000000E+00 0.000000E+00 0.000000E+00 0.000000E+00 0.000000E+00 0.000000E+00 0.000000E+00 0.000000E+00 0.000000E+00 0.000000E+00 0.000000E+00 0.000000E+00 0.000000E+00 0.000000E+00 0.000000E+00 0.000000E+00 0.000000E+00 0.000000E+00 0.000000E+00 0.000000E+00 0.000000E+00 0.000000E+00 0.000000E+00 0.000000E+00 0.000000E+00
 0.209606E+02 0.584384E+01 0.360240E+01 0.261232E+01 0.199208E+01 0.159312E+01 0.127272E+01 0.106760E+01 0.916160E+00 0.782960E+00 0.646560E+00 0.572880E+00 0.484320E+00 0.438160E+00 0.380480E+00 0.325360E+00 0.305360E+00 0.258160E+00 0.231600E+00 0.207120E+00 0.176880E+00 0.159120E+00 0.149680E+00 0.128560E+00 0.112960E+00 0.101360E+00 0.914400E-01 0.798400E-01 0.763200E-01 0.699200E-01 0.531200E-01 0.532800E-01 0.457600E-01 0.430400E-01 0.367200E-01 0.349600E-01 0.332800E-01 0.315200E-01 0.252000E-01 0.207200E-01 0.226400E-01 0.179200E-01 0.162400E-01 0.140000E-01 0.153600E-01 0.114400E-01 0.116800E-01 0.848000E-02 0.896000E-02 0.952000E-02 0.864000E-02 0.712000E-02 0.616000E-02 0.608000E-02 0.496000E-02 0.424000E-02 0.432000E-02 0.344000E-02 0.368000E-02 0.312000E-02 0.224000E-02 0.248000E-02 0.240000E-02 0.160000E-02 0.120000E-02 0.224000E-02 0.128000E-02 0.112000E-02 0.192000E-02 0.184000E-02 0.128000E-02 0.104000E-02 0.104000E-02 0.640000E-03 0.480000E-03 0.800000E-03 0.560000E-03 0.320000E-03 0.480000E-03 0.720000E-03 0.400000E-03 0.000000E+00 0.480000E-03 0.320000E-03 0.160000E-03 0.800000E-04 0.480000E-03 0.240000E-03 0.800000E-04 0.160000E-03 0.160000E-03 0.160000E-03 0.000000E+00 0.000000E+00 0.800000E-04 0.800000E-04 0.000000E+00 0.000000E+00 0.000000E+00 0.000000E+00 0.000000E+00 0.000000E+00 0.000000E+00 0.800000E-04 0.800000E-04 0.000000E+00 0.000000E+00 0.000000E+00 0.000000E+00 0.000000E+00 0.000000E+00 0.000000E+00 0.000000E+00 0.000000E+00 0.000000E+00 0.000000E+00 0.000000E+00 0.000000E+00 0.000000E+00 0.000000E+00 0.000000E+00 0.000000E+00 0.000000E+00 0.000000E+00 0.000000E+00 0.000000E+00 0.000000E+00 0.000000E+00 0.800000E-04 0.000000E+00 0.000000E+00 0.000000E+00 0.000000E+00 0.000000E+00 0.000000E+00 0.000000E+00 0.000000E+00 0.000000E+00 0.000000E+00 0.000000E+00 0.000000E+00 0.000000E+00 0.000000E+00 0.000000E+00 0.000000E+00 0.000000E+00 0.000000E+00 0.000000E+00 0.000000E+00 0.000000E+00 0.000000E+00 0.000000E+00 0.000000E+00 0.000000E+00 0.000000E+00 0.000000E+00 0.000000E+00 0.000000E+00 0.000000E+00 0.000000E+00 0.000000E+00 0.000000E+00 0.000000E+00 0.000000E+00 0.000000E+00 0.000000E+00 0.000000E+00 0.000000E+00 0.000000E+00 0.000000E+00 0.000000E+00 0.000000E+00 0.000000E+00 0.000000E+00 0.000000E+00 0.000000E+00 0.000000E+00 0.000000E+00 0.000000E+00 0.000000E+00 0.000000E+00 0.000000E+00 0.000000E+00 0.000000E+00 0.000000E+00 0.000000E+00 0.000000E+00 0.000000E+00 0.000000E+00 0.000000E+00 0.000000E+00 0.000000E+00 0.000000E+00 0.000000E+00 0.000000E+00 0.000000E+00 0.000000E+00 0.000000E+00 0.000000E+00 0.000000E+00
 0.258550E+02 0.629056E+01 0.370728E+01 0.257448E+01 0.195280E+01 0.152840E+01 0.124920E+01 0.103096E+01 0.863360E+00 0.723440E+00 0.622080E+00 0.540400E+00 0.460240E+00 0.410800E+00 0.359200E+00 0.306720E+00 0.277520E+00 0.243520E+00 0.209360E+00 0.190640E+00 0.175040E+00 0.155120E+00 0.126320E+00 0.121120E+00 0.106720E+00 0.100240E+00 0.923200E-01 0.810400E-01 0.736000E-01 0.679200E-01 0.598400E-01 0.504800E-01 0.478400E-01 0.448800E-01 0.384000E-01 0.341600E-01 0.316800E-01 0.268000E-01 0.275200E-01 0.245600E-01 0.212000E-01 0.191200E-01 0.187200E-01 0.180000E-01 0.144800E-01 0.128800E-01 0.119200E-01 0.114400E-01 0.952000E-02 0.808000E-02 0.792000E-02 0.928000E-02 0.584000E-02 0.624000E-02 0.480000E-02 0.552000E-02 0.464000E-02 0.416000E-02 0.320000E-02 0.352000E-02 0.304000E-02 0.272000E-02 0.200000E-02 0.248000E-02 0.280000E-02 0.184000E-02 0.184000E-02 0.152000E-02 0.184000E-02 0.136000E-02 0.112000E-02 0.112000E-02 0.800000E-03 0.800000E-03 0.400000E-03 0.640000E-03 0.480000E-03 0.720000E-03 0.240000E-03 0.640000E-03 0.320000E-03 0.240000E-03 0.400000E-03 0.240000E-03 0.240000E-03 0.240000E-03 0.800000E-04 0.800000E-04 0.320000E-03 0.240000E-03 0.320000E-03 0.160000E-03 0.160000E-03 0.320000E-03 0.240000E-03 0.000000E+00 0.800000E-04 0.000000E+00 0.000000E+00 0.320000E-03 0.160000E-03 0.000000E+00 0.000000E+00 0.800000E-04 0.160000E-03 0.000000E+00 0.160000E-03 0.000000E+00 0.800000E-04 0.000000E+00 0.000000E+00 0.000000E+00 0.000000E+00 0.000000E+00 0.000000E+00 0.000000E+00 0.000000E+00 0.000000E+00 0.800000E-04 0.000000E+00 0.800000E-04 0.000000E+00 0.000000E+00 0.000000E+00 0.000000E+00 0.000000E+00 0.000000E+00 0.000000E+00 0.000000E+00 0.000000E+00 0.000000E+00 0.000000E+00 0.000000E+00 0.000000E+00 0.000000E+00 0.000000E+00 0.000000E+00 0.000000E+00 0.000000E+00 0.000000E+00 0.000000E+00 0.000000E+00 0.000000E+00 0.000000E+00 0.000000E+00 0.000000E+00 0.000000E+00 0.000000E+00 0.000000E+00 0.000000E+00 0.000000E+00 0.000000E+00 0.000000E+00 0.000000E+00 0.000000E+00 0.000000E+00 0.000000E+00 0.000000E+00 0.000000E+00 0.000000E+00 0.000000E+00 0.000000E+00 0.000000E+00 0.000000E+00 0.000000E+00 0.000000E+00 0.000000E+00 0.000000E+00 0.000000E+00 0.000000E+00 0.000000E+00 0.000000E+00 0.000000E+00 0.000000E+00 0.000000E+00 0.000000E+00 0.000000E+00 0.000000E+00 0.000000E+00 0.000000E+00 0.000000E+00 0.000000E+00 0.000000E+00 0.000000E+00 0.000000E+00 0.000000E+00 0.000000E+00 0.000000E+00 0.000000E+00 0.000000E+00 0.000000E+00 0.000000E+00 0.000000E+00 0.000000E+00 0.000000E+00 0.000000E+00 0.000000E+00 0.000000E+00 0.000000E+00 0.000000E+00
 0.130557E+03 0.863192E+01 0.489776E+01 0.329144E+01 0.236880E+01 0.182224E+01 0.144664E+01 0.114160E+01 0.947520E+00 0.778800E+00 0.644160E+00 0.561840E+00 0.460800E+00 0.390240E+00 0.334960E+00 0.300320E+00 0.256080E+00 0.223920E+00 0.191200E+00 0.164800E+00 0.148320E+00 0.127440E+00 0.114800E+00 0.102800E+00 0.873600E-01 0.808800E-01 0.672000E-01 0.633600E-01 0.557600E-01 0.504000E-01 0.464800E-01 0.393600E-01 0.368000E-01 0.338400E-01 0.266400E-01 0.251200E-01 0.236800E-01 0.186400E-01 0.176000E-01 0.179200E-01 0.136000E-01 0.140800E-01 0.123200E-01 0.896000E-02 0.960000E-02 0.920000E-02 0.792000E-02 0.848000E-02 0.632000E-02 0.736000E-02 0.520000E-02 0.464000E-02 0.408000E-02 0.424000E-02 0.472000E-02 0.360000E-02 0.312000E-02 0.344000E-02 0.304000E-02 0.232000E-02 0.168000E-02 0.168000E-02 0.216000E-02 0.168000E-02 0.480000E-03 0.104000E-02 0.960000E-03 0.104000E-02 0.104000E-02 0.104000E-02 0.880000E-03 0.880000E-03 0.320000E-03 0.400000E-03 0.560000E-03 0.480000E-03 0.400000E-03 0.160000E-03 0.400000E-03 0.320000E-03 0.240000E-03 0.240000E-03 0.320000E-03 0.240000E-03 0.400000E-03 0.000000E+00 0.800000E-04 0.240000E-03 0.240000E-03 0.800000E-04 0.000000E+00 0.160000E-03 0.160000E-03 0.800000E-04 0.000000E+00 0.800000E-04 0.000000E+00 0.800000E-04 0.800000E-04 0.000000E+00 0.000000E+00 0.800000E-04 0.000000E+00 0.000000E+00 0.000000E+00 0.800000E-04 0.000000E+00 0.800000E-04 0.000000E+00 0.000000E+00 0.800000E-04 0.000000E+00 0.000000E+00 0.000000E+00 0.800000E-04 0.000000E+00 0.000000E+00 0.000000E+00 0.000000E+00 0.000000E+00 0.000000E+00 0.800000E-04 0.000000E+00 0.000000E+00 0.000000E+00 0.000000E+00 0.000000E+00 0.000000E+00 0.000000E+00 0.000000E+00 0.000000E+00 0.000000E+00 0.000000E+00 0.000000E+00 0.000000E+00 0.000000E+00 0.000000E+00 0.000000E+00 0.000000E+00 0.000000E+00 0.000000E+00 0.000000E+00 0.000000E+00 0.000000E+00 0.000000E+00 0.000000E+00 0.000000E+00 0.000000E+00 0.000000E+00 0.000000E+00 0.000000E+00 0.000000E+00 0.000000E+00 0.000000E+00 0.000000E+00 0.000000E+00 0.000000E+00 0.000000E+00 0.000000E+00 0.000000E+00 0.000000E+00 0.000000E+00 0.000000E+00 0.000000E+00 0.000000E+00 0.000000E+00 0.000000E+00 0.000000E+00 0.000000E+00 0.000000E+00 0.000000E+00 0.000000E+00 0.000000E+00 0.000000E+00 0.000000E+00 0.000000E+00 0.000000E+00 0.000000E+00 0.000000E+00 0.000000E+00 0.000000E+00 0.000000E+00 0.000000E+00 0.000000E+00 0.000000E+00 0.000000E+00 0.000000E+00 0.000000E+00 0.000000E+00 0.000000E+00 0.000000E+00 0.000000E+00 0.000000E+00 0.000000E+00 0.000000E+00 0.000000E+00 0.000000E+00 0.000000E+00 0.000000E+00 0.000000E+00
 0.894094E+02 0.122338E+02 0.750896E+01 0.533384E+01 0.414016E+01 0.333160E+01 0.273928E+01 0.231992E+01 0.198704E+01 0.171880E+01 0.147912E+01 0.131080E+01 0.114880E+01 0.103200E+01 0.890720E+00 0.810560E+00 0.735280E+00 0.641520E+00 0.599040E+00 0.537920E+00 0.481200E+00 0.432160E+00 0.396080E+00 0.352640E+00 0.332240E+00 0.296000E+00 0.277600E+00 0.247040E+00 0.219760E+00 0.203680E+00 0.187680E+00 0.178160E+00 0.155840E+00 0.147120E+00 0.129360E+00 0.124800E+00 0.116800E+00 0.102800E+00 0.994400E-01 0.875200E-01 0.853600E-01 0.754400E-01 0.665600E-01 0.664000E-01 0.572000E-01 0.528000E-01 0.522400E-01 0.476800E-01 0.433600E-01 0.379200E-01 0.364800E-01 0.345600E-01 0.322400E-01 0.320800E-01 0.251200E-01 0.260800E-01 0.229600E-01 0.225600E-01 0.197600E-01 0.202400E-01 0.194400E-01 0.155200E-01 0.152800E-01 0.154400E-01 0.132800E-01 0.118400E-01 0.116000E-01 0.100800E-01 0.928000E-02 0.912000E-02 0.800000E-02 0.920000E-02 0.688000E-02 0.528000E-02 0.520000E-02 0.576000E-02 0.672000E-02 0.464000E-02 0.448000E-02 0.432000E-02 0.392000E-02 0.392000E-02 0.368000E-02 0.256000E-02 0.360000E-02 0.360000E-02 0.248000E-02 0.288000E-02 0.272000E-02 0.224000E-02 0.152000E-02 0.120000E-02 0.176000E-02 0.960000E-03 0.128000E-02 0.160000E-02 0.136000E-02 0.880000E-03 0.104000E-02 0.960000E-03 0.720000E-03 0.960000E-03 0.640000E-03 0.320000E-03 0.720000E-03 0.480000E-03 0.960000E-03 0.400000E-03 0.560000E-03 0.560000E-03 0.160000E-03 0.480000E-03 0.560000E-03 0.000000E+00 0.240000E-03 0.800000E-04 0.800000E-04 0.000000E+00 0.480000E-03 0.160000E-03 0.000000E+00 0.800000E-04 0.320000E-03 0.240000E-03 0.800000E-04 0.160000E-03 0.160000E-03 0.160000E-03 0.160000E-03 0.800000E-04 0.000000E+00 0.000000E+00 0.800000E-04 0.800000E-04 0.000000E+00 0.000000E+00 0.800000E-04 0.000000E+00 0.800000E-04 0.800000E-04 0.000000E+00 0.800000E-04 0.000000E+00 0.000000E+00 0.000000E+00 0.000000E+00 0.000000E+00 0.000000E+00 0.800000E-04 0.000000E+00 0.000000E+00 0.000000E+00 0.000000E+00 0.000000E+00 0.000000E+00 0.000000E+00 0.000000E+00 0.000000E+00 0.800000E-04 0.000000E+00 0.000000E+00 0.000000E+00 0.000000E+00 0.000000E+00 0.000000E+00 0.000000E+00 0.000000E+00 0.000000E+00 0.000000E+00 0.000000E+00 0.000000E+00 0.000000E+00 0.000000E+00 0.000000E+00 0.000000E+00 0.000000E+00 0.000000E+00 0.000000E+00 0.000000E+00 0.000000E+00 0.000000E+00 0.000000E+00 0.000000E+00 0.000000E+00 0.000000E+00 0.000000E+00 0.000000E+00 0.000000E+00 0.000000E+00 0.000000E+00 0.000000E+00 0.000000E+00 0.000000E+00 0.000000E+00 0.000000E+00 0.000000E+00 0.000000E+00 0.000000E+00 0.000000E+00 0.000000E+00
 0.214595E+02 0.602344E+01 0.370288E+01 0.266976E+01 0.202760E+01 0.162800E+01 0.133824E+01 0.112208E+01 0.927520E+00 0.788480E+00 0.687680E+00 0.585440E+00 0.510640E+00 0.445920E+00 0.386720E+00 0.338960E+00 0.306800E+00 0.254320E+00 0.234400E+00 0.208640E+00 0.185600E+00 0.167920E+00 0.146160E+00 0.130000E+00 0.115840E+00 0.101920E+00 0.921600E-01 0.835200E-01 0.789600E-01 0.626400E-01 0.607200E-01 0.536000E-01 0.487200E-01 0.452000E-01 0.364800E-01 0.368000E-01 0.350400E-01 0.294400E-01 0.253600E-01 0.240000E-01 0.236000E-01 0.192800E-01 0.179200E-01 0.132800E-01 0.152000E-01 0.112800E-01 0.122400E-01 0.109600E-01 0.952000E-02 0.752000E-02 0.816000E-02 0.760000E-02 0.568000E-02 0.560000E-02 0.552000E-02 0.496000E-02 0.392000E-02 0.528000E-02 0.312000E-02 0.288000E-02 0.240000E-02 0.384000E-02 0.208000E-02 0.256000E-02 0.184000E-02 0.144000E-02 0.136000E-02 0.960000E-03 0.136000E-02 0.152000E-02 0.880000E-03 0.104000E-02 0.128000E-02 0.480000E-03 0.400000E-03 0.120000E-02 0.480000E-03 0.640000E-03 0.400000E-03 0.320000E-03 0.560000E-03 0.240000E-03 0.400000E-03 0.320000E-03 0.240000E-03 0.240000E-03 0.160000E-03 0.160000E-03 0.800000E-04 0.800000E-04 0.160000E-03 0.800000E-04 0.800000E-04 0.240000E-03 0.000000E+00 0.240000E-03 0.000000E+00 0.800000E-04 0.800000E-04 0.800000E-04 0.000000E+00 0.000000E+00 0.800000E-04 0.160000E-03 0.000000E+00 0.160000E-03 0.000000E+00 0.000000E+00 0.000000E+00 0.000000E+00 0.000000E+00 0.000000E+00 0.000000E+00 0.000000E+00 0.000000E+00 0.000000E+00 0.000000E+00 0.000000E+00 0.000000E+00 0.000000E+00 0.000000E+00 0.000000E+00 0.000000E+00 0.000000E+00 0.000000E+00 0.000000E+00 0.000000E+00 0.000000E+00 0.000000E+00 0.000000E+00 0.000000E+00 0.000000E+00 0.000000E+00 0.000000E+00 0.000000E+00 0.000000E+00 0.000000E+00 0.000000E+00 0.000000E+00 0.000000E+00 0.000000E+00 0.000000E+00 0.000000E+00 0.000000E+00 0.000000E+00 0.000000E+00 0.000000E+00 0.000000E+00 0.000000E+00 0.000000E+00 0.000000E+00 0.000000E+00 0.000000E+00 0.000000E+00 0.000000E+00 0.000000E+00 0.000000E+00 0.000000E+00 0.000000E+00 0.000000E+00 0.000000E+00 0.000000E+00 0.000000E+00 0.000000E+00 0.000000E+00 0.000000E+00 0.000000E+00 0.000000E+00 0.000000E+00 0.000000E+00 0.000000E+00 0.000000E+00 0.000000E+00 0.000000E+00 0.000000E+00 0.000000E+00 0.000000E+00 0.000000E+00 0.000000E+00 0.000000E+00 0.000000E+00 0.000000E+00 0.000000E+00 0.000000E+00 0.000000E+00 0.000000E+00 0.000000E+00 0.000000E+00 0.000000E+00 0.000000E+00 0.000000E+00 0.000000E+00 0.000000E+00 0.000000E+00 0.000000E+00 0.000000E+00 0.000000E+00 0.000000E+00 0.000000E+00 0.000000E+00
 0.264884E+02 0.645664E+01 0.379600E+01 0.265520E+01 0.200464E+01 0.156960E+01 0.130104E+01 0.106848E+01 0.866800E+00 0.750800E+00 0.642560E+00 0.548560E+00 0.483920E+00 0.423920E+00 0.369600E+00 0.323040E+00 0.287680E+00 0.248800E+00 0.225200E+00 0.200240E+00 0.173680E+00 0.159440E+00 0.136560E+00 0.127120E+00 0.114880E+00 0.103120E+00 0.881600E-01 0.814400E-01 0.768800E-01 0.660000E-01 0.548000E-01 0.516000E-01 0.485600E-01 0.462400E-01 0.424000E-01 0.344000E-01 0.290400E-01 0.291200E-01 0.273600E-01 0.238400E-01 0.209600E-01 0.212000E-01 0.172000E-01 0.140800E-01 0.140800E-01 0.132800E-01 0.116800E-01 0.106400E-01 0.111200E-01 0.864000E-02 0.720000E-02 0.704000E-02 0.704000E-02 0.552000E-02 0.504000E-02 0.560000E-02 0.392000E-02 0.432000E-02 0.328000E-02 0.336000E-02 0.360000E-02 0.328000E-02 0.288000E-02 0.248000E-02 0.200000E-02 0.200000E-02 0.216000E-02 0.120000E-02 0.176000E-02 0.120000E-02 0.120000E-02 0.880000E-03 0.104000E-02 0.112000E-02 0.960000E-03 0.120000E-02 0.112000E-02 0.480000E-03 0.320000E-03 0.400000E-03 0.640000E-03 0.880000E-03 0.640000E-03 0.480000E-03 0.240000E-03 0.480000E-03 0.400000E-03 0.320000E-03 0.240000E-03 0.800000E-04 0.240000E-03 0.800000E-04 0.240000E-03 0.800000E-04 0.160000E-03 0.000000E+00 0.400000E-03 0.160000E-03 0.160000E-03 0.320000E-03 0.000000E+00 0.000000E+00 0.800000E-04 0.000000E+00 0.000000E+00 0.160000E-03 0.000000E+00 0.160000E-03 0.000000E+00 0.000000E+00 0.000000E+00 0.000000E+00 0.000000E+00 0.800000E-04 0.000000E+00 0.000000E+00 0.000000E+00 0.000000E+00 0.000000E+00 0.000000E+00 0.000000E+00 0.000000E+00 0.000000E+00 0.000000E+00 0.000000E+00 0.000000E+00 0.000000E+00 0.000000E+00 0.000000E+00 0.000000E+00 0.000000E+00 0.000000E+00 0.000000E+00 0.000000E+00 0.000000E+00 0.000000E+00 0.000000E+00 0.000000E+00 0.000000E+00 0.000000E+00 0.000000E+00 0.000000E+00 0.000000E+00 0.000000E+00 0.000000E+00 0.000000E+00 0.000000E+00 0.000000E+00 0.000000E+00 0.000000E+00 0.000000E+00 0.000000E+00 0.000000E+00 0.000000E+00 0.000000E+00 0.000000E+00 0.000000E+00 0.000000E+00 0.000000E+00 0.000000E+00 0.000000E+00 0.000000E+00 0.000000E+00 0.000000E+00 0.000000E+00 0.000000E+00 0.000000E+00 0.000000E+00 0.000000E+00 0.000000E+00 0.000000E+00 0.000000E+00 0.000000E+00 0.000000E+00 0.000000E+00 0.000000E+00 0.000000E+00 0.000000E+00 0.000000E+00 0.000000E+00 0.000000E+00 0.000000E+00 0.000000E+00 0.000000E+00 0.000000E+00 0.000000E+00 0.000000E+00 0.000000E+00 0.000000E+00 0.000000E+00 0.000000E+00 0.000000E+00 0.000000E+00 0.000000E+00 0.000000E+00 0.000000E+00 0.000000E+00 0.000000E+00 0.000000E+00 0.000000E+00
 0.209606E+02 0.584384E+01 0.360240E+01 0.261232E+01 0.199208E+01 0.159312E+01 0.127272E+01 0.106760E+01 0.916160E+00 0.782960E+00 0.646560E+00 0.572880E+00 0.484320E+00 0.438160E+00 0.380480E+00 0.325360E+00 0.305360E+00 0.258160E+00 0.231600E+00 0.207120E+00 0.176880E+00 0.159120E+00 0.149680E+00 0.128560E+00 0.112960E+00 0.101360E+00 0.914400E-01 0.798400E-01 0.763200E-01 0.699200E-01 0.531200E-01 0.532800E-01 0.457600E-01 0.430400E-01 0.367200E-01 0.349600E-01 0.332800E-01 0.315200E-01 0.252000E-01 0.207200E-01 0.226400E-01 0.179200E-01 0.162400E-01 0.140000E-01 0.153600E-01 0.114400E-01 0.116800E-01 0.848000E-02 0.896000E-02 0.952000E-02 0.864000E-02 0.712000E-02 0.616000E-02 0.608000E-02 0.496000E-02 0.424000E-02 0.432000E-02 0.344000E-02 0.368000E-02 0.312000E-02 0.224000E-02 0.248000E-02 0.240000E-02 0.160000E-02 0.120000E-02 0.224000E-02 0.128000E-02 0.112000E-02 0.192000E-02 0.184000E-02 0.128000E-02 0.104000E-02 0.104000E-02 0.640000E-03 0.480000E-03 0.800000E-03 0.560000E-03 0.320000E-03 0.480000E-03 0.720000E-03 0.400000E-03 0.000000E+00 0.480000E-03 0.320000E-03 0.160000E-03 0.800000E-04 0.480000E-03 0.240000E-03 0.800000E-04 0.160000E-03 0.160000E-03 0.160000E-03 0.000000E+00 0.000000E+00 0.800000E-04 0.800000E-04 0.000000E+00 0.000000E+00 0.000000E+00 0.000000E+00 0.000000E+00 0.000000E+00 0.000000E+00 0.800000E-04 0.800000E-04 0.000000E+00 0.000000E+00 0.000000E+00 0.000000E+00 0.000000E+00 0.000000E+00 0.000000E+00 0.000000E+00 0.000000E+00 0.000000E+00 0.000000E+00 0.000000E+00 0.000000E+00 0.000000E+00 0.000000E+00 0.000000E+00 0.000000E+00 0.000000E+00 0.000000E+00 0.000000E+00 0.000000E+00 0.000000E+00 0.000000E+00 0.800000E-04 0.000000E+00 0.000000E+00 0.000000E+00 0.000000E+00 0.000000E+00 0.000000E+00 0.000000E+00 0.000000E+00 0.000000E+00 0.000000E+00 0.000000E+00 0.000000E+00 0.000000E+00 0.000000E+00 0.000000E+00 0.000000E+00 0.000000E+00 0.000000E+00 0.000000E+00 0.000000E+00 0.000000E+00 0.000000E+00 0.000000E+00 0.000000E+00 0.000000E+00 0.000000E+00 0.000000E+00 0.000000E+00 0.000000E+00 0.000000E+00 0.000000E+00 0.000000E+00 0.000000E+00 0.000000E+00 0.000000E+00 0.000000E+00 0.000000E+00 0.000000E+00 0.000000E+00 0.000000E+00 0.000000E+00 0.000000E+00 0.000000E+00 0.000000E+00 0.000000E+00 0.000000E+00 0.000000E+00 0.000000E+00 0.000000E+00 0.000000E+00 0.000000E+00 0.000000E+00 0.000000E+00 0.000000E+00 0.000000E+00 0.000000E+00 0.000000E+00 0.000000E+00 0.000000E+00 0.000000E+00 0.000000E+00 0.000000E+00 0.000000E+00 0.000000E+00 0.000000E+00 0.000000E+00 0.000000E+00 0.000000E+00 0.000000E+00 0.000000E+00 0.000000E+00
 0.258550E+02 0.629056E+01 0.370728E+01 0.257448E+01 0.195280E+01 0.152840E+01 0.124920E+01 0.103096E+01 0.863360E+00 0.723440E+00 0.622080E+00 0.540400E+00 0.460240E+00 0.410800E+00 0.359200E+00 0.306720E+00 0.277520E+00 0.243520E+00 0.209360E+00 0.190640E+00 0.175040E+00 0.155120E+00 0.126320E+00 0.121120E+00 0.106720E+00 0.100240E+00 0.923200E-01 0.810400E-01 0.736000E-01 0.679200E-01 0.598400E-01 0.504800E-01 0.478400E-01 0.448800E-01 0.384000E-01 0.341600E-01 0.316800E-01 0.268000E-01 0.275200E-01 0.245600E-01 0.212000E-01 0.191200E-01 0.187200E-01 0.180000E-01 0.144800E-01 0.128800E-01 0.119200E-01 0.114400E-01 0.952000E-02 0.808000E-02 0.792000E-02 0.928000E-02 0.584000E-02 0.624000E-02 0.480000E-02 0.552000E-02 0.464000E-02 0.416000E-02 0.320000E-02 0.352000E-02 0.304000E-02 0.272000E-02 0.200000E-02 0.248000E-02 0.280000E-02 0.184000E-02 0.184000E-02 0.152000E-02 0.184000E-02 0.136000E-02 0.112000E-02 0.112000E-02 0.800000E-03 0.800000E-03 0.400000E-03 0.640000E-03 0.480000E-03 0.720000E-03 0.240000E-03 0.640000E-03 0.320000E-03 0.240000E-03 0.400000E-03 0.240000E-03 0.240000E-03 0.240000E-03 0.800000E-04 0.800000E-04 0.320000E-03 0.240000E-03 0.320000E-03 0.160000E-03 0.160000E-03 0.320000E-03 0.240000E-03 0.000000E+00 0.800000E-04 0.000000E+00 0.000000E+00 0.320000E-03 0.160000E-03 0.000000E+00 0.000000E+00 0.800000E-04 0.160000E-03 0.000000E+00 0.160000E-03 0.000000E+00 0.800000E-04 0.000000E+00 0.000000E+00 0.000000E+00 0.000000E+00 0.000000E+00 0.000000E+00 0.000000E+00 0.000000E+00 0.000000E+00 0.800000E-04 0.000000E+00 0.800000E-04 0.000000E+00 0.000000E+00 0.000000E+00 0.000000E+00 0.000000E+00 0.000000E+00 0.000000E+00 0.000000E+00 0.000000E+00 0.000000E+00 0.000000E+00 0.000000E+00 0.000000E+00 0.000000E+00 0.000000E+00 0.000000E+00 0.000000E+00 0.000000E+00 0.000000E+00 0.000000E+00 0.000000E+00 0.000000E+00 0.000000E+00 0.000000E+00 0.000000E+00 0.000000E+00 0.000000E+00 0.000000E+00 0.000000E+00 0.000000E+00 0.000000E+00 0.000000E+00 0.000000E+00 0.000000E+00 0.000000E+00 0.000000E+00 0.000000E+00 0.000000E+00 0.000000E+00 0.000000E+00 0.000000E+00 0.000000E+00 0.000000E+00 0.000000E+00 0.000000E+00 0.000000E+00 0.000000E+00 0.000000E+00 0.000000E+00 0.000000E+00 0.000000E+00 0.000000E+00 0.000000E+00 0.000000E+00 0.000000E+00 0.000000E+00 0.000000E+00 0.000000E+00 0.000000E+00 0.000000E+00 0.000000E+00 0.000000E+00 0.000000E+00 0.000000E+00 0.000000E+00 0.000000E+00 0.000000E+00 0.000000E+00 0.000000E+00 0.000000E+00 0.000000E+00 0.000000E+00 0.000000E+00 0.000000E+00 0.000000E+00 0.000000E+00 0.000000E+00 0.000000E+00 0.000000E+00
 0.130557E+03 0.863192E+01 0.489776E+01 0.329144E+01 0.236880E+01 0.182224E+01 0.144664E+01 0.114160E+01 0.947520E+00 0.778800E+00 0.644160E+00 0.561840E+00 0.460800E+00 0.390240E+00 0.334960E+00 0.300320E+00 0.256080E+00 0.223920E+00 0.191200E+00 0.164800E+00 0.148320E+00 0.127440E+00 0.114800E+00 0.102800E+00 0.873600E-01 0.808800E-01 0.672000E-01 0.633600E-01 0.557600E-01 0.504000E-01 0.464800E-01 0.393600E-01 0.368000E-01 0.338400E-01 0.266400E-01 0.251200E-01 0.236800E-01 0.186400E-01 0.176000E-01 0.179200E-01 0.136000E-01 0.140800E-01 0.123200E-01 0.896000E-02 0.960000E-02 0.920000E-02 0.792000E-02 0.848000E-02 0.632000E-02 0.736000E-02 0.520000E-02 0.464000E-02 0.408000E-02 0.424000E-02 0.472000E-02 0.360000E-02 0.312000E-02 0.344000E-02 0.304000E-02 0.232000E-02 0.168000E-02 0.168000E-02 0.216000E-02 0.168000E-02 0.480000E-03 0.104000E-02 0.960000E-03 0.104000E-02 0.104000E-02 0.104000E-02 0.880000E-03 0.880000E-03 0.320000E-03 0.400000E-03 0.560000E-03 0.480000E-03 0.400000E-03 0.160000E-03 0.400000E-03 0.320000E-03 0.240000E-03 0.240000E-03 0.320000E-03 0.240000E-03 0.400000E-03 0.000000E+00 0.800000E-04 0.240000E-03 0.240000E-03 0.800000E-04 0.000000E+00 0.160000E-03 0.160000E-03 0.800000E-04 0.000000E+00 0.800000E-04 0.000000E+00 0.800000E-04 0.800000E-04 0.000000E+00 0.000000E+00 0.800000E-04 0.000000E+00 0.000000E+00 0.000000E+00 0.800000E-04 0.000000E+00 0.800000E-04 0.000000E+00 0.000000E+00 0.800000E-04 0.000000E+00 0.000000E+00 0.000000E+00 0.800000E-04 0.000000E+00 0.000000E+00 0.000000E+00 0.000000E+00 0.000000E+00 0.000000E+00 0.800000E-04 0.000000E+00 0.000000E+00 0.000000E+00 0.000000E+00 0.000000E+00 0.000000E+00 0.000000E+00 0.000000E+00 0.000000E+00 0.000000E+00 0.000000E+00 0.000000E+00 0.000000E+00 0.000000E+00 0.000000E+00 0.000000E+00 0.000000E+00 0.000000E+00 0.000000E+00 0.000000E+00 0.000000E+00 0.000000E+00 0.000000E+00 0.000000E+00 0.000000E+00 0.000000E+00 0.000000E+00 0.000000E+00 0.000000E+00 0.000000E+00 0.000000E+00 0.000000E+00 0.000000E+00 0.000000E+00 0.000000E+00 0.000000E+00 0.000000E+00 0.000000E+00 0.000000E+00 0.000000E+00 0.000000E+00 0.000000E+00 0.000000E+00 0.000000E+00 0.000000E+00 0.000000E+00 0.000000E+00 0.000000E+00 0.000000E+00 0.000000E+00 0.000000E+00 0.000000E+00 0.000000E+00 0.000000E+00 0.000000E+00 0.000000E+00 0.000000E+00 0.000000E+00 0.000000E+00 0.000000E+00 0.000000E+00 0.000000E+00 0.000000E+00 0.000000E+00 0.000000E+00 0.000000E+00 0.000000E+00 0.000000E+00 0.000000E+00 0.000000E+00 0.000000E+00 0.000000E+00 0.000000E+00 0.000000E+00 0.000000E+00 0.000000E+00 0.000000E+00 0.000000E+00
 0.894094E+02 0.122338E+02 0.750896E+01 0.533384E+01 0.414016E+01 0.333160E+01 0.273928E+01 0.231992E+01 0.198704E+01 0.171880E+01 0.147912E+01 0.131080E+01 0.114880E+01 0.103200E+01 0.890720E+00 0.810560E+00 0.735280E+00 0.641520E+00 0.599040E+00 0.537920E+00 0.481200E+00 0.432160E+00 0.396080E+00 0.352640E+00 0.332240E+00 0.296000E+00 0.277600E+00 0.247040E+00 0.219760E+00 0.203680E+00 0.187680E+00 0.178160E+00 0.155840E+00 0.147120E+00 0.129360E+00 0.124800E+00 0.116800E+00 0.102800E+00 0.994400E-01 0.875200E-01 0.853600E-01 0.754400E-01 0.665600E-01 0.664000E-01 0.572000E-01 0.528000E-01 0.522400E-01 0.476800E-01 0.433600E-01 0.379200E-01 0.364800E-01 0.345600E-01 0.322400E-01 0.320800E-01 0.251200E-01 0.260800E-01 0.229600E-01 0.225600E-01 0.197600E-01 0.202400E-01 0.194400E-01 0.155200E-01 0.152800E-01 0.154400E-01 0.132800E-01 0.118400E-01 0.116000E-01 0.100800E-01 0.928000E-02 0.912000E-02 0.800000E-02 0.920000E-02 0.688000E-02 0.528000E-02 0.520000E-02 0.576000E-02 0.672000E-02 0.464000E-02 0.448000E-02 0.432000E-02 0.392000E-02 0.392000E-02 0.368000E-02 0.256000E-02 0.360000E-02 0.360000E-02 0.248000E-02 0.288000E-02 0.272000E-02 0.224000E-02 0.152000E-02 0.120000E-02 0.176000E-02 0.960000E-03 0.128000E-02 0.160000E-02 0.136000E-02 0.880000E-03 0.104000E-02 0.960000E-03 0.720000E-03 0.960000E-03 0.640000E-03 0.320000E-03 0.720000E-03 0.480000E-03 0.960000E-03 0.400000E-03 0.560000E-03 0.560000E-03 0.160000E-03 0.480000E-03 0.560000E-03 0.000000E+00 0.240000E-03 0.800000E-04 0.800000E-04 0.000000E+00 0.480000E-03 0.160000E-03 0.000000E+00 0.800000E-04 0.320000E-03 0.240000E-03 0.800000E-04 0.160000E-03 0.160000E-03 0.160000E-03 0.160000E-03 0.800000E-04 0.000000E+00 0.000000E+00 0.800000E-04 0.800000E-04 0.000000E+00 0.000000E+00 0.800000E-04 0.000000E+00 0.800000E-04 0.800000E-04 0.000000E+00 0.800000E-04 0.000000E+00 0.000000E+00 0.000000E+00 0.000000E+00 0.000000E+00 0.000000E+00 0.800000E-04 0.000000E+00 0.000000E+00 0.000000E+00 0.000000E+00 0.000000E+00 0.000000E+00 0.000000E+00 0.000000E+00 0.000000E+00 0.800000E-04 0.000000E+00 0.000000E+00 0.000000E+00 0.000000E+00 0.000000E+00 0.000000E+00 0.000000E+00 0.000000E+00 0.000000E+00 0.000000E+00 0.000000E+00 0.000000E+00 0.000000E+00 0.000000E+00 0.000000E+00 0.000000E+00 0.000000E+00 0.000000E+00 0.000000E+00 0.000000E+00 0.000000E+00 0.000000E+00 0.000000E+00 0.000000E+00 0.000000E+00 0.000000E+00 0.000000E+00 0.000000E+00 0.000000E+00 0.000000E+00 0.000000E+00 0.000000E+00 0.000000E+00 0.000000E+00 0.000000E+00 0.000000E+00 0.000000E+00 0.000000E+00 0.000000E+00 0.000000E+00 0.000000E+00
