### Run with WimpAnn version = wimpann-2.08                            
###   Using Pythia version   = Pythia 6.400    
###   Using nusigma version  = nusigma-1.15-pyr                        
###   Using DarkSUSY version = ds-4.1.6                                
###   WimpAnn run started at date 2007-09-12; time 08:36:34
### Neutrino oscillation parameters
#      theta_12 =  0.00000000E+00
#      theta_13 =  0.00000000E+00
#      theta_23 =  0.00000000E+00
#         delta =  0.00000000E+00
#  delta_m^2_21 =  0.81000000E-04
#  delta_m^2_31 =  0.22000000E-02
### WimpAnn run parameters
#  Annihilation channel =         2
#  Generated particles =  b                bbar            
#  WIMP mass =  0.91200000E+02
#  Number of annihilations =   2500000
#  Source = Earth
#...dPhi/dz in  200 bins from 0 to 1
#...Line  1- 6: flux at centre of Earth for neutrino 1-6
 0.174688E+01 0.189488E+01 0.181728E+01 0.175504E+01 0.164976E+01 0.157536E+01 0.148656E+01 0.140240E+01 0.134216E+01 0.127584E+01 0.122392E+01 0.116224E+01 0.109920E+01 0.104520E+01 0.100672E+01 0.952320E+00 0.907520E+00 0.862640E+00 0.830480E+00 0.783520E+00 0.762640E+00 0.706080E+00 0.679520E+00 0.649680E+00 0.633360E+00 0.596320E+00 0.587040E+00 0.544000E+00 0.520560E+00 0.496800E+00 0.481520E+00 0.443680E+00 0.442000E+00 0.413280E+00 0.404480E+00 0.372880E+00 0.362720E+00 0.355760E+00 0.336960E+00 0.323200E+00 0.314000E+00 0.305040E+00 0.279280E+00 0.282560E+00 0.268080E+00 0.253920E+00 0.244000E+00 0.234640E+00 0.224720E+00 0.214160E+00 0.207920E+00 0.199760E+00 0.185280E+00 0.181040E+00 0.183760E+00 0.167680E+00 0.159440E+00 0.150320E+00 0.154000E+00 0.140720E+00 0.138240E+00 0.136880E+00 0.127040E+00 0.117680E+00 0.116320E+00 0.111840E+00 0.104720E+00 0.100880E+00 0.101360E+00 0.966400E-01 0.873600E-01 0.916000E-01 0.808000E-01 0.821600E-01 0.715200E-01 0.683200E-01 0.670400E-01 0.616000E-01 0.644800E-01 0.556800E-01 0.565600E-01 0.516800E-01 0.516800E-01 0.488000E-01 0.512000E-01 0.438400E-01 0.408000E-01 0.384000E-01 0.350400E-01 0.335200E-01 0.351200E-01 0.307200E-01 0.300000E-01 0.237600E-01 0.251200E-01 0.248800E-01 0.212000E-01 0.204000E-01 0.190400E-01 0.184800E-01 0.164800E-01 0.171200E-01 0.152000E-01 0.144800E-01 0.133600E-01 0.123200E-01 0.100800E-01 0.984000E-02 0.920000E-02 0.752000E-02 0.776000E-02 0.752000E-02 0.688000E-02 0.704000E-02 0.560000E-02 0.528000E-02 0.424000E-02 0.376000E-02 0.312000E-02 0.424000E-02 0.272000E-02 0.384000E-02 0.216000E-02 0.192000E-02 0.200000E-02 0.184000E-02 0.152000E-02 0.120000E-02 0.120000E-02 0.144000E-02 0.640000E-03 0.560000E-03 0.104000E-02 0.720000E-03 0.480000E-03 0.160000E-03 0.400000E-03 0.480000E-03 0.240000E-03 0.400000E-03 0.000000E+00 0.160000E-03 0.160000E-03 0.800000E-04 0.160000E-03 0.000000E+00 0.160000E-03 0.000000E+00 0.000000E+00 0.000000E+00 0.000000E+00 0.000000E+00 0.000000E+00 0.000000E+00 0.000000E+00 0.000000E+00 0.000000E+00 0.800000E-04 0.000000E+00 0.000000E+00 0.000000E+00 0.000000E+00 0.000000E+00 0.000000E+00 0.000000E+00 0.000000E+00 0.000000E+00 0.000000E+00 0.000000E+00 0.000000E+00 0.000000E+00 0.000000E+00 0.000000E+00 0.000000E+00 0.000000E+00 0.000000E+00 0.000000E+00 0.000000E+00 0.000000E+00 0.000000E+00 0.000000E+00 0.000000E+00 0.000000E+00 0.000000E+00 0.000000E+00 0.000000E+00 0.000000E+00 0.000000E+00 0.000000E+00 0.000000E+00 0.000000E+00 0.000000E+00 0.000000E+00 0.000000E+00 0.000000E+00 0.000000E+00 0.000000E+00 0.000000E+00 0.000000E+00 0.000000E+00
 0.175368E+01 0.187856E+01 0.180256E+01 0.170952E+01 0.165368E+01 0.156472E+01 0.149008E+01 0.140488E+01 0.136272E+01 0.129120E+01 0.120744E+01 0.114960E+01 0.110816E+01 0.103376E+01 0.100744E+01 0.940320E+00 0.914080E+00 0.874320E+00 0.822640E+00 0.780640E+00 0.746880E+00 0.713360E+00 0.684000E+00 0.646640E+00 0.617520E+00 0.589600E+00 0.562320E+00 0.544480E+00 0.518720E+00 0.506720E+00 0.479440E+00 0.457040E+00 0.435920E+00 0.410800E+00 0.397760E+00 0.394240E+00 0.368640E+00 0.347440E+00 0.335440E+00 0.333360E+00 0.318480E+00 0.302960E+00 0.285520E+00 0.276800E+00 0.264880E+00 0.255520E+00 0.243600E+00 0.238000E+00 0.223360E+00 0.216480E+00 0.200640E+00 0.196000E+00 0.196240E+00 0.185600E+00 0.179920E+00 0.176480E+00 0.166240E+00 0.159680E+00 0.149040E+00 0.140640E+00 0.142880E+00 0.132960E+00 0.125680E+00 0.122640E+00 0.121200E+00 0.108640E+00 0.105280E+00 0.103680E+00 0.994400E-01 0.917600E-01 0.912800E-01 0.864000E-01 0.848800E-01 0.790400E-01 0.720800E-01 0.687200E-01 0.660800E-01 0.641600E-01 0.621600E-01 0.588000E-01 0.542400E-01 0.532000E-01 0.472000E-01 0.456800E-01 0.442400E-01 0.442400E-01 0.432000E-01 0.390400E-01 0.369600E-01 0.353600E-01 0.313600E-01 0.320000E-01 0.288000E-01 0.281600E-01 0.246400E-01 0.248000E-01 0.211200E-01 0.203200E-01 0.196000E-01 0.173600E-01 0.177600E-01 0.149600E-01 0.153600E-01 0.148800E-01 0.120800E-01 0.128800E-01 0.112000E-01 0.984000E-02 0.960000E-02 0.864000E-02 0.744000E-02 0.880000E-02 0.704000E-02 0.584000E-02 0.608000E-02 0.536000E-02 0.448000E-02 0.344000E-02 0.352000E-02 0.360000E-02 0.288000E-02 0.280000E-02 0.264000E-02 0.176000E-02 0.160000E-02 0.232000E-02 0.160000E-02 0.152000E-02 0.112000E-02 0.104000E-02 0.960000E-03 0.112000E-02 0.640000E-03 0.720000E-03 0.560000E-03 0.480000E-03 0.720000E-03 0.240000E-03 0.240000E-03 0.320000E-03 0.160000E-03 0.400000E-03 0.160000E-03 0.320000E-03 0.320000E-03 0.000000E+00 0.800000E-04 0.160000E-03 0.800000E-04 0.000000E+00 0.000000E+00 0.000000E+00 0.000000E+00 0.000000E+00 0.800000E-04 0.000000E+00 0.800000E-04 0.000000E+00 0.000000E+00 0.000000E+00 0.000000E+00 0.000000E+00 0.000000E+00 0.000000E+00 0.000000E+00 0.000000E+00 0.000000E+00 0.000000E+00 0.000000E+00 0.000000E+00 0.000000E+00 0.000000E+00 0.000000E+00 0.000000E+00 0.000000E+00 0.000000E+00 0.000000E+00 0.000000E+00 0.000000E+00 0.000000E+00 0.000000E+00 0.000000E+00 0.000000E+00 0.000000E+00 0.000000E+00 0.000000E+00 0.000000E+00 0.000000E+00 0.000000E+00 0.000000E+00 0.000000E+00 0.000000E+00 0.000000E+00 0.000000E+00 0.000000E+00 0.000000E+00 0.000000E+00 0.000000E+00 0.000000E+00 0.000000E+00
 0.178224E+01 0.192600E+01 0.184888E+01 0.171488E+01 0.166424E+01 0.157328E+01 0.149056E+01 0.143088E+01 0.136672E+01 0.128432E+01 0.121920E+01 0.116672E+01 0.110848E+01 0.105240E+01 0.998480E+00 0.945200E+00 0.888960E+00 0.862800E+00 0.827120E+00 0.777200E+00 0.739440E+00 0.719040E+00 0.675360E+00 0.643920E+00 0.614560E+00 0.593120E+00 0.561440E+00 0.548880E+00 0.516240E+00 0.495600E+00 0.469200E+00 0.451200E+00 0.439280E+00 0.413680E+00 0.385840E+00 0.383040E+00 0.353040E+00 0.342320E+00 0.338880E+00 0.313760E+00 0.310400E+00 0.300640E+00 0.284320E+00 0.265920E+00 0.267120E+00 0.254000E+00 0.236960E+00 0.230480E+00 0.221440E+00 0.209440E+00 0.206320E+00 0.196160E+00 0.190960E+00 0.183040E+00 0.175200E+00 0.172240E+00 0.164160E+00 0.151840E+00 0.152160E+00 0.141440E+00 0.136400E+00 0.129920E+00 0.131760E+00 0.122800E+00 0.118400E+00 0.110720E+00 0.102640E+00 0.983200E-01 0.935200E-01 0.883200E-01 0.872000E-01 0.844000E-01 0.861600E-01 0.755200E-01 0.764000E-01 0.712000E-01 0.673600E-01 0.648000E-01 0.631200E-01 0.617600E-01 0.560800E-01 0.521600E-01 0.489600E-01 0.468800E-01 0.448800E-01 0.420000E-01 0.419200E-01 0.400000E-01 0.337600E-01 0.339200E-01 0.310400E-01 0.312800E-01 0.280800E-01 0.245600E-01 0.228800E-01 0.224800E-01 0.217600E-01 0.190400E-01 0.201600E-01 0.196000E-01 0.148800E-01 0.146400E-01 0.146400E-01 0.129600E-01 0.110400E-01 0.115200E-01 0.116000E-01 0.100800E-01 0.872000E-02 0.824000E-02 0.728000E-02 0.600000E-02 0.648000E-02 0.664000E-02 0.528000E-02 0.576000E-02 0.408000E-02 0.392000E-02 0.368000E-02 0.368000E-02 0.312000E-02 0.288000E-02 0.232000E-02 0.200000E-02 0.200000E-02 0.184000E-02 0.240000E-02 0.144000E-02 0.144000E-02 0.800000E-03 0.112000E-02 0.560000E-03 0.560000E-03 0.720000E-03 0.800000E-04 0.640000E-03 0.400000E-03 0.800000E-04 0.320000E-03 0.320000E-03 0.800000E-04 0.400000E-03 0.000000E+00 0.320000E-03 0.800000E-04 0.000000E+00 0.000000E+00 0.000000E+00 0.800000E-04 0.320000E-03 0.000000E+00 0.800000E-04 0.000000E+00 0.000000E+00 0.000000E+00 0.000000E+00 0.000000E+00 0.000000E+00 0.000000E+00 0.000000E+00 0.000000E+00 0.000000E+00 0.000000E+00 0.000000E+00 0.000000E+00 0.000000E+00 0.000000E+00 0.000000E+00 0.000000E+00 0.000000E+00 0.000000E+00 0.000000E+00 0.000000E+00 0.000000E+00 0.000000E+00 0.000000E+00 0.000000E+00 0.000000E+00 0.000000E+00 0.000000E+00 0.000000E+00 0.000000E+00 0.000000E+00 0.000000E+00 0.000000E+00 0.000000E+00 0.000000E+00 0.000000E+00 0.000000E+00 0.000000E+00 0.000000E+00 0.000000E+00 0.000000E+00 0.000000E+00 0.000000E+00 0.000000E+00 0.000000E+00 0.000000E+00 0.000000E+00 0.000000E+00
 0.176976E+01 0.192968E+01 0.181840E+01 0.174528E+01 0.166808E+01 0.158416E+01 0.150208E+01 0.143752E+01 0.134944E+01 0.128352E+01 0.121592E+01 0.114816E+01 0.110792E+01 0.103968E+01 0.991440E+00 0.942080E+00 0.899040E+00 0.863920E+00 0.826320E+00 0.785600E+00 0.746720E+00 0.714640E+00 0.672080E+00 0.647440E+00 0.608240E+00 0.588320E+00 0.551120E+00 0.539680E+00 0.509920E+00 0.489840E+00 0.470320E+00 0.446320E+00 0.433200E+00 0.429520E+00 0.386560E+00 0.366240E+00 0.361280E+00 0.354160E+00 0.325040E+00 0.325760E+00 0.305600E+00 0.285760E+00 0.276960E+00 0.276240E+00 0.257120E+00 0.258480E+00 0.249360E+00 0.235200E+00 0.225040E+00 0.216400E+00 0.206400E+00 0.198560E+00 0.193520E+00 0.184320E+00 0.176000E+00 0.170960E+00 0.164880E+00 0.155760E+00 0.142800E+00 0.144000E+00 0.137760E+00 0.133040E+00 0.122640E+00 0.120720E+00 0.122720E+00 0.111360E+00 0.110160E+00 0.102640E+00 0.964800E-01 0.936800E-01 0.888800E-01 0.830400E-01 0.822400E-01 0.733600E-01 0.765600E-01 0.728800E-01 0.635200E-01 0.626400E-01 0.640000E-01 0.568800E-01 0.572800E-01 0.512000E-01 0.494400E-01 0.476800E-01 0.424800E-01 0.440800E-01 0.396000E-01 0.377600E-01 0.372000E-01 0.332000E-01 0.316800E-01 0.308800E-01 0.301600E-01 0.242400E-01 0.231200E-01 0.240800E-01 0.214400E-01 0.193600E-01 0.182400E-01 0.182400E-01 0.159200E-01 0.148800E-01 0.148800E-01 0.112800E-01 0.105600E-01 0.112800E-01 0.120800E-01 0.121600E-01 0.928000E-02 0.840000E-02 0.864000E-02 0.616000E-02 0.752000E-02 0.536000E-02 0.448000E-02 0.440000E-02 0.528000E-02 0.456000E-02 0.424000E-02 0.328000E-02 0.264000E-02 0.336000E-02 0.328000E-02 0.232000E-02 0.256000E-02 0.168000E-02 0.136000E-02 0.152000E-02 0.160000E-02 0.184000E-02 0.800000E-03 0.160000E-02 0.112000E-02 0.480000E-03 0.480000E-03 0.480000E-03 0.400000E-03 0.800000E-04 0.480000E-03 0.240000E-03 0.800000E-04 0.240000E-03 0.000000E+00 0.240000E-03 0.800000E-04 0.000000E+00 0.800000E-04 0.000000E+00 0.000000E+00 0.000000E+00 0.000000E+00 0.000000E+00 0.000000E+00 0.000000E+00 0.000000E+00 0.000000E+00 0.000000E+00 0.000000E+00 0.000000E+00 0.000000E+00 0.000000E+00 0.000000E+00 0.000000E+00 0.000000E+00 0.000000E+00 0.000000E+00 0.000000E+00 0.000000E+00 0.000000E+00 0.000000E+00 0.000000E+00 0.000000E+00 0.000000E+00 0.000000E+00 0.000000E+00 0.000000E+00 0.000000E+00 0.000000E+00 0.000000E+00 0.000000E+00 0.000000E+00 0.000000E+00 0.000000E+00 0.000000E+00 0.000000E+00 0.000000E+00 0.000000E+00 0.000000E+00 0.000000E+00 0.000000E+00 0.000000E+00 0.000000E+00 0.000000E+00 0.000000E+00 0.000000E+00 0.000000E+00 0.000000E+00 0.000000E+00 0.000000E+00 0.000000E+00
 0.693120E+00 0.747200E+00 0.714800E+00 0.683360E+00 0.665520E+00 0.637840E+00 0.607280E+00 0.579680E+00 0.552400E+00 0.526240E+00 0.516000E+00 0.487280E+00 0.467360E+00 0.454800E+00 0.422880E+00 0.402560E+00 0.389280E+00 0.372880E+00 0.357840E+00 0.348080E+00 0.325280E+00 0.323760E+00 0.302160E+00 0.294480E+00 0.275760E+00 0.264480E+00 0.252880E+00 0.249760E+00 0.236960E+00 0.222160E+00 0.212640E+00 0.199120E+00 0.180480E+00 0.185840E+00 0.174640E+00 0.167200E+00 0.154880E+00 0.143680E+00 0.143840E+00 0.133280E+00 0.119920E+00 0.115360E+00 0.108480E+00 0.102080E+00 0.915200E-01 0.848800E-01 0.866400E-01 0.822400E-01 0.752000E-01 0.701600E-01 0.672000E-01 0.605600E-01 0.567200E-01 0.526400E-01 0.475200E-01 0.478400E-01 0.439200E-01 0.375200E-01 0.379200E-01 0.352000E-01 0.331200E-01 0.259200E-01 0.290400E-01 0.272000E-01 0.222400E-01 0.218400E-01 0.188000E-01 0.157600E-01 0.158400E-01 0.128000E-01 0.144800E-01 0.104000E-01 0.125600E-01 0.864000E-02 0.928000E-02 0.808000E-02 0.536000E-02 0.608000E-02 0.560000E-02 0.544000E-02 0.488000E-02 0.456000E-02 0.408000E-02 0.256000E-02 0.400000E-02 0.168000E-02 0.216000E-02 0.240000E-02 0.120000E-02 0.168000E-02 0.184000E-02 0.800000E-03 0.960000E-03 0.136000E-02 0.880000E-03 0.120000E-02 0.112000E-02 0.960000E-03 0.560000E-03 0.480000E-03 0.560000E-03 0.480000E-03 0.320000E-03 0.880000E-03 0.800000E-04 0.320000E-03 0.320000E-03 0.240000E-03 0.800000E-04 0.800000E-04 0.240000E-03 0.320000E-03 0.240000E-03 0.160000E-03 0.800000E-04 0.160000E-03 0.000000E+00 0.800000E-04 0.800000E-04 0.160000E-03 0.000000E+00 0.000000E+00 0.160000E-03 0.800000E-04 0.000000E+00 0.000000E+00 0.000000E+00 0.000000E+00 0.000000E+00 0.000000E+00 0.800000E-04 0.000000E+00 0.000000E+00 0.800000E-04 0.800000E-04 0.000000E+00 0.000000E+00 0.000000E+00 0.000000E+00 0.000000E+00 0.000000E+00 0.000000E+00 0.000000E+00 0.000000E+00 0.000000E+00 0.000000E+00 0.000000E+00 0.000000E+00 0.000000E+00 0.000000E+00 0.000000E+00 0.000000E+00 0.000000E+00 0.000000E+00 0.000000E+00 0.000000E+00 0.000000E+00 0.000000E+00 0.000000E+00 0.000000E+00 0.000000E+00 0.000000E+00 0.000000E+00 0.000000E+00 0.000000E+00 0.000000E+00 0.000000E+00 0.000000E+00 0.000000E+00 0.000000E+00 0.000000E+00 0.000000E+00 0.000000E+00 0.000000E+00 0.000000E+00 0.000000E+00 0.000000E+00 0.000000E+00 0.000000E+00 0.000000E+00 0.000000E+00 0.000000E+00 0.000000E+00 0.000000E+00 0.000000E+00 0.000000E+00 0.000000E+00 0.000000E+00 0.000000E+00 0.000000E+00 0.000000E+00 0.000000E+00 0.000000E+00 0.000000E+00 0.000000E+00 0.000000E+00 0.000000E+00 0.000000E+00 0.000000E+00 0.000000E+00
 0.688960E+00 0.734000E+00 0.710080E+00 0.684560E+00 0.674640E+00 0.622240E+00 0.611280E+00 0.575760E+00 0.545440E+00 0.523520E+00 0.504800E+00 0.484160E+00 0.459120E+00 0.445680E+00 0.435200E+00 0.411680E+00 0.393760E+00 0.383520E+00 0.365920E+00 0.343120E+00 0.331920E+00 0.328480E+00 0.309040E+00 0.298160E+00 0.281520E+00 0.271680E+00 0.249600E+00 0.248800E+00 0.234960E+00 0.220480E+00 0.209600E+00 0.199280E+00 0.193440E+00 0.181040E+00 0.171440E+00 0.165440E+00 0.151440E+00 0.147760E+00 0.133200E+00 0.134400E+00 0.124400E+00 0.112800E+00 0.116000E+00 0.100480E+00 0.916000E-01 0.968800E-01 0.859200E-01 0.825600E-01 0.764000E-01 0.681600E-01 0.679200E-01 0.587200E-01 0.591200E-01 0.527200E-01 0.510400E-01 0.458400E-01 0.428800E-01 0.384800E-01 0.379200E-01 0.351200E-01 0.309600E-01 0.297600E-01 0.276000E-01 0.237600E-01 0.231200E-01 0.221600E-01 0.155200E-01 0.181600E-01 0.142400E-01 0.129600E-01 0.114400E-01 0.107200E-01 0.104000E-01 0.968000E-02 0.808000E-02 0.792000E-02 0.704000E-02 0.568000E-02 0.592000E-02 0.384000E-02 0.416000E-02 0.400000E-02 0.304000E-02 0.312000E-02 0.248000E-02 0.232000E-02 0.288000E-02 0.232000E-02 0.720000E-03 0.248000E-02 0.120000E-02 0.152000E-02 0.120000E-02 0.112000E-02 0.120000E-02 0.880000E-03 0.112000E-02 0.800000E-03 0.104000E-02 0.400000E-03 0.320000E-03 0.560000E-03 0.480000E-03 0.240000E-03 0.400000E-03 0.320000E-03 0.400000E-03 0.800000E-04 0.240000E-03 0.240000E-03 0.480000E-03 0.800000E-04 0.320000E-03 0.000000E+00 0.800000E-04 0.320000E-03 0.160000E-03 0.800000E-04 0.800000E-04 0.800000E-04 0.000000E+00 0.000000E+00 0.000000E+00 0.000000E+00 0.240000E-03 0.000000E+00 0.000000E+00 0.800000E-04 0.000000E+00 0.000000E+00 0.800000E-04 0.000000E+00 0.000000E+00 0.000000E+00 0.000000E+00 0.000000E+00 0.000000E+00 0.000000E+00 0.000000E+00 0.000000E+00 0.000000E+00 0.000000E+00 0.000000E+00 0.000000E+00 0.000000E+00 0.000000E+00 0.000000E+00 0.000000E+00 0.000000E+00 0.000000E+00 0.000000E+00 0.000000E+00 0.000000E+00 0.000000E+00 0.000000E+00 0.000000E+00 0.000000E+00 0.000000E+00 0.000000E+00 0.000000E+00 0.000000E+00 0.000000E+00 0.000000E+00 0.000000E+00 0.000000E+00 0.000000E+00 0.000000E+00 0.000000E+00 0.000000E+00 0.000000E+00 0.000000E+00 0.000000E+00 0.000000E+00 0.000000E+00 0.000000E+00 0.000000E+00 0.000000E+00 0.000000E+00 0.000000E+00 0.000000E+00 0.000000E+00 0.000000E+00 0.000000E+00 0.000000E+00 0.000000E+00 0.000000E+00 0.000000E+00 0.000000E+00 0.000000E+00 0.000000E+00 0.000000E+00 0.000000E+00 0.000000E+00 0.000000E+00 0.000000E+00 0.000000E+00 0.000000E+00 0.000000E+00 0.000000E+00 0.000000E+00
