### Run with WimpAnn version = wimpann-2.08                            
###   Using Pythia version   = Pythia 6.400    
###   Using nusigma version  = nusigma-1.15-pyr                        
###   Using DarkSUSY version = ds-4.1.6                                
###   WimpAnn run started at date 2007-09-12; time 00:51:35
### Neutrino oscillation parameters
#      theta_12 =  0.00000000E+00
#      theta_13 =  0.00000000E+00
#      theta_23 =  0.00000000E+00
#         delta =  0.00000000E+00
#  delta_m^2_21 =  0.81000000E-04
#  delta_m^2_31 =  0.22000000E-02
### WimpAnn run parameters
#  Annihilation channel =        12
#  Generated particles =  g                g               
#  WIMP mass =  0.80300000E+02
#  Number of annihilations =   2500000
#  Source = Earth
#...dPhi/dz in  200 bins from 0 to 1
#...Line  1- 6: flux at centre of Earth for neutrino 1-6
 0.421200E+00 0.525760E+00 0.440960E+00 0.392560E+00 0.333200E+00 0.294560E+00 0.258880E+00 0.226480E+00 0.201840E+00 0.177200E+00 0.165040E+00 0.145920E+00 0.136240E+00 0.121360E+00 0.105280E+00 0.101600E+00 0.893600E-01 0.848000E-01 0.849600E-01 0.731200E-01 0.673600E-01 0.583200E-01 0.545600E-01 0.520000E-01 0.496000E-01 0.440800E-01 0.428000E-01 0.393600E-01 0.347200E-01 0.296800E-01 0.320000E-01 0.283200E-01 0.271200E-01 0.232800E-01 0.264800E-01 0.222400E-01 0.184000E-01 0.160000E-01 0.188800E-01 0.179200E-01 0.150400E-01 0.163200E-01 0.130400E-01 0.135200E-01 0.128000E-01 0.108000E-01 0.992000E-02 0.920000E-02 0.880000E-02 0.808000E-02 0.896000E-02 0.776000E-02 0.776000E-02 0.608000E-02 0.472000E-02 0.528000E-02 0.712000E-02 0.392000E-02 0.488000E-02 0.464000E-02 0.456000E-02 0.464000E-02 0.312000E-02 0.376000E-02 0.360000E-02 0.328000E-02 0.312000E-02 0.272000E-02 0.224000E-02 0.224000E-02 0.176000E-02 0.184000E-02 0.152000E-02 0.248000E-02 0.120000E-02 0.800000E-03 0.136000E-02 0.960000E-03 0.144000E-02 0.800000E-03 0.800000E-03 0.960000E-03 0.880000E-03 0.120000E-02 0.960000E-03 0.640000E-03 0.800000E-03 0.560000E-03 0.240000E-03 0.480000E-03 0.640000E-03 0.400000E-03 0.160000E-03 0.240000E-03 0.160000E-03 0.160000E-03 0.320000E-03 0.320000E-03 0.800000E-04 0.800000E-04 0.240000E-03 0.000000E+00 0.240000E-03 0.240000E-03 0.800000E-04 0.000000E+00 0.800000E-04 0.000000E+00 0.160000E-03 0.000000E+00 0.240000E-03 0.800000E-04 0.000000E+00 0.000000E+00 0.000000E+00 0.160000E-03 0.000000E+00 0.000000E+00 0.240000E-03 0.000000E+00 0.800000E-04 0.800000E-04 0.000000E+00 0.000000E+00 0.000000E+00 0.000000E+00 0.800000E-04 0.000000E+00 0.000000E+00 0.000000E+00 0.000000E+00 0.000000E+00 0.000000E+00 0.000000E+00 0.000000E+00 0.000000E+00 0.000000E+00 0.000000E+00 0.000000E+00 0.000000E+00 0.000000E+00 0.000000E+00 0.000000E+00 0.000000E+00 0.000000E+00 0.000000E+00 0.000000E+00 0.000000E+00 0.000000E+00 0.000000E+00 0.000000E+00 0.000000E+00 0.000000E+00 0.000000E+00 0.000000E+00 0.000000E+00 0.000000E+00 0.000000E+00 0.000000E+00 0.000000E+00 0.000000E+00 0.000000E+00 0.000000E+00 0.000000E+00 0.000000E+00 0.000000E+00 0.000000E+00 0.000000E+00 0.000000E+00 0.000000E+00 0.000000E+00 0.000000E+00 0.000000E+00 0.000000E+00 0.000000E+00 0.000000E+00 0.000000E+00 0.000000E+00 0.000000E+00 0.000000E+00 0.000000E+00 0.000000E+00 0.000000E+00 0.000000E+00 0.000000E+00 0.000000E+00 0.000000E+00 0.000000E+00 0.000000E+00 0.000000E+00 0.000000E+00 0.000000E+00 0.000000E+00 0.000000E+00 0.000000E+00 0.000000E+00 0.000000E+00 0.000000E+00 0.000000E+00 0.000000E+00
 0.437840E+00 0.528000E+00 0.448400E+00 0.381440E+00 0.330320E+00 0.289040E+00 0.259440E+00 0.223600E+00 0.210160E+00 0.184240E+00 0.162960E+00 0.148480E+00 0.133920E+00 0.118720E+00 0.111600E+00 0.951200E-01 0.940000E-01 0.858400E-01 0.766400E-01 0.703200E-01 0.677600E-01 0.641600E-01 0.570400E-01 0.536000E-01 0.499200E-01 0.464800E-01 0.440000E-01 0.387200E-01 0.365600E-01 0.344800E-01 0.324000E-01 0.304000E-01 0.272800E-01 0.260000E-01 0.259200E-01 0.234400E-01 0.217600E-01 0.207200E-01 0.192800E-01 0.168800E-01 0.156000E-01 0.144800E-01 0.132000E-01 0.132000E-01 0.116000E-01 0.128000E-01 0.113600E-01 0.101600E-01 0.952000E-02 0.760000E-02 0.872000E-02 0.944000E-02 0.768000E-02 0.664000E-02 0.632000E-02 0.672000E-02 0.648000E-02 0.376000E-02 0.496000E-02 0.504000E-02 0.416000E-02 0.424000E-02 0.352000E-02 0.408000E-02 0.280000E-02 0.248000E-02 0.280000E-02 0.224000E-02 0.232000E-02 0.272000E-02 0.208000E-02 0.232000E-02 0.160000E-02 0.168000E-02 0.184000E-02 0.160000E-02 0.880000E-03 0.120000E-02 0.800000E-03 0.104000E-02 0.560000E-03 0.800000E-03 0.640000E-03 0.112000E-02 0.960000E-03 0.880000E-03 0.112000E-02 0.560000E-03 0.640000E-03 0.240000E-03 0.640000E-03 0.320000E-03 0.400000E-03 0.400000E-03 0.240000E-03 0.240000E-03 0.240000E-03 0.320000E-03 0.160000E-03 0.240000E-03 0.160000E-03 0.240000E-03 0.160000E-03 0.240000E-03 0.240000E-03 0.240000E-03 0.800000E-04 0.000000E+00 0.800000E-04 0.000000E+00 0.800000E-04 0.000000E+00 0.800000E-04 0.800000E-04 0.800000E-04 0.000000E+00 0.000000E+00 0.800000E-04 0.240000E-03 0.000000E+00 0.000000E+00 0.000000E+00 0.000000E+00 0.800000E-04 0.000000E+00 0.800000E-04 0.000000E+00 0.000000E+00 0.800000E-04 0.000000E+00 0.000000E+00 0.000000E+00 0.000000E+00 0.000000E+00 0.000000E+00 0.000000E+00 0.000000E+00 0.000000E+00 0.000000E+00 0.000000E+00 0.000000E+00 0.000000E+00 0.000000E+00 0.000000E+00 0.000000E+00 0.000000E+00 0.000000E+00 0.000000E+00 0.000000E+00 0.000000E+00 0.000000E+00 0.000000E+00 0.000000E+00 0.000000E+00 0.000000E+00 0.000000E+00 0.000000E+00 0.000000E+00 0.000000E+00 0.000000E+00 0.000000E+00 0.000000E+00 0.000000E+00 0.000000E+00 0.000000E+00 0.000000E+00 0.000000E+00 0.000000E+00 0.000000E+00 0.000000E+00 0.000000E+00 0.000000E+00 0.000000E+00 0.000000E+00 0.000000E+00 0.000000E+00 0.000000E+00 0.000000E+00 0.000000E+00 0.000000E+00 0.000000E+00 0.000000E+00 0.000000E+00 0.000000E+00 0.000000E+00 0.000000E+00 0.000000E+00 0.000000E+00 0.000000E+00 0.000000E+00 0.000000E+00 0.000000E+00 0.000000E+00 0.000000E+00 0.000000E+00 0.000000E+00 0.000000E+00 0.000000E+00 0.000000E+00 0.000000E+00
 0.439360E+00 0.514000E+00 0.453360E+00 0.381040E+00 0.338080E+00 0.290320E+00 0.258560E+00 0.235200E+00 0.206000E+00 0.179600E+00 0.162320E+00 0.149120E+00 0.133920E+00 0.126000E+00 0.107200E+00 0.102800E+00 0.935200E-01 0.874400E-01 0.720000E-01 0.727200E-01 0.671200E-01 0.602400E-01 0.537600E-01 0.521600E-01 0.468800E-01 0.441600E-01 0.437600E-01 0.365600E-01 0.355200E-01 0.330400E-01 0.307200E-01 0.284000E-01 0.288000E-01 0.229600E-01 0.232800E-01 0.222400E-01 0.187200E-01 0.208800E-01 0.177600E-01 0.160000E-01 0.163200E-01 0.133600E-01 0.135200E-01 0.149600E-01 0.116800E-01 0.104000E-01 0.928000E-02 0.108000E-01 0.896000E-02 0.832000E-02 0.736000E-02 0.728000E-02 0.832000E-02 0.592000E-02 0.560000E-02 0.648000E-02 0.536000E-02 0.488000E-02 0.464000E-02 0.480000E-02 0.384000E-02 0.416000E-02 0.304000E-02 0.344000E-02 0.344000E-02 0.288000E-02 0.320000E-02 0.312000E-02 0.184000E-02 0.112000E-02 0.232000E-02 0.176000E-02 0.176000E-02 0.200000E-02 0.112000E-02 0.224000E-02 0.560000E-03 0.112000E-02 0.720000E-03 0.128000E-02 0.112000E-02 0.640000E-03 0.720000E-03 0.880000E-03 0.560000E-03 0.640000E-03 0.560000E-03 0.720000E-03 0.160000E-03 0.320000E-03 0.320000E-03 0.240000E-03 0.400000E-03 0.400000E-03 0.320000E-03 0.240000E-03 0.800000E-04 0.800000E-04 0.240000E-03 0.160000E-03 0.320000E-03 0.400000E-03 0.160000E-03 0.800000E-04 0.000000E+00 0.160000E-03 0.800000E-04 0.160000E-03 0.000000E+00 0.000000E+00 0.000000E+00 0.000000E+00 0.160000E-03 0.000000E+00 0.000000E+00 0.800000E-04 0.000000E+00 0.000000E+00 0.800000E-04 0.000000E+00 0.000000E+00 0.000000E+00 0.800000E-04 0.000000E+00 0.000000E+00 0.000000E+00 0.000000E+00 0.000000E+00 0.000000E+00 0.000000E+00 0.000000E+00 0.000000E+00 0.000000E+00 0.000000E+00 0.000000E+00 0.000000E+00 0.000000E+00 0.000000E+00 0.000000E+00 0.000000E+00 0.000000E+00 0.000000E+00 0.000000E+00 0.000000E+00 0.000000E+00 0.000000E+00 0.000000E+00 0.000000E+00 0.000000E+00 0.000000E+00 0.000000E+00 0.000000E+00 0.000000E+00 0.000000E+00 0.000000E+00 0.000000E+00 0.000000E+00 0.000000E+00 0.000000E+00 0.000000E+00 0.000000E+00 0.000000E+00 0.000000E+00 0.000000E+00 0.000000E+00 0.000000E+00 0.000000E+00 0.000000E+00 0.000000E+00 0.000000E+00 0.000000E+00 0.000000E+00 0.000000E+00 0.000000E+00 0.000000E+00 0.000000E+00 0.000000E+00 0.000000E+00 0.000000E+00 0.000000E+00 0.000000E+00 0.000000E+00 0.000000E+00 0.000000E+00 0.000000E+00 0.000000E+00 0.000000E+00 0.000000E+00 0.000000E+00 0.000000E+00 0.000000E+00 0.000000E+00 0.000000E+00 0.000000E+00 0.000000E+00 0.000000E+00 0.000000E+00 0.000000E+00 0.000000E+00 0.000000E+00
 0.435520E+00 0.519120E+00 0.457040E+00 0.385920E+00 0.328880E+00 0.291280E+00 0.247680E+00 0.226560E+00 0.194080E+00 0.188960E+00 0.167440E+00 0.147840E+00 0.132480E+00 0.123040E+00 0.107600E+00 0.101040E+00 0.870400E-01 0.876000E-01 0.781600E-01 0.687200E-01 0.675200E-01 0.607200E-01 0.569600E-01 0.480800E-01 0.456800E-01 0.488800E-01 0.430400E-01 0.392000E-01 0.351200E-01 0.333600E-01 0.309600E-01 0.309600E-01 0.254400E-01 0.260000E-01 0.224800E-01 0.218400E-01 0.208800E-01 0.209600E-01 0.187200E-01 0.169600E-01 0.159200E-01 0.143200E-01 0.140000E-01 0.128800E-01 0.112800E-01 0.107200E-01 0.128000E-01 0.944000E-02 0.880000E-02 0.888000E-02 0.888000E-02 0.912000E-02 0.656000E-02 0.624000E-02 0.440000E-02 0.560000E-02 0.672000E-02 0.424000E-02 0.512000E-02 0.512000E-02 0.432000E-02 0.304000E-02 0.368000E-02 0.256000E-02 0.256000E-02 0.304000E-02 0.200000E-02 0.256000E-02 0.200000E-02 0.272000E-02 0.160000E-02 0.176000E-02 0.224000E-02 0.224000E-02 0.112000E-02 0.128000E-02 0.144000E-02 0.144000E-02 0.104000E-02 0.120000E-02 0.720000E-03 0.880000E-03 0.880000E-03 0.720000E-03 0.720000E-03 0.400000E-03 0.560000E-03 0.560000E-03 0.400000E-03 0.480000E-03 0.240000E-03 0.400000E-03 0.240000E-03 0.000000E+00 0.320000E-03 0.160000E-03 0.240000E-03 0.800000E-04 0.000000E+00 0.160000E-03 0.800000E-04 0.240000E-03 0.160000E-03 0.800000E-04 0.800000E-04 0.160000E-03 0.800000E-04 0.800000E-04 0.000000E+00 0.800000E-04 0.000000E+00 0.000000E+00 0.800000E-04 0.800000E-04 0.000000E+00 0.800000E-04 0.000000E+00 0.160000E-03 0.000000E+00 0.000000E+00 0.000000E+00 0.000000E+00 0.000000E+00 0.000000E+00 0.000000E+00 0.000000E+00 0.000000E+00 0.000000E+00 0.000000E+00 0.800000E-04 0.000000E+00 0.000000E+00 0.000000E+00 0.000000E+00 0.000000E+00 0.000000E+00 0.000000E+00 0.000000E+00 0.000000E+00 0.000000E+00 0.000000E+00 0.000000E+00 0.000000E+00 0.000000E+00 0.000000E+00 0.000000E+00 0.000000E+00 0.000000E+00 0.000000E+00 0.000000E+00 0.000000E+00 0.000000E+00 0.000000E+00 0.000000E+00 0.000000E+00 0.000000E+00 0.000000E+00 0.000000E+00 0.000000E+00 0.000000E+00 0.000000E+00 0.000000E+00 0.000000E+00 0.000000E+00 0.000000E+00 0.000000E+00 0.000000E+00 0.000000E+00 0.000000E+00 0.000000E+00 0.000000E+00 0.000000E+00 0.000000E+00 0.000000E+00 0.000000E+00 0.000000E+00 0.000000E+00 0.000000E+00 0.000000E+00 0.000000E+00 0.000000E+00 0.000000E+00 0.000000E+00 0.000000E+00 0.000000E+00 0.000000E+00 0.000000E+00 0.000000E+00 0.000000E+00 0.000000E+00 0.000000E+00 0.000000E+00 0.000000E+00 0.000000E+00 0.000000E+00 0.000000E+00 0.000000E+00 0.000000E+00 0.000000E+00 0.000000E+00
 0.905600E-01 0.110320E+00 0.992000E-01 0.900000E-01 0.792000E-01 0.658400E-01 0.593600E-01 0.552000E-01 0.489600E-01 0.430400E-01 0.388800E-01 0.340000E-01 0.306400E-01 0.278400E-01 0.250400E-01 0.230400E-01 0.226400E-01 0.202400E-01 0.186400E-01 0.173600E-01 0.151200E-01 0.146400E-01 0.112000E-01 0.112000E-01 0.100000E-01 0.117600E-01 0.744000E-02 0.768000E-02 0.624000E-02 0.720000E-02 0.512000E-02 0.648000E-02 0.552000E-02 0.424000E-02 0.480000E-02 0.360000E-02 0.336000E-02 0.360000E-02 0.408000E-02 0.240000E-02 0.216000E-02 0.264000E-02 0.152000E-02 0.160000E-02 0.208000E-02 0.192000E-02 0.136000E-02 0.960000E-03 0.800000E-03 0.800000E-03 0.640000E-03 0.720000E-03 0.720000E-03 0.560000E-03 0.400000E-03 0.800000E-03 0.480000E-03 0.800000E-03 0.320000E-03 0.640000E-03 0.800000E-04 0.800000E-04 0.400000E-03 0.400000E-03 0.480000E-03 0.800000E-04 0.800000E-04 0.400000E-03 0.160000E-03 0.160000E-03 0.800000E-04 0.160000E-03 0.800000E-04 0.000000E+00 0.800000E-04 0.800000E-04 0.800000E-04 0.800000E-04 0.000000E+00 0.800000E-04 0.000000E+00 0.000000E+00 0.000000E+00 0.000000E+00 0.000000E+00 0.160000E-03 0.800000E-04 0.000000E+00 0.000000E+00 0.000000E+00 0.000000E+00 0.000000E+00 0.000000E+00 0.800000E-04 0.000000E+00 0.000000E+00 0.000000E+00 0.000000E+00 0.000000E+00 0.000000E+00 0.000000E+00 0.000000E+00 0.000000E+00 0.000000E+00 0.000000E+00 0.000000E+00 0.000000E+00 0.000000E+00 0.000000E+00 0.000000E+00 0.800000E-04 0.000000E+00 0.000000E+00 0.000000E+00 0.000000E+00 0.000000E+00 0.000000E+00 0.000000E+00 0.000000E+00 0.000000E+00 0.000000E+00 0.000000E+00 0.000000E+00 0.000000E+00 0.000000E+00 0.000000E+00 0.000000E+00 0.000000E+00 0.000000E+00 0.000000E+00 0.000000E+00 0.000000E+00 0.000000E+00 0.000000E+00 0.000000E+00 0.000000E+00 0.000000E+00 0.000000E+00 0.000000E+00 0.000000E+00 0.000000E+00 0.000000E+00 0.000000E+00 0.000000E+00 0.000000E+00 0.000000E+00 0.000000E+00 0.000000E+00 0.000000E+00 0.000000E+00 0.000000E+00 0.000000E+00 0.000000E+00 0.000000E+00 0.000000E+00 0.000000E+00 0.000000E+00 0.000000E+00 0.000000E+00 0.000000E+00 0.000000E+00 0.000000E+00 0.000000E+00 0.000000E+00 0.000000E+00 0.000000E+00 0.000000E+00 0.000000E+00 0.000000E+00 0.000000E+00 0.000000E+00 0.000000E+00 0.000000E+00 0.000000E+00 0.000000E+00 0.000000E+00 0.000000E+00 0.000000E+00 0.000000E+00 0.000000E+00 0.000000E+00 0.000000E+00 0.000000E+00 0.000000E+00 0.000000E+00 0.000000E+00 0.000000E+00 0.000000E+00 0.000000E+00 0.000000E+00 0.000000E+00 0.000000E+00 0.000000E+00 0.000000E+00 0.000000E+00 0.000000E+00 0.000000E+00 0.000000E+00 0.000000E+00 0.000000E+00
 0.840000E-01 0.113680E+00 0.100640E+00 0.897600E-01 0.756000E-01 0.716000E-01 0.594400E-01 0.563200E-01 0.467200E-01 0.415200E-01 0.371200E-01 0.341600E-01 0.292000E-01 0.294400E-01 0.248000E-01 0.213600E-01 0.223200E-01 0.221600E-01 0.180800E-01 0.167200E-01 0.141600E-01 0.141600E-01 0.119200E-01 0.140000E-01 0.107200E-01 0.103200E-01 0.992000E-02 0.824000E-02 0.872000E-02 0.624000E-02 0.664000E-02 0.440000E-02 0.528000E-02 0.488000E-02 0.336000E-02 0.464000E-02 0.352000E-02 0.264000E-02 0.336000E-02 0.264000E-02 0.168000E-02 0.288000E-02 0.160000E-02 0.216000E-02 0.216000E-02 0.168000E-02 0.152000E-02 0.208000E-02 0.104000E-02 0.104000E-02 0.800000E-03 0.104000E-02 0.112000E-02 0.640000E-03 0.720000E-03 0.400000E-03 0.800000E-03 0.320000E-03 0.400000E-03 0.320000E-03 0.800000E-04 0.240000E-03 0.240000E-03 0.160000E-03 0.800000E-04 0.000000E+00 0.160000E-03 0.800000E-04 0.000000E+00 0.000000E+00 0.000000E+00 0.000000E+00 0.000000E+00 0.240000E-03 0.160000E-03 0.800000E-04 0.800000E-04 0.000000E+00 0.000000E+00 0.800000E-04 0.800000E-04 0.000000E+00 0.800000E-04 0.000000E+00 0.000000E+00 0.800000E-04 0.800000E-04 0.000000E+00 0.000000E+00 0.000000E+00 0.800000E-04 0.000000E+00 0.000000E+00 0.000000E+00 0.000000E+00 0.000000E+00 0.000000E+00 0.000000E+00 0.000000E+00 0.000000E+00 0.800000E-04 0.000000E+00 0.000000E+00 0.000000E+00 0.000000E+00 0.000000E+00 0.000000E+00 0.000000E+00 0.000000E+00 0.000000E+00 0.800000E-04 0.000000E+00 0.000000E+00 0.000000E+00 0.000000E+00 0.000000E+00 0.000000E+00 0.000000E+00 0.000000E+00 0.000000E+00 0.000000E+00 0.000000E+00 0.000000E+00 0.000000E+00 0.000000E+00 0.000000E+00 0.000000E+00 0.000000E+00 0.000000E+00 0.000000E+00 0.000000E+00 0.000000E+00 0.000000E+00 0.000000E+00 0.000000E+00 0.000000E+00 0.000000E+00 0.000000E+00 0.000000E+00 0.000000E+00 0.000000E+00 0.000000E+00 0.000000E+00 0.000000E+00 0.000000E+00 0.000000E+00 0.000000E+00 0.000000E+00 0.000000E+00 0.000000E+00 0.000000E+00 0.000000E+00 0.000000E+00 0.000000E+00 0.000000E+00 0.000000E+00 0.000000E+00 0.000000E+00 0.000000E+00 0.000000E+00 0.000000E+00 0.000000E+00 0.000000E+00 0.000000E+00 0.000000E+00 0.000000E+00 0.000000E+00 0.000000E+00 0.000000E+00 0.000000E+00 0.000000E+00 0.000000E+00 0.000000E+00 0.000000E+00 0.000000E+00 0.000000E+00 0.000000E+00 0.000000E+00 0.000000E+00 0.000000E+00 0.000000E+00 0.000000E+00 0.000000E+00 0.000000E+00 0.000000E+00 0.000000E+00 0.000000E+00 0.000000E+00 0.000000E+00 0.000000E+00 0.000000E+00 0.000000E+00 0.000000E+00 0.000000E+00 0.000000E+00 0.000000E+00 0.000000E+00 0.000000E+00 0.000000E+00 0.000000E+00
