### Run with WimpAnn version = wimpann-2.08                            
###   Using Pythia version   = Pythia 6.400    
###   Using nusigma version  = nusigma-1.15-pyr                        
###   Using DarkSUSY version = ds-4.1.6                                
###   WimpAnn run started at date 2007-09-09; time 12:08:56
### Neutrino oscillation parameters
#      theta_12 =  0.00000000E+00
#      theta_13 =  0.00000000E+00
#      theta_23 =  0.00000000E+00
#         delta =  0.00000000E+00
#  delta_m^2_21 =  0.81000000E-04
#  delta_m^2_31 =  0.22000000E-02
### WimpAnn run parameters
#  Annihilation channel =         2
#  Generated particles =  b                bbar            
#  WIMP mass =  0.25000000E+03
#  Number of annihilations =   2500000
#  Source = Sun
#...dPhi/dz in  200 bins from 0 to 1
#...Line  1- 6: flux at centre of Sun for neutrino 1-6
#...Line  7-12: flux at surface of Sun for neutrino 1-6
#...Line 13-18: flux at 1 AU from the Sun for neutrino 1-6
#...Line 19-24: flux at surface of Sun for secondary neutrino 1-6
#...Line 25-30: flux at 1 AU from the Sun for secondary neutrino 1-6
 0.434992E+01 0.382104E+01 0.331272E+01 0.286456E+01 0.250640E+01 0.218040E+01 0.194616E+01 0.171576E+01 0.153376E+01 0.140768E+01 0.125800E+01 0.113512E+01 0.104064E+01 0.964400E+00 0.866480E+00 0.805520E+00 0.758080E+00 0.690560E+00 0.640160E+00 0.589520E+00 0.567920E+00 0.516880E+00 0.488480E+00 0.452320E+00 0.430240E+00 0.397680E+00 0.379520E+00 0.355200E+00 0.328320E+00 0.315440E+00 0.294480E+00 0.276160E+00 0.253600E+00 0.236560E+00 0.231360E+00 0.224400E+00 0.204480E+00 0.194640E+00 0.181600E+00 0.174640E+00 0.167120E+00 0.157120E+00 0.147520E+00 0.136240E+00 0.126000E+00 0.125840E+00 0.122480E+00 0.108480E+00 0.104800E+00 0.995200E-01 0.957600E-01 0.876000E-01 0.830400E-01 0.773600E-01 0.754400E-01 0.683200E-01 0.617600E-01 0.656800E-01 0.642400E-01 0.557600E-01 0.525600E-01 0.513600E-01 0.516000E-01 0.478400E-01 0.452000E-01 0.412000E-01 0.389600E-01 0.408800E-01 0.336800E-01 0.339200E-01 0.304000E-01 0.293600E-01 0.264000E-01 0.292000E-01 0.255200E-01 0.215200E-01 0.209600E-01 0.220800E-01 0.188000E-01 0.166400E-01 0.172000E-01 0.141600E-01 0.144800E-01 0.125600E-01 0.117600E-01 0.116800E-01 0.116000E-01 0.952000E-02 0.872000E-02 0.104800E-01 0.824000E-02 0.784000E-02 0.704000E-02 0.784000E-02 0.736000E-02 0.624000E-02 0.656000E-02 0.456000E-02 0.544000E-02 0.416000E-02 0.360000E-02 0.440000E-02 0.392000E-02 0.384000E-02 0.336000E-02 0.336000E-02 0.328000E-02 0.296000E-02 0.184000E-02 0.200000E-02 0.192000E-02 0.168000E-02 0.112000E-02 0.960000E-03 0.128000E-02 0.960000E-03 0.880000E-03 0.112000E-02 0.560000E-03 0.720000E-03 0.104000E-02 0.880000E-03 0.400000E-03 0.320000E-03 0.480000E-03 0.800000E-03 0.480000E-03 0.320000E-03 0.160000E-03 0.240000E-03 0.160000E-03 0.320000E-03 0.160000E-03 0.800000E-04 0.800000E-04 0.320000E-03 0.000000E+00 0.800000E-04 0.800000E-04 0.000000E+00 0.000000E+00 0.000000E+00 0.800000E-04 0.000000E+00 0.000000E+00 0.000000E+00 0.000000E+00 0.000000E+00 0.800000E-04 0.000000E+00 0.000000E+00 0.000000E+00 0.000000E+00 0.000000E+00 0.000000E+00 0.000000E+00 0.000000E+00 0.000000E+00 0.000000E+00 0.000000E+00 0.000000E+00 0.000000E+00 0.000000E+00 0.000000E+00 0.000000E+00 0.000000E+00 0.000000E+00 0.000000E+00 0.000000E+00 0.000000E+00 0.000000E+00 0.000000E+00 0.000000E+00 0.000000E+00 0.000000E+00 0.000000E+00 0.000000E+00 0.000000E+00 0.000000E+00 0.000000E+00 0.000000E+00 0.000000E+00 0.000000E+00 0.000000E+00 0.000000E+00 0.000000E+00 0.000000E+00 0.000000E+00 0.000000E+00 0.000000E+00 0.000000E+00 0.000000E+00 0.000000E+00 0.000000E+00 0.000000E+00 0.000000E+00 0.000000E+00 0.000000E+00 0.000000E+00 0.000000E+00
 0.434016E+01 0.386600E+01 0.330752E+01 0.285328E+01 0.249088E+01 0.220248E+01 0.192824E+01 0.172960E+01 0.154328E+01 0.140064E+01 0.124984E+01 0.114232E+01 0.103424E+01 0.952400E+00 0.880720E+00 0.808800E+00 0.744560E+00 0.684720E+00 0.653440E+00 0.593760E+00 0.556000E+00 0.510400E+00 0.488560E+00 0.444400E+00 0.428480E+00 0.402720E+00 0.375120E+00 0.344320E+00 0.336560E+00 0.307760E+00 0.291440E+00 0.267600E+00 0.259920E+00 0.250320E+00 0.228480E+00 0.209600E+00 0.205280E+00 0.189360E+00 0.183440E+00 0.172000E+00 0.164320E+00 0.156240E+00 0.152960E+00 0.135840E+00 0.129440E+00 0.122800E+00 0.122240E+00 0.106960E+00 0.105520E+00 0.100320E+00 0.920800E-01 0.922400E-01 0.873600E-01 0.812000E-01 0.776000E-01 0.668800E-01 0.648800E-01 0.661600E-01 0.596000E-01 0.541600E-01 0.555200E-01 0.512000E-01 0.465600E-01 0.450400E-01 0.429600E-01 0.426400E-01 0.399200E-01 0.356800E-01 0.331200E-01 0.332800E-01 0.319200E-01 0.312800E-01 0.284800E-01 0.233600E-01 0.242400E-01 0.228800E-01 0.220800E-01 0.212000E-01 0.178400E-01 0.169600E-01 0.167200E-01 0.163200E-01 0.161600E-01 0.148800E-01 0.144800E-01 0.111200E-01 0.110400E-01 0.101600E-01 0.960000E-02 0.105600E-01 0.896000E-02 0.728000E-02 0.824000E-02 0.864000E-02 0.656000E-02 0.768000E-02 0.512000E-02 0.344000E-02 0.416000E-02 0.496000E-02 0.512000E-02 0.376000E-02 0.352000E-02 0.432000E-02 0.328000E-02 0.264000E-02 0.272000E-02 0.224000E-02 0.192000E-02 0.168000E-02 0.248000E-02 0.224000E-02 0.176000E-02 0.152000E-02 0.144000E-02 0.104000E-02 0.120000E-02 0.120000E-02 0.120000E-02 0.104000E-02 0.560000E-03 0.560000E-03 0.400000E-03 0.320000E-03 0.160000E-03 0.560000E-03 0.400000E-03 0.240000E-03 0.000000E+00 0.240000E-03 0.160000E-03 0.000000E+00 0.320000E-03 0.320000E-03 0.800000E-04 0.320000E-03 0.240000E-03 0.000000E+00 0.800000E-04 0.800000E-04 0.000000E+00 0.000000E+00 0.000000E+00 0.000000E+00 0.800000E-04 0.000000E+00 0.000000E+00 0.000000E+00 0.000000E+00 0.000000E+00 0.000000E+00 0.000000E+00 0.000000E+00 0.000000E+00 0.000000E+00 0.000000E+00 0.000000E+00 0.000000E+00 0.000000E+00 0.000000E+00 0.000000E+00 0.000000E+00 0.000000E+00 0.000000E+00 0.000000E+00 0.000000E+00 0.000000E+00 0.000000E+00 0.000000E+00 0.000000E+00 0.000000E+00 0.000000E+00 0.000000E+00 0.000000E+00 0.000000E+00 0.000000E+00 0.000000E+00 0.000000E+00 0.000000E+00 0.000000E+00 0.000000E+00 0.000000E+00 0.000000E+00 0.000000E+00 0.000000E+00 0.000000E+00 0.000000E+00 0.000000E+00 0.000000E+00 0.000000E+00 0.000000E+00 0.000000E+00 0.000000E+00 0.000000E+00 0.000000E+00 0.000000E+00 0.000000E+00 0.000000E+00 0.000000E+00 0.000000E+00
 0.442400E+01 0.390168E+01 0.334184E+01 0.288624E+01 0.248896E+01 0.219032E+01 0.193440E+01 0.170448E+01 0.153336E+01 0.138312E+01 0.123824E+01 0.115632E+01 0.102984E+01 0.954080E+00 0.865600E+00 0.801280E+00 0.748480E+00 0.691120E+00 0.632720E+00 0.603040E+00 0.552160E+00 0.516560E+00 0.487040E+00 0.451920E+00 0.423600E+00 0.390640E+00 0.370160E+00 0.347200E+00 0.325440E+00 0.305600E+00 0.290960E+00 0.274720E+00 0.260720E+00 0.247920E+00 0.225600E+00 0.217200E+00 0.206720E+00 0.194640E+00 0.183920E+00 0.173520E+00 0.162720E+00 0.146240E+00 0.143600E+00 0.135760E+00 0.126880E+00 0.126080E+00 0.116400E+00 0.106320E+00 0.104240E+00 0.100640E+00 0.937600E-01 0.886400E-01 0.813600E-01 0.794400E-01 0.676000E-01 0.772000E-01 0.693600E-01 0.617600E-01 0.556800E-01 0.588800E-01 0.520000E-01 0.522400E-01 0.518400E-01 0.464000E-01 0.416800E-01 0.390400E-01 0.408000E-01 0.383200E-01 0.352800E-01 0.319200E-01 0.294400E-01 0.299200E-01 0.264000E-01 0.272800E-01 0.268000E-01 0.225600E-01 0.228000E-01 0.213600E-01 0.189600E-01 0.182400E-01 0.171200E-01 0.148800E-01 0.135200E-01 0.152800E-01 0.118400E-01 0.136800E-01 0.104000E-01 0.116800E-01 0.912000E-02 0.920000E-02 0.944000E-02 0.808000E-02 0.768000E-02 0.568000E-02 0.616000E-02 0.744000E-02 0.632000E-02 0.640000E-02 0.464000E-02 0.464000E-02 0.528000E-02 0.344000E-02 0.432000E-02 0.432000E-02 0.264000E-02 0.264000E-02 0.232000E-02 0.256000E-02 0.232000E-02 0.224000E-02 0.184000E-02 0.152000E-02 0.192000E-02 0.128000E-02 0.184000E-02 0.120000E-02 0.640000E-03 0.720000E-03 0.144000E-02 0.960000E-03 0.880000E-03 0.480000E-03 0.480000E-03 0.880000E-03 0.640000E-03 0.240000E-03 0.240000E-03 0.160000E-03 0.800000E-04 0.800000E-04 0.320000E-03 0.240000E-03 0.000000E+00 0.320000E-03 0.800000E-04 0.240000E-03 0.800000E-04 0.000000E+00 0.800000E-04 0.000000E+00 0.000000E+00 0.000000E+00 0.000000E+00 0.000000E+00 0.000000E+00 0.800000E-04 0.000000E+00 0.000000E+00 0.000000E+00 0.000000E+00 0.000000E+00 0.000000E+00 0.000000E+00 0.000000E+00 0.000000E+00 0.000000E+00 0.000000E+00 0.000000E+00 0.000000E+00 0.000000E+00 0.000000E+00 0.000000E+00 0.000000E+00 0.000000E+00 0.000000E+00 0.000000E+00 0.000000E+00 0.000000E+00 0.000000E+00 0.000000E+00 0.000000E+00 0.000000E+00 0.000000E+00 0.000000E+00 0.000000E+00 0.000000E+00 0.000000E+00 0.000000E+00 0.000000E+00 0.000000E+00 0.000000E+00 0.000000E+00 0.000000E+00 0.000000E+00 0.000000E+00 0.000000E+00 0.000000E+00 0.000000E+00 0.000000E+00 0.000000E+00 0.000000E+00 0.000000E+00 0.000000E+00 0.000000E+00 0.000000E+00 0.000000E+00 0.000000E+00 0.000000E+00 0.000000E+00 0.000000E+00
 0.439272E+01 0.390864E+01 0.334568E+01 0.284920E+01 0.250240E+01 0.217376E+01 0.191944E+01 0.171296E+01 0.154264E+01 0.138416E+01 0.124160E+01 0.112480E+01 0.102968E+01 0.943920E+00 0.879200E+00 0.809440E+00 0.737760E+00 0.686080E+00 0.648960E+00 0.583360E+00 0.542480E+00 0.516560E+00 0.481040E+00 0.445840E+00 0.411760E+00 0.391440E+00 0.366720E+00 0.349920E+00 0.325280E+00 0.313280E+00 0.288080E+00 0.279600E+00 0.251840E+00 0.235680E+00 0.230160E+00 0.221200E+00 0.208400E+00 0.190800E+00 0.179600E+00 0.168880E+00 0.160560E+00 0.156880E+00 0.148240E+00 0.133200E+00 0.131840E+00 0.121440E+00 0.121760E+00 0.108800E+00 0.104400E+00 0.101680E+00 0.929600E-01 0.926400E-01 0.821600E-01 0.803200E-01 0.723200E-01 0.721600E-01 0.735200E-01 0.644000E-01 0.609600E-01 0.561600E-01 0.523200E-01 0.513600E-01 0.492000E-01 0.479200E-01 0.424800E-01 0.423200E-01 0.369600E-01 0.355200E-01 0.326400E-01 0.321600E-01 0.309600E-01 0.309600E-01 0.299200E-01 0.264800E-01 0.222400E-01 0.213600E-01 0.217600E-01 0.196800E-01 0.197600E-01 0.178400E-01 0.169600E-01 0.178400E-01 0.137600E-01 0.141600E-01 0.129600E-01 0.108000E-01 0.104000E-01 0.100800E-01 0.968000E-02 0.888000E-02 0.832000E-02 0.776000E-02 0.712000E-02 0.672000E-02 0.656000E-02 0.672000E-02 0.584000E-02 0.568000E-02 0.584000E-02 0.432000E-02 0.408000E-02 0.472000E-02 0.400000E-02 0.368000E-02 0.208000E-02 0.344000E-02 0.232000E-02 0.272000E-02 0.240000E-02 0.208000E-02 0.192000E-02 0.128000E-02 0.184000E-02 0.168000E-02 0.152000E-02 0.168000E-02 0.960000E-03 0.720000E-03 0.120000E-02 0.960000E-03 0.800000E-03 0.320000E-03 0.560000E-03 0.640000E-03 0.240000E-03 0.160000E-03 0.160000E-03 0.240000E-03 0.800000E-04 0.800000E-04 0.240000E-03 0.160000E-03 0.160000E-03 0.000000E+00 0.240000E-03 0.800000E-04 0.000000E+00 0.000000E+00 0.000000E+00 0.000000E+00 0.800000E-04 0.000000E+00 0.000000E+00 0.000000E+00 0.000000E+00 0.000000E+00 0.000000E+00 0.000000E+00 0.000000E+00 0.000000E+00 0.000000E+00 0.000000E+00 0.000000E+00 0.000000E+00 0.000000E+00 0.000000E+00 0.000000E+00 0.000000E+00 0.000000E+00 0.000000E+00 0.000000E+00 0.000000E+00 0.000000E+00 0.000000E+00 0.000000E+00 0.000000E+00 0.000000E+00 0.000000E+00 0.000000E+00 0.000000E+00 0.000000E+00 0.000000E+00 0.000000E+00 0.000000E+00 0.000000E+00 0.000000E+00 0.000000E+00 0.000000E+00 0.000000E+00 0.000000E+00 0.000000E+00 0.000000E+00 0.000000E+00 0.000000E+00 0.000000E+00 0.000000E+00 0.000000E+00 0.000000E+00 0.000000E+00 0.000000E+00 0.000000E+00 0.000000E+00 0.000000E+00 0.000000E+00 0.000000E+00 0.000000E+00 0.000000E+00 0.000000E+00 0.000000E+00 0.000000E+00
 0.139504E+01 0.131808E+01 0.118064E+01 0.106584E+01 0.952880E+00 0.877040E+00 0.806960E+00 0.736720E+00 0.685840E+00 0.614640E+00 0.572480E+00 0.526560E+00 0.485920E+00 0.451360E+00 0.416240E+00 0.374000E+00 0.356880E+00 0.320960E+00 0.301680E+00 0.273360E+00 0.252160E+00 0.233520E+00 0.211600E+00 0.200640E+00 0.189360E+00 0.173680E+00 0.158960E+00 0.146720E+00 0.128320E+00 0.126560E+00 0.112560E+00 0.105680E+00 0.102000E+00 0.960000E-01 0.887200E-01 0.797600E-01 0.740800E-01 0.684800E-01 0.614400E-01 0.617600E-01 0.570400E-01 0.486400E-01 0.467200E-01 0.416800E-01 0.395200E-01 0.350400E-01 0.340000E-01 0.295200E-01 0.250400E-01 0.258400E-01 0.224000E-01 0.197600E-01 0.197600E-01 0.168800E-01 0.153600E-01 0.161600E-01 0.140000E-01 0.117600E-01 0.116000E-01 0.102400E-01 0.121600E-01 0.968000E-02 0.776000E-02 0.712000E-02 0.576000E-02 0.640000E-02 0.624000E-02 0.456000E-02 0.472000E-02 0.424000E-02 0.384000E-02 0.312000E-02 0.224000E-02 0.312000E-02 0.272000E-02 0.184000E-02 0.152000E-02 0.152000E-02 0.120000E-02 0.104000E-02 0.640000E-03 0.960000E-03 0.176000E-02 0.640000E-03 0.720000E-03 0.480000E-03 0.320000E-03 0.480000E-03 0.640000E-03 0.480000E-03 0.240000E-03 0.320000E-03 0.320000E-03 0.800000E-04 0.000000E+00 0.800000E-04 0.160000E-03 0.800000E-04 0.800000E-04 0.160000E-03 0.240000E-03 0.240000E-03 0.160000E-03 0.800000E-04 0.000000E+00 0.000000E+00 0.800000E-04 0.000000E+00 0.800000E-04 0.800000E-04 0.800000E-04 0.000000E+00 0.160000E-03 0.000000E+00 0.000000E+00 0.000000E+00 0.000000E+00 0.800000E-04 0.000000E+00 0.800000E-04 0.000000E+00 0.000000E+00 0.000000E+00 0.000000E+00 0.800000E-04 0.000000E+00 0.000000E+00 0.800000E-04 0.000000E+00 0.000000E+00 0.000000E+00 0.000000E+00 0.000000E+00 0.000000E+00 0.000000E+00 0.000000E+00 0.000000E+00 0.000000E+00 0.000000E+00 0.000000E+00 0.000000E+00 0.000000E+00 0.000000E+00 0.000000E+00 0.000000E+00 0.000000E+00 0.000000E+00 0.000000E+00 0.000000E+00 0.000000E+00 0.000000E+00 0.000000E+00 0.000000E+00 0.000000E+00 0.000000E+00 0.000000E+00 0.000000E+00 0.000000E+00 0.000000E+00 0.000000E+00 0.000000E+00 0.000000E+00 0.000000E+00 0.000000E+00 0.000000E+00 0.000000E+00 0.000000E+00 0.000000E+00 0.000000E+00 0.000000E+00 0.000000E+00 0.000000E+00 0.000000E+00 0.000000E+00 0.000000E+00 0.000000E+00 0.000000E+00 0.000000E+00 0.000000E+00 0.000000E+00 0.000000E+00 0.000000E+00 0.000000E+00 0.000000E+00 0.000000E+00 0.000000E+00 0.000000E+00 0.000000E+00 0.000000E+00 0.000000E+00 0.000000E+00 0.000000E+00 0.000000E+00 0.000000E+00 0.000000E+00 0.000000E+00 0.000000E+00 0.000000E+00 0.000000E+00 0.000000E+00
 0.140704E+01 0.130136E+01 0.119080E+01 0.105912E+01 0.951760E+00 0.880080E+00 0.817120E+00 0.727600E+00 0.666480E+00 0.626320E+00 0.568480E+00 0.525280E+00 0.482560E+00 0.446640E+00 0.414800E+00 0.388000E+00 0.353360E+00 0.323760E+00 0.297040E+00 0.276000E+00 0.254240E+00 0.236880E+00 0.222720E+00 0.200720E+00 0.188400E+00 0.176640E+00 0.161040E+00 0.139520E+00 0.136400E+00 0.130880E+00 0.120960E+00 0.108800E+00 0.991200E-01 0.949600E-01 0.851200E-01 0.758400E-01 0.736000E-01 0.641600E-01 0.639200E-01 0.587200E-01 0.538400E-01 0.473600E-01 0.438400E-01 0.408800E-01 0.380800E-01 0.359200E-01 0.319200E-01 0.300000E-01 0.278400E-01 0.227200E-01 0.232000E-01 0.220000E-01 0.204000E-01 0.177600E-01 0.161600E-01 0.146400E-01 0.144000E-01 0.123200E-01 0.110400E-01 0.123200E-01 0.864000E-02 0.968000E-02 0.832000E-02 0.616000E-02 0.624000E-02 0.504000E-02 0.512000E-02 0.456000E-02 0.496000E-02 0.392000E-02 0.368000E-02 0.344000E-02 0.224000E-02 0.224000E-02 0.184000E-02 0.184000E-02 0.256000E-02 0.120000E-02 0.160000E-02 0.112000E-02 0.800000E-03 0.104000E-02 0.880000E-03 0.480000E-03 0.960000E-03 0.240000E-03 0.640000E-03 0.240000E-03 0.560000E-03 0.480000E-03 0.480000E-03 0.240000E-03 0.800000E-04 0.800000E-04 0.000000E+00 0.320000E-03 0.160000E-03 0.160000E-03 0.160000E-03 0.800000E-04 0.160000E-03 0.320000E-03 0.800000E-04 0.160000E-03 0.000000E+00 0.800000E-04 0.800000E-04 0.000000E+00 0.240000E-03 0.160000E-03 0.160000E-03 0.000000E+00 0.000000E+00 0.000000E+00 0.000000E+00 0.000000E+00 0.000000E+00 0.800000E-04 0.800000E-04 0.000000E+00 0.000000E+00 0.000000E+00 0.000000E+00 0.000000E+00 0.000000E+00 0.000000E+00 0.000000E+00 0.000000E+00 0.000000E+00 0.000000E+00 0.000000E+00 0.000000E+00 0.000000E+00 0.000000E+00 0.000000E+00 0.000000E+00 0.000000E+00 0.800000E-04 0.000000E+00 0.000000E+00 0.000000E+00 0.000000E+00 0.000000E+00 0.000000E+00 0.000000E+00 0.000000E+00 0.000000E+00 0.000000E+00 0.000000E+00 0.000000E+00 0.000000E+00 0.000000E+00 0.000000E+00 0.000000E+00 0.000000E+00 0.000000E+00 0.000000E+00 0.000000E+00 0.000000E+00 0.000000E+00 0.000000E+00 0.000000E+00 0.000000E+00 0.000000E+00 0.000000E+00 0.000000E+00 0.000000E+00 0.000000E+00 0.000000E+00 0.000000E+00 0.000000E+00 0.000000E+00 0.000000E+00 0.000000E+00 0.000000E+00 0.000000E+00 0.000000E+00 0.000000E+00 0.000000E+00 0.000000E+00 0.000000E+00 0.000000E+00 0.000000E+00 0.000000E+00 0.000000E+00 0.000000E+00 0.000000E+00 0.000000E+00 0.000000E+00 0.000000E+00 0.000000E+00 0.000000E+00 0.000000E+00 0.000000E+00 0.000000E+00 0.000000E+00 0.000000E+00 0.000000E+00 0.000000E+00 0.000000E+00
 0.441912E+01 0.386024E+01 0.331352E+01 0.283912E+01 0.246616E+01 0.213048E+01 0.188032E+01 0.164080E+01 0.146024E+01 0.132608E+01 0.117384E+01 0.106040E+01 0.958240E+00 0.882480E+00 0.778320E+00 0.726800E+00 0.676800E+00 0.606720E+00 0.557840E+00 0.512240E+00 0.491600E+00 0.442400E+00 0.412240E+00 0.379840E+00 0.352480E+00 0.324880E+00 0.312960E+00 0.289680E+00 0.261840E+00 0.255360E+00 0.230080E+00 0.214880E+00 0.193360E+00 0.180080E+00 0.177680E+00 0.170400E+00 0.152880E+00 0.145040E+00 0.133840E+00 0.129920E+00 0.118640E+00 0.110240E+00 0.106960E+00 0.984000E-01 0.860800E-01 0.869600E-01 0.849600E-01 0.721600E-01 0.692800E-01 0.664800E-01 0.604000E-01 0.569600E-01 0.536000E-01 0.496000E-01 0.496000E-01 0.426400E-01 0.397600E-01 0.416800E-01 0.386400E-01 0.335200E-01 0.320000E-01 0.322400E-01 0.309600E-01 0.276000E-01 0.256000E-01 0.248800E-01 0.212800E-01 0.235200E-01 0.187200E-01 0.185600E-01 0.156800E-01 0.156800E-01 0.137600E-01 0.153600E-01 0.137600E-01 0.118400E-01 0.120000E-01 0.116800E-01 0.816000E-02 0.872000E-02 0.928000E-02 0.592000E-02 0.784000E-02 0.568000E-02 0.520000E-02 0.544000E-02 0.608000E-02 0.432000E-02 0.432000E-02 0.480000E-02 0.424000E-02 0.368000E-02 0.376000E-02 0.384000E-02 0.328000E-02 0.224000E-02 0.320000E-02 0.232000E-02 0.208000E-02 0.160000E-02 0.880000E-03 0.144000E-02 0.152000E-02 0.176000E-02 0.152000E-02 0.144000E-02 0.136000E-02 0.104000E-02 0.640000E-03 0.640000E-03 0.720000E-03 0.640000E-03 0.640000E-03 0.400000E-03 0.720000E-03 0.240000E-03 0.160000E-03 0.240000E-03 0.160000E-03 0.240000E-03 0.480000E-03 0.320000E-03 0.800000E-04 0.160000E-03 0.160000E-03 0.400000E-03 0.160000E-03 0.800000E-04 0.000000E+00 0.000000E+00 0.000000E+00 0.800000E-04 0.160000E-03 0.000000E+00 0.000000E+00 0.160000E-03 0.000000E+00 0.000000E+00 0.800000E-04 0.000000E+00 0.000000E+00 0.000000E+00 0.000000E+00 0.000000E+00 0.000000E+00 0.000000E+00 0.000000E+00 0.000000E+00 0.000000E+00 0.000000E+00 0.000000E+00 0.000000E+00 0.000000E+00 0.000000E+00 0.000000E+00 0.000000E+00 0.000000E+00 0.000000E+00 0.000000E+00 0.000000E+00 0.000000E+00 0.000000E+00 0.000000E+00 0.000000E+00 0.000000E+00 0.000000E+00 0.000000E+00 0.000000E+00 0.000000E+00 0.000000E+00 0.000000E+00 0.000000E+00 0.000000E+00 0.000000E+00 0.000000E+00 0.000000E+00 0.000000E+00 0.000000E+00 0.000000E+00 0.000000E+00 0.000000E+00 0.000000E+00 0.000000E+00 0.000000E+00 0.000000E+00 0.000000E+00 0.000000E+00 0.000000E+00 0.000000E+00 0.000000E+00 0.000000E+00 0.000000E+00 0.000000E+00 0.000000E+00 0.000000E+00 0.000000E+00 0.000000E+00 0.000000E+00 0.000000E+00 0.000000E+00
 0.436880E+01 0.388192E+01 0.330168E+01 0.283400E+01 0.246664E+01 0.217120E+01 0.188800E+01 0.168528E+01 0.149800E+01 0.135640E+01 0.120336E+01 0.109288E+01 0.980400E+00 0.901360E+00 0.829360E+00 0.757360E+00 0.691120E+00 0.636720E+00 0.605440E+00 0.546080E+00 0.508000E+00 0.463120E+00 0.440960E+00 0.401360E+00 0.387760E+00 0.356320E+00 0.334240E+00 0.303840E+00 0.292880E+00 0.265760E+00 0.257920E+00 0.229520E+00 0.220640E+00 0.214880E+00 0.195760E+00 0.176480E+00 0.171680E+00 0.157760E+00 0.154000E+00 0.142480E+00 0.135920E+00 0.126320E+00 0.123120E+00 0.110800E+00 0.105520E+00 0.990400E-01 0.968000E-01 0.840800E-01 0.836000E-01 0.788000E-01 0.716800E-01 0.708800E-01 0.678400E-01 0.601600E-01 0.600000E-01 0.506400E-01 0.501600E-01 0.503200E-01 0.432000E-01 0.389600E-01 0.390400E-01 0.370400E-01 0.348000E-01 0.336800E-01 0.298400E-01 0.316000E-01 0.283200E-01 0.242400E-01 0.223200E-01 0.224800E-01 0.226400E-01 0.217600E-01 0.186400E-01 0.152000E-01 0.172000E-01 0.148800E-01 0.159200E-01 0.136800E-01 0.122400E-01 0.116800E-01 0.928000E-02 0.110400E-01 0.112000E-01 0.944000E-02 0.944000E-02 0.736000E-02 0.728000E-02 0.568000E-02 0.680000E-02 0.680000E-02 0.560000E-02 0.416000E-02 0.472000E-02 0.504000E-02 0.424000E-02 0.424000E-02 0.288000E-02 0.240000E-02 0.288000E-02 0.344000E-02 0.288000E-02 0.264000E-02 0.184000E-02 0.280000E-02 0.152000E-02 0.120000E-02 0.200000E-02 0.168000E-02 0.120000E-02 0.960000E-03 0.128000E-02 0.168000E-02 0.800000E-03 0.880000E-03 0.960000E-03 0.720000E-03 0.480000E-03 0.720000E-03 0.640000E-03 0.800000E-03 0.320000E-03 0.400000E-03 0.160000E-03 0.160000E-03 0.160000E-03 0.240000E-03 0.240000E-03 0.160000E-03 0.000000E+00 0.240000E-03 0.160000E-03 0.000000E+00 0.240000E-03 0.160000E-03 0.800000E-04 0.240000E-03 0.800000E-04 0.000000E+00 0.800000E-04 0.000000E+00 0.000000E+00 0.000000E+00 0.000000E+00 0.000000E+00 0.800000E-04 0.000000E+00 0.000000E+00 0.000000E+00 0.000000E+00 0.000000E+00 0.000000E+00 0.000000E+00 0.000000E+00 0.000000E+00 0.000000E+00 0.000000E+00 0.000000E+00 0.000000E+00 0.000000E+00 0.000000E+00 0.000000E+00 0.000000E+00 0.000000E+00 0.000000E+00 0.000000E+00 0.000000E+00 0.000000E+00 0.000000E+00 0.000000E+00 0.000000E+00 0.000000E+00 0.000000E+00 0.000000E+00 0.000000E+00 0.000000E+00 0.000000E+00 0.000000E+00 0.000000E+00 0.000000E+00 0.000000E+00 0.000000E+00 0.000000E+00 0.000000E+00 0.000000E+00 0.000000E+00 0.000000E+00 0.000000E+00 0.000000E+00 0.000000E+00 0.000000E+00 0.000000E+00 0.000000E+00 0.000000E+00 0.000000E+00 0.000000E+00 0.000000E+00 0.000000E+00 0.000000E+00 0.000000E+00 0.000000E+00
 0.449080E+01 0.393352E+01 0.334616E+01 0.286768E+01 0.244960E+01 0.213696E+01 0.187096E+01 0.163360E+01 0.146152E+01 0.130096E+01 0.115528E+01 0.107440E+01 0.949600E+00 0.869120E+00 0.792400E+00 0.720640E+00 0.665680E+00 0.607680E+00 0.553040E+00 0.521920E+00 0.475920E+00 0.440720E+00 0.412080E+00 0.380800E+00 0.350640E+00 0.325520E+00 0.299040E+00 0.281040E+00 0.261600E+00 0.241040E+00 0.228960E+00 0.213440E+00 0.202400E+00 0.190560E+00 0.170320E+00 0.165520E+00 0.156720E+00 0.143600E+00 0.135840E+00 0.125760E+00 0.120800E+00 0.102160E+00 0.102080E+00 0.991200E-01 0.886400E-01 0.904000E-01 0.783200E-01 0.713600E-01 0.684800E-01 0.680800E-01 0.636000E-01 0.580800E-01 0.529600E-01 0.507200E-01 0.444000E-01 0.489600E-01 0.441600E-01 0.392800E-01 0.349600E-01 0.368800E-01 0.330400E-01 0.324000E-01 0.308800E-01 0.292000E-01 0.250400E-01 0.228800E-01 0.224800E-01 0.213600E-01 0.218400E-01 0.171200E-01 0.172800E-01 0.166400E-01 0.143200E-01 0.144800E-01 0.150400E-01 0.104800E-01 0.132800E-01 0.952000E-02 0.896000E-02 0.856000E-02 0.720000E-02 0.632000E-02 0.664000E-02 0.648000E-02 0.576000E-02 0.704000E-02 0.544000E-02 0.608000E-02 0.344000E-02 0.384000E-02 0.392000E-02 0.352000E-02 0.328000E-02 0.344000E-02 0.248000E-02 0.368000E-02 0.232000E-02 0.280000E-02 0.216000E-02 0.192000E-02 0.240000E-02 0.152000E-02 0.200000E-02 0.200000E-02 0.160000E-02 0.120000E-02 0.960000E-03 0.880000E-03 0.104000E-02 0.800000E-03 0.720000E-03 0.240000E-03 0.640000E-03 0.400000E-03 0.104000E-02 0.480000E-03 0.240000E-03 0.000000E+00 0.320000E-03 0.400000E-03 0.800000E-04 0.240000E-03 0.160000E-03 0.480000E-03 0.000000E+00 0.160000E-03 0.000000E+00 0.800000E-04 0.000000E+00 0.000000E+00 0.000000E+00 0.000000E+00 0.000000E+00 0.160000E-03 0.000000E+00 0.800000E-04 0.000000E+00 0.000000E+00 0.800000E-04 0.000000E+00 0.000000E+00 0.000000E+00 0.000000E+00 0.000000E+00 0.000000E+00 0.000000E+00 0.000000E+00 0.000000E+00 0.000000E+00 0.000000E+00 0.000000E+00 0.000000E+00 0.000000E+00 0.000000E+00 0.000000E+00 0.000000E+00 0.000000E+00 0.000000E+00 0.000000E+00 0.000000E+00 0.000000E+00 0.000000E+00 0.000000E+00 0.000000E+00 0.000000E+00 0.000000E+00 0.000000E+00 0.000000E+00 0.000000E+00 0.000000E+00 0.000000E+00 0.000000E+00 0.000000E+00 0.000000E+00 0.000000E+00 0.000000E+00 0.000000E+00 0.000000E+00 0.000000E+00 0.000000E+00 0.000000E+00 0.000000E+00 0.000000E+00 0.000000E+00 0.000000E+00 0.000000E+00 0.000000E+00 0.000000E+00 0.000000E+00 0.000000E+00 0.000000E+00 0.000000E+00 0.000000E+00 0.000000E+00 0.000000E+00 0.000000E+00 0.000000E+00 0.000000E+00 0.000000E+00 0.000000E+00
 0.441904E+01 0.392136E+01 0.333744E+01 0.282896E+01 0.247720E+01 0.213832E+01 0.187912E+01 0.167712E+01 0.149904E+01 0.133576E+01 0.119040E+01 0.107600E+01 0.980960E+00 0.895440E+00 0.827440E+00 0.753520E+00 0.692160E+00 0.638720E+00 0.601360E+00 0.533920E+00 0.496240E+00 0.468880E+00 0.437120E+00 0.400720E+00 0.366560E+00 0.349840E+00 0.325520E+00 0.309520E+00 0.278160E+00 0.273760E+00 0.251600E+00 0.240960E+00 0.217520E+00 0.199120E+00 0.196480E+00 0.188480E+00 0.175840E+00 0.158640E+00 0.146080E+00 0.141280E+00 0.131600E+00 0.128800E+00 0.119680E+00 0.106720E+00 0.104000E+00 0.949600E-01 0.958400E-01 0.852800E-01 0.841600E-01 0.793600E-01 0.710400E-01 0.717600E-01 0.647200E-01 0.610400E-01 0.553600E-01 0.535200E-01 0.534400E-01 0.498400E-01 0.436000E-01 0.398400E-01 0.390400E-01 0.380000E-01 0.361600E-01 0.360000E-01 0.307200E-01 0.311200E-01 0.267200E-01 0.251200E-01 0.228800E-01 0.222400E-01 0.223200E-01 0.218400E-01 0.208800E-01 0.176000E-01 0.148000E-01 0.138400E-01 0.144000E-01 0.141600E-01 0.140800E-01 0.124000E-01 0.115200E-01 0.114400E-01 0.920000E-02 0.944000E-02 0.872000E-02 0.744000E-02 0.680000E-02 0.728000E-02 0.600000E-02 0.488000E-02 0.544000E-02 0.368000E-02 0.440000E-02 0.392000E-02 0.408000E-02 0.360000E-02 0.336000E-02 0.424000E-02 0.336000E-02 0.320000E-02 0.264000E-02 0.312000E-02 0.192000E-02 0.272000E-02 0.960000E-03 0.192000E-02 0.120000E-02 0.176000E-02 0.136000E-02 0.160000E-02 0.960000E-03 0.720000E-03 0.120000E-02 0.960000E-03 0.800000E-03 0.960000E-03 0.560000E-03 0.800000E-04 0.800000E-03 0.560000E-03 0.320000E-03 0.800000E-04 0.240000E-03 0.240000E-03 0.160000E-03 0.800000E-04 0.800000E-04 0.160000E-03 0.000000E+00 0.000000E+00 0.160000E-03 0.800000E-04 0.000000E+00 0.000000E+00 0.160000E-03 0.000000E+00 0.000000E+00 0.000000E+00 0.000000E+00 0.000000E+00 0.800000E-04 0.000000E+00 0.000000E+00 0.000000E+00 0.000000E+00 0.000000E+00 0.000000E+00 0.000000E+00 0.000000E+00 0.000000E+00 0.000000E+00 0.000000E+00 0.000000E+00 0.000000E+00 0.000000E+00 0.000000E+00 0.000000E+00 0.000000E+00 0.000000E+00 0.000000E+00 0.000000E+00 0.000000E+00 0.000000E+00 0.000000E+00 0.000000E+00 0.000000E+00 0.000000E+00 0.000000E+00 0.000000E+00 0.000000E+00 0.000000E+00 0.000000E+00 0.000000E+00 0.000000E+00 0.000000E+00 0.000000E+00 0.000000E+00 0.000000E+00 0.000000E+00 0.000000E+00 0.000000E+00 0.000000E+00 0.000000E+00 0.000000E+00 0.000000E+00 0.000000E+00 0.000000E+00 0.000000E+00 0.000000E+00 0.000000E+00 0.000000E+00 0.000000E+00 0.000000E+00 0.000000E+00 0.000000E+00 0.000000E+00 0.000000E+00 0.000000E+00 0.000000E+00 0.000000E+00
 0.157784E+01 0.143416E+01 0.125456E+01 0.112752E+01 0.100408E+01 0.916960E+00 0.833200E+00 0.757280E+00 0.697280E+00 0.622400E+00 0.572880E+00 0.524640E+00 0.482320E+00 0.441760E+00 0.404960E+00 0.360080E+00 0.342080E+00 0.305360E+00 0.287680E+00 0.255760E+00 0.234960E+00 0.214640E+00 0.194720E+00 0.181840E+00 0.168880E+00 0.156800E+00 0.140720E+00 0.129280E+00 0.112960E+00 0.108960E+00 0.978400E-01 0.916000E-01 0.856000E-01 0.808800E-01 0.736000E-01 0.650400E-01 0.595200E-01 0.570400E-01 0.490400E-01 0.498400E-01 0.458400E-01 0.383200E-01 0.363200E-01 0.316000E-01 0.313600E-01 0.263200E-01 0.272800E-01 0.212000E-01 0.192800E-01 0.181600E-01 0.165600E-01 0.136000E-01 0.144800E-01 0.113600E-01 0.111200E-01 0.108800E-01 0.880000E-02 0.824000E-02 0.808000E-02 0.728000E-02 0.736000E-02 0.656000E-02 0.528000E-02 0.544000E-02 0.352000E-02 0.408000E-02 0.440000E-02 0.336000E-02 0.200000E-02 0.312000E-02 0.264000E-02 0.208000E-02 0.152000E-02 0.216000E-02 0.168000E-02 0.960000E-03 0.104000E-02 0.960000E-03 0.640000E-03 0.560000E-03 0.320000E-03 0.480000E-03 0.104000E-02 0.320000E-03 0.400000E-03 0.320000E-03 0.160000E-03 0.800000E-04 0.320000E-03 0.400000E-03 0.160000E-03 0.320000E-03 0.400000E-03 0.800000E-04 0.000000E+00 0.000000E+00 0.800000E-04 0.000000E+00 0.000000E+00 0.800000E-04 0.160000E-03 0.800000E-04 0.800000E-04 0.000000E+00 0.000000E+00 0.000000E+00 0.000000E+00 0.000000E+00 0.800000E-04 0.800000E-04 0.800000E-04 0.000000E+00 0.800000E-04 0.000000E+00 0.000000E+00 0.000000E+00 0.000000E+00 0.800000E-04 0.000000E+00 0.800000E-04 0.000000E+00 0.000000E+00 0.000000E+00 0.000000E+00 0.000000E+00 0.000000E+00 0.000000E+00 0.800000E-04 0.000000E+00 0.000000E+00 0.000000E+00 0.000000E+00 0.000000E+00 0.000000E+00 0.000000E+00 0.000000E+00 0.000000E+00 0.000000E+00 0.000000E+00 0.000000E+00 0.000000E+00 0.000000E+00 0.000000E+00 0.000000E+00 0.000000E+00 0.000000E+00 0.000000E+00 0.000000E+00 0.000000E+00 0.000000E+00 0.000000E+00 0.000000E+00 0.000000E+00 0.000000E+00 0.000000E+00 0.000000E+00 0.000000E+00 0.000000E+00 0.000000E+00 0.000000E+00 0.000000E+00 0.000000E+00 0.000000E+00 0.000000E+00 0.000000E+00 0.000000E+00 0.000000E+00 0.000000E+00 0.000000E+00 0.000000E+00 0.000000E+00 0.000000E+00 0.000000E+00 0.000000E+00 0.000000E+00 0.000000E+00 0.000000E+00 0.000000E+00 0.000000E+00 0.000000E+00 0.000000E+00 0.000000E+00 0.000000E+00 0.000000E+00 0.000000E+00 0.000000E+00 0.000000E+00 0.000000E+00 0.000000E+00 0.000000E+00 0.000000E+00 0.000000E+00 0.000000E+00 0.000000E+00 0.000000E+00 0.000000E+00 0.000000E+00 0.000000E+00 0.000000E+00 0.000000E+00
 0.148808E+01 0.136872E+01 0.123688E+01 0.109880E+01 0.988640E+00 0.907520E+00 0.836080E+00 0.741360E+00 0.671200E+00 0.633520E+00 0.571840E+00 0.527920E+00 0.485360E+00 0.445120E+00 0.409840E+00 0.382000E+00 0.346880E+00 0.315120E+00 0.288000E+00 0.266800E+00 0.242800E+00 0.225920E+00 0.211600E+00 0.188240E+00 0.179520E+00 0.164320E+00 0.150000E+00 0.129360E+00 0.125200E+00 0.121600E+00 0.110400E+00 0.100000E+00 0.901600E-01 0.854400E-01 0.738400E-01 0.672800E-01 0.655200E-01 0.563200E-01 0.561600E-01 0.525600E-01 0.468800E-01 0.409600E-01 0.377600E-01 0.361600E-01 0.322400E-01 0.302400E-01 0.261600E-01 0.264800E-01 0.223200E-01 0.192800E-01 0.190400E-01 0.188800E-01 0.165600E-01 0.144800E-01 0.129600E-01 0.112000E-01 0.119200E-01 0.952000E-02 0.848000E-02 0.102400E-01 0.656000E-02 0.768000E-02 0.688000E-02 0.488000E-02 0.520000E-02 0.384000E-02 0.344000E-02 0.368000E-02 0.328000E-02 0.288000E-02 0.312000E-02 0.248000E-02 0.152000E-02 0.184000E-02 0.120000E-02 0.120000E-02 0.168000E-02 0.800000E-03 0.120000E-02 0.720000E-03 0.560000E-03 0.640000E-03 0.560000E-03 0.160000E-03 0.720000E-03 0.800000E-04 0.480000E-03 0.240000E-03 0.160000E-03 0.320000E-03 0.240000E-03 0.800000E-04 0.800000E-04 0.000000E+00 0.000000E+00 0.800000E-04 0.160000E-03 0.800000E-04 0.800000E-04 0.000000E+00 0.800000E-04 0.240000E-03 0.000000E+00 0.800000E-04 0.000000E+00 0.800000E-04 0.800000E-04 0.000000E+00 0.800000E-04 0.160000E-03 0.800000E-04 0.000000E+00 0.000000E+00 0.000000E+00 0.000000E+00 0.000000E+00 0.000000E+00 0.000000E+00 0.800000E-04 0.000000E+00 0.000000E+00 0.000000E+00 0.000000E+00 0.000000E+00 0.000000E+00 0.000000E+00 0.000000E+00 0.000000E+00 0.000000E+00 0.000000E+00 0.000000E+00 0.000000E+00 0.000000E+00 0.000000E+00 0.000000E+00 0.000000E+00 0.000000E+00 0.000000E+00 0.000000E+00 0.000000E+00 0.000000E+00 0.000000E+00 0.000000E+00 0.000000E+00 0.000000E+00 0.000000E+00 0.000000E+00 0.000000E+00 0.000000E+00 0.000000E+00 0.000000E+00 0.000000E+00 0.000000E+00 0.000000E+00 0.000000E+00 0.000000E+00 0.000000E+00 0.000000E+00 0.000000E+00 0.000000E+00 0.000000E+00 0.000000E+00 0.000000E+00 0.000000E+00 0.000000E+00 0.000000E+00 0.000000E+00 0.000000E+00 0.000000E+00 0.000000E+00 0.000000E+00 0.000000E+00 0.000000E+00 0.000000E+00 0.000000E+00 0.000000E+00 0.000000E+00 0.000000E+00 0.000000E+00 0.000000E+00 0.000000E+00 0.000000E+00 0.000000E+00 0.000000E+00 0.000000E+00 0.000000E+00 0.000000E+00 0.000000E+00 0.000000E+00 0.000000E+00 0.000000E+00 0.000000E+00 0.000000E+00 0.000000E+00 0.000000E+00 0.000000E+00 0.000000E+00 0.000000E+00 0.000000E+00 0.000000E+00
 0.441912E+01 0.386024E+01 0.331352E+01 0.283912E+01 0.246616E+01 0.213048E+01 0.188032E+01 0.164080E+01 0.146024E+01 0.132608E+01 0.117384E+01 0.106040E+01 0.958240E+00 0.882480E+00 0.778320E+00 0.726800E+00 0.676800E+00 0.606720E+00 0.557840E+00 0.512240E+00 0.491600E+00 0.442400E+00 0.412240E+00 0.379840E+00 0.352480E+00 0.324880E+00 0.312960E+00 0.289680E+00 0.261840E+00 0.255360E+00 0.230080E+00 0.214880E+00 0.193360E+00 0.180080E+00 0.177680E+00 0.170400E+00 0.152880E+00 0.145040E+00 0.133840E+00 0.129920E+00 0.118640E+00 0.110240E+00 0.106960E+00 0.984000E-01 0.860800E-01 0.869600E-01 0.849600E-01 0.721600E-01 0.692800E-01 0.664800E-01 0.604000E-01 0.569600E-01 0.536000E-01 0.496000E-01 0.496000E-01 0.426400E-01 0.397600E-01 0.416800E-01 0.386400E-01 0.335200E-01 0.320000E-01 0.322400E-01 0.309600E-01 0.276000E-01 0.256000E-01 0.248800E-01 0.212800E-01 0.235200E-01 0.187200E-01 0.185600E-01 0.156800E-01 0.156800E-01 0.137600E-01 0.153600E-01 0.137600E-01 0.118400E-01 0.120000E-01 0.116800E-01 0.816000E-02 0.872000E-02 0.928000E-02 0.592000E-02 0.784000E-02 0.568000E-02 0.520000E-02 0.544000E-02 0.608000E-02 0.432000E-02 0.432000E-02 0.480000E-02 0.424000E-02 0.368000E-02 0.376000E-02 0.384000E-02 0.328000E-02 0.224000E-02 0.320000E-02 0.232000E-02 0.208000E-02 0.160000E-02 0.880000E-03 0.144000E-02 0.152000E-02 0.176000E-02 0.152000E-02 0.144000E-02 0.136000E-02 0.104000E-02 0.640000E-03 0.640000E-03 0.720000E-03 0.640000E-03 0.640000E-03 0.400000E-03 0.720000E-03 0.240000E-03 0.160000E-03 0.240000E-03 0.160000E-03 0.240000E-03 0.480000E-03 0.320000E-03 0.800000E-04 0.160000E-03 0.160000E-03 0.400000E-03 0.160000E-03 0.800000E-04 0.000000E+00 0.000000E+00 0.000000E+00 0.800000E-04 0.160000E-03 0.000000E+00 0.000000E+00 0.160000E-03 0.000000E+00 0.000000E+00 0.800000E-04 0.000000E+00 0.000000E+00 0.000000E+00 0.000000E+00 0.000000E+00 0.000000E+00 0.000000E+00 0.000000E+00 0.000000E+00 0.000000E+00 0.000000E+00 0.000000E+00 0.000000E+00 0.000000E+00 0.000000E+00 0.000000E+00 0.000000E+00 0.000000E+00 0.000000E+00 0.000000E+00 0.000000E+00 0.000000E+00 0.000000E+00 0.000000E+00 0.000000E+00 0.000000E+00 0.000000E+00 0.000000E+00 0.000000E+00 0.000000E+00 0.000000E+00 0.000000E+00 0.000000E+00 0.000000E+00 0.000000E+00 0.000000E+00 0.000000E+00 0.000000E+00 0.000000E+00 0.000000E+00 0.000000E+00 0.000000E+00 0.000000E+00 0.000000E+00 0.000000E+00 0.000000E+00 0.000000E+00 0.000000E+00 0.000000E+00 0.000000E+00 0.000000E+00 0.000000E+00 0.000000E+00 0.000000E+00 0.000000E+00 0.000000E+00 0.000000E+00 0.000000E+00 0.000000E+00 0.000000E+00 0.000000E+00
 0.436880E+01 0.388192E+01 0.330168E+01 0.283400E+01 0.246664E+01 0.217120E+01 0.188800E+01 0.168528E+01 0.149800E+01 0.135640E+01 0.120336E+01 0.109288E+01 0.980400E+00 0.901360E+00 0.829360E+00 0.757360E+00 0.691120E+00 0.636720E+00 0.605440E+00 0.546080E+00 0.508000E+00 0.463120E+00 0.440960E+00 0.401360E+00 0.387760E+00 0.356320E+00 0.334240E+00 0.303840E+00 0.292880E+00 0.265760E+00 0.257920E+00 0.229520E+00 0.220640E+00 0.214880E+00 0.195760E+00 0.176480E+00 0.171680E+00 0.157760E+00 0.154000E+00 0.142480E+00 0.135920E+00 0.126320E+00 0.123120E+00 0.110800E+00 0.105520E+00 0.990400E-01 0.968000E-01 0.840800E-01 0.836000E-01 0.788000E-01 0.716800E-01 0.708800E-01 0.678400E-01 0.601600E-01 0.600000E-01 0.506400E-01 0.501600E-01 0.503200E-01 0.432000E-01 0.389600E-01 0.390400E-01 0.370400E-01 0.348000E-01 0.336800E-01 0.298400E-01 0.316000E-01 0.283200E-01 0.242400E-01 0.223200E-01 0.224800E-01 0.226400E-01 0.217600E-01 0.186400E-01 0.152000E-01 0.172000E-01 0.148800E-01 0.159200E-01 0.136800E-01 0.122400E-01 0.116800E-01 0.928000E-02 0.110400E-01 0.112000E-01 0.944000E-02 0.944000E-02 0.736000E-02 0.728000E-02 0.568000E-02 0.680000E-02 0.680000E-02 0.560000E-02 0.416000E-02 0.472000E-02 0.504000E-02 0.424000E-02 0.424000E-02 0.288000E-02 0.240000E-02 0.288000E-02 0.344000E-02 0.288000E-02 0.264000E-02 0.184000E-02 0.280000E-02 0.152000E-02 0.120000E-02 0.200000E-02 0.168000E-02 0.120000E-02 0.960000E-03 0.128000E-02 0.168000E-02 0.800000E-03 0.880000E-03 0.960000E-03 0.720000E-03 0.480000E-03 0.720000E-03 0.640000E-03 0.800000E-03 0.320000E-03 0.400000E-03 0.160000E-03 0.160000E-03 0.160000E-03 0.240000E-03 0.240000E-03 0.160000E-03 0.000000E+00 0.240000E-03 0.160000E-03 0.000000E+00 0.240000E-03 0.160000E-03 0.800000E-04 0.240000E-03 0.800000E-04 0.000000E+00 0.800000E-04 0.000000E+00 0.000000E+00 0.000000E+00 0.000000E+00 0.000000E+00 0.800000E-04 0.000000E+00 0.000000E+00 0.000000E+00 0.000000E+00 0.000000E+00 0.000000E+00 0.000000E+00 0.000000E+00 0.000000E+00 0.000000E+00 0.000000E+00 0.000000E+00 0.000000E+00 0.000000E+00 0.000000E+00 0.000000E+00 0.000000E+00 0.000000E+00 0.000000E+00 0.000000E+00 0.000000E+00 0.000000E+00 0.000000E+00 0.000000E+00 0.000000E+00 0.000000E+00 0.000000E+00 0.000000E+00 0.000000E+00 0.000000E+00 0.000000E+00 0.000000E+00 0.000000E+00 0.000000E+00 0.000000E+00 0.000000E+00 0.000000E+00 0.000000E+00 0.000000E+00 0.000000E+00 0.000000E+00 0.000000E+00 0.000000E+00 0.000000E+00 0.000000E+00 0.000000E+00 0.000000E+00 0.000000E+00 0.000000E+00 0.000000E+00 0.000000E+00 0.000000E+00 0.000000E+00 0.000000E+00 0.000000E+00
 0.449080E+01 0.393352E+01 0.334616E+01 0.286768E+01 0.244960E+01 0.213696E+01 0.187096E+01 0.163360E+01 0.146152E+01 0.130096E+01 0.115528E+01 0.107440E+01 0.949600E+00 0.869120E+00 0.792400E+00 0.720640E+00 0.665680E+00 0.607680E+00 0.553040E+00 0.521920E+00 0.475920E+00 0.440720E+00 0.412080E+00 0.380800E+00 0.350640E+00 0.325520E+00 0.299040E+00 0.281040E+00 0.261600E+00 0.241040E+00 0.228960E+00 0.213440E+00 0.202400E+00 0.190560E+00 0.170320E+00 0.165520E+00 0.156720E+00 0.143600E+00 0.135840E+00 0.125760E+00 0.120800E+00 0.102160E+00 0.102080E+00 0.991200E-01 0.886400E-01 0.904000E-01 0.783200E-01 0.713600E-01 0.684800E-01 0.680800E-01 0.636000E-01 0.580800E-01 0.529600E-01 0.507200E-01 0.444000E-01 0.489600E-01 0.441600E-01 0.392800E-01 0.349600E-01 0.368800E-01 0.330400E-01 0.324000E-01 0.308800E-01 0.292000E-01 0.250400E-01 0.228800E-01 0.224800E-01 0.213600E-01 0.218400E-01 0.171200E-01 0.172800E-01 0.166400E-01 0.143200E-01 0.144800E-01 0.150400E-01 0.104800E-01 0.132800E-01 0.952000E-02 0.896000E-02 0.856000E-02 0.720000E-02 0.632000E-02 0.664000E-02 0.648000E-02 0.576000E-02 0.704000E-02 0.544000E-02 0.608000E-02 0.344000E-02 0.384000E-02 0.392000E-02 0.352000E-02 0.328000E-02 0.344000E-02 0.248000E-02 0.368000E-02 0.232000E-02 0.280000E-02 0.216000E-02 0.192000E-02 0.240000E-02 0.152000E-02 0.200000E-02 0.200000E-02 0.160000E-02 0.120000E-02 0.960000E-03 0.880000E-03 0.104000E-02 0.800000E-03 0.720000E-03 0.240000E-03 0.640000E-03 0.400000E-03 0.104000E-02 0.480000E-03 0.240000E-03 0.000000E+00 0.320000E-03 0.400000E-03 0.800000E-04 0.240000E-03 0.160000E-03 0.480000E-03 0.000000E+00 0.160000E-03 0.000000E+00 0.800000E-04 0.000000E+00 0.000000E+00 0.000000E+00 0.000000E+00 0.000000E+00 0.160000E-03 0.000000E+00 0.800000E-04 0.000000E+00 0.000000E+00 0.800000E-04 0.000000E+00 0.000000E+00 0.000000E+00 0.000000E+00 0.000000E+00 0.000000E+00 0.000000E+00 0.000000E+00 0.000000E+00 0.000000E+00 0.000000E+00 0.000000E+00 0.000000E+00 0.000000E+00 0.000000E+00 0.000000E+00 0.000000E+00 0.000000E+00 0.000000E+00 0.000000E+00 0.000000E+00 0.000000E+00 0.000000E+00 0.000000E+00 0.000000E+00 0.000000E+00 0.000000E+00 0.000000E+00 0.000000E+00 0.000000E+00 0.000000E+00 0.000000E+00 0.000000E+00 0.000000E+00 0.000000E+00 0.000000E+00 0.000000E+00 0.000000E+00 0.000000E+00 0.000000E+00 0.000000E+00 0.000000E+00 0.000000E+00 0.000000E+00 0.000000E+00 0.000000E+00 0.000000E+00 0.000000E+00 0.000000E+00 0.000000E+00 0.000000E+00 0.000000E+00 0.000000E+00 0.000000E+00 0.000000E+00 0.000000E+00 0.000000E+00 0.000000E+00 0.000000E+00 0.000000E+00 0.000000E+00
 0.441904E+01 0.392136E+01 0.333744E+01 0.282896E+01 0.247720E+01 0.213832E+01 0.187912E+01 0.167712E+01 0.149904E+01 0.133576E+01 0.119040E+01 0.107600E+01 0.980960E+00 0.895440E+00 0.827440E+00 0.753520E+00 0.692160E+00 0.638720E+00 0.601360E+00 0.533920E+00 0.496240E+00 0.468880E+00 0.437120E+00 0.400720E+00 0.366560E+00 0.349840E+00 0.325520E+00 0.309520E+00 0.278160E+00 0.273760E+00 0.251600E+00 0.240960E+00 0.217520E+00 0.199120E+00 0.196480E+00 0.188480E+00 0.175840E+00 0.158640E+00 0.146080E+00 0.141280E+00 0.131600E+00 0.128800E+00 0.119680E+00 0.106720E+00 0.104000E+00 0.949600E-01 0.958400E-01 0.852800E-01 0.841600E-01 0.793600E-01 0.710400E-01 0.717600E-01 0.647200E-01 0.610400E-01 0.553600E-01 0.535200E-01 0.534400E-01 0.498400E-01 0.436000E-01 0.398400E-01 0.390400E-01 0.380000E-01 0.361600E-01 0.360000E-01 0.307200E-01 0.311200E-01 0.267200E-01 0.251200E-01 0.228800E-01 0.222400E-01 0.223200E-01 0.218400E-01 0.208800E-01 0.176000E-01 0.148000E-01 0.138400E-01 0.144000E-01 0.141600E-01 0.140800E-01 0.124000E-01 0.115200E-01 0.114400E-01 0.920000E-02 0.944000E-02 0.872000E-02 0.744000E-02 0.680000E-02 0.728000E-02 0.600000E-02 0.488000E-02 0.544000E-02 0.368000E-02 0.440000E-02 0.392000E-02 0.408000E-02 0.360000E-02 0.336000E-02 0.424000E-02 0.336000E-02 0.320000E-02 0.264000E-02 0.312000E-02 0.192000E-02 0.272000E-02 0.960000E-03 0.192000E-02 0.120000E-02 0.176000E-02 0.136000E-02 0.160000E-02 0.960000E-03 0.720000E-03 0.120000E-02 0.960000E-03 0.800000E-03 0.960000E-03 0.560000E-03 0.800000E-04 0.800000E-03 0.560000E-03 0.320000E-03 0.800000E-04 0.240000E-03 0.240000E-03 0.160000E-03 0.800000E-04 0.800000E-04 0.160000E-03 0.000000E+00 0.000000E+00 0.160000E-03 0.800000E-04 0.000000E+00 0.000000E+00 0.160000E-03 0.000000E+00 0.000000E+00 0.000000E+00 0.000000E+00 0.000000E+00 0.800000E-04 0.000000E+00 0.000000E+00 0.000000E+00 0.000000E+00 0.000000E+00 0.000000E+00 0.000000E+00 0.000000E+00 0.000000E+00 0.000000E+00 0.000000E+00 0.000000E+00 0.000000E+00 0.000000E+00 0.000000E+00 0.000000E+00 0.000000E+00 0.000000E+00 0.000000E+00 0.000000E+00 0.000000E+00 0.000000E+00 0.000000E+00 0.000000E+00 0.000000E+00 0.000000E+00 0.000000E+00 0.000000E+00 0.000000E+00 0.000000E+00 0.000000E+00 0.000000E+00 0.000000E+00 0.000000E+00 0.000000E+00 0.000000E+00 0.000000E+00 0.000000E+00 0.000000E+00 0.000000E+00 0.000000E+00 0.000000E+00 0.000000E+00 0.000000E+00 0.000000E+00 0.000000E+00 0.000000E+00 0.000000E+00 0.000000E+00 0.000000E+00 0.000000E+00 0.000000E+00 0.000000E+00 0.000000E+00 0.000000E+00 0.000000E+00 0.000000E+00 0.000000E+00 0.000000E+00
 0.157784E+01 0.143416E+01 0.125456E+01 0.112752E+01 0.100408E+01 0.916960E+00 0.833200E+00 0.757280E+00 0.697280E+00 0.622400E+00 0.572880E+00 0.524640E+00 0.482320E+00 0.441760E+00 0.404960E+00 0.360080E+00 0.342080E+00 0.305360E+00 0.287680E+00 0.255760E+00 0.234960E+00 0.214640E+00 0.194720E+00 0.181840E+00 0.168880E+00 0.156800E+00 0.140720E+00 0.129280E+00 0.112960E+00 0.108960E+00 0.978400E-01 0.916000E-01 0.856000E-01 0.808800E-01 0.736000E-01 0.650400E-01 0.595200E-01 0.570400E-01 0.490400E-01 0.498400E-01 0.458400E-01 0.383200E-01 0.363200E-01 0.316000E-01 0.313600E-01 0.263200E-01 0.272800E-01 0.212000E-01 0.192800E-01 0.181600E-01 0.165600E-01 0.136000E-01 0.144800E-01 0.113600E-01 0.111200E-01 0.108800E-01 0.880000E-02 0.824000E-02 0.808000E-02 0.728000E-02 0.736000E-02 0.656000E-02 0.528000E-02 0.544000E-02 0.352000E-02 0.408000E-02 0.440000E-02 0.336000E-02 0.200000E-02 0.312000E-02 0.264000E-02 0.208000E-02 0.152000E-02 0.216000E-02 0.168000E-02 0.960000E-03 0.104000E-02 0.960000E-03 0.640000E-03 0.560000E-03 0.320000E-03 0.480000E-03 0.104000E-02 0.320000E-03 0.400000E-03 0.320000E-03 0.160000E-03 0.800000E-04 0.320000E-03 0.400000E-03 0.160000E-03 0.320000E-03 0.400000E-03 0.800000E-04 0.000000E+00 0.000000E+00 0.800000E-04 0.000000E+00 0.000000E+00 0.800000E-04 0.160000E-03 0.800000E-04 0.800000E-04 0.000000E+00 0.000000E+00 0.000000E+00 0.000000E+00 0.000000E+00 0.800000E-04 0.800000E-04 0.800000E-04 0.000000E+00 0.800000E-04 0.000000E+00 0.000000E+00 0.000000E+00 0.000000E+00 0.800000E-04 0.000000E+00 0.800000E-04 0.000000E+00 0.000000E+00 0.000000E+00 0.000000E+00 0.000000E+00 0.000000E+00 0.000000E+00 0.800000E-04 0.000000E+00 0.000000E+00 0.000000E+00 0.000000E+00 0.000000E+00 0.000000E+00 0.000000E+00 0.000000E+00 0.000000E+00 0.000000E+00 0.000000E+00 0.000000E+00 0.000000E+00 0.000000E+00 0.000000E+00 0.000000E+00 0.000000E+00 0.000000E+00 0.000000E+00 0.000000E+00 0.000000E+00 0.000000E+00 0.000000E+00 0.000000E+00 0.000000E+00 0.000000E+00 0.000000E+00 0.000000E+00 0.000000E+00 0.000000E+00 0.000000E+00 0.000000E+00 0.000000E+00 0.000000E+00 0.000000E+00 0.000000E+00 0.000000E+00 0.000000E+00 0.000000E+00 0.000000E+00 0.000000E+00 0.000000E+00 0.000000E+00 0.000000E+00 0.000000E+00 0.000000E+00 0.000000E+00 0.000000E+00 0.000000E+00 0.000000E+00 0.000000E+00 0.000000E+00 0.000000E+00 0.000000E+00 0.000000E+00 0.000000E+00 0.000000E+00 0.000000E+00 0.000000E+00 0.000000E+00 0.000000E+00 0.000000E+00 0.000000E+00 0.000000E+00 0.000000E+00 0.000000E+00 0.000000E+00 0.000000E+00 0.000000E+00 0.000000E+00 0.000000E+00 0.000000E+00
 0.148808E+01 0.136872E+01 0.123688E+01 0.109880E+01 0.988640E+00 0.907520E+00 0.836080E+00 0.741360E+00 0.671200E+00 0.633520E+00 0.571840E+00 0.527920E+00 0.485360E+00 0.445120E+00 0.409840E+00 0.382000E+00 0.346880E+00 0.315120E+00 0.288000E+00 0.266800E+00 0.242800E+00 0.225920E+00 0.211600E+00 0.188240E+00 0.179520E+00 0.164320E+00 0.150000E+00 0.129360E+00 0.125200E+00 0.121600E+00 0.110400E+00 0.100000E+00 0.901600E-01 0.854400E-01 0.738400E-01 0.672800E-01 0.655200E-01 0.563200E-01 0.561600E-01 0.525600E-01 0.468800E-01 0.409600E-01 0.377600E-01 0.361600E-01 0.322400E-01 0.302400E-01 0.261600E-01 0.264800E-01 0.223200E-01 0.192800E-01 0.190400E-01 0.188800E-01 0.165600E-01 0.144800E-01 0.129600E-01 0.112000E-01 0.119200E-01 0.952000E-02 0.848000E-02 0.102400E-01 0.656000E-02 0.768000E-02 0.688000E-02 0.488000E-02 0.520000E-02 0.384000E-02 0.344000E-02 0.368000E-02 0.328000E-02 0.288000E-02 0.312000E-02 0.248000E-02 0.152000E-02 0.184000E-02 0.120000E-02 0.120000E-02 0.168000E-02 0.800000E-03 0.120000E-02 0.720000E-03 0.560000E-03 0.640000E-03 0.560000E-03 0.160000E-03 0.720000E-03 0.800000E-04 0.480000E-03 0.240000E-03 0.160000E-03 0.320000E-03 0.240000E-03 0.800000E-04 0.800000E-04 0.000000E+00 0.000000E+00 0.800000E-04 0.160000E-03 0.800000E-04 0.800000E-04 0.000000E+00 0.800000E-04 0.240000E-03 0.000000E+00 0.800000E-04 0.000000E+00 0.800000E-04 0.800000E-04 0.000000E+00 0.800000E-04 0.160000E-03 0.800000E-04 0.000000E+00 0.000000E+00 0.000000E+00 0.000000E+00 0.000000E+00 0.000000E+00 0.000000E+00 0.800000E-04 0.000000E+00 0.000000E+00 0.000000E+00 0.000000E+00 0.000000E+00 0.000000E+00 0.000000E+00 0.000000E+00 0.000000E+00 0.000000E+00 0.000000E+00 0.000000E+00 0.000000E+00 0.000000E+00 0.000000E+00 0.000000E+00 0.000000E+00 0.000000E+00 0.000000E+00 0.000000E+00 0.000000E+00 0.000000E+00 0.000000E+00 0.000000E+00 0.000000E+00 0.000000E+00 0.000000E+00 0.000000E+00 0.000000E+00 0.000000E+00 0.000000E+00 0.000000E+00 0.000000E+00 0.000000E+00 0.000000E+00 0.000000E+00 0.000000E+00 0.000000E+00 0.000000E+00 0.000000E+00 0.000000E+00 0.000000E+00 0.000000E+00 0.000000E+00 0.000000E+00 0.000000E+00 0.000000E+00 0.000000E+00 0.000000E+00 0.000000E+00 0.000000E+00 0.000000E+00 0.000000E+00 0.000000E+00 0.000000E+00 0.000000E+00 0.000000E+00 0.000000E+00 0.000000E+00 0.000000E+00 0.000000E+00 0.000000E+00 0.000000E+00 0.000000E+00 0.000000E+00 0.000000E+00 0.000000E+00 0.000000E+00 0.000000E+00 0.000000E+00 0.000000E+00 0.000000E+00 0.000000E+00 0.000000E+00 0.000000E+00 0.000000E+00 0.000000E+00 0.000000E+00 0.000000E+00 0.000000E+00 0.000000E+00
 0.114400E-01 0.109600E-01 0.720000E-02 0.656000E-02 0.480000E-02 0.408000E-02 0.360000E-02 0.296000E-02 0.264000E-02 0.152000E-02 0.176000E-02 0.152000E-02 0.120000E-02 0.120000E-02 0.880000E-03 0.640000E-03 0.800000E-03 0.480000E-03 0.640000E-03 0.400000E-03 0.480000E-03 0.800000E-04 0.240000E-03 0.800000E-04 0.000000E+00 0.160000E-03 0.160000E-03 0.160000E-03 0.000000E+00 0.160000E-03 0.800000E-04 0.000000E+00 0.800000E-04 0.800000E-04 0.000000E+00 0.800000E-04 0.000000E+00 0.000000E+00 0.000000E+00 0.000000E+00 0.000000E+00 0.000000E+00 0.000000E+00 0.000000E+00 0.000000E+00 0.000000E+00 0.000000E+00 0.800000E-04 0.000000E+00 0.000000E+00 0.000000E+00 0.000000E+00 0.000000E+00 0.000000E+00 0.000000E+00 0.000000E+00 0.000000E+00 0.000000E+00 0.000000E+00 0.000000E+00 0.000000E+00 0.000000E+00 0.000000E+00 0.000000E+00 0.000000E+00 0.000000E+00 0.000000E+00 0.000000E+00 0.000000E+00 0.000000E+00 0.000000E+00 0.000000E+00 0.000000E+00 0.000000E+00 0.000000E+00 0.000000E+00 0.000000E+00 0.000000E+00 0.000000E+00 0.000000E+00 0.000000E+00 0.000000E+00 0.000000E+00 0.000000E+00 0.000000E+00 0.000000E+00 0.000000E+00 0.000000E+00 0.000000E+00 0.000000E+00 0.000000E+00 0.000000E+00 0.000000E+00 0.000000E+00 0.000000E+00 0.000000E+00 0.000000E+00 0.000000E+00 0.000000E+00 0.000000E+00 0.000000E+00 0.000000E+00 0.000000E+00 0.000000E+00 0.000000E+00 0.000000E+00 0.000000E+00 0.000000E+00 0.000000E+00 0.000000E+00 0.000000E+00 0.000000E+00 0.000000E+00 0.000000E+00 0.000000E+00 0.000000E+00 0.000000E+00 0.000000E+00 0.000000E+00 0.000000E+00 0.000000E+00 0.000000E+00 0.000000E+00 0.000000E+00 0.000000E+00 0.000000E+00 0.000000E+00 0.000000E+00 0.000000E+00 0.000000E+00 0.000000E+00 0.000000E+00 0.000000E+00 0.000000E+00 0.000000E+00 0.000000E+00 0.000000E+00 0.000000E+00 0.000000E+00 0.000000E+00 0.000000E+00 0.000000E+00 0.000000E+00 0.000000E+00 0.000000E+00 0.000000E+00 0.000000E+00 0.000000E+00 0.000000E+00 0.000000E+00 0.000000E+00 0.000000E+00 0.000000E+00 0.000000E+00 0.000000E+00 0.000000E+00 0.000000E+00 0.000000E+00 0.000000E+00 0.000000E+00 0.000000E+00 0.000000E+00 0.000000E+00 0.000000E+00 0.000000E+00 0.000000E+00 0.000000E+00 0.000000E+00 0.000000E+00 0.000000E+00 0.000000E+00 0.000000E+00 0.000000E+00 0.000000E+00 0.000000E+00 0.000000E+00 0.000000E+00 0.000000E+00 0.000000E+00 0.000000E+00 0.000000E+00 0.000000E+00 0.000000E+00 0.000000E+00 0.000000E+00 0.000000E+00 0.000000E+00 0.000000E+00 0.000000E+00 0.000000E+00 0.000000E+00 0.000000E+00 0.000000E+00 0.000000E+00 0.000000E+00 0.000000E+00 0.000000E+00 0.000000E+00 0.000000E+00 0.000000E+00
 0.197600E-01 0.174400E-01 0.111200E-01 0.856000E-02 0.688000E-02 0.552000E-02 0.376000E-02 0.336000E-02 0.280000E-02 0.280000E-02 0.224000E-02 0.168000E-02 0.720000E-03 0.560000E-03 0.104000E-02 0.560000E-03 0.560000E-03 0.480000E-03 0.320000E-03 0.560000E-03 0.240000E-03 0.800000E-04 0.160000E-03 0.800000E-04 0.400000E-03 0.240000E-03 0.160000E-03 0.800000E-04 0.800000E-04 0.000000E+00 0.000000E+00 0.800000E-04 0.800000E-04 0.800000E-04 0.000000E+00 0.800000E-04 0.800000E-04 0.800000E-04 0.800000E-04 0.000000E+00 0.000000E+00 0.000000E+00 0.000000E+00 0.000000E+00 0.000000E+00 0.000000E+00 0.000000E+00 0.000000E+00 0.000000E+00 0.000000E+00 0.000000E+00 0.000000E+00 0.000000E+00 0.000000E+00 0.000000E+00 0.000000E+00 0.000000E+00 0.000000E+00 0.000000E+00 0.000000E+00 0.000000E+00 0.000000E+00 0.000000E+00 0.000000E+00 0.800000E-04 0.000000E+00 0.000000E+00 0.000000E+00 0.000000E+00 0.000000E+00 0.000000E+00 0.000000E+00 0.000000E+00 0.000000E+00 0.000000E+00 0.000000E+00 0.000000E+00 0.000000E+00 0.000000E+00 0.000000E+00 0.000000E+00 0.000000E+00 0.000000E+00 0.000000E+00 0.000000E+00 0.000000E+00 0.000000E+00 0.000000E+00 0.000000E+00 0.000000E+00 0.000000E+00 0.000000E+00 0.000000E+00 0.000000E+00 0.000000E+00 0.000000E+00 0.000000E+00 0.000000E+00 0.000000E+00 0.000000E+00 0.000000E+00 0.000000E+00 0.000000E+00 0.000000E+00 0.000000E+00 0.000000E+00 0.000000E+00 0.000000E+00 0.000000E+00 0.000000E+00 0.000000E+00 0.000000E+00 0.000000E+00 0.000000E+00 0.000000E+00 0.000000E+00 0.000000E+00 0.000000E+00 0.000000E+00 0.000000E+00 0.000000E+00 0.000000E+00 0.000000E+00 0.000000E+00 0.000000E+00 0.000000E+00 0.000000E+00 0.000000E+00 0.000000E+00 0.000000E+00 0.000000E+00 0.000000E+00 0.000000E+00 0.000000E+00 0.000000E+00 0.000000E+00 0.000000E+00 0.000000E+00 0.000000E+00 0.000000E+00 0.000000E+00 0.000000E+00 0.000000E+00 0.000000E+00 0.000000E+00 0.000000E+00 0.000000E+00 0.000000E+00 0.000000E+00 0.000000E+00 0.000000E+00 0.000000E+00 0.000000E+00 0.000000E+00 0.000000E+00 0.000000E+00 0.000000E+00 0.000000E+00 0.000000E+00 0.000000E+00 0.000000E+00 0.000000E+00 0.000000E+00 0.000000E+00 0.000000E+00 0.000000E+00 0.000000E+00 0.000000E+00 0.000000E+00 0.000000E+00 0.000000E+00 0.000000E+00 0.000000E+00 0.000000E+00 0.000000E+00 0.000000E+00 0.000000E+00 0.000000E+00 0.000000E+00 0.000000E+00 0.000000E+00 0.000000E+00 0.000000E+00 0.000000E+00 0.000000E+00 0.000000E+00 0.000000E+00 0.000000E+00 0.000000E+00 0.000000E+00 0.000000E+00 0.000000E+00 0.000000E+00 0.000000E+00 0.000000E+00 0.000000E+00 0.000000E+00 0.000000E+00 0.000000E+00 0.000000E+00
 0.126400E-01 0.912000E-02 0.880000E-02 0.800000E-02 0.480000E-02 0.432000E-02 0.264000E-02 0.288000E-02 0.272000E-02 0.192000E-02 0.128000E-02 0.200000E-02 0.136000E-02 0.720000E-03 0.720000E-03 0.720000E-03 0.560000E-03 0.320000E-03 0.560000E-03 0.560000E-03 0.400000E-03 0.240000E-03 0.000000E+00 0.240000E-03 0.400000E-03 0.000000E+00 0.160000E-03 0.000000E+00 0.160000E-03 0.000000E+00 0.160000E-03 0.800000E-04 0.800000E-04 0.800000E-04 0.000000E+00 0.000000E+00 0.160000E-03 0.000000E+00 0.800000E-04 0.000000E+00 0.000000E+00 0.000000E+00 0.000000E+00 0.000000E+00 0.000000E+00 0.000000E+00 0.000000E+00 0.000000E+00 0.000000E+00 0.000000E+00 0.000000E+00 0.000000E+00 0.000000E+00 0.000000E+00 0.000000E+00 0.000000E+00 0.000000E+00 0.000000E+00 0.000000E+00 0.000000E+00 0.000000E+00 0.000000E+00 0.800000E-04 0.000000E+00 0.000000E+00 0.000000E+00 0.000000E+00 0.000000E+00 0.000000E+00 0.000000E+00 0.000000E+00 0.000000E+00 0.000000E+00 0.000000E+00 0.000000E+00 0.000000E+00 0.000000E+00 0.000000E+00 0.000000E+00 0.000000E+00 0.000000E+00 0.000000E+00 0.000000E+00 0.000000E+00 0.000000E+00 0.000000E+00 0.000000E+00 0.000000E+00 0.000000E+00 0.000000E+00 0.000000E+00 0.000000E+00 0.000000E+00 0.000000E+00 0.000000E+00 0.000000E+00 0.000000E+00 0.000000E+00 0.000000E+00 0.000000E+00 0.000000E+00 0.000000E+00 0.000000E+00 0.000000E+00 0.000000E+00 0.000000E+00 0.000000E+00 0.000000E+00 0.000000E+00 0.000000E+00 0.000000E+00 0.000000E+00 0.000000E+00 0.000000E+00 0.000000E+00 0.000000E+00 0.000000E+00 0.000000E+00 0.000000E+00 0.000000E+00 0.000000E+00 0.000000E+00 0.000000E+00 0.000000E+00 0.000000E+00 0.000000E+00 0.000000E+00 0.000000E+00 0.000000E+00 0.000000E+00 0.000000E+00 0.000000E+00 0.000000E+00 0.000000E+00 0.000000E+00 0.000000E+00 0.000000E+00 0.000000E+00 0.000000E+00 0.000000E+00 0.000000E+00 0.000000E+00 0.000000E+00 0.000000E+00 0.000000E+00 0.000000E+00 0.000000E+00 0.000000E+00 0.000000E+00 0.000000E+00 0.000000E+00 0.000000E+00 0.000000E+00 0.000000E+00 0.000000E+00 0.000000E+00 0.000000E+00 0.000000E+00 0.000000E+00 0.000000E+00 0.000000E+00 0.000000E+00 0.000000E+00 0.000000E+00 0.000000E+00 0.000000E+00 0.000000E+00 0.000000E+00 0.000000E+00 0.000000E+00 0.000000E+00 0.000000E+00 0.000000E+00 0.000000E+00 0.000000E+00 0.000000E+00 0.000000E+00 0.000000E+00 0.000000E+00 0.000000E+00 0.000000E+00 0.000000E+00 0.000000E+00 0.000000E+00 0.000000E+00 0.000000E+00 0.000000E+00 0.000000E+00 0.000000E+00 0.000000E+00 0.000000E+00 0.000000E+00 0.000000E+00 0.000000E+00 0.000000E+00 0.000000E+00 0.000000E+00 0.000000E+00 0.000000E+00 0.000000E+00
 0.202400E-01 0.152000E-01 0.109600E-01 0.744000E-02 0.672000E-02 0.568000E-02 0.448000E-02 0.472000E-02 0.240000E-02 0.200000E-02 0.176000E-02 0.144000E-02 0.112000E-02 0.960000E-03 0.160000E-03 0.640000E-03 0.480000E-03 0.960000E-03 0.720000E-03 0.320000E-03 0.560000E-03 0.800000E-04 0.800000E-04 0.240000E-03 0.160000E-03 0.800000E-04 0.240000E-03 0.000000E+00 0.160000E-03 0.320000E-03 0.160000E-03 0.000000E+00 0.800000E-04 0.000000E+00 0.000000E+00 0.000000E+00 0.000000E+00 0.800000E-04 0.000000E+00 0.800000E-04 0.000000E+00 0.800000E-04 0.000000E+00 0.000000E+00 0.000000E+00 0.000000E+00 0.000000E+00 0.000000E+00 0.000000E+00 0.000000E+00 0.000000E+00 0.000000E+00 0.000000E+00 0.000000E+00 0.000000E+00 0.000000E+00 0.000000E+00 0.000000E+00 0.000000E+00 0.000000E+00 0.000000E+00 0.000000E+00 0.000000E+00 0.000000E+00 0.000000E+00 0.000000E+00 0.000000E+00 0.000000E+00 0.000000E+00 0.000000E+00 0.000000E+00 0.000000E+00 0.000000E+00 0.000000E+00 0.000000E+00 0.000000E+00 0.000000E+00 0.000000E+00 0.000000E+00 0.000000E+00 0.000000E+00 0.000000E+00 0.000000E+00 0.000000E+00 0.000000E+00 0.000000E+00 0.000000E+00 0.000000E+00 0.000000E+00 0.000000E+00 0.000000E+00 0.000000E+00 0.000000E+00 0.000000E+00 0.000000E+00 0.000000E+00 0.000000E+00 0.000000E+00 0.000000E+00 0.000000E+00 0.000000E+00 0.000000E+00 0.000000E+00 0.000000E+00 0.000000E+00 0.000000E+00 0.000000E+00 0.000000E+00 0.000000E+00 0.000000E+00 0.000000E+00 0.000000E+00 0.000000E+00 0.000000E+00 0.000000E+00 0.000000E+00 0.000000E+00 0.000000E+00 0.000000E+00 0.000000E+00 0.000000E+00 0.000000E+00 0.000000E+00 0.000000E+00 0.000000E+00 0.000000E+00 0.000000E+00 0.000000E+00 0.000000E+00 0.000000E+00 0.000000E+00 0.000000E+00 0.000000E+00 0.000000E+00 0.000000E+00 0.000000E+00 0.000000E+00 0.000000E+00 0.000000E+00 0.000000E+00 0.000000E+00 0.000000E+00 0.000000E+00 0.000000E+00 0.000000E+00 0.000000E+00 0.000000E+00 0.000000E+00 0.000000E+00 0.000000E+00 0.000000E+00 0.000000E+00 0.000000E+00 0.000000E+00 0.000000E+00 0.000000E+00 0.000000E+00 0.000000E+00 0.000000E+00 0.000000E+00 0.000000E+00 0.000000E+00 0.000000E+00 0.000000E+00 0.000000E+00 0.000000E+00 0.000000E+00 0.000000E+00 0.000000E+00 0.000000E+00 0.000000E+00 0.000000E+00 0.000000E+00 0.000000E+00 0.000000E+00 0.000000E+00 0.000000E+00 0.000000E+00 0.000000E+00 0.000000E+00 0.000000E+00 0.000000E+00 0.000000E+00 0.000000E+00 0.000000E+00 0.000000E+00 0.000000E+00 0.000000E+00 0.000000E+00 0.000000E+00 0.000000E+00 0.000000E+00 0.000000E+00 0.000000E+00 0.000000E+00 0.000000E+00 0.000000E+00 0.000000E+00 0.000000E+00 0.000000E+00
 0.154480E+00 0.876800E-01 0.529600E-01 0.432000E-01 0.339200E-01 0.283200E-01 0.213600E-01 0.184000E-01 0.162400E-01 0.134400E-01 0.120800E-01 0.920000E-02 0.880000E-02 0.792000E-02 0.536000E-02 0.344000E-02 0.408000E-02 0.328000E-02 0.400000E-02 0.264000E-02 0.248000E-02 0.136000E-02 0.160000E-02 0.184000E-02 0.112000E-02 0.128000E-02 0.120000E-02 0.720000E-03 0.640000E-03 0.560000E-03 0.560000E-03 0.800000E-03 0.720000E-03 0.160000E-03 0.400000E-03 0.000000E+00 0.240000E-03 0.320000E-03 0.000000E+00 0.320000E-03 0.400000E-03 0.800000E-04 0.160000E-03 0.320000E-03 0.000000E+00 0.800000E-04 0.000000E+00 0.000000E+00 0.800000E-04 0.800000E-04 0.800000E-04 0.000000E+00 0.000000E+00 0.000000E+00 0.000000E+00 0.000000E+00 0.800000E-04 0.000000E+00 0.000000E+00 0.000000E+00 0.000000E+00 0.000000E+00 0.000000E+00 0.000000E+00 0.000000E+00 0.000000E+00 0.000000E+00 0.000000E+00 0.000000E+00 0.000000E+00 0.000000E+00 0.000000E+00 0.000000E+00 0.000000E+00 0.000000E+00 0.000000E+00 0.800000E-04 0.000000E+00 0.000000E+00 0.000000E+00 0.000000E+00 0.000000E+00 0.000000E+00 0.000000E+00 0.000000E+00 0.000000E+00 0.000000E+00 0.000000E+00 0.000000E+00 0.000000E+00 0.000000E+00 0.000000E+00 0.000000E+00 0.000000E+00 0.000000E+00 0.000000E+00 0.000000E+00 0.000000E+00 0.000000E+00 0.000000E+00 0.000000E+00 0.000000E+00 0.000000E+00 0.000000E+00 0.000000E+00 0.000000E+00 0.000000E+00 0.000000E+00 0.000000E+00 0.000000E+00 0.000000E+00 0.000000E+00 0.000000E+00 0.000000E+00 0.000000E+00 0.000000E+00 0.000000E+00 0.000000E+00 0.000000E+00 0.000000E+00 0.000000E+00 0.000000E+00 0.000000E+00 0.000000E+00 0.000000E+00 0.000000E+00 0.000000E+00 0.000000E+00 0.000000E+00 0.000000E+00 0.000000E+00 0.000000E+00 0.000000E+00 0.000000E+00 0.000000E+00 0.000000E+00 0.000000E+00 0.000000E+00 0.000000E+00 0.000000E+00 0.000000E+00 0.000000E+00 0.000000E+00 0.000000E+00 0.000000E+00 0.000000E+00 0.000000E+00 0.000000E+00 0.000000E+00 0.000000E+00 0.000000E+00 0.000000E+00 0.000000E+00 0.000000E+00 0.000000E+00 0.000000E+00 0.000000E+00 0.000000E+00 0.000000E+00 0.000000E+00 0.000000E+00 0.000000E+00 0.000000E+00 0.000000E+00 0.000000E+00 0.000000E+00 0.000000E+00 0.000000E+00 0.000000E+00 0.000000E+00 0.000000E+00 0.000000E+00 0.000000E+00 0.000000E+00 0.000000E+00 0.000000E+00 0.000000E+00 0.000000E+00 0.000000E+00 0.000000E+00 0.000000E+00 0.000000E+00 0.000000E+00 0.000000E+00 0.000000E+00 0.000000E+00 0.000000E+00 0.000000E+00 0.000000E+00 0.000000E+00 0.000000E+00 0.000000E+00 0.000000E+00 0.000000E+00 0.000000E+00 0.000000E+00 0.000000E+00 0.000000E+00 0.000000E+00 0.000000E+00
 0.752000E-01 0.576000E-01 0.379200E-01 0.325600E-01 0.291200E-01 0.236000E-01 0.192800E-01 0.165600E-01 0.118400E-01 0.116000E-01 0.104800E-01 0.880000E-02 0.880000E-02 0.832000E-02 0.720000E-02 0.600000E-02 0.376000E-02 0.384000E-02 0.384000E-02 0.328000E-02 0.272000E-02 0.176000E-02 0.192000E-02 0.184000E-02 0.136000E-02 0.120000E-02 0.136000E-02 0.960000E-03 0.160000E-02 0.112000E-02 0.640000E-03 0.400000E-03 0.480000E-03 0.480000E-03 0.880000E-03 0.720000E-03 0.240000E-03 0.160000E-03 0.400000E-03 0.800000E-04 0.240000E-03 0.800000E-04 0.800000E-04 0.240000E-03 0.800000E-04 0.000000E+00 0.000000E+00 0.800000E-04 0.000000E+00 0.000000E+00 0.800000E-04 0.000000E+00 0.000000E+00 0.000000E+00 0.000000E+00 0.000000E+00 0.000000E+00 0.800000E-04 0.000000E+00 0.800000E-04 0.000000E+00 0.000000E+00 0.000000E+00 0.000000E+00 0.000000E+00 0.000000E+00 0.000000E+00 0.000000E+00 0.000000E+00 0.000000E+00 0.000000E+00 0.000000E+00 0.000000E+00 0.000000E+00 0.000000E+00 0.000000E+00 0.000000E+00 0.000000E+00 0.000000E+00 0.000000E+00 0.000000E+00 0.000000E+00 0.000000E+00 0.000000E+00 0.000000E+00 0.000000E+00 0.000000E+00 0.000000E+00 0.000000E+00 0.000000E+00 0.000000E+00 0.000000E+00 0.000000E+00 0.000000E+00 0.000000E+00 0.000000E+00 0.000000E+00 0.000000E+00 0.000000E+00 0.000000E+00 0.000000E+00 0.000000E+00 0.000000E+00 0.000000E+00 0.000000E+00 0.000000E+00 0.000000E+00 0.000000E+00 0.000000E+00 0.000000E+00 0.000000E+00 0.000000E+00 0.000000E+00 0.000000E+00 0.000000E+00 0.000000E+00 0.000000E+00 0.000000E+00 0.000000E+00 0.000000E+00 0.000000E+00 0.000000E+00 0.000000E+00 0.000000E+00 0.000000E+00 0.000000E+00 0.000000E+00 0.000000E+00 0.000000E+00 0.000000E+00 0.000000E+00 0.000000E+00 0.000000E+00 0.000000E+00 0.000000E+00 0.000000E+00 0.000000E+00 0.000000E+00 0.000000E+00 0.000000E+00 0.000000E+00 0.000000E+00 0.000000E+00 0.000000E+00 0.000000E+00 0.000000E+00 0.000000E+00 0.000000E+00 0.000000E+00 0.000000E+00 0.000000E+00 0.000000E+00 0.000000E+00 0.000000E+00 0.000000E+00 0.000000E+00 0.000000E+00 0.000000E+00 0.000000E+00 0.000000E+00 0.000000E+00 0.000000E+00 0.000000E+00 0.000000E+00 0.000000E+00 0.000000E+00 0.000000E+00 0.000000E+00 0.000000E+00 0.000000E+00 0.000000E+00 0.000000E+00 0.000000E+00 0.000000E+00 0.000000E+00 0.000000E+00 0.000000E+00 0.000000E+00 0.000000E+00 0.000000E+00 0.000000E+00 0.000000E+00 0.000000E+00 0.000000E+00 0.000000E+00 0.000000E+00 0.000000E+00 0.000000E+00 0.000000E+00 0.000000E+00 0.000000E+00 0.000000E+00 0.000000E+00 0.000000E+00 0.000000E+00 0.000000E+00 0.000000E+00 0.000000E+00 0.000000E+00 0.000000E+00
 0.114400E-01 0.109600E-01 0.720000E-02 0.656000E-02 0.480000E-02 0.408000E-02 0.360000E-02 0.296000E-02 0.264000E-02 0.152000E-02 0.176000E-02 0.152000E-02 0.120000E-02 0.120000E-02 0.880000E-03 0.640000E-03 0.800000E-03 0.480000E-03 0.640000E-03 0.400000E-03 0.480000E-03 0.800000E-04 0.240000E-03 0.800000E-04 0.000000E+00 0.160000E-03 0.160000E-03 0.160000E-03 0.000000E+00 0.160000E-03 0.800000E-04 0.000000E+00 0.800000E-04 0.800000E-04 0.000000E+00 0.800000E-04 0.000000E+00 0.000000E+00 0.000000E+00 0.000000E+00 0.000000E+00 0.000000E+00 0.000000E+00 0.000000E+00 0.000000E+00 0.000000E+00 0.000000E+00 0.800000E-04 0.000000E+00 0.000000E+00 0.000000E+00 0.000000E+00 0.000000E+00 0.000000E+00 0.000000E+00 0.000000E+00 0.000000E+00 0.000000E+00 0.000000E+00 0.000000E+00 0.000000E+00 0.000000E+00 0.000000E+00 0.000000E+00 0.000000E+00 0.000000E+00 0.000000E+00 0.000000E+00 0.000000E+00 0.000000E+00 0.000000E+00 0.000000E+00 0.000000E+00 0.000000E+00 0.000000E+00 0.000000E+00 0.000000E+00 0.000000E+00 0.000000E+00 0.000000E+00 0.000000E+00 0.000000E+00 0.000000E+00 0.000000E+00 0.000000E+00 0.000000E+00 0.000000E+00 0.000000E+00 0.000000E+00 0.000000E+00 0.000000E+00 0.000000E+00 0.000000E+00 0.000000E+00 0.000000E+00 0.000000E+00 0.000000E+00 0.000000E+00 0.000000E+00 0.000000E+00 0.000000E+00 0.000000E+00 0.000000E+00 0.000000E+00 0.000000E+00 0.000000E+00 0.000000E+00 0.000000E+00 0.000000E+00 0.000000E+00 0.000000E+00 0.000000E+00 0.000000E+00 0.000000E+00 0.000000E+00 0.000000E+00 0.000000E+00 0.000000E+00 0.000000E+00 0.000000E+00 0.000000E+00 0.000000E+00 0.000000E+00 0.000000E+00 0.000000E+00 0.000000E+00 0.000000E+00 0.000000E+00 0.000000E+00 0.000000E+00 0.000000E+00 0.000000E+00 0.000000E+00 0.000000E+00 0.000000E+00 0.000000E+00 0.000000E+00 0.000000E+00 0.000000E+00 0.000000E+00 0.000000E+00 0.000000E+00 0.000000E+00 0.000000E+00 0.000000E+00 0.000000E+00 0.000000E+00 0.000000E+00 0.000000E+00 0.000000E+00 0.000000E+00 0.000000E+00 0.000000E+00 0.000000E+00 0.000000E+00 0.000000E+00 0.000000E+00 0.000000E+00 0.000000E+00 0.000000E+00 0.000000E+00 0.000000E+00 0.000000E+00 0.000000E+00 0.000000E+00 0.000000E+00 0.000000E+00 0.000000E+00 0.000000E+00 0.000000E+00 0.000000E+00 0.000000E+00 0.000000E+00 0.000000E+00 0.000000E+00 0.000000E+00 0.000000E+00 0.000000E+00 0.000000E+00 0.000000E+00 0.000000E+00 0.000000E+00 0.000000E+00 0.000000E+00 0.000000E+00 0.000000E+00 0.000000E+00 0.000000E+00 0.000000E+00 0.000000E+00 0.000000E+00 0.000000E+00 0.000000E+00 0.000000E+00 0.000000E+00 0.000000E+00 0.000000E+00 0.000000E+00 0.000000E+00 0.000000E+00
 0.197600E-01 0.174400E-01 0.111200E-01 0.856000E-02 0.688000E-02 0.552000E-02 0.376000E-02 0.336000E-02 0.280000E-02 0.280000E-02 0.224000E-02 0.168000E-02 0.720000E-03 0.560000E-03 0.104000E-02 0.560000E-03 0.560000E-03 0.480000E-03 0.320000E-03 0.560000E-03 0.240000E-03 0.800000E-04 0.160000E-03 0.800000E-04 0.400000E-03 0.240000E-03 0.160000E-03 0.800000E-04 0.800000E-04 0.000000E+00 0.000000E+00 0.800000E-04 0.800000E-04 0.800000E-04 0.000000E+00 0.800000E-04 0.800000E-04 0.800000E-04 0.800000E-04 0.000000E+00 0.000000E+00 0.000000E+00 0.000000E+00 0.000000E+00 0.000000E+00 0.000000E+00 0.000000E+00 0.000000E+00 0.000000E+00 0.000000E+00 0.000000E+00 0.000000E+00 0.000000E+00 0.000000E+00 0.000000E+00 0.000000E+00 0.000000E+00 0.000000E+00 0.000000E+00 0.000000E+00 0.000000E+00 0.000000E+00 0.000000E+00 0.000000E+00 0.800000E-04 0.000000E+00 0.000000E+00 0.000000E+00 0.000000E+00 0.000000E+00 0.000000E+00 0.000000E+00 0.000000E+00 0.000000E+00 0.000000E+00 0.000000E+00 0.000000E+00 0.000000E+00 0.000000E+00 0.000000E+00 0.000000E+00 0.000000E+00 0.000000E+00 0.000000E+00 0.000000E+00 0.000000E+00 0.000000E+00 0.000000E+00 0.000000E+00 0.000000E+00 0.000000E+00 0.000000E+00 0.000000E+00 0.000000E+00 0.000000E+00 0.000000E+00 0.000000E+00 0.000000E+00 0.000000E+00 0.000000E+00 0.000000E+00 0.000000E+00 0.000000E+00 0.000000E+00 0.000000E+00 0.000000E+00 0.000000E+00 0.000000E+00 0.000000E+00 0.000000E+00 0.000000E+00 0.000000E+00 0.000000E+00 0.000000E+00 0.000000E+00 0.000000E+00 0.000000E+00 0.000000E+00 0.000000E+00 0.000000E+00 0.000000E+00 0.000000E+00 0.000000E+00 0.000000E+00 0.000000E+00 0.000000E+00 0.000000E+00 0.000000E+00 0.000000E+00 0.000000E+00 0.000000E+00 0.000000E+00 0.000000E+00 0.000000E+00 0.000000E+00 0.000000E+00 0.000000E+00 0.000000E+00 0.000000E+00 0.000000E+00 0.000000E+00 0.000000E+00 0.000000E+00 0.000000E+00 0.000000E+00 0.000000E+00 0.000000E+00 0.000000E+00 0.000000E+00 0.000000E+00 0.000000E+00 0.000000E+00 0.000000E+00 0.000000E+00 0.000000E+00 0.000000E+00 0.000000E+00 0.000000E+00 0.000000E+00 0.000000E+00 0.000000E+00 0.000000E+00 0.000000E+00 0.000000E+00 0.000000E+00 0.000000E+00 0.000000E+00 0.000000E+00 0.000000E+00 0.000000E+00 0.000000E+00 0.000000E+00 0.000000E+00 0.000000E+00 0.000000E+00 0.000000E+00 0.000000E+00 0.000000E+00 0.000000E+00 0.000000E+00 0.000000E+00 0.000000E+00 0.000000E+00 0.000000E+00 0.000000E+00 0.000000E+00 0.000000E+00 0.000000E+00 0.000000E+00 0.000000E+00 0.000000E+00 0.000000E+00 0.000000E+00 0.000000E+00 0.000000E+00 0.000000E+00 0.000000E+00 0.000000E+00 0.000000E+00 0.000000E+00
 0.126400E-01 0.912000E-02 0.880000E-02 0.800000E-02 0.480000E-02 0.432000E-02 0.264000E-02 0.288000E-02 0.272000E-02 0.192000E-02 0.128000E-02 0.200000E-02 0.136000E-02 0.720000E-03 0.720000E-03 0.720000E-03 0.560000E-03 0.320000E-03 0.560000E-03 0.560000E-03 0.400000E-03 0.240000E-03 0.000000E+00 0.240000E-03 0.400000E-03 0.000000E+00 0.160000E-03 0.000000E+00 0.160000E-03 0.000000E+00 0.160000E-03 0.800000E-04 0.800000E-04 0.800000E-04 0.000000E+00 0.000000E+00 0.160000E-03 0.000000E+00 0.800000E-04 0.000000E+00 0.000000E+00 0.000000E+00 0.000000E+00 0.000000E+00 0.000000E+00 0.000000E+00 0.000000E+00 0.000000E+00 0.000000E+00 0.000000E+00 0.000000E+00 0.000000E+00 0.000000E+00 0.000000E+00 0.000000E+00 0.000000E+00 0.000000E+00 0.000000E+00 0.000000E+00 0.000000E+00 0.000000E+00 0.000000E+00 0.800000E-04 0.000000E+00 0.000000E+00 0.000000E+00 0.000000E+00 0.000000E+00 0.000000E+00 0.000000E+00 0.000000E+00 0.000000E+00 0.000000E+00 0.000000E+00 0.000000E+00 0.000000E+00 0.000000E+00 0.000000E+00 0.000000E+00 0.000000E+00 0.000000E+00 0.000000E+00 0.000000E+00 0.000000E+00 0.000000E+00 0.000000E+00 0.000000E+00 0.000000E+00 0.000000E+00 0.000000E+00 0.000000E+00 0.000000E+00 0.000000E+00 0.000000E+00 0.000000E+00 0.000000E+00 0.000000E+00 0.000000E+00 0.000000E+00 0.000000E+00 0.000000E+00 0.000000E+00 0.000000E+00 0.000000E+00 0.000000E+00 0.000000E+00 0.000000E+00 0.000000E+00 0.000000E+00 0.000000E+00 0.000000E+00 0.000000E+00 0.000000E+00 0.000000E+00 0.000000E+00 0.000000E+00 0.000000E+00 0.000000E+00 0.000000E+00 0.000000E+00 0.000000E+00 0.000000E+00 0.000000E+00 0.000000E+00 0.000000E+00 0.000000E+00 0.000000E+00 0.000000E+00 0.000000E+00 0.000000E+00 0.000000E+00 0.000000E+00 0.000000E+00 0.000000E+00 0.000000E+00 0.000000E+00 0.000000E+00 0.000000E+00 0.000000E+00 0.000000E+00 0.000000E+00 0.000000E+00 0.000000E+00 0.000000E+00 0.000000E+00 0.000000E+00 0.000000E+00 0.000000E+00 0.000000E+00 0.000000E+00 0.000000E+00 0.000000E+00 0.000000E+00 0.000000E+00 0.000000E+00 0.000000E+00 0.000000E+00 0.000000E+00 0.000000E+00 0.000000E+00 0.000000E+00 0.000000E+00 0.000000E+00 0.000000E+00 0.000000E+00 0.000000E+00 0.000000E+00 0.000000E+00 0.000000E+00 0.000000E+00 0.000000E+00 0.000000E+00 0.000000E+00 0.000000E+00 0.000000E+00 0.000000E+00 0.000000E+00 0.000000E+00 0.000000E+00 0.000000E+00 0.000000E+00 0.000000E+00 0.000000E+00 0.000000E+00 0.000000E+00 0.000000E+00 0.000000E+00 0.000000E+00 0.000000E+00 0.000000E+00 0.000000E+00 0.000000E+00 0.000000E+00 0.000000E+00 0.000000E+00 0.000000E+00 0.000000E+00 0.000000E+00 0.000000E+00 0.000000E+00
 0.202400E-01 0.152000E-01 0.109600E-01 0.744000E-02 0.672000E-02 0.568000E-02 0.448000E-02 0.472000E-02 0.240000E-02 0.200000E-02 0.176000E-02 0.144000E-02 0.112000E-02 0.960000E-03 0.160000E-03 0.640000E-03 0.480000E-03 0.960000E-03 0.720000E-03 0.320000E-03 0.560000E-03 0.800000E-04 0.800000E-04 0.240000E-03 0.160000E-03 0.800000E-04 0.240000E-03 0.000000E+00 0.160000E-03 0.320000E-03 0.160000E-03 0.000000E+00 0.800000E-04 0.000000E+00 0.000000E+00 0.000000E+00 0.000000E+00 0.800000E-04 0.000000E+00 0.800000E-04 0.000000E+00 0.800000E-04 0.000000E+00 0.000000E+00 0.000000E+00 0.000000E+00 0.000000E+00 0.000000E+00 0.000000E+00 0.000000E+00 0.000000E+00 0.000000E+00 0.000000E+00 0.000000E+00 0.000000E+00 0.000000E+00 0.000000E+00 0.000000E+00 0.000000E+00 0.000000E+00 0.000000E+00 0.000000E+00 0.000000E+00 0.000000E+00 0.000000E+00 0.000000E+00 0.000000E+00 0.000000E+00 0.000000E+00 0.000000E+00 0.000000E+00 0.000000E+00 0.000000E+00 0.000000E+00 0.000000E+00 0.000000E+00 0.000000E+00 0.000000E+00 0.000000E+00 0.000000E+00 0.000000E+00 0.000000E+00 0.000000E+00 0.000000E+00 0.000000E+00 0.000000E+00 0.000000E+00 0.000000E+00 0.000000E+00 0.000000E+00 0.000000E+00 0.000000E+00 0.000000E+00 0.000000E+00 0.000000E+00 0.000000E+00 0.000000E+00 0.000000E+00 0.000000E+00 0.000000E+00 0.000000E+00 0.000000E+00 0.000000E+00 0.000000E+00 0.000000E+00 0.000000E+00 0.000000E+00 0.000000E+00 0.000000E+00 0.000000E+00 0.000000E+00 0.000000E+00 0.000000E+00 0.000000E+00 0.000000E+00 0.000000E+00 0.000000E+00 0.000000E+00 0.000000E+00 0.000000E+00 0.000000E+00 0.000000E+00 0.000000E+00 0.000000E+00 0.000000E+00 0.000000E+00 0.000000E+00 0.000000E+00 0.000000E+00 0.000000E+00 0.000000E+00 0.000000E+00 0.000000E+00 0.000000E+00 0.000000E+00 0.000000E+00 0.000000E+00 0.000000E+00 0.000000E+00 0.000000E+00 0.000000E+00 0.000000E+00 0.000000E+00 0.000000E+00 0.000000E+00 0.000000E+00 0.000000E+00 0.000000E+00 0.000000E+00 0.000000E+00 0.000000E+00 0.000000E+00 0.000000E+00 0.000000E+00 0.000000E+00 0.000000E+00 0.000000E+00 0.000000E+00 0.000000E+00 0.000000E+00 0.000000E+00 0.000000E+00 0.000000E+00 0.000000E+00 0.000000E+00 0.000000E+00 0.000000E+00 0.000000E+00 0.000000E+00 0.000000E+00 0.000000E+00 0.000000E+00 0.000000E+00 0.000000E+00 0.000000E+00 0.000000E+00 0.000000E+00 0.000000E+00 0.000000E+00 0.000000E+00 0.000000E+00 0.000000E+00 0.000000E+00 0.000000E+00 0.000000E+00 0.000000E+00 0.000000E+00 0.000000E+00 0.000000E+00 0.000000E+00 0.000000E+00 0.000000E+00 0.000000E+00 0.000000E+00 0.000000E+00 0.000000E+00 0.000000E+00 0.000000E+00 0.000000E+00 0.000000E+00
 0.154480E+00 0.876800E-01 0.529600E-01 0.432000E-01 0.339200E-01 0.283200E-01 0.213600E-01 0.184000E-01 0.162400E-01 0.134400E-01 0.120800E-01 0.920000E-02 0.880000E-02 0.792000E-02 0.536000E-02 0.344000E-02 0.408000E-02 0.328000E-02 0.400000E-02 0.264000E-02 0.248000E-02 0.136000E-02 0.160000E-02 0.184000E-02 0.112000E-02 0.128000E-02 0.120000E-02 0.720000E-03 0.640000E-03 0.560000E-03 0.560000E-03 0.800000E-03 0.720000E-03 0.160000E-03 0.400000E-03 0.000000E+00 0.240000E-03 0.320000E-03 0.000000E+00 0.320000E-03 0.400000E-03 0.800000E-04 0.160000E-03 0.320000E-03 0.000000E+00 0.800000E-04 0.000000E+00 0.000000E+00 0.800000E-04 0.800000E-04 0.800000E-04 0.000000E+00 0.000000E+00 0.000000E+00 0.000000E+00 0.000000E+00 0.800000E-04 0.000000E+00 0.000000E+00 0.000000E+00 0.000000E+00 0.000000E+00 0.000000E+00 0.000000E+00 0.000000E+00 0.000000E+00 0.000000E+00 0.000000E+00 0.000000E+00 0.000000E+00 0.000000E+00 0.000000E+00 0.000000E+00 0.000000E+00 0.000000E+00 0.000000E+00 0.800000E-04 0.000000E+00 0.000000E+00 0.000000E+00 0.000000E+00 0.000000E+00 0.000000E+00 0.000000E+00 0.000000E+00 0.000000E+00 0.000000E+00 0.000000E+00 0.000000E+00 0.000000E+00 0.000000E+00 0.000000E+00 0.000000E+00 0.000000E+00 0.000000E+00 0.000000E+00 0.000000E+00 0.000000E+00 0.000000E+00 0.000000E+00 0.000000E+00 0.000000E+00 0.000000E+00 0.000000E+00 0.000000E+00 0.000000E+00 0.000000E+00 0.000000E+00 0.000000E+00 0.000000E+00 0.000000E+00 0.000000E+00 0.000000E+00 0.000000E+00 0.000000E+00 0.000000E+00 0.000000E+00 0.000000E+00 0.000000E+00 0.000000E+00 0.000000E+00 0.000000E+00 0.000000E+00 0.000000E+00 0.000000E+00 0.000000E+00 0.000000E+00 0.000000E+00 0.000000E+00 0.000000E+00 0.000000E+00 0.000000E+00 0.000000E+00 0.000000E+00 0.000000E+00 0.000000E+00 0.000000E+00 0.000000E+00 0.000000E+00 0.000000E+00 0.000000E+00 0.000000E+00 0.000000E+00 0.000000E+00 0.000000E+00 0.000000E+00 0.000000E+00 0.000000E+00 0.000000E+00 0.000000E+00 0.000000E+00 0.000000E+00 0.000000E+00 0.000000E+00 0.000000E+00 0.000000E+00 0.000000E+00 0.000000E+00 0.000000E+00 0.000000E+00 0.000000E+00 0.000000E+00 0.000000E+00 0.000000E+00 0.000000E+00 0.000000E+00 0.000000E+00 0.000000E+00 0.000000E+00 0.000000E+00 0.000000E+00 0.000000E+00 0.000000E+00 0.000000E+00 0.000000E+00 0.000000E+00 0.000000E+00 0.000000E+00 0.000000E+00 0.000000E+00 0.000000E+00 0.000000E+00 0.000000E+00 0.000000E+00 0.000000E+00 0.000000E+00 0.000000E+00 0.000000E+00 0.000000E+00 0.000000E+00 0.000000E+00 0.000000E+00 0.000000E+00 0.000000E+00 0.000000E+00 0.000000E+00 0.000000E+00 0.000000E+00 0.000000E+00 0.000000E+00
 0.752000E-01 0.576000E-01 0.379200E-01 0.325600E-01 0.291200E-01 0.236000E-01 0.192800E-01 0.165600E-01 0.118400E-01 0.116000E-01 0.104800E-01 0.880000E-02 0.880000E-02 0.832000E-02 0.720000E-02 0.600000E-02 0.376000E-02 0.384000E-02 0.384000E-02 0.328000E-02 0.272000E-02 0.176000E-02 0.192000E-02 0.184000E-02 0.136000E-02 0.120000E-02 0.136000E-02 0.960000E-03 0.160000E-02 0.112000E-02 0.640000E-03 0.400000E-03 0.480000E-03 0.480000E-03 0.880000E-03 0.720000E-03 0.240000E-03 0.160000E-03 0.400000E-03 0.800000E-04 0.240000E-03 0.800000E-04 0.800000E-04 0.240000E-03 0.800000E-04 0.000000E+00 0.000000E+00 0.800000E-04 0.000000E+00 0.000000E+00 0.800000E-04 0.000000E+00 0.000000E+00 0.000000E+00 0.000000E+00 0.000000E+00 0.000000E+00 0.800000E-04 0.000000E+00 0.800000E-04 0.000000E+00 0.000000E+00 0.000000E+00 0.000000E+00 0.000000E+00 0.000000E+00 0.000000E+00 0.000000E+00 0.000000E+00 0.000000E+00 0.000000E+00 0.000000E+00 0.000000E+00 0.000000E+00 0.000000E+00 0.000000E+00 0.000000E+00 0.000000E+00 0.000000E+00 0.000000E+00 0.000000E+00 0.000000E+00 0.000000E+00 0.000000E+00 0.000000E+00 0.000000E+00 0.000000E+00 0.000000E+00 0.000000E+00 0.000000E+00 0.000000E+00 0.000000E+00 0.000000E+00 0.000000E+00 0.000000E+00 0.000000E+00 0.000000E+00 0.000000E+00 0.000000E+00 0.000000E+00 0.000000E+00 0.000000E+00 0.000000E+00 0.000000E+00 0.000000E+00 0.000000E+00 0.000000E+00 0.000000E+00 0.000000E+00 0.000000E+00 0.000000E+00 0.000000E+00 0.000000E+00 0.000000E+00 0.000000E+00 0.000000E+00 0.000000E+00 0.000000E+00 0.000000E+00 0.000000E+00 0.000000E+00 0.000000E+00 0.000000E+00 0.000000E+00 0.000000E+00 0.000000E+00 0.000000E+00 0.000000E+00 0.000000E+00 0.000000E+00 0.000000E+00 0.000000E+00 0.000000E+00 0.000000E+00 0.000000E+00 0.000000E+00 0.000000E+00 0.000000E+00 0.000000E+00 0.000000E+00 0.000000E+00 0.000000E+00 0.000000E+00 0.000000E+00 0.000000E+00 0.000000E+00 0.000000E+00 0.000000E+00 0.000000E+00 0.000000E+00 0.000000E+00 0.000000E+00 0.000000E+00 0.000000E+00 0.000000E+00 0.000000E+00 0.000000E+00 0.000000E+00 0.000000E+00 0.000000E+00 0.000000E+00 0.000000E+00 0.000000E+00 0.000000E+00 0.000000E+00 0.000000E+00 0.000000E+00 0.000000E+00 0.000000E+00 0.000000E+00 0.000000E+00 0.000000E+00 0.000000E+00 0.000000E+00 0.000000E+00 0.000000E+00 0.000000E+00 0.000000E+00 0.000000E+00 0.000000E+00 0.000000E+00 0.000000E+00 0.000000E+00 0.000000E+00 0.000000E+00 0.000000E+00 0.000000E+00 0.000000E+00 0.000000E+00 0.000000E+00 0.000000E+00 0.000000E+00 0.000000E+00 0.000000E+00 0.000000E+00 0.000000E+00 0.000000E+00 0.000000E+00 0.000000E+00 0.000000E+00
