### Run with WimpAnn version = wimpann-2.08                            
###   Using Pythia version   = Pythia 6.400    
###   Using nusigma version  = nusigma-1.15-pyr                        
###   Using DarkSUSY version = ds-4.1.6                                
###   WimpAnn run started at date 2007-09-10; time 10:29:11
### Neutrino oscillation parameters
#      theta_12 =  0.00000000E+00
#      theta_13 =  0.00000000E+00
#      theta_23 =  0.00000000E+00
#         delta =  0.00000000E+00
#  delta_m^2_21 =  0.81000000E-04
#  delta_m^2_31 =  0.22000000E-02
### WimpAnn run parameters
#  Annihilation channel =         1
#  Generated particles =  c                cbar            
#  WIMP mass =  0.50000000E+02
#  Number of annihilations =   2500000
#  Source = Earth
#...dPhi/dz in  200 bins from 0 to 1
#...Line  1- 6: flux at centre of Earth for neutrino 1-6
 0.595600E+00 0.692640E+00 0.674640E+00 0.632800E+00 0.635680E+00 0.610480E+00 0.586800E+00 0.563840E+00 0.545040E+00 0.518480E+00 0.508880E+00 0.490240E+00 0.468640E+00 0.453920E+00 0.443520E+00 0.430480E+00 0.415280E+00 0.399760E+00 0.381360E+00 0.377040E+00 0.357760E+00 0.347680E+00 0.333680E+00 0.325040E+00 0.308640E+00 0.299120E+00 0.287200E+00 0.280000E+00 0.259920E+00 0.254880E+00 0.247840E+00 0.231680E+00 0.228720E+00 0.216400E+00 0.216960E+00 0.201200E+00 0.191360E+00 0.189120E+00 0.179280E+00 0.172160E+00 0.167760E+00 0.159200E+00 0.156800E+00 0.146400E+00 0.136800E+00 0.135520E+00 0.133200E+00 0.121360E+00 0.110400E+00 0.109760E+00 0.106640E+00 0.993600E-01 0.950400E-01 0.932000E-01 0.894400E-01 0.843200E-01 0.804000E-01 0.763200E-01 0.750400E-01 0.664000E-01 0.692000E-01 0.615200E-01 0.624000E-01 0.558400E-01 0.559200E-01 0.500000E-01 0.453600E-01 0.461600E-01 0.468800E-01 0.416800E-01 0.399200E-01 0.363200E-01 0.342400E-01 0.332800E-01 0.316800E-01 0.296800E-01 0.293600E-01 0.255200E-01 0.236000E-01 0.227200E-01 0.242400E-01 0.202400E-01 0.213600E-01 0.180000E-01 0.167200E-01 0.168000E-01 0.147200E-01 0.142400E-01 0.144000E-01 0.139200E-01 0.120000E-01 0.127200E-01 0.103200E-01 0.108000E-01 0.100000E-01 0.864000E-02 0.896000E-02 0.704000E-02 0.824000E-02 0.592000E-02 0.712000E-02 0.592000E-02 0.608000E-02 0.464000E-02 0.512000E-02 0.376000E-02 0.368000E-02 0.368000E-02 0.424000E-02 0.312000E-02 0.384000E-02 0.288000E-02 0.256000E-02 0.232000E-02 0.224000E-02 0.208000E-02 0.200000E-02 0.200000E-02 0.136000E-02 0.152000E-02 0.144000E-02 0.184000E-02 0.136000E-02 0.880000E-03 0.136000E-02 0.960000E-03 0.720000E-03 0.800000E-03 0.800000E-03 0.640000E-03 0.480000E-03 0.480000E-03 0.560000E-03 0.640000E-03 0.240000E-03 0.240000E-03 0.480000E-03 0.320000E-03 0.400000E-03 0.240000E-03 0.240000E-03 0.160000E-03 0.240000E-03 0.800000E-04 0.800000E-04 0.320000E-03 0.000000E+00 0.160000E-03 0.800000E-04 0.160000E-03 0.160000E-03 0.000000E+00 0.000000E+00 0.000000E+00 0.000000E+00 0.800000E-04 0.800000E-04 0.800000E-04 0.800000E-04 0.800000E-04 0.000000E+00 0.000000E+00 0.000000E+00 0.800000E-04 0.000000E+00 0.000000E+00 0.000000E+00 0.000000E+00 0.000000E+00 0.000000E+00 0.000000E+00 0.000000E+00 0.000000E+00 0.000000E+00 0.000000E+00 0.000000E+00 0.000000E+00 0.000000E+00 0.000000E+00 0.000000E+00 0.000000E+00 0.000000E+00 0.000000E+00 0.000000E+00 0.000000E+00 0.000000E+00 0.000000E+00 0.000000E+00 0.000000E+00 0.000000E+00 0.000000E+00 0.000000E+00 0.000000E+00 0.000000E+00 0.000000E+00 0.000000E+00 0.000000E+00 0.000000E+00 0.000000E+00 0.000000E+00
 0.592400E+00 0.681440E+00 0.667040E+00 0.656720E+00 0.615520E+00 0.612880E+00 0.599520E+00 0.560880E+00 0.538080E+00 0.522560E+00 0.500160E+00 0.495440E+00 0.462960E+00 0.456720E+00 0.431040E+00 0.434240E+00 0.417760E+00 0.404000E+00 0.388320E+00 0.367840E+00 0.351200E+00 0.351920E+00 0.335920E+00 0.318320E+00 0.312560E+00 0.297040E+00 0.294320E+00 0.277920E+00 0.270080E+00 0.259360E+00 0.245840E+00 0.230960E+00 0.222560E+00 0.219440E+00 0.210160E+00 0.205200E+00 0.193760E+00 0.183840E+00 0.181840E+00 0.171280E+00 0.166960E+00 0.153840E+00 0.145520E+00 0.146640E+00 0.134400E+00 0.127600E+00 0.128080E+00 0.119200E+00 0.116160E+00 0.115280E+00 0.108480E+00 0.104640E+00 0.945600E-01 0.922400E-01 0.923200E-01 0.859200E-01 0.818400E-01 0.753600E-01 0.680800E-01 0.719200E-01 0.656000E-01 0.644000E-01 0.614400E-01 0.548800E-01 0.543200E-01 0.520800E-01 0.521600E-01 0.457600E-01 0.446400E-01 0.433600E-01 0.378400E-01 0.364800E-01 0.356800E-01 0.330400E-01 0.329600E-01 0.316800E-01 0.292000E-01 0.274400E-01 0.276800E-01 0.253600E-01 0.243200E-01 0.217600E-01 0.190400E-01 0.180800E-01 0.192000E-01 0.153600E-01 0.170400E-01 0.167200E-01 0.144800E-01 0.127200E-01 0.117600E-01 0.136000E-01 0.109600E-01 0.840000E-02 0.100000E-01 0.880000E-02 0.776000E-02 0.848000E-02 0.680000E-02 0.736000E-02 0.648000E-02 0.624000E-02 0.624000E-02 0.480000E-02 0.496000E-02 0.464000E-02 0.464000E-02 0.432000E-02 0.328000E-02 0.272000E-02 0.296000E-02 0.296000E-02 0.232000E-02 0.352000E-02 0.232000E-02 0.176000E-02 0.312000E-02 0.208000E-02 0.200000E-02 0.160000E-02 0.160000E-02 0.960000E-03 0.112000E-02 0.720000E-03 0.640000E-03 0.104000E-02 0.104000E-02 0.800000E-03 0.320000E-03 0.720000E-03 0.480000E-03 0.560000E-03 0.480000E-03 0.400000E-03 0.320000E-03 0.320000E-03 0.240000E-03 0.160000E-03 0.320000E-03 0.240000E-03 0.400000E-03 0.160000E-03 0.320000E-03 0.160000E-03 0.160000E-03 0.000000E+00 0.000000E+00 0.240000E-03 0.800000E-04 0.000000E+00 0.800000E-04 0.000000E+00 0.800000E-04 0.000000E+00 0.000000E+00 0.000000E+00 0.000000E+00 0.000000E+00 0.800000E-04 0.000000E+00 0.000000E+00 0.000000E+00 0.000000E+00 0.000000E+00 0.000000E+00 0.000000E+00 0.000000E+00 0.000000E+00 0.000000E+00 0.000000E+00 0.000000E+00 0.000000E+00 0.000000E+00 0.000000E+00 0.000000E+00 0.000000E+00 0.000000E+00 0.000000E+00 0.000000E+00 0.000000E+00 0.000000E+00 0.000000E+00 0.000000E+00 0.000000E+00 0.000000E+00 0.000000E+00 0.000000E+00 0.000000E+00 0.000000E+00 0.000000E+00 0.000000E+00 0.000000E+00 0.000000E+00 0.000000E+00 0.000000E+00 0.000000E+00 0.000000E+00 0.000000E+00 0.000000E+00 0.000000E+00
 0.609680E+00 0.716080E+00 0.685600E+00 0.653920E+00 0.633920E+00 0.623600E+00 0.592160E+00 0.576640E+00 0.550080E+00 0.533120E+00 0.515040E+00 0.488880E+00 0.490960E+00 0.462000E+00 0.444720E+00 0.435200E+00 0.414960E+00 0.404240E+00 0.388880E+00 0.387200E+00 0.373920E+00 0.342480E+00 0.338960E+00 0.318560E+00 0.307520E+00 0.306880E+00 0.289360E+00 0.271520E+00 0.264000E+00 0.256720E+00 0.248160E+00 0.232160E+00 0.228080E+00 0.213360E+00 0.206960E+00 0.201840E+00 0.193040E+00 0.176400E+00 0.175760E+00 0.169200E+00 0.159920E+00 0.155840E+00 0.147200E+00 0.142960E+00 0.131600E+00 0.124880E+00 0.130880E+00 0.117440E+00 0.112320E+00 0.110480E+00 0.101120E+00 0.986400E-01 0.934400E-01 0.880800E-01 0.848000E-01 0.815200E-01 0.764000E-01 0.699200E-01 0.733600E-01 0.641600E-01 0.640000E-01 0.592800E-01 0.597600E-01 0.544800E-01 0.532000E-01 0.488800E-01 0.476000E-01 0.433600E-01 0.423200E-01 0.411200E-01 0.375200E-01 0.380800E-01 0.360800E-01 0.313600E-01 0.334400E-01 0.293600E-01 0.239200E-01 0.243200E-01 0.220800E-01 0.231200E-01 0.217600E-01 0.208800E-01 0.194400E-01 0.196800E-01 0.184800E-01 0.147200E-01 0.149600E-01 0.128000E-01 0.144800E-01 0.120000E-01 0.125600E-01 0.115200E-01 0.888000E-02 0.102400E-01 0.856000E-02 0.968000E-02 0.792000E-02 0.576000E-02 0.752000E-02 0.768000E-02 0.752000E-02 0.600000E-02 0.552000E-02 0.528000E-02 0.496000E-02 0.400000E-02 0.336000E-02 0.400000E-02 0.392000E-02 0.312000E-02 0.352000E-02 0.272000E-02 0.216000E-02 0.232000E-02 0.208000E-02 0.176000E-02 0.224000E-02 0.216000E-02 0.176000E-02 0.144000E-02 0.136000E-02 0.120000E-02 0.880000E-03 0.640000E-03 0.400000E-03 0.960000E-03 0.720000E-03 0.104000E-02 0.560000E-03 0.400000E-03 0.000000E+00 0.800000E-03 0.160000E-03 0.240000E-03 0.240000E-03 0.160000E-03 0.400000E-03 0.240000E-03 0.480000E-03 0.320000E-03 0.240000E-03 0.160000E-03 0.160000E-03 0.800000E-04 0.800000E-04 0.160000E-03 0.240000E-03 0.000000E+00 0.000000E+00 0.800000E-04 0.000000E+00 0.000000E+00 0.800000E-04 0.000000E+00 0.000000E+00 0.000000E+00 0.000000E+00 0.000000E+00 0.000000E+00 0.000000E+00 0.000000E+00 0.800000E-04 0.000000E+00 0.800000E-04 0.000000E+00 0.000000E+00 0.000000E+00 0.000000E+00 0.000000E+00 0.000000E+00 0.000000E+00 0.000000E+00 0.000000E+00 0.000000E+00 0.000000E+00 0.000000E+00 0.000000E+00 0.000000E+00 0.000000E+00 0.000000E+00 0.000000E+00 0.000000E+00 0.000000E+00 0.000000E+00 0.000000E+00 0.000000E+00 0.000000E+00 0.000000E+00 0.000000E+00 0.000000E+00 0.000000E+00 0.000000E+00 0.000000E+00 0.000000E+00 0.000000E+00 0.000000E+00 0.000000E+00 0.000000E+00 0.000000E+00 0.000000E+00
 0.614800E+00 0.711520E+00 0.679920E+00 0.664960E+00 0.633200E+00 0.618640E+00 0.589520E+00 0.567920E+00 0.560960E+00 0.533200E+00 0.518480E+00 0.495680E+00 0.478400E+00 0.452240E+00 0.447600E+00 0.421440E+00 0.415440E+00 0.404000E+00 0.388000E+00 0.378640E+00 0.364240E+00 0.353200E+00 0.339840E+00 0.328640E+00 0.319040E+00 0.299440E+00 0.283840E+00 0.268160E+00 0.265760E+00 0.256720E+00 0.245680E+00 0.237760E+00 0.227200E+00 0.216080E+00 0.205920E+00 0.197440E+00 0.188640E+00 0.185120E+00 0.174640E+00 0.173440E+00 0.159040E+00 0.153920E+00 0.152800E+00 0.142800E+00 0.141760E+00 0.130000E+00 0.126720E+00 0.123040E+00 0.112240E+00 0.109280E+00 0.104880E+00 0.100480E+00 0.943200E-01 0.912800E-01 0.818400E-01 0.825600E-01 0.757600E-01 0.760800E-01 0.700800E-01 0.657600E-01 0.618400E-01 0.592000E-01 0.576000E-01 0.559200E-01 0.484800E-01 0.456000E-01 0.501600E-01 0.413600E-01 0.424800E-01 0.376800E-01 0.376000E-01 0.366400E-01 0.348800E-01 0.321600E-01 0.312000E-01 0.307200E-01 0.254400E-01 0.242400E-01 0.256000E-01 0.241600E-01 0.192800E-01 0.203200E-01 0.192800E-01 0.197600E-01 0.140800E-01 0.160800E-01 0.139200E-01 0.135200E-01 0.146400E-01 0.124000E-01 0.133600E-01 0.108800E-01 0.108000E-01 0.101600E-01 0.928000E-02 0.864000E-02 0.712000E-02 0.736000E-02 0.768000E-02 0.720000E-02 0.520000E-02 0.616000E-02 0.504000E-02 0.528000E-02 0.424000E-02 0.432000E-02 0.328000E-02 0.360000E-02 0.312000E-02 0.296000E-02 0.368000E-02 0.232000E-02 0.208000E-02 0.240000E-02 0.208000E-02 0.192000E-02 0.144000E-02 0.104000E-02 0.168000E-02 0.184000E-02 0.120000E-02 0.104000E-02 0.176000E-02 0.880000E-03 0.640000E-03 0.120000E-02 0.720000E-03 0.112000E-02 0.160000E-03 0.640000E-03 0.560000E-03 0.320000E-03 0.320000E-03 0.160000E-03 0.320000E-03 0.320000E-03 0.720000E-03 0.800000E-04 0.400000E-03 0.400000E-03 0.320000E-03 0.240000E-03 0.800000E-04 0.800000E-04 0.160000E-03 0.800000E-04 0.000000E+00 0.800000E-04 0.000000E+00 0.000000E+00 0.800000E-04 0.000000E+00 0.000000E+00 0.000000E+00 0.000000E+00 0.000000E+00 0.000000E+00 0.000000E+00 0.000000E+00 0.000000E+00 0.000000E+00 0.000000E+00 0.000000E+00 0.800000E-04 0.000000E+00 0.000000E+00 0.000000E+00 0.000000E+00 0.000000E+00 0.000000E+00 0.000000E+00 0.000000E+00 0.000000E+00 0.000000E+00 0.000000E+00 0.000000E+00 0.000000E+00 0.000000E+00 0.000000E+00 0.000000E+00 0.000000E+00 0.000000E+00 0.000000E+00 0.000000E+00 0.000000E+00 0.000000E+00 0.000000E+00 0.000000E+00 0.000000E+00 0.000000E+00 0.000000E+00 0.000000E+00 0.000000E+00 0.000000E+00 0.000000E+00 0.000000E+00 0.000000E+00 0.000000E+00 0.000000E+00 0.000000E+00
 0.242400E-01 0.274400E-01 0.289600E-01 0.240800E-01 0.234400E-01 0.230400E-01 0.196000E-01 0.213600E-01 0.189600E-01 0.189600E-01 0.184800E-01 0.148800E-01 0.171200E-01 0.144000E-01 0.126400E-01 0.116800E-01 0.119200E-01 0.912000E-02 0.952000E-02 0.100800E-01 0.848000E-02 0.624000E-02 0.680000E-02 0.584000E-02 0.632000E-02 0.336000E-02 0.512000E-02 0.528000E-02 0.312000E-02 0.368000E-02 0.312000E-02 0.304000E-02 0.296000E-02 0.288000E-02 0.304000E-02 0.272000E-02 0.272000E-02 0.272000E-02 0.224000E-02 0.240000E-02 0.256000E-02 0.192000E-02 0.264000E-02 0.272000E-02 0.232000E-02 0.184000E-02 0.200000E-02 0.112000E-02 0.160000E-02 0.120000E-02 0.136000E-02 0.128000E-02 0.184000E-02 0.176000E-02 0.176000E-02 0.136000E-02 0.112000E-02 0.152000E-02 0.112000E-02 0.120000E-02 0.104000E-02 0.112000E-02 0.112000E-02 0.104000E-02 0.880000E-03 0.880000E-03 0.144000E-02 0.640000E-03 0.128000E-02 0.144000E-02 0.104000E-02 0.104000E-02 0.104000E-02 0.128000E-02 0.480000E-03 0.640000E-03 0.880000E-03 0.720000E-03 0.960000E-03 0.480000E-03 0.320000E-03 0.400000E-03 0.400000E-03 0.240000E-03 0.480000E-03 0.640000E-03 0.240000E-03 0.560000E-03 0.160000E-03 0.400000E-03 0.160000E-03 0.560000E-03 0.400000E-03 0.240000E-03 0.480000E-03 0.320000E-03 0.240000E-03 0.560000E-03 0.560000E-03 0.160000E-03 0.240000E-03 0.000000E+00 0.320000E-03 0.320000E-03 0.160000E-03 0.160000E-03 0.240000E-03 0.400000E-03 0.160000E-03 0.240000E-03 0.800000E-04 0.000000E+00 0.800000E-04 0.000000E+00 0.240000E-03 0.800000E-04 0.000000E+00 0.800000E-04 0.240000E-03 0.800000E-04 0.800000E-04 0.800000E-04 0.320000E-03 0.000000E+00 0.000000E+00 0.160000E-03 0.800000E-04 0.000000E+00 0.000000E+00 0.000000E+00 0.800000E-04 0.000000E+00 0.000000E+00 0.000000E+00 0.000000E+00 0.000000E+00 0.800000E-04 0.000000E+00 0.000000E+00 0.000000E+00 0.000000E+00 0.800000E-04 0.000000E+00 0.000000E+00 0.000000E+00 0.000000E+00 0.000000E+00 0.000000E+00 0.000000E+00 0.000000E+00 0.000000E+00 0.000000E+00 0.000000E+00 0.800000E-04 0.000000E+00 0.000000E+00 0.000000E+00 0.000000E+00 0.000000E+00 0.000000E+00 0.000000E+00 0.000000E+00 0.000000E+00 0.000000E+00 0.000000E+00 0.000000E+00 0.000000E+00 0.000000E+00 0.000000E+00 0.000000E+00 0.000000E+00 0.000000E+00 0.000000E+00 0.000000E+00 0.000000E+00 0.000000E+00 0.000000E+00 0.000000E+00 0.000000E+00 0.000000E+00 0.000000E+00 0.000000E+00 0.000000E+00 0.000000E+00 0.000000E+00 0.000000E+00 0.000000E+00 0.000000E+00 0.000000E+00 0.000000E+00 0.000000E+00 0.000000E+00 0.000000E+00 0.000000E+00 0.000000E+00 0.000000E+00 0.000000E+00 0.000000E+00 0.000000E+00 0.000000E+00
 0.251200E-01 0.263200E-01 0.256000E-01 0.269600E-01 0.232000E-01 0.227200E-01 0.212800E-01 0.200800E-01 0.189600E-01 0.184000E-01 0.166400E-01 0.180800E-01 0.143200E-01 0.134400E-01 0.120800E-01 0.128000E-01 0.102400E-01 0.112000E-01 0.112800E-01 0.768000E-02 0.816000E-02 0.664000E-02 0.664000E-02 0.544000E-02 0.464000E-02 0.472000E-02 0.536000E-02 0.520000E-02 0.416000E-02 0.416000E-02 0.328000E-02 0.304000E-02 0.320000E-02 0.216000E-02 0.368000E-02 0.248000E-02 0.312000E-02 0.232000E-02 0.208000E-02 0.264000E-02 0.216000E-02 0.240000E-02 0.136000E-02 0.264000E-02 0.288000E-02 0.200000E-02 0.200000E-02 0.200000E-02 0.208000E-02 0.128000E-02 0.160000E-02 0.168000E-02 0.152000E-02 0.160000E-02 0.120000E-02 0.120000E-02 0.160000E-02 0.112000E-02 0.152000E-02 0.128000E-02 0.136000E-02 0.192000E-02 0.168000E-02 0.720000E-03 0.136000E-02 0.800000E-03 0.104000E-02 0.168000E-02 0.104000E-02 0.800000E-03 0.104000E-02 0.800000E-03 0.400000E-03 0.880000E-03 0.480000E-03 0.880000E-03 0.640000E-03 0.960000E-03 0.800000E-03 0.640000E-03 0.800000E-03 0.640000E-03 0.560000E-03 0.560000E-03 0.400000E-03 0.720000E-03 0.640000E-03 0.480000E-03 0.560000E-03 0.480000E-03 0.480000E-03 0.640000E-03 0.560000E-03 0.240000E-03 0.240000E-03 0.240000E-03 0.560000E-03 0.400000E-03 0.800000E-04 0.160000E-03 0.240000E-03 0.160000E-03 0.320000E-03 0.240000E-03 0.160000E-03 0.160000E-03 0.000000E+00 0.800000E-04 0.000000E+00 0.800000E-04 0.000000E+00 0.240000E-03 0.160000E-03 0.800000E-04 0.800000E-04 0.800000E-04 0.000000E+00 0.800000E-04 0.160000E-03 0.000000E+00 0.800000E-04 0.800000E-04 0.000000E+00 0.160000E-03 0.800000E-04 0.000000E+00 0.000000E+00 0.000000E+00 0.800000E-04 0.160000E-03 0.000000E+00 0.800000E-04 0.000000E+00 0.000000E+00 0.800000E-04 0.000000E+00 0.800000E-04 0.800000E-04 0.000000E+00 0.000000E+00 0.000000E+00 0.800000E-04 0.000000E+00 0.000000E+00 0.000000E+00 0.000000E+00 0.000000E+00 0.000000E+00 0.000000E+00 0.000000E+00 0.000000E+00 0.000000E+00 0.000000E+00 0.000000E+00 0.000000E+00 0.000000E+00 0.000000E+00 0.000000E+00 0.000000E+00 0.000000E+00 0.000000E+00 0.000000E+00 0.000000E+00 0.000000E+00 0.000000E+00 0.000000E+00 0.000000E+00 0.000000E+00 0.000000E+00 0.000000E+00 0.000000E+00 0.000000E+00 0.000000E+00 0.000000E+00 0.000000E+00 0.000000E+00 0.000000E+00 0.000000E+00 0.000000E+00 0.000000E+00 0.000000E+00 0.000000E+00 0.000000E+00 0.000000E+00 0.000000E+00 0.000000E+00 0.000000E+00 0.000000E+00 0.000000E+00 0.000000E+00 0.000000E+00 0.000000E+00 0.000000E+00 0.000000E+00 0.000000E+00 0.000000E+00 0.000000E+00 0.000000E+00 0.000000E+00 0.000000E+00
