### Run with WimpAnn version = wimpann-2.08                            
###   Using Pythia version   = Pythia 6.400    
###   Using nusigma version  = nusigma-1.15-pyr                        
###   Using DarkSUSY version = ds-4.1.6                                
###   WimpAnn run started at date 2007-09-06; time 16:32:40
### Neutrino oscillation parameters
#      theta_12 =  0.00000000E+00
#      theta_13 =  0.00000000E+00
#      theta_23 =  0.00000000E+00
#         delta =  0.00000000E+00
#  delta_m^2_21 =  0.81000000E-04
#  delta_m^2_31 =  0.22000000E-02
### WimpAnn run parameters
#  Annihilation channel =         1
#  Generated particles =  c                cbar            
#  WIMP mass =  0.10000000E+05
#  Number of annihilations =   2500000
#  Source = Earth
#...dPhi/dz in  200 bins from 0 to 1
#...Line  1- 6: flux at centre of Earth for neutrino 1-6
 0.107053E+02 0.408336E+01 0.261536E+01 0.190064E+01 0.145656E+01 0.112976E+01 0.916000E+00 0.738240E+00 0.630480E+00 0.530080E+00 0.458720E+00 0.389200E+00 0.341680E+00 0.295840E+00 0.257040E+00 0.233440E+00 0.210560E+00 0.184000E+00 0.162320E+00 0.147680E+00 0.133840E+00 0.120720E+00 0.108560E+00 0.100160E+00 0.922400E-01 0.812000E-01 0.764800E-01 0.675200E-01 0.610400E-01 0.573600E-01 0.565600E-01 0.491200E-01 0.463200E-01 0.399200E-01 0.368800E-01 0.331200E-01 0.336800E-01 0.322400E-01 0.305600E-01 0.273600E-01 0.244800E-01 0.213600E-01 0.204000E-01 0.192000E-01 0.198400E-01 0.171200E-01 0.154400E-01 0.146400E-01 0.138400E-01 0.118400E-01 0.112000E-01 0.944000E-02 0.112000E-01 0.976000E-02 0.696000E-02 0.752000E-02 0.688000E-02 0.920000E-02 0.768000E-02 0.640000E-02 0.568000E-02 0.664000E-02 0.536000E-02 0.464000E-02 0.400000E-02 0.440000E-02 0.440000E-02 0.336000E-02 0.344000E-02 0.320000E-02 0.328000E-02 0.224000E-02 0.232000E-02 0.144000E-02 0.240000E-02 0.176000E-02 0.200000E-02 0.176000E-02 0.168000E-02 0.144000E-02 0.880000E-03 0.112000E-02 0.168000E-02 0.880000E-03 0.128000E-02 0.800000E-03 0.400000E-03 0.112000E-02 0.800000E-03 0.400000E-03 0.640000E-03 0.480000E-03 0.720000E-03 0.400000E-03 0.480000E-03 0.400000E-03 0.480000E-03 0.480000E-03 0.160000E-03 0.160000E-03 0.160000E-03 0.320000E-03 0.240000E-03 0.480000E-03 0.160000E-03 0.240000E-03 0.160000E-03 0.800000E-04 0.000000E+00 0.160000E-03 0.800000E-04 0.160000E-03 0.800000E-04 0.160000E-03 0.000000E+00 0.800000E-04 0.800000E-04 0.000000E+00 0.000000E+00 0.800000E-04 0.000000E+00 0.000000E+00 0.800000E-04 0.160000E-03 0.000000E+00 0.000000E+00 0.800000E-04 0.000000E+00 0.000000E+00 0.000000E+00 0.000000E+00 0.000000E+00 0.000000E+00 0.000000E+00 0.000000E+00 0.800000E-04 0.000000E+00 0.800000E-04 0.000000E+00 0.000000E+00 0.000000E+00 0.000000E+00 0.000000E+00 0.000000E+00 0.000000E+00 0.000000E+00 0.000000E+00 0.000000E+00 0.000000E+00 0.000000E+00 0.800000E-04 0.000000E+00 0.000000E+00 0.000000E+00 0.000000E+00 0.000000E+00 0.000000E+00 0.000000E+00 0.000000E+00 0.000000E+00 0.000000E+00 0.000000E+00 0.000000E+00 0.000000E+00 0.000000E+00 0.000000E+00 0.000000E+00 0.000000E+00 0.000000E+00 0.000000E+00 0.000000E+00 0.000000E+00 0.000000E+00 0.000000E+00 0.000000E+00 0.000000E+00 0.000000E+00 0.000000E+00 0.000000E+00 0.000000E+00 0.000000E+00 0.000000E+00 0.000000E+00 0.000000E+00 0.000000E+00 0.000000E+00 0.000000E+00 0.000000E+00 0.000000E+00 0.000000E+00 0.000000E+00 0.000000E+00 0.000000E+00 0.000000E+00 0.000000E+00 0.000000E+00 0.000000E+00 0.000000E+00 0.000000E+00 0.000000E+00
 0.106805E+02 0.412816E+01 0.261400E+01 0.188104E+01 0.140816E+01 0.112192E+01 0.921600E+00 0.751120E+00 0.618240E+00 0.543440E+00 0.452320E+00 0.389040E+00 0.340560E+00 0.302000E+00 0.257920E+00 0.236800E+00 0.210800E+00 0.178640E+00 0.164640E+00 0.148800E+00 0.135360E+00 0.123360E+00 0.105120E+00 0.984000E-01 0.936000E-01 0.858400E-01 0.771200E-01 0.688000E-01 0.648800E-01 0.561600E-01 0.530400E-01 0.489600E-01 0.457600E-01 0.400000E-01 0.368800E-01 0.330400E-01 0.328800E-01 0.292000E-01 0.291200E-01 0.251200E-01 0.244000E-01 0.212800E-01 0.204000E-01 0.214400E-01 0.184000E-01 0.166400E-01 0.152800E-01 0.130400E-01 0.136000E-01 0.121600E-01 0.124000E-01 0.121600E-01 0.880000E-02 0.106400E-01 0.784000E-02 0.928000E-02 0.720000E-02 0.704000E-02 0.568000E-02 0.624000E-02 0.568000E-02 0.488000E-02 0.584000E-02 0.440000E-02 0.336000E-02 0.384000E-02 0.448000E-02 0.304000E-02 0.304000E-02 0.312000E-02 0.216000E-02 0.288000E-02 0.288000E-02 0.232000E-02 0.280000E-02 0.184000E-02 0.216000E-02 0.184000E-02 0.208000E-02 0.152000E-02 0.120000E-02 0.112000E-02 0.136000E-02 0.104000E-02 0.144000E-02 0.104000E-02 0.560000E-03 0.168000E-02 0.720000E-03 0.880000E-03 0.880000E-03 0.800000E-04 0.136000E-02 0.400000E-03 0.400000E-03 0.800000E-03 0.400000E-03 0.320000E-03 0.560000E-03 0.480000E-03 0.240000E-03 0.240000E-03 0.240000E-03 0.320000E-03 0.320000E-03 0.000000E+00 0.160000E-03 0.160000E-03 0.160000E-03 0.320000E-03 0.240000E-03 0.240000E-03 0.240000E-03 0.800000E-04 0.000000E+00 0.800000E-04 0.000000E+00 0.800000E-04 0.800000E-04 0.160000E-03 0.800000E-04 0.800000E-04 0.800000E-04 0.160000E-03 0.000000E+00 0.000000E+00 0.800000E-04 0.000000E+00 0.000000E+00 0.800000E-04 0.800000E-04 0.000000E+00 0.000000E+00 0.000000E+00 0.800000E-04 0.000000E+00 0.000000E+00 0.000000E+00 0.000000E+00 0.000000E+00 0.000000E+00 0.000000E+00 0.000000E+00 0.000000E+00 0.000000E+00 0.000000E+00 0.000000E+00 0.000000E+00 0.000000E+00 0.000000E+00 0.000000E+00 0.000000E+00 0.000000E+00 0.000000E+00 0.000000E+00 0.000000E+00 0.000000E+00 0.000000E+00 0.000000E+00 0.000000E+00 0.000000E+00 0.000000E+00 0.000000E+00 0.000000E+00 0.000000E+00 0.000000E+00 0.000000E+00 0.000000E+00 0.000000E+00 0.000000E+00 0.000000E+00 0.000000E+00 0.000000E+00 0.000000E+00 0.000000E+00 0.000000E+00 0.000000E+00 0.000000E+00 0.000000E+00 0.000000E+00 0.000000E+00 0.000000E+00 0.000000E+00 0.000000E+00 0.000000E+00 0.000000E+00 0.000000E+00 0.000000E+00 0.000000E+00 0.000000E+00 0.000000E+00 0.000000E+00 0.000000E+00 0.000000E+00 0.000000E+00 0.000000E+00 0.000000E+00 0.000000E+00 0.000000E+00 0.000000E+00
 0.107810E+02 0.411488E+01 0.264376E+01 0.188256E+01 0.143216E+01 0.113536E+01 0.894240E+00 0.750480E+00 0.621680E+00 0.537120E+00 0.446880E+00 0.378240E+00 0.324400E+00 0.288320E+00 0.260800E+00 0.223200E+00 0.203120E+00 0.179680E+00 0.164560E+00 0.148800E+00 0.131760E+00 0.116640E+00 0.105040E+00 0.987200E-01 0.896800E-01 0.780800E-01 0.786400E-01 0.700000E-01 0.605600E-01 0.532000E-01 0.508000E-01 0.468000E-01 0.463200E-01 0.409600E-01 0.357600E-01 0.340800E-01 0.295200E-01 0.281600E-01 0.248000E-01 0.252800E-01 0.254400E-01 0.228800E-01 0.208800E-01 0.200800E-01 0.190400E-01 0.178400E-01 0.144000E-01 0.140000E-01 0.136000E-01 0.116800E-01 0.124000E-01 0.108000E-01 0.816000E-02 0.960000E-02 0.752000E-02 0.664000E-02 0.736000E-02 0.592000E-02 0.720000E-02 0.616000E-02 0.472000E-02 0.520000E-02 0.400000E-02 0.408000E-02 0.352000E-02 0.456000E-02 0.440000E-02 0.312000E-02 0.360000E-02 0.280000E-02 0.288000E-02 0.288000E-02 0.288000E-02 0.168000E-02 0.152000E-02 0.248000E-02 0.248000E-02 0.160000E-02 0.144000E-02 0.136000E-02 0.168000E-02 0.720000E-03 0.136000E-02 0.800000E-03 0.800000E-03 0.640000E-03 0.112000E-02 0.640000E-03 0.480000E-03 0.640000E-03 0.480000E-03 0.160000E-03 0.320000E-03 0.560000E-03 0.400000E-03 0.240000E-03 0.240000E-03 0.800000E-04 0.400000E-03 0.640000E-03 0.560000E-03 0.720000E-03 0.000000E+00 0.160000E-03 0.800000E-04 0.240000E-03 0.320000E-03 0.240000E-03 0.160000E-03 0.000000E+00 0.240000E-03 0.800000E-04 0.800000E-04 0.800000E-04 0.000000E+00 0.160000E-03 0.800000E-04 0.800000E-04 0.000000E+00 0.800000E-04 0.000000E+00 0.000000E+00 0.000000E+00 0.000000E+00 0.800000E-04 0.800000E-04 0.000000E+00 0.000000E+00 0.000000E+00 0.000000E+00 0.000000E+00 0.000000E+00 0.000000E+00 0.000000E+00 0.000000E+00 0.000000E+00 0.000000E+00 0.000000E+00 0.000000E+00 0.000000E+00 0.000000E+00 0.000000E+00 0.000000E+00 0.000000E+00 0.000000E+00 0.000000E+00 0.000000E+00 0.000000E+00 0.000000E+00 0.000000E+00 0.000000E+00 0.000000E+00 0.000000E+00 0.000000E+00 0.000000E+00 0.000000E+00 0.000000E+00 0.000000E+00 0.000000E+00 0.000000E+00 0.000000E+00 0.000000E+00 0.000000E+00 0.000000E+00 0.000000E+00 0.000000E+00 0.000000E+00 0.000000E+00 0.000000E+00 0.000000E+00 0.000000E+00 0.000000E+00 0.000000E+00 0.000000E+00 0.000000E+00 0.000000E+00 0.000000E+00 0.000000E+00 0.000000E+00 0.000000E+00 0.000000E+00 0.000000E+00 0.000000E+00 0.000000E+00 0.000000E+00 0.000000E+00 0.000000E+00 0.000000E+00 0.000000E+00 0.000000E+00 0.000000E+00 0.000000E+00 0.000000E+00 0.000000E+00 0.000000E+00 0.000000E+00 0.000000E+00 0.000000E+00 0.000000E+00 0.000000E+00
 0.108026E+02 0.412952E+01 0.263568E+01 0.188096E+01 0.140728E+01 0.112464E+01 0.902880E+00 0.761680E+00 0.613360E+00 0.534560E+00 0.442640E+00 0.386000E+00 0.332160E+00 0.299040E+00 0.263920E+00 0.233360E+00 0.200480E+00 0.179840E+00 0.162160E+00 0.148080E+00 0.128560E+00 0.117440E+00 0.104400E+00 0.100080E+00 0.866400E-01 0.825600E-01 0.711200E-01 0.697600E-01 0.615200E-01 0.560800E-01 0.518400E-01 0.448000E-01 0.414400E-01 0.382400E-01 0.356800E-01 0.340800E-01 0.300800E-01 0.281600E-01 0.270400E-01 0.250400E-01 0.235200E-01 0.244800E-01 0.192800E-01 0.192000E-01 0.187200E-01 0.140800E-01 0.154400E-01 0.164800E-01 0.140800E-01 0.952000E-02 0.116000E-01 0.100000E-01 0.968000E-02 0.800000E-02 0.696000E-02 0.736000E-02 0.688000E-02 0.616000E-02 0.736000E-02 0.504000E-02 0.512000E-02 0.496000E-02 0.632000E-02 0.512000E-02 0.360000E-02 0.336000E-02 0.304000E-02 0.328000E-02 0.264000E-02 0.352000E-02 0.176000E-02 0.200000E-02 0.200000E-02 0.224000E-02 0.272000E-02 0.184000E-02 0.168000E-02 0.176000E-02 0.120000E-02 0.144000E-02 0.144000E-02 0.160000E-02 0.112000E-02 0.720000E-03 0.128000E-02 0.640000E-03 0.800000E-03 0.136000E-02 0.560000E-03 0.800000E-03 0.104000E-02 0.320000E-03 0.480000E-03 0.560000E-03 0.240000E-03 0.400000E-03 0.560000E-03 0.560000E-03 0.480000E-03 0.400000E-03 0.800000E-04 0.800000E-04 0.160000E-03 0.240000E-03 0.480000E-03 0.240000E-03 0.000000E+00 0.800000E-04 0.800000E-04 0.160000E-03 0.000000E+00 0.160000E-03 0.800000E-04 0.000000E+00 0.000000E+00 0.000000E+00 0.800000E-04 0.000000E+00 0.160000E-03 0.240000E-03 0.800000E-04 0.000000E+00 0.800000E-04 0.000000E+00 0.000000E+00 0.000000E+00 0.000000E+00 0.000000E+00 0.000000E+00 0.000000E+00 0.800000E-04 0.800000E-04 0.000000E+00 0.000000E+00 0.000000E+00 0.000000E+00 0.000000E+00 0.000000E+00 0.000000E+00 0.000000E+00 0.000000E+00 0.000000E+00 0.000000E+00 0.000000E+00 0.000000E+00 0.000000E+00 0.000000E+00 0.000000E+00 0.000000E+00 0.000000E+00 0.000000E+00 0.000000E+00 0.000000E+00 0.000000E+00 0.000000E+00 0.000000E+00 0.000000E+00 0.000000E+00 0.000000E+00 0.000000E+00 0.000000E+00 0.000000E+00 0.000000E+00 0.000000E+00 0.000000E+00 0.000000E+00 0.000000E+00 0.000000E+00 0.000000E+00 0.000000E+00 0.000000E+00 0.000000E+00 0.000000E+00 0.000000E+00 0.000000E+00 0.000000E+00 0.000000E+00 0.000000E+00 0.000000E+00 0.000000E+00 0.000000E+00 0.000000E+00 0.000000E+00 0.000000E+00 0.000000E+00 0.000000E+00 0.000000E+00 0.000000E+00 0.000000E+00 0.000000E+00 0.000000E+00 0.000000E+00 0.000000E+00 0.000000E+00 0.000000E+00 0.000000E+00 0.000000E+00 0.000000E+00 0.000000E+00 0.000000E+00
 0.149560E+01 0.383680E+00 0.208320E+00 0.128560E+00 0.830400E-01 0.574400E-01 0.420800E-01 0.305600E-01 0.269600E-01 0.216000E-01 0.157600E-01 0.132800E-01 0.112000E-01 0.912000E-02 0.816000E-02 0.696000E-02 0.632000E-02 0.504000E-02 0.448000E-02 0.320000E-02 0.280000E-02 0.328000E-02 0.344000E-02 0.176000E-02 0.248000E-02 0.264000E-02 0.256000E-02 0.168000E-02 0.136000E-02 0.152000E-02 0.136000E-02 0.960000E-03 0.320000E-03 0.120000E-02 0.800000E-03 0.720000E-03 0.720000E-03 0.560000E-03 0.640000E-03 0.640000E-03 0.640000E-03 0.480000E-03 0.720000E-03 0.480000E-03 0.240000E-03 0.640000E-03 0.160000E-03 0.640000E-03 0.400000E-03 0.800000E-04 0.320000E-03 0.240000E-03 0.160000E-03 0.800000E-04 0.240000E-03 0.800000E-04 0.800000E-04 0.160000E-03 0.160000E-03 0.240000E-03 0.160000E-03 0.800000E-04 0.240000E-03 0.000000E+00 0.160000E-03 0.000000E+00 0.240000E-03 0.000000E+00 0.800000E-04 0.800000E-04 0.800000E-04 0.800000E-04 0.800000E-04 0.000000E+00 0.000000E+00 0.000000E+00 0.160000E-03 0.000000E+00 0.160000E-03 0.800000E-04 0.000000E+00 0.000000E+00 0.000000E+00 0.000000E+00 0.160000E-03 0.320000E-03 0.000000E+00 0.000000E+00 0.800000E-04 0.800000E-04 0.000000E+00 0.000000E+00 0.000000E+00 0.000000E+00 0.000000E+00 0.000000E+00 0.000000E+00 0.800000E-04 0.000000E+00 0.000000E+00 0.000000E+00 0.000000E+00 0.000000E+00 0.000000E+00 0.000000E+00 0.000000E+00 0.000000E+00 0.000000E+00 0.000000E+00 0.000000E+00 0.000000E+00 0.000000E+00 0.000000E+00 0.000000E+00 0.000000E+00 0.000000E+00 0.800000E-04 0.000000E+00 0.000000E+00 0.000000E+00 0.000000E+00 0.000000E+00 0.000000E+00 0.000000E+00 0.000000E+00 0.800000E-04 0.000000E+00 0.000000E+00 0.000000E+00 0.000000E+00 0.000000E+00 0.000000E+00 0.000000E+00 0.000000E+00 0.000000E+00 0.000000E+00 0.000000E+00 0.000000E+00 0.000000E+00 0.000000E+00 0.000000E+00 0.000000E+00 0.000000E+00 0.000000E+00 0.000000E+00 0.000000E+00 0.000000E+00 0.000000E+00 0.000000E+00 0.000000E+00 0.000000E+00 0.000000E+00 0.000000E+00 0.000000E+00 0.000000E+00 0.000000E+00 0.000000E+00 0.000000E+00 0.000000E+00 0.000000E+00 0.000000E+00 0.000000E+00 0.000000E+00 0.000000E+00 0.000000E+00 0.000000E+00 0.000000E+00 0.000000E+00 0.000000E+00 0.000000E+00 0.000000E+00 0.000000E+00 0.000000E+00 0.000000E+00 0.000000E+00 0.000000E+00 0.000000E+00 0.000000E+00 0.000000E+00 0.000000E+00 0.000000E+00 0.000000E+00 0.000000E+00 0.000000E+00 0.000000E+00 0.000000E+00 0.000000E+00 0.000000E+00 0.000000E+00 0.000000E+00 0.000000E+00 0.000000E+00 0.000000E+00 0.000000E+00 0.000000E+00 0.000000E+00 0.000000E+00 0.000000E+00 0.000000E+00 0.000000E+00
 0.149768E+01 0.392080E+00 0.198960E+00 0.119680E+00 0.806400E-01 0.604800E-01 0.445600E-01 0.323200E-01 0.258400E-01 0.223200E-01 0.158400E-01 0.140000E-01 0.116800E-01 0.912000E-02 0.880000E-02 0.704000E-02 0.632000E-02 0.528000E-02 0.512000E-02 0.512000E-02 0.344000E-02 0.360000E-02 0.264000E-02 0.160000E-02 0.184000E-02 0.200000E-02 0.224000E-02 0.104000E-02 0.960000E-03 0.800000E-03 0.112000E-02 0.152000E-02 0.112000E-02 0.480000E-03 0.800000E-03 0.560000E-03 0.800000E-03 0.640000E-03 0.640000E-03 0.800000E-03 0.960000E-03 0.800000E-03 0.640000E-03 0.560000E-03 0.400000E-03 0.240000E-03 0.480000E-03 0.400000E-03 0.800000E-04 0.240000E-03 0.480000E-03 0.320000E-03 0.320000E-03 0.240000E-03 0.800000E-04 0.160000E-03 0.400000E-03 0.320000E-03 0.800000E-04 0.000000E+00 0.800000E-04 0.160000E-03 0.240000E-03 0.160000E-03 0.800000E-04 0.800000E-04 0.160000E-03 0.400000E-03 0.000000E+00 0.000000E+00 0.160000E-03 0.160000E-03 0.800000E-04 0.000000E+00 0.800000E-04 0.160000E-03 0.000000E+00 0.000000E+00 0.000000E+00 0.800000E-04 0.000000E+00 0.800000E-04 0.000000E+00 0.800000E-04 0.800000E-04 0.000000E+00 0.000000E+00 0.000000E+00 0.000000E+00 0.000000E+00 0.000000E+00 0.000000E+00 0.800000E-04 0.000000E+00 0.000000E+00 0.800000E-04 0.800000E-04 0.000000E+00 0.000000E+00 0.000000E+00 0.000000E+00 0.000000E+00 0.000000E+00 0.000000E+00 0.000000E+00 0.000000E+00 0.800000E-04 0.800000E-04 0.800000E-04 0.800000E-04 0.000000E+00 0.000000E+00 0.000000E+00 0.000000E+00 0.000000E+00 0.000000E+00 0.000000E+00 0.000000E+00 0.000000E+00 0.000000E+00 0.000000E+00 0.000000E+00 0.000000E+00 0.000000E+00 0.000000E+00 0.000000E+00 0.000000E+00 0.000000E+00 0.000000E+00 0.000000E+00 0.000000E+00 0.000000E+00 0.000000E+00 0.000000E+00 0.000000E+00 0.000000E+00 0.000000E+00 0.000000E+00 0.000000E+00 0.000000E+00 0.000000E+00 0.000000E+00 0.000000E+00 0.000000E+00 0.000000E+00 0.000000E+00 0.000000E+00 0.000000E+00 0.000000E+00 0.000000E+00 0.000000E+00 0.000000E+00 0.000000E+00 0.000000E+00 0.000000E+00 0.000000E+00 0.000000E+00 0.000000E+00 0.000000E+00 0.000000E+00 0.000000E+00 0.000000E+00 0.000000E+00 0.000000E+00 0.000000E+00 0.000000E+00 0.000000E+00 0.000000E+00 0.000000E+00 0.000000E+00 0.000000E+00 0.000000E+00 0.000000E+00 0.000000E+00 0.000000E+00 0.000000E+00 0.000000E+00 0.000000E+00 0.000000E+00 0.000000E+00 0.000000E+00 0.000000E+00 0.000000E+00 0.000000E+00 0.000000E+00 0.000000E+00 0.000000E+00 0.000000E+00 0.000000E+00 0.000000E+00 0.000000E+00 0.000000E+00 0.000000E+00 0.000000E+00 0.000000E+00 0.000000E+00 0.000000E+00 0.000000E+00 0.000000E+00 0.000000E+00
