### Run with WimpAnn version = wimpann-2.08                            
###   Using Pythia version   = Pythia 6.400    
###   Using nusigma version  = nusigma-1.15-pyr                        
###   Using DarkSUSY version = ds-4.1.6                                
###   WimpAnn run started at date 2007-09-12; time 08:09:32
### Neutrino oscillation parameters
#      theta_12 =  0.00000000E+00
#      theta_13 =  0.00000000E+00
#      theta_23 =  0.00000000E+00
#         delta =  0.00000000E+00
#  delta_m^2_21 =  0.81000000E-04
#  delta_m^2_31 =  0.22000000E-02
### WimpAnn run parameters
#  Annihilation channel =        18
#  Generated particles =  nu_tau           nu_taubar       
#  WIMP mass =  0.91200000E+02
#  Number of annihilations =   2500000
#  Source = Sun
#...dPhi/dz in  200 bins from 0 to 1
#...Line  1- 6: flux at centre of Sun for neutrino 1-6
#...Line  7-12: flux at surface of Sun for neutrino 1-6
#...Line 13-18: flux at 1 AU from the Sun for neutrino 1-6
#...Line 19-24: flux at surface of Sun for secondary neutrino 1-6
#...Line 25-30: flux at 1 AU from the Sun for secondary neutrino 1-6
 0.000000E+00 0.000000E+00 0.000000E+00 0.000000E+00 0.000000E+00 0.000000E+00 0.000000E+00 0.000000E+00 0.000000E+00 0.000000E+00 0.000000E+00 0.000000E+00 0.000000E+00 0.000000E+00 0.000000E+00 0.000000E+00 0.000000E+00 0.000000E+00 0.000000E+00 0.000000E+00 0.000000E+00 0.000000E+00 0.000000E+00 0.000000E+00 0.000000E+00 0.000000E+00 0.000000E+00 0.000000E+00 0.000000E+00 0.000000E+00 0.000000E+00 0.000000E+00 0.000000E+00 0.000000E+00 0.000000E+00 0.000000E+00 0.000000E+00 0.000000E+00 0.000000E+00 0.000000E+00 0.000000E+00 0.000000E+00 0.000000E+00 0.000000E+00 0.000000E+00 0.000000E+00 0.000000E+00 0.000000E+00 0.000000E+00 0.000000E+00 0.000000E+00 0.000000E+00 0.000000E+00 0.000000E+00 0.000000E+00 0.000000E+00 0.000000E+00 0.000000E+00 0.000000E+00 0.000000E+00 0.000000E+00 0.000000E+00 0.000000E+00 0.000000E+00 0.000000E+00 0.000000E+00 0.000000E+00 0.000000E+00 0.000000E+00 0.000000E+00 0.000000E+00 0.000000E+00 0.000000E+00 0.000000E+00 0.000000E+00 0.000000E+00 0.000000E+00 0.000000E+00 0.000000E+00 0.000000E+00 0.000000E+00 0.000000E+00 0.000000E+00 0.000000E+00 0.000000E+00 0.000000E+00 0.000000E+00 0.000000E+00 0.000000E+00 0.000000E+00 0.000000E+00 0.000000E+00 0.000000E+00 0.000000E+00 0.000000E+00 0.000000E+00 0.000000E+00 0.000000E+00 0.000000E+00 0.000000E+00 0.000000E+00 0.000000E+00 0.000000E+00 0.000000E+00 0.000000E+00 0.000000E+00 0.000000E+00 0.000000E+00 0.000000E+00 0.000000E+00 0.000000E+00 0.000000E+00 0.000000E+00 0.000000E+00 0.000000E+00 0.000000E+00 0.000000E+00 0.000000E+00 0.000000E+00 0.000000E+00 0.000000E+00 0.000000E+00 0.000000E+00 0.000000E+00 0.000000E+00 0.000000E+00 0.000000E+00 0.000000E+00 0.000000E+00 0.000000E+00 0.000000E+00 0.000000E+00 0.000000E+00 0.000000E+00 0.000000E+00 0.000000E+00 0.000000E+00 0.000000E+00 0.000000E+00 0.000000E+00 0.000000E+00 0.000000E+00 0.000000E+00 0.000000E+00 0.000000E+00 0.000000E+00 0.000000E+00 0.000000E+00 0.000000E+00 0.000000E+00 0.000000E+00 0.000000E+00 0.000000E+00 0.000000E+00 0.000000E+00 0.000000E+00 0.000000E+00 0.000000E+00 0.000000E+00 0.000000E+00 0.000000E+00 0.000000E+00 0.000000E+00 0.000000E+00 0.000000E+00 0.000000E+00 0.000000E+00 0.000000E+00 0.000000E+00 0.000000E+00 0.000000E+00 0.000000E+00 0.000000E+00 0.000000E+00 0.000000E+00 0.000000E+00 0.000000E+00 0.000000E+00 0.000000E+00 0.000000E+00 0.000000E+00 0.000000E+00 0.000000E+00 0.000000E+00 0.000000E+00 0.000000E+00 0.000000E+00 0.000000E+00 0.000000E+00 0.000000E+00 0.000000E+00 0.000000E+00 0.000000E+00 0.000000E+00 0.000000E+00 0.000000E+00 0.000000E+00 0.000000E+00 0.000000E+00 0.000000E+00
 0.000000E+00 0.000000E+00 0.000000E+00 0.000000E+00 0.000000E+00 0.000000E+00 0.000000E+00 0.000000E+00 0.000000E+00 0.000000E+00 0.000000E+00 0.000000E+00 0.000000E+00 0.000000E+00 0.000000E+00 0.000000E+00 0.000000E+00 0.000000E+00 0.000000E+00 0.000000E+00 0.000000E+00 0.000000E+00 0.000000E+00 0.000000E+00 0.000000E+00 0.000000E+00 0.000000E+00 0.000000E+00 0.000000E+00 0.000000E+00 0.000000E+00 0.000000E+00 0.000000E+00 0.000000E+00 0.000000E+00 0.000000E+00 0.000000E+00 0.000000E+00 0.000000E+00 0.000000E+00 0.000000E+00 0.000000E+00 0.000000E+00 0.000000E+00 0.000000E+00 0.000000E+00 0.000000E+00 0.000000E+00 0.000000E+00 0.000000E+00 0.000000E+00 0.000000E+00 0.000000E+00 0.000000E+00 0.000000E+00 0.000000E+00 0.000000E+00 0.000000E+00 0.000000E+00 0.000000E+00 0.000000E+00 0.000000E+00 0.000000E+00 0.000000E+00 0.000000E+00 0.000000E+00 0.000000E+00 0.000000E+00 0.000000E+00 0.000000E+00 0.000000E+00 0.000000E+00 0.000000E+00 0.000000E+00 0.000000E+00 0.000000E+00 0.000000E+00 0.000000E+00 0.000000E+00 0.000000E+00 0.000000E+00 0.000000E+00 0.000000E+00 0.000000E+00 0.000000E+00 0.000000E+00 0.000000E+00 0.000000E+00 0.000000E+00 0.000000E+00 0.000000E+00 0.000000E+00 0.000000E+00 0.000000E+00 0.000000E+00 0.000000E+00 0.000000E+00 0.000000E+00 0.000000E+00 0.000000E+00 0.000000E+00 0.000000E+00 0.000000E+00 0.000000E+00 0.000000E+00 0.000000E+00 0.000000E+00 0.000000E+00 0.000000E+00 0.000000E+00 0.000000E+00 0.000000E+00 0.000000E+00 0.000000E+00 0.000000E+00 0.000000E+00 0.000000E+00 0.000000E+00 0.000000E+00 0.000000E+00 0.000000E+00 0.000000E+00 0.000000E+00 0.000000E+00 0.000000E+00 0.000000E+00 0.000000E+00 0.000000E+00 0.000000E+00 0.000000E+00 0.000000E+00 0.000000E+00 0.000000E+00 0.000000E+00 0.000000E+00 0.000000E+00 0.000000E+00 0.000000E+00 0.000000E+00 0.000000E+00 0.000000E+00 0.000000E+00 0.000000E+00 0.000000E+00 0.000000E+00 0.000000E+00 0.000000E+00 0.000000E+00 0.000000E+00 0.000000E+00 0.000000E+00 0.000000E+00 0.000000E+00 0.000000E+00 0.000000E+00 0.000000E+00 0.000000E+00 0.000000E+00 0.000000E+00 0.000000E+00 0.000000E+00 0.000000E+00 0.000000E+00 0.000000E+00 0.000000E+00 0.000000E+00 0.000000E+00 0.000000E+00 0.000000E+00 0.000000E+00 0.000000E+00 0.000000E+00 0.000000E+00 0.000000E+00 0.000000E+00 0.000000E+00 0.000000E+00 0.000000E+00 0.000000E+00 0.000000E+00 0.000000E+00 0.000000E+00 0.000000E+00 0.000000E+00 0.000000E+00 0.000000E+00 0.000000E+00 0.000000E+00 0.000000E+00 0.000000E+00 0.000000E+00 0.000000E+00 0.000000E+00 0.000000E+00 0.000000E+00 0.000000E+00 0.000000E+00 0.000000E+00 0.000000E+00 0.000000E+00
 0.000000E+00 0.000000E+00 0.000000E+00 0.000000E+00 0.000000E+00 0.000000E+00 0.000000E+00 0.000000E+00 0.000000E+00 0.000000E+00 0.000000E+00 0.000000E+00 0.000000E+00 0.000000E+00 0.000000E+00 0.000000E+00 0.000000E+00 0.000000E+00 0.000000E+00 0.000000E+00 0.000000E+00 0.000000E+00 0.000000E+00 0.000000E+00 0.000000E+00 0.000000E+00 0.000000E+00 0.000000E+00 0.000000E+00 0.000000E+00 0.000000E+00 0.000000E+00 0.000000E+00 0.000000E+00 0.000000E+00 0.000000E+00 0.000000E+00 0.000000E+00 0.000000E+00 0.000000E+00 0.000000E+00 0.000000E+00 0.000000E+00 0.000000E+00 0.000000E+00 0.000000E+00 0.000000E+00 0.000000E+00 0.000000E+00 0.000000E+00 0.000000E+00 0.000000E+00 0.000000E+00 0.000000E+00 0.000000E+00 0.000000E+00 0.000000E+00 0.000000E+00 0.000000E+00 0.000000E+00 0.000000E+00 0.000000E+00 0.000000E+00 0.000000E+00 0.000000E+00 0.000000E+00 0.000000E+00 0.000000E+00 0.000000E+00 0.000000E+00 0.000000E+00 0.000000E+00 0.000000E+00 0.000000E+00 0.000000E+00 0.000000E+00 0.000000E+00 0.000000E+00 0.000000E+00 0.000000E+00 0.000000E+00 0.000000E+00 0.000000E+00 0.000000E+00 0.000000E+00 0.000000E+00 0.000000E+00 0.000000E+00 0.000000E+00 0.000000E+00 0.000000E+00 0.000000E+00 0.000000E+00 0.000000E+00 0.000000E+00 0.000000E+00 0.000000E+00 0.000000E+00 0.000000E+00 0.000000E+00 0.000000E+00 0.000000E+00 0.000000E+00 0.000000E+00 0.000000E+00 0.000000E+00 0.000000E+00 0.000000E+00 0.000000E+00 0.000000E+00 0.000000E+00 0.000000E+00 0.000000E+00 0.000000E+00 0.000000E+00 0.000000E+00 0.000000E+00 0.000000E+00 0.000000E+00 0.000000E+00 0.000000E+00 0.000000E+00 0.000000E+00 0.000000E+00 0.000000E+00 0.000000E+00 0.000000E+00 0.000000E+00 0.000000E+00 0.000000E+00 0.000000E+00 0.000000E+00 0.000000E+00 0.000000E+00 0.000000E+00 0.000000E+00 0.000000E+00 0.000000E+00 0.000000E+00 0.000000E+00 0.000000E+00 0.000000E+00 0.000000E+00 0.000000E+00 0.000000E+00 0.000000E+00 0.000000E+00 0.000000E+00 0.000000E+00 0.000000E+00 0.000000E+00 0.000000E+00 0.000000E+00 0.000000E+00 0.000000E+00 0.000000E+00 0.000000E+00 0.000000E+00 0.000000E+00 0.000000E+00 0.000000E+00 0.000000E+00 0.000000E+00 0.000000E+00 0.000000E+00 0.000000E+00 0.000000E+00 0.000000E+00 0.000000E+00 0.000000E+00 0.000000E+00 0.000000E+00 0.000000E+00 0.000000E+00 0.000000E+00 0.000000E+00 0.000000E+00 0.000000E+00 0.000000E+00 0.000000E+00 0.000000E+00 0.000000E+00 0.000000E+00 0.000000E+00 0.000000E+00 0.000000E+00 0.000000E+00 0.000000E+00 0.000000E+00 0.000000E+00 0.000000E+00 0.000000E+00 0.000000E+00 0.000000E+00 0.000000E+00 0.000000E+00 0.000000E+00 0.000000E+00 0.000000E+00 0.000000E+00
 0.000000E+00 0.000000E+00 0.000000E+00 0.000000E+00 0.000000E+00 0.000000E+00 0.000000E+00 0.000000E+00 0.000000E+00 0.000000E+00 0.000000E+00 0.000000E+00 0.000000E+00 0.000000E+00 0.000000E+00 0.000000E+00 0.000000E+00 0.000000E+00 0.000000E+00 0.000000E+00 0.000000E+00 0.000000E+00 0.000000E+00 0.000000E+00 0.000000E+00 0.000000E+00 0.000000E+00 0.000000E+00 0.000000E+00 0.000000E+00 0.000000E+00 0.000000E+00 0.000000E+00 0.000000E+00 0.000000E+00 0.000000E+00 0.000000E+00 0.000000E+00 0.000000E+00 0.000000E+00 0.000000E+00 0.000000E+00 0.000000E+00 0.000000E+00 0.000000E+00 0.000000E+00 0.000000E+00 0.000000E+00 0.000000E+00 0.000000E+00 0.000000E+00 0.000000E+00 0.000000E+00 0.000000E+00 0.000000E+00 0.000000E+00 0.000000E+00 0.000000E+00 0.000000E+00 0.000000E+00 0.000000E+00 0.000000E+00 0.000000E+00 0.000000E+00 0.000000E+00 0.000000E+00 0.000000E+00 0.000000E+00 0.000000E+00 0.000000E+00 0.000000E+00 0.000000E+00 0.000000E+00 0.000000E+00 0.000000E+00 0.000000E+00 0.000000E+00 0.000000E+00 0.000000E+00 0.000000E+00 0.000000E+00 0.000000E+00 0.000000E+00 0.000000E+00 0.000000E+00 0.000000E+00 0.000000E+00 0.000000E+00 0.000000E+00 0.000000E+00 0.000000E+00 0.000000E+00 0.000000E+00 0.000000E+00 0.000000E+00 0.000000E+00 0.000000E+00 0.000000E+00 0.000000E+00 0.000000E+00 0.000000E+00 0.000000E+00 0.000000E+00 0.000000E+00 0.000000E+00 0.000000E+00 0.000000E+00 0.000000E+00 0.000000E+00 0.000000E+00 0.000000E+00 0.000000E+00 0.000000E+00 0.000000E+00 0.000000E+00 0.000000E+00 0.000000E+00 0.000000E+00 0.000000E+00 0.000000E+00 0.000000E+00 0.000000E+00 0.000000E+00 0.000000E+00 0.000000E+00 0.000000E+00 0.000000E+00 0.000000E+00 0.000000E+00 0.000000E+00 0.000000E+00 0.000000E+00 0.000000E+00 0.000000E+00 0.000000E+00 0.000000E+00 0.000000E+00 0.000000E+00 0.000000E+00 0.000000E+00 0.000000E+00 0.000000E+00 0.000000E+00 0.000000E+00 0.000000E+00 0.000000E+00 0.000000E+00 0.000000E+00 0.000000E+00 0.000000E+00 0.000000E+00 0.000000E+00 0.000000E+00 0.000000E+00 0.000000E+00 0.000000E+00 0.000000E+00 0.000000E+00 0.000000E+00 0.000000E+00 0.000000E+00 0.000000E+00 0.000000E+00 0.000000E+00 0.000000E+00 0.000000E+00 0.000000E+00 0.000000E+00 0.000000E+00 0.000000E+00 0.000000E+00 0.000000E+00 0.000000E+00 0.000000E+00 0.000000E+00 0.000000E+00 0.000000E+00 0.000000E+00 0.000000E+00 0.000000E+00 0.000000E+00 0.000000E+00 0.000000E+00 0.000000E+00 0.000000E+00 0.000000E+00 0.000000E+00 0.000000E+00 0.000000E+00 0.000000E+00 0.000000E+00 0.000000E+00 0.000000E+00 0.000000E+00 0.000000E+00 0.000000E+00 0.000000E+00 0.000000E+00 0.000000E+00 0.000000E+00
 0.000000E+00 0.000000E+00 0.000000E+00 0.000000E+00 0.000000E+00 0.000000E+00 0.000000E+00 0.000000E+00 0.000000E+00 0.000000E+00 0.000000E+00 0.000000E+00 0.000000E+00 0.000000E+00 0.000000E+00 0.000000E+00 0.000000E+00 0.000000E+00 0.000000E+00 0.000000E+00 0.000000E+00 0.000000E+00 0.000000E+00 0.000000E+00 0.000000E+00 0.000000E+00 0.000000E+00 0.000000E+00 0.000000E+00 0.000000E+00 0.000000E+00 0.000000E+00 0.000000E+00 0.000000E+00 0.000000E+00 0.000000E+00 0.000000E+00 0.000000E+00 0.000000E+00 0.000000E+00 0.000000E+00 0.000000E+00 0.000000E+00 0.000000E+00 0.000000E+00 0.000000E+00 0.000000E+00 0.000000E+00 0.000000E+00 0.000000E+00 0.000000E+00 0.000000E+00 0.000000E+00 0.000000E+00 0.000000E+00 0.000000E+00 0.000000E+00 0.000000E+00 0.000000E+00 0.000000E+00 0.000000E+00 0.000000E+00 0.000000E+00 0.000000E+00 0.000000E+00 0.000000E+00 0.000000E+00 0.000000E+00 0.000000E+00 0.000000E+00 0.000000E+00 0.000000E+00 0.000000E+00 0.000000E+00 0.000000E+00 0.000000E+00 0.000000E+00 0.000000E+00 0.000000E+00 0.000000E+00 0.000000E+00 0.000000E+00 0.000000E+00 0.000000E+00 0.000000E+00 0.000000E+00 0.000000E+00 0.000000E+00 0.000000E+00 0.000000E+00 0.000000E+00 0.000000E+00 0.000000E+00 0.000000E+00 0.000000E+00 0.000000E+00 0.000000E+00 0.000000E+00 0.000000E+00 0.000000E+00 0.000000E+00 0.000000E+00 0.000000E+00 0.000000E+00 0.000000E+00 0.000000E+00 0.000000E+00 0.000000E+00 0.000000E+00 0.000000E+00 0.000000E+00 0.000000E+00 0.000000E+00 0.000000E+00 0.000000E+00 0.000000E+00 0.000000E+00 0.000000E+00 0.000000E+00 0.000000E+00 0.000000E+00 0.000000E+00 0.000000E+00 0.000000E+00 0.000000E+00 0.000000E+00 0.000000E+00 0.000000E+00 0.000000E+00 0.000000E+00 0.000000E+00 0.000000E+00 0.000000E+00 0.000000E+00 0.000000E+00 0.000000E+00 0.000000E+00 0.000000E+00 0.000000E+00 0.000000E+00 0.000000E+00 0.000000E+00 0.000000E+00 0.000000E+00 0.000000E+00 0.000000E+00 0.000000E+00 0.000000E+00 0.000000E+00 0.000000E+00 0.000000E+00 0.000000E+00 0.000000E+00 0.000000E+00 0.000000E+00 0.000000E+00 0.000000E+00 0.000000E+00 0.000000E+00 0.000000E+00 0.000000E+00 0.000000E+00 0.000000E+00 0.000000E+00 0.000000E+00 0.000000E+00 0.000000E+00 0.000000E+00 0.000000E+00 0.000000E+00 0.000000E+00 0.000000E+00 0.000000E+00 0.000000E+00 0.000000E+00 0.000000E+00 0.000000E+00 0.000000E+00 0.000000E+00 0.000000E+00 0.000000E+00 0.000000E+00 0.000000E+00 0.000000E+00 0.000000E+00 0.000000E+00 0.000000E+00 0.000000E+00 0.000000E+00 0.000000E+00 0.000000E+00 0.000000E+00 0.000000E+00 0.000000E+00 0.000000E+00 0.000000E+00 0.000000E+00 0.000000E+00 0.000000E+00 0.200000E+03
 0.000000E+00 0.000000E+00 0.000000E+00 0.000000E+00 0.000000E+00 0.000000E+00 0.000000E+00 0.000000E+00 0.000000E+00 0.000000E+00 0.000000E+00 0.000000E+00 0.000000E+00 0.000000E+00 0.000000E+00 0.000000E+00 0.000000E+00 0.000000E+00 0.000000E+00 0.000000E+00 0.000000E+00 0.000000E+00 0.000000E+00 0.000000E+00 0.000000E+00 0.000000E+00 0.000000E+00 0.000000E+00 0.000000E+00 0.000000E+00 0.000000E+00 0.000000E+00 0.000000E+00 0.000000E+00 0.000000E+00 0.000000E+00 0.000000E+00 0.000000E+00 0.000000E+00 0.000000E+00 0.000000E+00 0.000000E+00 0.000000E+00 0.000000E+00 0.000000E+00 0.000000E+00 0.000000E+00 0.000000E+00 0.000000E+00 0.000000E+00 0.000000E+00 0.000000E+00 0.000000E+00 0.000000E+00 0.000000E+00 0.000000E+00 0.000000E+00 0.000000E+00 0.000000E+00 0.000000E+00 0.000000E+00 0.000000E+00 0.000000E+00 0.000000E+00 0.000000E+00 0.000000E+00 0.000000E+00 0.000000E+00 0.000000E+00 0.000000E+00 0.000000E+00 0.000000E+00 0.000000E+00 0.000000E+00 0.000000E+00 0.000000E+00 0.000000E+00 0.000000E+00 0.000000E+00 0.000000E+00 0.000000E+00 0.000000E+00 0.000000E+00 0.000000E+00 0.000000E+00 0.000000E+00 0.000000E+00 0.000000E+00 0.000000E+00 0.000000E+00 0.000000E+00 0.000000E+00 0.000000E+00 0.000000E+00 0.000000E+00 0.000000E+00 0.000000E+00 0.000000E+00 0.000000E+00 0.000000E+00 0.000000E+00 0.000000E+00 0.000000E+00 0.000000E+00 0.000000E+00 0.000000E+00 0.000000E+00 0.000000E+00 0.000000E+00 0.000000E+00 0.000000E+00 0.000000E+00 0.000000E+00 0.000000E+00 0.000000E+00 0.000000E+00 0.000000E+00 0.000000E+00 0.000000E+00 0.000000E+00 0.000000E+00 0.000000E+00 0.000000E+00 0.000000E+00 0.000000E+00 0.000000E+00 0.000000E+00 0.000000E+00 0.000000E+00 0.000000E+00 0.000000E+00 0.000000E+00 0.000000E+00 0.000000E+00 0.000000E+00 0.000000E+00 0.000000E+00 0.000000E+00 0.000000E+00 0.000000E+00 0.000000E+00 0.000000E+00 0.000000E+00 0.000000E+00 0.000000E+00 0.000000E+00 0.000000E+00 0.000000E+00 0.000000E+00 0.000000E+00 0.000000E+00 0.000000E+00 0.000000E+00 0.000000E+00 0.000000E+00 0.000000E+00 0.000000E+00 0.000000E+00 0.000000E+00 0.000000E+00 0.000000E+00 0.000000E+00 0.000000E+00 0.000000E+00 0.000000E+00 0.000000E+00 0.000000E+00 0.000000E+00 0.000000E+00 0.000000E+00 0.000000E+00 0.000000E+00 0.000000E+00 0.000000E+00 0.000000E+00 0.000000E+00 0.000000E+00 0.000000E+00 0.000000E+00 0.000000E+00 0.000000E+00 0.000000E+00 0.000000E+00 0.000000E+00 0.000000E+00 0.000000E+00 0.000000E+00 0.000000E+00 0.000000E+00 0.000000E+00 0.000000E+00 0.000000E+00 0.000000E+00 0.000000E+00 0.000000E+00 0.000000E+00 0.000000E+00 0.000000E+00 0.000000E+00 0.200000E+03
 0.234480E+00 0.268720E+00 0.235520E+00 0.217760E+00 0.197600E+00 0.177360E+00 0.165840E+00 0.155360E+00 0.155920E+00 0.150080E+00 0.149120E+00 0.133840E+00 0.132240E+00 0.131280E+00 0.123120E+00 0.118720E+00 0.115040E+00 0.112960E+00 0.108800E+00 0.111920E+00 0.108720E+00 0.100640E+00 0.988800E-01 0.985600E-01 0.969600E-01 0.924000E-01 0.959200E-01 0.889600E-01 0.918400E-01 0.883200E-01 0.821600E-01 0.843200E-01 0.832000E-01 0.788000E-01 0.769600E-01 0.756800E-01 0.759200E-01 0.712000E-01 0.713600E-01 0.674400E-01 0.657600E-01 0.679200E-01 0.668800E-01 0.633600E-01 0.632000E-01 0.624800E-01 0.598400E-01 0.583200E-01 0.574400E-01 0.584800E-01 0.561600E-01 0.546400E-01 0.505600E-01 0.537600E-01 0.514400E-01 0.511200E-01 0.490400E-01 0.472800E-01 0.444800E-01 0.438400E-01 0.441600E-01 0.438400E-01 0.436800E-01 0.415200E-01 0.417600E-01 0.415200E-01 0.425600E-01 0.376000E-01 0.398400E-01 0.364000E-01 0.348000E-01 0.387200E-01 0.351200E-01 0.356000E-01 0.344800E-01 0.321600E-01 0.297600E-01 0.292800E-01 0.248800E-01 0.274400E-01 0.315200E-01 0.260800E-01 0.264800E-01 0.250400E-01 0.271200E-01 0.241600E-01 0.253600E-01 0.240800E-01 0.213600E-01 0.216800E-01 0.214400E-01 0.228000E-01 0.196800E-01 0.181600E-01 0.187200E-01 0.194400E-01 0.179200E-01 0.169600E-01 0.169600E-01 0.160800E-01 0.157600E-01 0.159200E-01 0.148000E-01 0.170400E-01 0.130400E-01 0.142400E-01 0.123200E-01 0.111200E-01 0.136000E-01 0.133600E-01 0.114400E-01 0.928000E-02 0.112800E-01 0.119200E-01 0.109600E-01 0.976000E-02 0.864000E-02 0.832000E-02 0.760000E-02 0.904000E-02 0.952000E-02 0.768000E-02 0.776000E-02 0.728000E-02 0.696000E-02 0.720000E-02 0.640000E-02 0.624000E-02 0.656000E-02 0.600000E-02 0.608000E-02 0.456000E-02 0.424000E-02 0.616000E-02 0.440000E-02 0.536000E-02 0.368000E-02 0.360000E-02 0.304000E-02 0.344000E-02 0.288000E-02 0.248000E-02 0.256000E-02 0.200000E-02 0.208000E-02 0.160000E-02 0.224000E-02 0.224000E-02 0.200000E-02 0.168000E-02 0.176000E-02 0.152000E-02 0.152000E-02 0.184000E-02 0.176000E-02 0.144000E-02 0.136000E-02 0.112000E-02 0.152000E-02 0.720000E-03 0.120000E-02 0.104000E-02 0.800000E-03 0.104000E-02 0.136000E-02 0.800000E-03 0.720000E-03 0.320000E-03 0.400000E-03 0.560000E-03 0.800000E-03 0.160000E-03 0.320000E-03 0.160000E-03 0.800000E-04 0.160000E-03 0.400000E-03 0.240000E-03 0.800000E-04 0.160000E-03 0.000000E+00 0.800000E-04 0.000000E+00 0.000000E+00 0.000000E+00 0.000000E+00 0.000000E+00 0.800000E-04 0.000000E+00 0.000000E+00 0.000000E+00 0.000000E+00 0.000000E+00 0.000000E+00 0.000000E+00 0.000000E+00 0.000000E+00 0.000000E+00 0.000000E+00 0.000000E+00
 0.531360E+00 0.626160E+00 0.526000E+00 0.432720E+00 0.395440E+00 0.346960E+00 0.322640E+00 0.300720E+00 0.271360E+00 0.265440E+00 0.240640E+00 0.229360E+00 0.221760E+00 0.213360E+00 0.200560E+00 0.188800E+00 0.179440E+00 0.178240E+00 0.174720E+00 0.161360E+00 0.154160E+00 0.144640E+00 0.149520E+00 0.148400E+00 0.140960E+00 0.130480E+00 0.124160E+00 0.126240E+00 0.115200E+00 0.110080E+00 0.109840E+00 0.109440E+00 0.106560E+00 0.974400E-01 0.103280E+00 0.993600E-01 0.916000E-01 0.904000E-01 0.882400E-01 0.856800E-01 0.782400E-01 0.784000E-01 0.732800E-01 0.798400E-01 0.737600E-01 0.730400E-01 0.714400E-01 0.685600E-01 0.644000E-01 0.628000E-01 0.665600E-01 0.604000E-01 0.589600E-01 0.604800E-01 0.576000E-01 0.549600E-01 0.524800E-01 0.482400E-01 0.440000E-01 0.462400E-01 0.481600E-01 0.432800E-01 0.477600E-01 0.426400E-01 0.442400E-01 0.422400E-01 0.374400E-01 0.387200E-01 0.395200E-01 0.370400E-01 0.363200E-01 0.343200E-01 0.319200E-01 0.344000E-01 0.310400E-01 0.326400E-01 0.310400E-01 0.292000E-01 0.289600E-01 0.280800E-01 0.272800E-01 0.272800E-01 0.252800E-01 0.251200E-01 0.247200E-01 0.249600E-01 0.196800E-01 0.211200E-01 0.211200E-01 0.208000E-01 0.192800E-01 0.200800E-01 0.182400E-01 0.184800E-01 0.160800E-01 0.148000E-01 0.156800E-01 0.157600E-01 0.144000E-01 0.144800E-01 0.125600E-01 0.126400E-01 0.144800E-01 0.103200E-01 0.128800E-01 0.984000E-02 0.112000E-01 0.128800E-01 0.120800E-01 0.960000E-02 0.102400E-01 0.832000E-02 0.792000E-02 0.808000E-02 0.984000E-02 0.792000E-02 0.792000E-02 0.856000E-02 0.832000E-02 0.800000E-02 0.576000E-02 0.584000E-02 0.568000E-02 0.608000E-02 0.712000E-02 0.528000E-02 0.536000E-02 0.424000E-02 0.504000E-02 0.480000E-02 0.416000E-02 0.416000E-02 0.360000E-02 0.552000E-02 0.360000E-02 0.384000E-02 0.184000E-02 0.304000E-02 0.272000E-02 0.352000E-02 0.280000E-02 0.296000E-02 0.344000E-02 0.208000E-02 0.216000E-02 0.152000E-02 0.152000E-02 0.144000E-02 0.136000E-02 0.120000E-02 0.176000E-02 0.128000E-02 0.152000E-02 0.152000E-02 0.176000E-02 0.800000E-03 0.800000E-03 0.128000E-02 0.560000E-03 0.560000E-03 0.104000E-02 0.880000E-03 0.720000E-03 0.560000E-03 0.720000E-03 0.640000E-03 0.320000E-03 0.240000E-03 0.320000E-03 0.880000E-03 0.480000E-03 0.160000E-03 0.400000E-03 0.160000E-03 0.560000E-03 0.480000E-03 0.000000E+00 0.800000E-04 0.000000E+00 0.800000E-04 0.000000E+00 0.800000E-04 0.160000E-03 0.160000E-03 0.000000E+00 0.800000E-04 0.000000E+00 0.160000E-03 0.000000E+00 0.000000E+00 0.000000E+00 0.000000E+00 0.000000E+00 0.000000E+00 0.000000E+00 0.000000E+00 0.000000E+00 0.000000E+00 0.000000E+00 0.000000E+00
 0.232560E+00 0.254000E+00 0.226000E+00 0.204560E+00 0.191760E+00 0.183200E+00 0.170000E+00 0.161600E+00 0.152160E+00 0.142000E+00 0.143200E+00 0.137680E+00 0.129680E+00 0.127760E+00 0.119440E+00 0.114080E+00 0.114320E+00 0.107840E+00 0.107920E+00 0.107920E+00 0.106400E+00 0.986400E-01 0.102640E+00 0.932000E-01 0.930400E-01 0.960000E-01 0.897600E-01 0.901600E-01 0.848800E-01 0.879200E-01 0.840800E-01 0.839200E-01 0.790400E-01 0.794400E-01 0.723200E-01 0.751200E-01 0.717600E-01 0.708800E-01 0.699200E-01 0.677600E-01 0.610400E-01 0.664800E-01 0.606400E-01 0.648800E-01 0.612800E-01 0.568800E-01 0.576800E-01 0.550400E-01 0.549600E-01 0.540800E-01 0.560800E-01 0.553600E-01 0.512000E-01 0.493600E-01 0.493600E-01 0.484000E-01 0.467200E-01 0.463200E-01 0.476000E-01 0.428800E-01 0.484800E-01 0.450400E-01 0.414400E-01 0.421600E-01 0.408800E-01 0.362400E-01 0.379200E-01 0.368800E-01 0.351200E-01 0.336800E-01 0.343200E-01 0.324800E-01 0.332800E-01 0.324000E-01 0.304000E-01 0.294400E-01 0.299200E-01 0.292800E-01 0.279200E-01 0.294400E-01 0.275200E-01 0.249600E-01 0.273600E-01 0.255200E-01 0.232000E-01 0.257600E-01 0.209600E-01 0.250400E-01 0.229600E-01 0.229600E-01 0.205600E-01 0.185600E-01 0.181600E-01 0.178400E-01 0.188000E-01 0.176000E-01 0.179200E-01 0.171200E-01 0.199200E-01 0.142400E-01 0.165600E-01 0.140000E-01 0.130400E-01 0.144800E-01 0.146400E-01 0.126400E-01 0.123200E-01 0.120800E-01 0.101600E-01 0.119200E-01 0.115200E-01 0.115200E-01 0.936000E-02 0.872000E-02 0.108000E-01 0.928000E-02 0.880000E-02 0.728000E-02 0.752000E-02 0.848000E-02 0.760000E-02 0.704000E-02 0.664000E-02 0.704000E-02 0.696000E-02 0.632000E-02 0.608000E-02 0.632000E-02 0.616000E-02 0.552000E-02 0.480000E-02 0.344000E-02 0.384000E-02 0.496000E-02 0.344000E-02 0.304000E-02 0.296000E-02 0.392000E-02 0.336000E-02 0.312000E-02 0.328000E-02 0.320000E-02 0.248000E-02 0.296000E-02 0.232000E-02 0.176000E-02 0.280000E-02 0.136000E-02 0.184000E-02 0.144000E-02 0.176000E-02 0.240000E-02 0.160000E-02 0.104000E-02 0.216000E-02 0.184000E-02 0.128000E-02 0.152000E-02 0.152000E-02 0.880000E-03 0.880000E-03 0.560000E-03 0.880000E-03 0.960000E-03 0.720000E-03 0.320000E-03 0.800000E-03 0.400000E-03 0.160000E-03 0.320000E-03 0.400000E-03 0.320000E-03 0.400000E-03 0.160000E-03 0.800000E-04 0.800000E-04 0.800000E-04 0.160000E-03 0.800000E-04 0.240000E-03 0.000000E+00 0.000000E+00 0.000000E+00 0.000000E+00 0.800000E-04 0.000000E+00 0.000000E+00 0.800000E-04 0.800000E-04 0.800000E-04 0.000000E+00 0.000000E+00 0.000000E+00 0.000000E+00 0.000000E+00 0.000000E+00 0.000000E+00 0.000000E+00 0.000000E+00 0.000000E+00
 0.524160E+00 0.615200E+00 0.507200E+00 0.419280E+00 0.380240E+00 0.341760E+00 0.314240E+00 0.301760E+00 0.271600E+00 0.252960E+00 0.231760E+00 0.222400E+00 0.207200E+00 0.201360E+00 0.195520E+00 0.185280E+00 0.176000E+00 0.166640E+00 0.168800E+00 0.160000E+00 0.149440E+00 0.147200E+00 0.141520E+00 0.136960E+00 0.130320E+00 0.129840E+00 0.119760E+00 0.118560E+00 0.117760E+00 0.110720E+00 0.105360E+00 0.103760E+00 0.101440E+00 0.979200E-01 0.984800E-01 0.917600E-01 0.924800E-01 0.844800E-01 0.815200E-01 0.854400E-01 0.818400E-01 0.776000E-01 0.772000E-01 0.797600E-01 0.689600E-01 0.690400E-01 0.681600E-01 0.665600E-01 0.683200E-01 0.606400E-01 0.601600E-01 0.624000E-01 0.599200E-01 0.548000E-01 0.525600E-01 0.526400E-01 0.492000E-01 0.511200E-01 0.476000E-01 0.455200E-01 0.451200E-01 0.429600E-01 0.389600E-01 0.406400E-01 0.424800E-01 0.395200E-01 0.369600E-01 0.398400E-01 0.378400E-01 0.377600E-01 0.334400E-01 0.347200E-01 0.325600E-01 0.335200E-01 0.316800E-01 0.300800E-01 0.284800E-01 0.280000E-01 0.275200E-01 0.232800E-01 0.247200E-01 0.248800E-01 0.246400E-01 0.236800E-01 0.212000E-01 0.216800E-01 0.237600E-01 0.208000E-01 0.198400E-01 0.196800E-01 0.189600E-01 0.172000E-01 0.182400E-01 0.156800E-01 0.168800E-01 0.141600E-01 0.140000E-01 0.141600E-01 0.156800E-01 0.144000E-01 0.131200E-01 0.120800E-01 0.104000E-01 0.128000E-01 0.976000E-02 0.101600E-01 0.120800E-01 0.952000E-02 0.107200E-01 0.952000E-02 0.960000E-02 0.101600E-01 0.824000E-02 0.864000E-02 0.952000E-02 0.928000E-02 0.824000E-02 0.792000E-02 0.584000E-02 0.672000E-02 0.728000E-02 0.584000E-02 0.592000E-02 0.464000E-02 0.608000E-02 0.632000E-02 0.520000E-02 0.480000E-02 0.480000E-02 0.496000E-02 0.344000E-02 0.432000E-02 0.312000E-02 0.384000E-02 0.280000E-02 0.368000E-02 0.328000E-02 0.232000E-02 0.264000E-02 0.272000E-02 0.192000E-02 0.248000E-02 0.224000E-02 0.208000E-02 0.192000E-02 0.176000E-02 0.144000E-02 0.160000E-02 0.144000E-02 0.216000E-02 0.880000E-03 0.112000E-02 0.880000E-03 0.112000E-02 0.960000E-03 0.112000E-02 0.960000E-03 0.880000E-03 0.480000E-03 0.880000E-03 0.480000E-03 0.480000E-03 0.560000E-03 0.880000E-03 0.320000E-03 0.880000E-03 0.240000E-03 0.320000E-03 0.560000E-03 0.480000E-03 0.240000E-03 0.400000E-03 0.160000E-03 0.320000E-03 0.160000E-03 0.160000E-03 0.160000E-03 0.800000E-04 0.800000E-04 0.000000E+00 0.800000E-04 0.800000E-04 0.800000E-04 0.800000E-04 0.000000E+00 0.000000E+00 0.000000E+00 0.000000E+00 0.000000E+00 0.000000E+00 0.000000E+00 0.000000E+00 0.000000E+00 0.000000E+00 0.000000E+00 0.000000E+00 0.000000E+00 0.000000E+00 0.000000E+00 0.000000E+00
 0.525016E+01 0.403928E+01 0.341056E+01 0.282864E+01 0.189144E+01 0.172608E+01 0.158888E+01 0.146016E+01 0.135240E+01 0.129704E+01 0.122688E+01 0.115232E+01 0.110632E+01 0.104296E+01 0.100184E+01 0.953200E+00 0.924480E+00 0.893840E+00 0.868640E+00 0.840160E+00 0.819360E+00 0.782160E+00 0.766720E+00 0.728000E+00 0.709600E+00 0.689520E+00 0.685840E+00 0.670320E+00 0.637440E+00 0.625760E+00 0.621040E+00 0.607200E+00 0.591360E+00 0.569200E+00 0.561920E+00 0.555520E+00 0.531440E+00 0.537360E+00 0.508320E+00 0.496640E+00 0.487120E+00 0.483600E+00 0.470080E+00 0.465520E+00 0.462400E+00 0.456880E+00 0.436000E+00 0.431120E+00 0.414080E+00 0.409360E+00 0.412640E+00 0.403280E+00 0.397760E+00 0.383920E+00 0.379920E+00 0.363040E+00 0.376000E+00 0.356160E+00 0.362640E+00 0.341680E+00 0.343280E+00 0.329760E+00 0.334080E+00 0.334400E+00 0.330320E+00 0.319840E+00 0.313760E+00 0.302960E+00 0.301600E+00 0.305680E+00 0.291520E+00 0.289280E+00 0.289520E+00 0.291360E+00 0.269360E+00 0.276560E+00 0.261520E+00 0.266880E+00 0.262240E+00 0.259680E+00 0.256240E+00 0.255680E+00 0.246560E+00 0.251040E+00 0.238960E+00 0.231120E+00 0.243840E+00 0.233040E+00 0.238720E+00 0.234160E+00 0.226240E+00 0.217200E+00 0.228800E+00 0.222720E+00 0.214880E+00 0.215280E+00 0.210560E+00 0.205440E+00 0.216080E+00 0.202800E+00 0.200240E+00 0.199440E+00 0.199440E+00 0.190880E+00 0.193680E+00 0.194560E+00 0.185120E+00 0.183280E+00 0.186080E+00 0.187520E+00 0.180640E+00 0.179280E+00 0.179920E+00 0.178880E+00 0.168800E+00 0.172560E+00 0.168080E+00 0.167920E+00 0.169920E+00 0.169120E+00 0.166960E+00 0.166800E+00 0.169520E+00 0.163120E+00 0.159840E+00 0.156560E+00 0.157040E+00 0.155840E+00 0.155760E+00 0.149920E+00 0.149360E+00 0.151200E+00 0.147680E+00 0.146160E+00 0.149280E+00 0.140640E+00 0.149680E+00 0.134720E+00 0.138640E+00 0.140480E+00 0.135760E+00 0.141520E+00 0.137760E+00 0.135040E+00 0.131840E+00 0.139680E+00 0.135120E+00 0.136560E+00 0.132800E+00 0.132240E+00 0.136800E+00 0.136320E+00 0.132560E+00 0.131120E+00 0.132640E+00 0.127760E+00 0.125280E+00 0.134960E+00 0.127600E+00 0.128640E+00 0.127600E+00 0.123600E+00 0.121600E+00 0.119840E+00 0.121520E+00 0.122480E+00 0.123520E+00 0.121520E+00 0.123760E+00 0.122080E+00 0.122160E+00 0.122480E+00 0.123680E+00 0.122320E+00 0.120480E+00 0.119360E+00 0.123120E+00 0.117520E+00 0.124880E+00 0.125760E+00 0.120480E+00 0.121520E+00 0.121280E+00 0.122720E+00 0.121280E+00 0.123600E+00 0.126960E+00 0.125760E+00 0.121680E+00 0.124400E+00 0.122000E+00 0.126720E+00 0.123360E+00 0.125280E+00 0.128320E+00 0.124480E+00 0.124400E+00 0.128720E+00 0.136000E+00 0.119436E+03
 0.165760E+01 0.149160E+01 0.141272E+01 0.124056E+01 0.947120E+00 0.879840E+00 0.840320E+00 0.787120E+00 0.759920E+00 0.725680E+00 0.702320E+00 0.684240E+00 0.660000E+00 0.644080E+00 0.611280E+00 0.592960E+00 0.590240E+00 0.559680E+00 0.565360E+00 0.546160E+00 0.542720E+00 0.526400E+00 0.516240E+00 0.499280E+00 0.494880E+00 0.486160E+00 0.485920E+00 0.466960E+00 0.462000E+00 0.446560E+00 0.437280E+00 0.423120E+00 0.420000E+00 0.422720E+00 0.417360E+00 0.410240E+00 0.393840E+00 0.389920E+00 0.389360E+00 0.375600E+00 0.379120E+00 0.373920E+00 0.373840E+00 0.362080E+00 0.351680E+00 0.353840E+00 0.341600E+00 0.347360E+00 0.333200E+00 0.322560E+00 0.333120E+00 0.310960E+00 0.309760E+00 0.310160E+00 0.313200E+00 0.309840E+00 0.301360E+00 0.293840E+00 0.296560E+00 0.282000E+00 0.285280E+00 0.282720E+00 0.281920E+00 0.271040E+00 0.271040E+00 0.258640E+00 0.260320E+00 0.258640E+00 0.248560E+00 0.249360E+00 0.248240E+00 0.248560E+00 0.241200E+00 0.244800E+00 0.240000E+00 0.240080E+00 0.227920E+00 0.234240E+00 0.232080E+00 0.226880E+00 0.212720E+00 0.220960E+00 0.214160E+00 0.213680E+00 0.218320E+00 0.206960E+00 0.208160E+00 0.211760E+00 0.204560E+00 0.202480E+00 0.200480E+00 0.199040E+00 0.200000E+00 0.196400E+00 0.185520E+00 0.189920E+00 0.191040E+00 0.186560E+00 0.179440E+00 0.180640E+00 0.181840E+00 0.182880E+00 0.176480E+00 0.174720E+00 0.177520E+00 0.176880E+00 0.169200E+00 0.172800E+00 0.166400E+00 0.161040E+00 0.161920E+00 0.164560E+00 0.162480E+00 0.163520E+00 0.152800E+00 0.150720E+00 0.152560E+00 0.160560E+00 0.151200E+00 0.148560E+00 0.147760E+00 0.145040E+00 0.145600E+00 0.151600E+00 0.136160E+00 0.149520E+00 0.143040E+00 0.142640E+00 0.148800E+00 0.140960E+00 0.141440E+00 0.130400E+00 0.145600E+00 0.141920E+00 0.137840E+00 0.136160E+00 0.136480E+00 0.131680E+00 0.134160E+00 0.133040E+00 0.131760E+00 0.132800E+00 0.134720E+00 0.129760E+00 0.135920E+00 0.130720E+00 0.129600E+00 0.125280E+00 0.125360E+00 0.129920E+00 0.122800E+00 0.128080E+00 0.128400E+00 0.126560E+00 0.128320E+00 0.129280E+00 0.133520E+00 0.123120E+00 0.130800E+00 0.122640E+00 0.130880E+00 0.124080E+00 0.118720E+00 0.129280E+00 0.126480E+00 0.118880E+00 0.123600E+00 0.124800E+00 0.127360E+00 0.126880E+00 0.127520E+00 0.134080E+00 0.132400E+00 0.130960E+00 0.123040E+00 0.128080E+00 0.126800E+00 0.129440E+00 0.135360E+00 0.130160E+00 0.130320E+00 0.134240E+00 0.135840E+00 0.134800E+00 0.137360E+00 0.140720E+00 0.138160E+00 0.135760E+00 0.143920E+00 0.136400E+00 0.144800E+00 0.142640E+00 0.146240E+00 0.140000E+00 0.147920E+00 0.146480E+00 0.145680E+00 0.145280E+00 0.163200E+00 0.144502E+03
 0.234480E+00 0.268720E+00 0.235520E+00 0.217760E+00 0.197600E+00 0.177360E+00 0.165840E+00 0.155360E+00 0.155920E+00 0.150080E+00 0.149120E+00 0.133840E+00 0.132240E+00 0.131280E+00 0.123120E+00 0.118720E+00 0.115040E+00 0.112960E+00 0.108800E+00 0.111920E+00 0.108720E+00 0.100640E+00 0.988800E-01 0.985600E-01 0.969600E-01 0.924000E-01 0.959200E-01 0.889600E-01 0.918400E-01 0.883200E-01 0.821600E-01 0.843200E-01 0.832000E-01 0.788000E-01 0.769600E-01 0.756800E-01 0.759200E-01 0.712000E-01 0.713600E-01 0.674400E-01 0.657600E-01 0.679200E-01 0.668800E-01 0.633600E-01 0.632000E-01 0.624800E-01 0.598400E-01 0.583200E-01 0.574400E-01 0.584800E-01 0.561600E-01 0.546400E-01 0.505600E-01 0.537600E-01 0.514400E-01 0.511200E-01 0.490400E-01 0.472800E-01 0.444800E-01 0.438400E-01 0.441600E-01 0.438400E-01 0.436800E-01 0.415200E-01 0.417600E-01 0.415200E-01 0.425600E-01 0.376000E-01 0.398400E-01 0.364000E-01 0.348000E-01 0.387200E-01 0.351200E-01 0.356000E-01 0.344800E-01 0.321600E-01 0.297600E-01 0.292800E-01 0.248800E-01 0.274400E-01 0.315200E-01 0.260800E-01 0.264800E-01 0.250400E-01 0.271200E-01 0.241600E-01 0.253600E-01 0.240800E-01 0.213600E-01 0.216800E-01 0.214400E-01 0.228000E-01 0.196800E-01 0.181600E-01 0.187200E-01 0.194400E-01 0.179200E-01 0.169600E-01 0.169600E-01 0.160800E-01 0.157600E-01 0.159200E-01 0.148000E-01 0.170400E-01 0.130400E-01 0.142400E-01 0.123200E-01 0.111200E-01 0.136000E-01 0.133600E-01 0.114400E-01 0.928000E-02 0.112800E-01 0.119200E-01 0.109600E-01 0.976000E-02 0.864000E-02 0.832000E-02 0.760000E-02 0.904000E-02 0.952000E-02 0.768000E-02 0.776000E-02 0.728000E-02 0.696000E-02 0.720000E-02 0.640000E-02 0.624000E-02 0.656000E-02 0.600000E-02 0.608000E-02 0.456000E-02 0.424000E-02 0.616000E-02 0.440000E-02 0.536000E-02 0.368000E-02 0.360000E-02 0.304000E-02 0.344000E-02 0.288000E-02 0.248000E-02 0.256000E-02 0.200000E-02 0.208000E-02 0.160000E-02 0.224000E-02 0.224000E-02 0.200000E-02 0.168000E-02 0.176000E-02 0.152000E-02 0.152000E-02 0.184000E-02 0.176000E-02 0.144000E-02 0.136000E-02 0.112000E-02 0.152000E-02 0.720000E-03 0.120000E-02 0.104000E-02 0.800000E-03 0.104000E-02 0.136000E-02 0.800000E-03 0.720000E-03 0.320000E-03 0.400000E-03 0.560000E-03 0.800000E-03 0.160000E-03 0.320000E-03 0.160000E-03 0.800000E-04 0.160000E-03 0.400000E-03 0.240000E-03 0.800000E-04 0.160000E-03 0.000000E+00 0.800000E-04 0.000000E+00 0.000000E+00 0.000000E+00 0.000000E+00 0.000000E+00 0.800000E-04 0.000000E+00 0.000000E+00 0.000000E+00 0.000000E+00 0.000000E+00 0.000000E+00 0.000000E+00 0.000000E+00 0.000000E+00 0.000000E+00 0.000000E+00 0.000000E+00
 0.531360E+00 0.626160E+00 0.526000E+00 0.432720E+00 0.395440E+00 0.346960E+00 0.322640E+00 0.300720E+00 0.271360E+00 0.265440E+00 0.240640E+00 0.229360E+00 0.221760E+00 0.213360E+00 0.200560E+00 0.188800E+00 0.179440E+00 0.178240E+00 0.174720E+00 0.161360E+00 0.154160E+00 0.144640E+00 0.149520E+00 0.148400E+00 0.140960E+00 0.130480E+00 0.124160E+00 0.126240E+00 0.115200E+00 0.110080E+00 0.109840E+00 0.109440E+00 0.106560E+00 0.974400E-01 0.103280E+00 0.993600E-01 0.916000E-01 0.904000E-01 0.882400E-01 0.856800E-01 0.782400E-01 0.784000E-01 0.732800E-01 0.798400E-01 0.737600E-01 0.730400E-01 0.714400E-01 0.685600E-01 0.644000E-01 0.628000E-01 0.665600E-01 0.604000E-01 0.589600E-01 0.604800E-01 0.576000E-01 0.549600E-01 0.524800E-01 0.482400E-01 0.440000E-01 0.462400E-01 0.481600E-01 0.432800E-01 0.477600E-01 0.426400E-01 0.442400E-01 0.422400E-01 0.374400E-01 0.387200E-01 0.395200E-01 0.370400E-01 0.363200E-01 0.343200E-01 0.319200E-01 0.344000E-01 0.310400E-01 0.326400E-01 0.310400E-01 0.292000E-01 0.289600E-01 0.280800E-01 0.272800E-01 0.272800E-01 0.252800E-01 0.251200E-01 0.247200E-01 0.249600E-01 0.196800E-01 0.211200E-01 0.211200E-01 0.208000E-01 0.192800E-01 0.200800E-01 0.182400E-01 0.184800E-01 0.160800E-01 0.148000E-01 0.156800E-01 0.157600E-01 0.144000E-01 0.144800E-01 0.125600E-01 0.126400E-01 0.144800E-01 0.103200E-01 0.128800E-01 0.984000E-02 0.112000E-01 0.128800E-01 0.120800E-01 0.960000E-02 0.102400E-01 0.832000E-02 0.792000E-02 0.808000E-02 0.984000E-02 0.792000E-02 0.792000E-02 0.856000E-02 0.832000E-02 0.800000E-02 0.576000E-02 0.584000E-02 0.568000E-02 0.608000E-02 0.712000E-02 0.528000E-02 0.536000E-02 0.424000E-02 0.504000E-02 0.480000E-02 0.416000E-02 0.416000E-02 0.360000E-02 0.552000E-02 0.360000E-02 0.384000E-02 0.184000E-02 0.304000E-02 0.272000E-02 0.352000E-02 0.280000E-02 0.296000E-02 0.344000E-02 0.208000E-02 0.216000E-02 0.152000E-02 0.152000E-02 0.144000E-02 0.136000E-02 0.120000E-02 0.176000E-02 0.128000E-02 0.152000E-02 0.152000E-02 0.176000E-02 0.800000E-03 0.800000E-03 0.128000E-02 0.560000E-03 0.560000E-03 0.104000E-02 0.880000E-03 0.720000E-03 0.560000E-03 0.720000E-03 0.640000E-03 0.320000E-03 0.240000E-03 0.320000E-03 0.880000E-03 0.480000E-03 0.160000E-03 0.400000E-03 0.160000E-03 0.560000E-03 0.480000E-03 0.000000E+00 0.800000E-04 0.000000E+00 0.800000E-04 0.000000E+00 0.800000E-04 0.160000E-03 0.160000E-03 0.000000E+00 0.800000E-04 0.000000E+00 0.160000E-03 0.000000E+00 0.000000E+00 0.000000E+00 0.000000E+00 0.000000E+00 0.000000E+00 0.000000E+00 0.000000E+00 0.000000E+00 0.000000E+00 0.000000E+00 0.000000E+00
 0.232560E+00 0.254000E+00 0.226000E+00 0.204560E+00 0.191760E+00 0.183200E+00 0.170000E+00 0.161600E+00 0.152160E+00 0.142000E+00 0.143200E+00 0.137680E+00 0.129680E+00 0.127760E+00 0.119440E+00 0.114080E+00 0.114320E+00 0.107840E+00 0.107920E+00 0.107920E+00 0.106400E+00 0.986400E-01 0.102640E+00 0.932000E-01 0.930400E-01 0.960000E-01 0.897600E-01 0.901600E-01 0.848800E-01 0.879200E-01 0.840800E-01 0.839200E-01 0.790400E-01 0.794400E-01 0.723200E-01 0.751200E-01 0.717600E-01 0.708800E-01 0.699200E-01 0.677600E-01 0.610400E-01 0.664800E-01 0.606400E-01 0.648800E-01 0.612800E-01 0.568800E-01 0.576800E-01 0.550400E-01 0.549600E-01 0.540800E-01 0.560800E-01 0.553600E-01 0.512000E-01 0.493600E-01 0.493600E-01 0.484000E-01 0.467200E-01 0.463200E-01 0.476000E-01 0.428800E-01 0.484800E-01 0.450400E-01 0.414400E-01 0.421600E-01 0.408800E-01 0.362400E-01 0.379200E-01 0.368800E-01 0.351200E-01 0.336800E-01 0.343200E-01 0.324800E-01 0.332800E-01 0.324000E-01 0.304000E-01 0.294400E-01 0.299200E-01 0.292800E-01 0.279200E-01 0.294400E-01 0.275200E-01 0.249600E-01 0.273600E-01 0.255200E-01 0.232000E-01 0.257600E-01 0.209600E-01 0.250400E-01 0.229600E-01 0.229600E-01 0.205600E-01 0.185600E-01 0.181600E-01 0.178400E-01 0.188000E-01 0.176000E-01 0.179200E-01 0.171200E-01 0.199200E-01 0.142400E-01 0.165600E-01 0.140000E-01 0.130400E-01 0.144800E-01 0.146400E-01 0.126400E-01 0.123200E-01 0.120800E-01 0.101600E-01 0.119200E-01 0.115200E-01 0.115200E-01 0.936000E-02 0.872000E-02 0.108000E-01 0.928000E-02 0.880000E-02 0.728000E-02 0.752000E-02 0.848000E-02 0.760000E-02 0.704000E-02 0.664000E-02 0.704000E-02 0.696000E-02 0.632000E-02 0.608000E-02 0.632000E-02 0.616000E-02 0.552000E-02 0.480000E-02 0.344000E-02 0.384000E-02 0.496000E-02 0.344000E-02 0.304000E-02 0.296000E-02 0.392000E-02 0.336000E-02 0.312000E-02 0.328000E-02 0.320000E-02 0.248000E-02 0.296000E-02 0.232000E-02 0.176000E-02 0.280000E-02 0.136000E-02 0.184000E-02 0.144000E-02 0.176000E-02 0.240000E-02 0.160000E-02 0.104000E-02 0.216000E-02 0.184000E-02 0.128000E-02 0.152000E-02 0.152000E-02 0.880000E-03 0.880000E-03 0.560000E-03 0.880000E-03 0.960000E-03 0.720000E-03 0.320000E-03 0.800000E-03 0.400000E-03 0.160000E-03 0.320000E-03 0.400000E-03 0.320000E-03 0.400000E-03 0.160000E-03 0.800000E-04 0.800000E-04 0.800000E-04 0.160000E-03 0.800000E-04 0.240000E-03 0.000000E+00 0.000000E+00 0.000000E+00 0.000000E+00 0.800000E-04 0.000000E+00 0.000000E+00 0.800000E-04 0.800000E-04 0.800000E-04 0.000000E+00 0.000000E+00 0.000000E+00 0.000000E+00 0.000000E+00 0.000000E+00 0.000000E+00 0.000000E+00 0.000000E+00 0.000000E+00
 0.524160E+00 0.615200E+00 0.507200E+00 0.419280E+00 0.380240E+00 0.341760E+00 0.314240E+00 0.301760E+00 0.271600E+00 0.252960E+00 0.231760E+00 0.222400E+00 0.207200E+00 0.201360E+00 0.195520E+00 0.185280E+00 0.176000E+00 0.166640E+00 0.168800E+00 0.160000E+00 0.149440E+00 0.147200E+00 0.141520E+00 0.136960E+00 0.130320E+00 0.129840E+00 0.119760E+00 0.118560E+00 0.117760E+00 0.110720E+00 0.105360E+00 0.103760E+00 0.101440E+00 0.979200E-01 0.984800E-01 0.917600E-01 0.924800E-01 0.844800E-01 0.815200E-01 0.854400E-01 0.818400E-01 0.776000E-01 0.772000E-01 0.797600E-01 0.689600E-01 0.690400E-01 0.681600E-01 0.665600E-01 0.683200E-01 0.606400E-01 0.601600E-01 0.624000E-01 0.599200E-01 0.548000E-01 0.525600E-01 0.526400E-01 0.492000E-01 0.511200E-01 0.476000E-01 0.455200E-01 0.451200E-01 0.429600E-01 0.389600E-01 0.406400E-01 0.424800E-01 0.395200E-01 0.369600E-01 0.398400E-01 0.378400E-01 0.377600E-01 0.334400E-01 0.347200E-01 0.325600E-01 0.335200E-01 0.316800E-01 0.300800E-01 0.284800E-01 0.280000E-01 0.275200E-01 0.232800E-01 0.247200E-01 0.248800E-01 0.246400E-01 0.236800E-01 0.212000E-01 0.216800E-01 0.237600E-01 0.208000E-01 0.198400E-01 0.196800E-01 0.189600E-01 0.172000E-01 0.182400E-01 0.156800E-01 0.168800E-01 0.141600E-01 0.140000E-01 0.141600E-01 0.156800E-01 0.144000E-01 0.131200E-01 0.120800E-01 0.104000E-01 0.128000E-01 0.976000E-02 0.101600E-01 0.120800E-01 0.952000E-02 0.107200E-01 0.952000E-02 0.960000E-02 0.101600E-01 0.824000E-02 0.864000E-02 0.952000E-02 0.928000E-02 0.824000E-02 0.792000E-02 0.584000E-02 0.672000E-02 0.728000E-02 0.584000E-02 0.592000E-02 0.464000E-02 0.608000E-02 0.632000E-02 0.520000E-02 0.480000E-02 0.480000E-02 0.496000E-02 0.344000E-02 0.432000E-02 0.312000E-02 0.384000E-02 0.280000E-02 0.368000E-02 0.328000E-02 0.232000E-02 0.264000E-02 0.272000E-02 0.192000E-02 0.248000E-02 0.224000E-02 0.208000E-02 0.192000E-02 0.176000E-02 0.144000E-02 0.160000E-02 0.144000E-02 0.216000E-02 0.880000E-03 0.112000E-02 0.880000E-03 0.112000E-02 0.960000E-03 0.112000E-02 0.960000E-03 0.880000E-03 0.480000E-03 0.880000E-03 0.480000E-03 0.480000E-03 0.560000E-03 0.880000E-03 0.320000E-03 0.880000E-03 0.240000E-03 0.320000E-03 0.560000E-03 0.480000E-03 0.240000E-03 0.400000E-03 0.160000E-03 0.320000E-03 0.160000E-03 0.160000E-03 0.160000E-03 0.800000E-04 0.800000E-04 0.000000E+00 0.800000E-04 0.800000E-04 0.800000E-04 0.800000E-04 0.000000E+00 0.000000E+00 0.000000E+00 0.000000E+00 0.000000E+00 0.000000E+00 0.000000E+00 0.000000E+00 0.000000E+00 0.000000E+00 0.000000E+00 0.000000E+00 0.000000E+00 0.000000E+00 0.000000E+00 0.000000E+00
 0.525016E+01 0.403928E+01 0.341056E+01 0.282864E+01 0.189144E+01 0.172608E+01 0.158888E+01 0.146016E+01 0.135240E+01 0.129704E+01 0.122688E+01 0.115232E+01 0.110632E+01 0.104296E+01 0.100184E+01 0.953200E+00 0.924480E+00 0.893840E+00 0.868640E+00 0.840160E+00 0.819360E+00 0.782160E+00 0.766720E+00 0.728000E+00 0.709600E+00 0.689520E+00 0.685840E+00 0.670320E+00 0.637440E+00 0.625760E+00 0.621040E+00 0.607200E+00 0.591360E+00 0.569200E+00 0.561920E+00 0.555520E+00 0.531440E+00 0.537360E+00 0.508320E+00 0.496640E+00 0.487120E+00 0.483600E+00 0.470080E+00 0.465520E+00 0.462400E+00 0.456880E+00 0.436000E+00 0.431120E+00 0.414080E+00 0.409360E+00 0.412640E+00 0.403280E+00 0.397760E+00 0.383920E+00 0.379920E+00 0.363040E+00 0.376000E+00 0.356160E+00 0.362640E+00 0.341680E+00 0.343280E+00 0.329760E+00 0.334080E+00 0.334400E+00 0.330320E+00 0.319840E+00 0.313760E+00 0.302960E+00 0.301600E+00 0.305680E+00 0.291520E+00 0.289280E+00 0.289520E+00 0.291360E+00 0.269360E+00 0.276560E+00 0.261520E+00 0.266880E+00 0.262240E+00 0.259680E+00 0.256240E+00 0.255680E+00 0.246560E+00 0.251040E+00 0.238960E+00 0.231120E+00 0.243840E+00 0.233040E+00 0.238720E+00 0.234160E+00 0.226240E+00 0.217200E+00 0.228800E+00 0.222720E+00 0.214880E+00 0.215280E+00 0.210560E+00 0.205440E+00 0.216080E+00 0.202800E+00 0.200240E+00 0.199440E+00 0.199440E+00 0.190880E+00 0.193680E+00 0.194560E+00 0.185120E+00 0.183280E+00 0.186080E+00 0.187520E+00 0.180640E+00 0.179280E+00 0.179920E+00 0.178880E+00 0.168800E+00 0.172560E+00 0.168080E+00 0.167920E+00 0.169920E+00 0.169120E+00 0.166960E+00 0.166800E+00 0.169520E+00 0.163120E+00 0.159840E+00 0.156560E+00 0.157040E+00 0.155840E+00 0.155760E+00 0.149920E+00 0.149360E+00 0.151200E+00 0.147680E+00 0.146160E+00 0.149280E+00 0.140640E+00 0.149680E+00 0.134720E+00 0.138640E+00 0.140480E+00 0.135760E+00 0.141520E+00 0.137760E+00 0.135040E+00 0.131840E+00 0.139680E+00 0.135120E+00 0.136560E+00 0.132800E+00 0.132240E+00 0.136800E+00 0.136320E+00 0.132560E+00 0.131120E+00 0.132640E+00 0.127760E+00 0.125280E+00 0.134960E+00 0.127600E+00 0.128640E+00 0.127600E+00 0.123600E+00 0.121600E+00 0.119840E+00 0.121520E+00 0.122480E+00 0.123520E+00 0.121520E+00 0.123760E+00 0.122080E+00 0.122160E+00 0.122480E+00 0.123680E+00 0.122320E+00 0.120480E+00 0.119360E+00 0.123120E+00 0.117520E+00 0.124880E+00 0.125760E+00 0.120480E+00 0.121520E+00 0.121280E+00 0.122720E+00 0.121280E+00 0.123600E+00 0.126960E+00 0.125760E+00 0.121680E+00 0.124400E+00 0.122000E+00 0.126720E+00 0.123360E+00 0.125280E+00 0.128320E+00 0.124480E+00 0.124400E+00 0.128720E+00 0.136000E+00 0.119436E+03
 0.165760E+01 0.149160E+01 0.141272E+01 0.124056E+01 0.947120E+00 0.879840E+00 0.840320E+00 0.787120E+00 0.759920E+00 0.725680E+00 0.702320E+00 0.684240E+00 0.660000E+00 0.644080E+00 0.611280E+00 0.592960E+00 0.590240E+00 0.559680E+00 0.565360E+00 0.546160E+00 0.542720E+00 0.526400E+00 0.516240E+00 0.499280E+00 0.494880E+00 0.486160E+00 0.485920E+00 0.466960E+00 0.462000E+00 0.446560E+00 0.437280E+00 0.423120E+00 0.420000E+00 0.422720E+00 0.417360E+00 0.410240E+00 0.393840E+00 0.389920E+00 0.389360E+00 0.375600E+00 0.379120E+00 0.373920E+00 0.373840E+00 0.362080E+00 0.351680E+00 0.353840E+00 0.341600E+00 0.347360E+00 0.333200E+00 0.322560E+00 0.333120E+00 0.310960E+00 0.309760E+00 0.310160E+00 0.313200E+00 0.309840E+00 0.301360E+00 0.293840E+00 0.296560E+00 0.282000E+00 0.285280E+00 0.282720E+00 0.281920E+00 0.271040E+00 0.271040E+00 0.258640E+00 0.260320E+00 0.258640E+00 0.248560E+00 0.249360E+00 0.248240E+00 0.248560E+00 0.241200E+00 0.244800E+00 0.240000E+00 0.240080E+00 0.227920E+00 0.234240E+00 0.232080E+00 0.226880E+00 0.212720E+00 0.220960E+00 0.214160E+00 0.213680E+00 0.218320E+00 0.206960E+00 0.208160E+00 0.211760E+00 0.204560E+00 0.202480E+00 0.200480E+00 0.199040E+00 0.200000E+00 0.196400E+00 0.185520E+00 0.189920E+00 0.191040E+00 0.186560E+00 0.179440E+00 0.180640E+00 0.181840E+00 0.182880E+00 0.176480E+00 0.174720E+00 0.177520E+00 0.176880E+00 0.169200E+00 0.172800E+00 0.166400E+00 0.161040E+00 0.161920E+00 0.164560E+00 0.162480E+00 0.163520E+00 0.152800E+00 0.150720E+00 0.152560E+00 0.160560E+00 0.151200E+00 0.148560E+00 0.147760E+00 0.145040E+00 0.145600E+00 0.151600E+00 0.136160E+00 0.149520E+00 0.143040E+00 0.142640E+00 0.148800E+00 0.140960E+00 0.141440E+00 0.130400E+00 0.145600E+00 0.141920E+00 0.137840E+00 0.136160E+00 0.136480E+00 0.131680E+00 0.134160E+00 0.133040E+00 0.131760E+00 0.132800E+00 0.134720E+00 0.129760E+00 0.135920E+00 0.130720E+00 0.129600E+00 0.125280E+00 0.125360E+00 0.129920E+00 0.122800E+00 0.128080E+00 0.128400E+00 0.126560E+00 0.128320E+00 0.129280E+00 0.133520E+00 0.123120E+00 0.130800E+00 0.122640E+00 0.130880E+00 0.124080E+00 0.118720E+00 0.129280E+00 0.126480E+00 0.118880E+00 0.123600E+00 0.124800E+00 0.127360E+00 0.126880E+00 0.127520E+00 0.134080E+00 0.132400E+00 0.130960E+00 0.123040E+00 0.128080E+00 0.126800E+00 0.129440E+00 0.135360E+00 0.130160E+00 0.130320E+00 0.134240E+00 0.135840E+00 0.134800E+00 0.137360E+00 0.140720E+00 0.138160E+00 0.135760E+00 0.143920E+00 0.136400E+00 0.144800E+00 0.142640E+00 0.146240E+00 0.140000E+00 0.147920E+00 0.146480E+00 0.145680E+00 0.145280E+00 0.163200E+00 0.144502E+03
 0.234480E+00 0.268720E+00 0.235520E+00 0.217760E+00 0.197600E+00 0.177360E+00 0.165840E+00 0.155360E+00 0.155920E+00 0.150080E+00 0.149120E+00 0.133840E+00 0.132240E+00 0.131280E+00 0.123120E+00 0.118720E+00 0.115040E+00 0.112960E+00 0.108800E+00 0.111920E+00 0.108720E+00 0.100640E+00 0.988800E-01 0.985600E-01 0.969600E-01 0.924000E-01 0.959200E-01 0.889600E-01 0.918400E-01 0.883200E-01 0.821600E-01 0.843200E-01 0.832000E-01 0.788000E-01 0.769600E-01 0.756800E-01 0.759200E-01 0.712000E-01 0.713600E-01 0.674400E-01 0.657600E-01 0.679200E-01 0.668800E-01 0.633600E-01 0.632000E-01 0.624800E-01 0.598400E-01 0.583200E-01 0.574400E-01 0.584800E-01 0.561600E-01 0.546400E-01 0.505600E-01 0.537600E-01 0.514400E-01 0.511200E-01 0.490400E-01 0.472800E-01 0.444800E-01 0.438400E-01 0.441600E-01 0.438400E-01 0.436800E-01 0.415200E-01 0.417600E-01 0.415200E-01 0.425600E-01 0.376000E-01 0.398400E-01 0.364000E-01 0.348000E-01 0.387200E-01 0.351200E-01 0.356000E-01 0.344800E-01 0.321600E-01 0.297600E-01 0.292800E-01 0.248800E-01 0.274400E-01 0.315200E-01 0.260800E-01 0.264800E-01 0.250400E-01 0.271200E-01 0.241600E-01 0.253600E-01 0.240800E-01 0.213600E-01 0.216800E-01 0.214400E-01 0.228000E-01 0.196800E-01 0.181600E-01 0.187200E-01 0.194400E-01 0.179200E-01 0.169600E-01 0.169600E-01 0.160800E-01 0.157600E-01 0.159200E-01 0.148000E-01 0.170400E-01 0.130400E-01 0.142400E-01 0.123200E-01 0.111200E-01 0.136000E-01 0.133600E-01 0.114400E-01 0.928000E-02 0.112800E-01 0.119200E-01 0.109600E-01 0.976000E-02 0.864000E-02 0.832000E-02 0.760000E-02 0.904000E-02 0.952000E-02 0.768000E-02 0.776000E-02 0.728000E-02 0.696000E-02 0.720000E-02 0.640000E-02 0.624000E-02 0.656000E-02 0.600000E-02 0.608000E-02 0.456000E-02 0.424000E-02 0.616000E-02 0.440000E-02 0.536000E-02 0.368000E-02 0.360000E-02 0.304000E-02 0.344000E-02 0.288000E-02 0.248000E-02 0.256000E-02 0.200000E-02 0.208000E-02 0.160000E-02 0.224000E-02 0.224000E-02 0.200000E-02 0.168000E-02 0.176000E-02 0.152000E-02 0.152000E-02 0.184000E-02 0.176000E-02 0.144000E-02 0.136000E-02 0.112000E-02 0.152000E-02 0.720000E-03 0.120000E-02 0.104000E-02 0.800000E-03 0.104000E-02 0.136000E-02 0.800000E-03 0.720000E-03 0.320000E-03 0.400000E-03 0.560000E-03 0.800000E-03 0.160000E-03 0.320000E-03 0.160000E-03 0.800000E-04 0.160000E-03 0.400000E-03 0.240000E-03 0.800000E-04 0.160000E-03 0.000000E+00 0.800000E-04 0.000000E+00 0.000000E+00 0.000000E+00 0.000000E+00 0.000000E+00 0.800000E-04 0.000000E+00 0.000000E+00 0.000000E+00 0.000000E+00 0.000000E+00 0.000000E+00 0.000000E+00 0.000000E+00 0.000000E+00 0.000000E+00 0.000000E+00 0.000000E+00
 0.531360E+00 0.626160E+00 0.526000E+00 0.432720E+00 0.395440E+00 0.346960E+00 0.322640E+00 0.300720E+00 0.271360E+00 0.265440E+00 0.240640E+00 0.229360E+00 0.221760E+00 0.213360E+00 0.200560E+00 0.188800E+00 0.179440E+00 0.178240E+00 0.174720E+00 0.161360E+00 0.154160E+00 0.144640E+00 0.149520E+00 0.148400E+00 0.140960E+00 0.130480E+00 0.124160E+00 0.126240E+00 0.115200E+00 0.110080E+00 0.109840E+00 0.109440E+00 0.106560E+00 0.974400E-01 0.103280E+00 0.993600E-01 0.916000E-01 0.904000E-01 0.882400E-01 0.856800E-01 0.782400E-01 0.784000E-01 0.732800E-01 0.798400E-01 0.737600E-01 0.730400E-01 0.714400E-01 0.685600E-01 0.644000E-01 0.628000E-01 0.665600E-01 0.604000E-01 0.589600E-01 0.604800E-01 0.576000E-01 0.549600E-01 0.524800E-01 0.482400E-01 0.440000E-01 0.462400E-01 0.481600E-01 0.432800E-01 0.477600E-01 0.426400E-01 0.442400E-01 0.422400E-01 0.374400E-01 0.387200E-01 0.395200E-01 0.370400E-01 0.363200E-01 0.343200E-01 0.319200E-01 0.344000E-01 0.310400E-01 0.326400E-01 0.310400E-01 0.292000E-01 0.289600E-01 0.280800E-01 0.272800E-01 0.272800E-01 0.252800E-01 0.251200E-01 0.247200E-01 0.249600E-01 0.196800E-01 0.211200E-01 0.211200E-01 0.208000E-01 0.192800E-01 0.200800E-01 0.182400E-01 0.184800E-01 0.160800E-01 0.148000E-01 0.156800E-01 0.157600E-01 0.144000E-01 0.144800E-01 0.125600E-01 0.126400E-01 0.144800E-01 0.103200E-01 0.128800E-01 0.984000E-02 0.112000E-01 0.128800E-01 0.120800E-01 0.960000E-02 0.102400E-01 0.832000E-02 0.792000E-02 0.808000E-02 0.984000E-02 0.792000E-02 0.792000E-02 0.856000E-02 0.832000E-02 0.800000E-02 0.576000E-02 0.584000E-02 0.568000E-02 0.608000E-02 0.712000E-02 0.528000E-02 0.536000E-02 0.424000E-02 0.504000E-02 0.480000E-02 0.416000E-02 0.416000E-02 0.360000E-02 0.552000E-02 0.360000E-02 0.384000E-02 0.184000E-02 0.304000E-02 0.272000E-02 0.352000E-02 0.280000E-02 0.296000E-02 0.344000E-02 0.208000E-02 0.216000E-02 0.152000E-02 0.152000E-02 0.144000E-02 0.136000E-02 0.120000E-02 0.176000E-02 0.128000E-02 0.152000E-02 0.152000E-02 0.176000E-02 0.800000E-03 0.800000E-03 0.128000E-02 0.560000E-03 0.560000E-03 0.104000E-02 0.880000E-03 0.720000E-03 0.560000E-03 0.720000E-03 0.640000E-03 0.320000E-03 0.240000E-03 0.320000E-03 0.880000E-03 0.480000E-03 0.160000E-03 0.400000E-03 0.160000E-03 0.560000E-03 0.480000E-03 0.000000E+00 0.800000E-04 0.000000E+00 0.800000E-04 0.000000E+00 0.800000E-04 0.160000E-03 0.160000E-03 0.000000E+00 0.800000E-04 0.000000E+00 0.160000E-03 0.000000E+00 0.000000E+00 0.000000E+00 0.000000E+00 0.000000E+00 0.000000E+00 0.000000E+00 0.000000E+00 0.000000E+00 0.000000E+00 0.000000E+00 0.000000E+00
 0.232560E+00 0.254000E+00 0.226000E+00 0.204560E+00 0.191760E+00 0.183200E+00 0.170000E+00 0.161600E+00 0.152160E+00 0.142000E+00 0.143200E+00 0.137680E+00 0.129680E+00 0.127760E+00 0.119440E+00 0.114080E+00 0.114320E+00 0.107840E+00 0.107920E+00 0.107920E+00 0.106400E+00 0.986400E-01 0.102640E+00 0.932000E-01 0.930400E-01 0.960000E-01 0.897600E-01 0.901600E-01 0.848800E-01 0.879200E-01 0.840800E-01 0.839200E-01 0.790400E-01 0.794400E-01 0.723200E-01 0.751200E-01 0.717600E-01 0.708800E-01 0.699200E-01 0.677600E-01 0.610400E-01 0.664800E-01 0.606400E-01 0.648800E-01 0.612800E-01 0.568800E-01 0.576800E-01 0.550400E-01 0.549600E-01 0.540800E-01 0.560800E-01 0.553600E-01 0.512000E-01 0.493600E-01 0.493600E-01 0.484000E-01 0.467200E-01 0.463200E-01 0.476000E-01 0.428800E-01 0.484800E-01 0.450400E-01 0.414400E-01 0.421600E-01 0.408800E-01 0.362400E-01 0.379200E-01 0.368800E-01 0.351200E-01 0.336800E-01 0.343200E-01 0.324800E-01 0.332800E-01 0.324000E-01 0.304000E-01 0.294400E-01 0.299200E-01 0.292800E-01 0.279200E-01 0.294400E-01 0.275200E-01 0.249600E-01 0.273600E-01 0.255200E-01 0.232000E-01 0.257600E-01 0.209600E-01 0.250400E-01 0.229600E-01 0.229600E-01 0.205600E-01 0.185600E-01 0.181600E-01 0.178400E-01 0.188000E-01 0.176000E-01 0.179200E-01 0.171200E-01 0.199200E-01 0.142400E-01 0.165600E-01 0.140000E-01 0.130400E-01 0.144800E-01 0.146400E-01 0.126400E-01 0.123200E-01 0.120800E-01 0.101600E-01 0.119200E-01 0.115200E-01 0.115200E-01 0.936000E-02 0.872000E-02 0.108000E-01 0.928000E-02 0.880000E-02 0.728000E-02 0.752000E-02 0.848000E-02 0.760000E-02 0.704000E-02 0.664000E-02 0.704000E-02 0.696000E-02 0.632000E-02 0.608000E-02 0.632000E-02 0.616000E-02 0.552000E-02 0.480000E-02 0.344000E-02 0.384000E-02 0.496000E-02 0.344000E-02 0.304000E-02 0.296000E-02 0.392000E-02 0.336000E-02 0.312000E-02 0.328000E-02 0.320000E-02 0.248000E-02 0.296000E-02 0.232000E-02 0.176000E-02 0.280000E-02 0.136000E-02 0.184000E-02 0.144000E-02 0.176000E-02 0.240000E-02 0.160000E-02 0.104000E-02 0.216000E-02 0.184000E-02 0.128000E-02 0.152000E-02 0.152000E-02 0.880000E-03 0.880000E-03 0.560000E-03 0.880000E-03 0.960000E-03 0.720000E-03 0.320000E-03 0.800000E-03 0.400000E-03 0.160000E-03 0.320000E-03 0.400000E-03 0.320000E-03 0.400000E-03 0.160000E-03 0.800000E-04 0.800000E-04 0.800000E-04 0.160000E-03 0.800000E-04 0.240000E-03 0.000000E+00 0.000000E+00 0.000000E+00 0.000000E+00 0.800000E-04 0.000000E+00 0.000000E+00 0.800000E-04 0.800000E-04 0.800000E-04 0.000000E+00 0.000000E+00 0.000000E+00 0.000000E+00 0.000000E+00 0.000000E+00 0.000000E+00 0.000000E+00 0.000000E+00 0.000000E+00
 0.524160E+00 0.615200E+00 0.507200E+00 0.419280E+00 0.380240E+00 0.341760E+00 0.314240E+00 0.301760E+00 0.271600E+00 0.252960E+00 0.231760E+00 0.222400E+00 0.207200E+00 0.201360E+00 0.195520E+00 0.185280E+00 0.176000E+00 0.166640E+00 0.168800E+00 0.160000E+00 0.149440E+00 0.147200E+00 0.141520E+00 0.136960E+00 0.130320E+00 0.129840E+00 0.119760E+00 0.118560E+00 0.117760E+00 0.110720E+00 0.105360E+00 0.103760E+00 0.101440E+00 0.979200E-01 0.984800E-01 0.917600E-01 0.924800E-01 0.844800E-01 0.815200E-01 0.854400E-01 0.818400E-01 0.776000E-01 0.772000E-01 0.797600E-01 0.689600E-01 0.690400E-01 0.681600E-01 0.665600E-01 0.683200E-01 0.606400E-01 0.601600E-01 0.624000E-01 0.599200E-01 0.548000E-01 0.525600E-01 0.526400E-01 0.492000E-01 0.511200E-01 0.476000E-01 0.455200E-01 0.451200E-01 0.429600E-01 0.389600E-01 0.406400E-01 0.424800E-01 0.395200E-01 0.369600E-01 0.398400E-01 0.378400E-01 0.377600E-01 0.334400E-01 0.347200E-01 0.325600E-01 0.335200E-01 0.316800E-01 0.300800E-01 0.284800E-01 0.280000E-01 0.275200E-01 0.232800E-01 0.247200E-01 0.248800E-01 0.246400E-01 0.236800E-01 0.212000E-01 0.216800E-01 0.237600E-01 0.208000E-01 0.198400E-01 0.196800E-01 0.189600E-01 0.172000E-01 0.182400E-01 0.156800E-01 0.168800E-01 0.141600E-01 0.140000E-01 0.141600E-01 0.156800E-01 0.144000E-01 0.131200E-01 0.120800E-01 0.104000E-01 0.128000E-01 0.976000E-02 0.101600E-01 0.120800E-01 0.952000E-02 0.107200E-01 0.952000E-02 0.960000E-02 0.101600E-01 0.824000E-02 0.864000E-02 0.952000E-02 0.928000E-02 0.824000E-02 0.792000E-02 0.584000E-02 0.672000E-02 0.728000E-02 0.584000E-02 0.592000E-02 0.464000E-02 0.608000E-02 0.632000E-02 0.520000E-02 0.480000E-02 0.480000E-02 0.496000E-02 0.344000E-02 0.432000E-02 0.312000E-02 0.384000E-02 0.280000E-02 0.368000E-02 0.328000E-02 0.232000E-02 0.264000E-02 0.272000E-02 0.192000E-02 0.248000E-02 0.224000E-02 0.208000E-02 0.192000E-02 0.176000E-02 0.144000E-02 0.160000E-02 0.144000E-02 0.216000E-02 0.880000E-03 0.112000E-02 0.880000E-03 0.112000E-02 0.960000E-03 0.112000E-02 0.960000E-03 0.880000E-03 0.480000E-03 0.880000E-03 0.480000E-03 0.480000E-03 0.560000E-03 0.880000E-03 0.320000E-03 0.880000E-03 0.240000E-03 0.320000E-03 0.560000E-03 0.480000E-03 0.240000E-03 0.400000E-03 0.160000E-03 0.320000E-03 0.160000E-03 0.160000E-03 0.160000E-03 0.800000E-04 0.800000E-04 0.000000E+00 0.800000E-04 0.800000E-04 0.800000E-04 0.800000E-04 0.000000E+00 0.000000E+00 0.000000E+00 0.000000E+00 0.000000E+00 0.000000E+00 0.000000E+00 0.000000E+00 0.000000E+00 0.000000E+00 0.000000E+00 0.000000E+00 0.000000E+00 0.000000E+00 0.000000E+00 0.000000E+00
 0.509824E+01 0.391048E+01 0.328360E+01 0.269552E+01 0.177032E+01 0.160400E+01 0.146984E+01 0.133584E+01 0.123712E+01 0.117608E+01 0.111016E+01 0.103632E+01 0.989440E+00 0.934320E+00 0.890960E+00 0.842800E+00 0.814080E+00 0.784320E+00 0.758800E+00 0.720800E+00 0.704560E+00 0.671200E+00 0.654720E+00 0.616960E+00 0.598480E+00 0.585200E+00 0.577680E+00 0.562400E+00 0.530640E+00 0.518720E+00 0.507280E+00 0.501040E+00 0.484320E+00 0.460720E+00 0.456960E+00 0.451440E+00 0.427120E+00 0.421680E+00 0.401440E+00 0.394080E+00 0.378880E+00 0.372960E+00 0.364320E+00 0.363200E+00 0.354560E+00 0.347760E+00 0.330640E+00 0.324720E+00 0.307600E+00 0.304800E+00 0.306000E+00 0.297360E+00 0.285840E+00 0.277760E+00 0.277200E+00 0.258880E+00 0.270320E+00 0.258080E+00 0.260480E+00 0.241200E+00 0.237520E+00 0.230320E+00 0.225680E+00 0.228400E+00 0.221600E+00 0.211120E+00 0.208320E+00 0.200320E+00 0.195200E+00 0.198880E+00 0.192240E+00 0.184160E+00 0.183280E+00 0.179600E+00 0.168320E+00 0.173200E+00 0.160000E+00 0.160880E+00 0.157760E+00 0.154480E+00 0.150960E+00 0.145760E+00 0.145520E+00 0.147520E+00 0.134560E+00 0.125840E+00 0.137040E+00 0.130160E+00 0.134000E+00 0.125280E+00 0.120720E+00 0.116160E+00 0.118560E+00 0.116320E+00 0.110960E+00 0.111840E+00 0.104720E+00 0.993600E-01 0.104640E+00 0.953600E-01 0.928800E-01 0.939200E-01 0.948800E-01 0.826400E-01 0.888800E-01 0.864000E-01 0.793600E-01 0.793600E-01 0.784800E-01 0.787200E-01 0.716800E-01 0.724800E-01 0.736800E-01 0.677600E-01 0.644800E-01 0.647200E-01 0.636800E-01 0.637600E-01 0.587200E-01 0.582400E-01 0.596000E-01 0.580000E-01 0.555200E-01 0.516000E-01 0.516800E-01 0.475200E-01 0.464800E-01 0.448800E-01 0.476800E-01 0.437600E-01 0.410400E-01 0.413600E-01 0.401600E-01 0.384000E-01 0.352800E-01 0.347200E-01 0.376800E-01 0.311200E-01 0.306400E-01 0.297600E-01 0.276000E-01 0.284000E-01 0.264800E-01 0.263200E-01 0.210400E-01 0.264000E-01 0.232800E-01 0.230400E-01 0.204000E-01 0.209600E-01 0.209600E-01 0.201600E-01 0.185600E-01 0.175200E-01 0.181600E-01 0.175200E-01 0.138400E-01 0.155200E-01 0.127200E-01 0.137600E-01 0.115200E-01 0.116000E-01 0.109600E-01 0.968000E-02 0.944000E-02 0.100000E-01 0.856000E-02 0.776000E-02 0.752000E-02 0.672000E-02 0.688000E-02 0.496000E-02 0.592000E-02 0.544000E-02 0.552000E-02 0.344000E-02 0.440000E-02 0.400000E-02 0.512000E-02 0.352000E-02 0.344000E-02 0.280000E-02 0.280000E-02 0.272000E-02 0.240000E-02 0.232000E-02 0.232000E-02 0.160000E-02 0.136000E-02 0.160000E-02 0.152000E-02 0.800000E-03 0.112000E-02 0.960000E-03 0.720000E-03 0.800000E-04 0.320000E-03 0.240000E-03 0.000000E+00 0.000000E+00
 0.161592E+01 0.145392E+01 0.137472E+01 0.120224E+01 0.909200E+00 0.842320E+00 0.801280E+00 0.747280E+00 0.721920E+00 0.689440E+00 0.666160E+00 0.646720E+00 0.625120E+00 0.606560E+00 0.575360E+00 0.550880E+00 0.547920E+00 0.524800E+00 0.524240E+00 0.509360E+00 0.501040E+00 0.486640E+00 0.476240E+00 0.456240E+00 0.457040E+00 0.446320E+00 0.446160E+00 0.426640E+00 0.423840E+00 0.407040E+00 0.397760E+00 0.385680E+00 0.380640E+00 0.385200E+00 0.379040E+00 0.370480E+00 0.354160E+00 0.349120E+00 0.347680E+00 0.335040E+00 0.334720E+00 0.330560E+00 0.332880E+00 0.322240E+00 0.308320E+00 0.309360E+00 0.302480E+00 0.303120E+00 0.292000E+00 0.279760E+00 0.289280E+00 0.267840E+00 0.264240E+00 0.264640E+00 0.263200E+00 0.267360E+00 0.255520E+00 0.248320E+00 0.249760E+00 0.238640E+00 0.241120E+00 0.237600E+00 0.231680E+00 0.223600E+00 0.223680E+00 0.215680E+00 0.212720E+00 0.215520E+00 0.200960E+00 0.197360E+00 0.199680E+00 0.198160E+00 0.191200E+00 0.189760E+00 0.185680E+00 0.186560E+00 0.175120E+00 0.180000E+00 0.176880E+00 0.173120E+00 0.162720E+00 0.161520E+00 0.158080E+00 0.159840E+00 0.159840E+00 0.152640E+00 0.151120E+00 0.153280E+00 0.147280E+00 0.145520E+00 0.141200E+00 0.140880E+00 0.140800E+00 0.134960E+00 0.124160E+00 0.128000E+00 0.128560E+00 0.127120E+00 0.117680E+00 0.117520E+00 0.117680E+00 0.117120E+00 0.111360E+00 0.108400E+00 0.106800E+00 0.109040E+00 0.101920E+00 0.102400E+00 0.943200E-01 0.932000E-01 0.936000E-01 0.936000E-01 0.930400E-01 0.853600E-01 0.849600E-01 0.813600E-01 0.797600E-01 0.833600E-01 0.784800E-01 0.754400E-01 0.717600E-01 0.705600E-01 0.707200E-01 0.696800E-01 0.662400E-01 0.699200E-01 0.663200E-01 0.609600E-01 0.639200E-01 0.613600E-01 0.595200E-01 0.553600E-01 0.556000E-01 0.558400E-01 0.534400E-01 0.519200E-01 0.499200E-01 0.480000E-01 0.456000E-01 0.417600E-01 0.427200E-01 0.415200E-01 0.419200E-01 0.387200E-01 0.368800E-01 0.348000E-01 0.349600E-01 0.311200E-01 0.311200E-01 0.336000E-01 0.277600E-01 0.300000E-01 0.264000E-01 0.231200E-01 0.252800E-01 0.244000E-01 0.196800E-01 0.198400E-01 0.203200E-01 0.171200E-01 0.202400E-01 0.170400E-01 0.172800E-01 0.143200E-01 0.144800E-01 0.128000E-01 0.122400E-01 0.130400E-01 0.124000E-01 0.119200E-01 0.104000E-01 0.912000E-02 0.984000E-02 0.728000E-02 0.784000E-02 0.744000E-02 0.632000E-02 0.680000E-02 0.816000E-02 0.584000E-02 0.544000E-02 0.576000E-02 0.480000E-02 0.472000E-02 0.424000E-02 0.424000E-02 0.376000E-02 0.328000E-02 0.256000E-02 0.168000E-02 0.184000E-02 0.184000E-02 0.152000E-02 0.104000E-02 0.800000E-03 0.960000E-03 0.720000E-03 0.240000E-03 0.000000E+00 0.000000E+00
 0.234480E+00 0.268720E+00 0.235520E+00 0.217760E+00 0.197600E+00 0.177360E+00 0.165840E+00 0.155360E+00 0.155920E+00 0.150080E+00 0.149120E+00 0.133840E+00 0.132240E+00 0.131280E+00 0.123120E+00 0.118720E+00 0.115040E+00 0.112960E+00 0.108800E+00 0.111920E+00 0.108720E+00 0.100640E+00 0.988800E-01 0.985600E-01 0.969600E-01 0.924000E-01 0.959200E-01 0.889600E-01 0.918400E-01 0.883200E-01 0.821600E-01 0.843200E-01 0.832000E-01 0.788000E-01 0.769600E-01 0.756800E-01 0.759200E-01 0.712000E-01 0.713600E-01 0.674400E-01 0.657600E-01 0.679200E-01 0.668800E-01 0.633600E-01 0.632000E-01 0.624800E-01 0.598400E-01 0.583200E-01 0.574400E-01 0.584800E-01 0.561600E-01 0.546400E-01 0.505600E-01 0.537600E-01 0.514400E-01 0.511200E-01 0.490400E-01 0.472800E-01 0.444800E-01 0.438400E-01 0.441600E-01 0.438400E-01 0.436800E-01 0.415200E-01 0.417600E-01 0.415200E-01 0.425600E-01 0.376000E-01 0.398400E-01 0.364000E-01 0.348000E-01 0.387200E-01 0.351200E-01 0.356000E-01 0.344800E-01 0.321600E-01 0.297600E-01 0.292800E-01 0.248800E-01 0.274400E-01 0.315200E-01 0.260800E-01 0.264800E-01 0.250400E-01 0.271200E-01 0.241600E-01 0.253600E-01 0.240800E-01 0.213600E-01 0.216800E-01 0.214400E-01 0.228000E-01 0.196800E-01 0.181600E-01 0.187200E-01 0.194400E-01 0.179200E-01 0.169600E-01 0.169600E-01 0.160800E-01 0.157600E-01 0.159200E-01 0.148000E-01 0.170400E-01 0.130400E-01 0.142400E-01 0.123200E-01 0.111200E-01 0.136000E-01 0.133600E-01 0.114400E-01 0.928000E-02 0.112800E-01 0.119200E-01 0.109600E-01 0.976000E-02 0.864000E-02 0.832000E-02 0.760000E-02 0.904000E-02 0.952000E-02 0.768000E-02 0.776000E-02 0.728000E-02 0.696000E-02 0.720000E-02 0.640000E-02 0.624000E-02 0.656000E-02 0.600000E-02 0.608000E-02 0.456000E-02 0.424000E-02 0.616000E-02 0.440000E-02 0.536000E-02 0.368000E-02 0.360000E-02 0.304000E-02 0.344000E-02 0.288000E-02 0.248000E-02 0.256000E-02 0.200000E-02 0.208000E-02 0.160000E-02 0.224000E-02 0.224000E-02 0.200000E-02 0.168000E-02 0.176000E-02 0.152000E-02 0.152000E-02 0.184000E-02 0.176000E-02 0.144000E-02 0.136000E-02 0.112000E-02 0.152000E-02 0.720000E-03 0.120000E-02 0.104000E-02 0.800000E-03 0.104000E-02 0.136000E-02 0.800000E-03 0.720000E-03 0.320000E-03 0.400000E-03 0.560000E-03 0.800000E-03 0.160000E-03 0.320000E-03 0.160000E-03 0.800000E-04 0.160000E-03 0.400000E-03 0.240000E-03 0.800000E-04 0.160000E-03 0.000000E+00 0.800000E-04 0.000000E+00 0.000000E+00 0.000000E+00 0.000000E+00 0.000000E+00 0.800000E-04 0.000000E+00 0.000000E+00 0.000000E+00 0.000000E+00 0.000000E+00 0.000000E+00 0.000000E+00 0.000000E+00 0.000000E+00 0.000000E+00 0.000000E+00 0.000000E+00
 0.531360E+00 0.626160E+00 0.526000E+00 0.432720E+00 0.395440E+00 0.346960E+00 0.322640E+00 0.300720E+00 0.271360E+00 0.265440E+00 0.240640E+00 0.229360E+00 0.221760E+00 0.213360E+00 0.200560E+00 0.188800E+00 0.179440E+00 0.178240E+00 0.174720E+00 0.161360E+00 0.154160E+00 0.144640E+00 0.149520E+00 0.148400E+00 0.140960E+00 0.130480E+00 0.124160E+00 0.126240E+00 0.115200E+00 0.110080E+00 0.109840E+00 0.109440E+00 0.106560E+00 0.974400E-01 0.103280E+00 0.993600E-01 0.916000E-01 0.904000E-01 0.882400E-01 0.856800E-01 0.782400E-01 0.784000E-01 0.732800E-01 0.798400E-01 0.737600E-01 0.730400E-01 0.714400E-01 0.685600E-01 0.644000E-01 0.628000E-01 0.665600E-01 0.604000E-01 0.589600E-01 0.604800E-01 0.576000E-01 0.549600E-01 0.524800E-01 0.482400E-01 0.440000E-01 0.462400E-01 0.481600E-01 0.432800E-01 0.477600E-01 0.426400E-01 0.442400E-01 0.422400E-01 0.374400E-01 0.387200E-01 0.395200E-01 0.370400E-01 0.363200E-01 0.343200E-01 0.319200E-01 0.344000E-01 0.310400E-01 0.326400E-01 0.310400E-01 0.292000E-01 0.289600E-01 0.280800E-01 0.272800E-01 0.272800E-01 0.252800E-01 0.251200E-01 0.247200E-01 0.249600E-01 0.196800E-01 0.211200E-01 0.211200E-01 0.208000E-01 0.192800E-01 0.200800E-01 0.182400E-01 0.184800E-01 0.160800E-01 0.148000E-01 0.156800E-01 0.157600E-01 0.144000E-01 0.144800E-01 0.125600E-01 0.126400E-01 0.144800E-01 0.103200E-01 0.128800E-01 0.984000E-02 0.112000E-01 0.128800E-01 0.120800E-01 0.960000E-02 0.102400E-01 0.832000E-02 0.792000E-02 0.808000E-02 0.984000E-02 0.792000E-02 0.792000E-02 0.856000E-02 0.832000E-02 0.800000E-02 0.576000E-02 0.584000E-02 0.568000E-02 0.608000E-02 0.712000E-02 0.528000E-02 0.536000E-02 0.424000E-02 0.504000E-02 0.480000E-02 0.416000E-02 0.416000E-02 0.360000E-02 0.552000E-02 0.360000E-02 0.384000E-02 0.184000E-02 0.304000E-02 0.272000E-02 0.352000E-02 0.280000E-02 0.296000E-02 0.344000E-02 0.208000E-02 0.216000E-02 0.152000E-02 0.152000E-02 0.144000E-02 0.136000E-02 0.120000E-02 0.176000E-02 0.128000E-02 0.152000E-02 0.152000E-02 0.176000E-02 0.800000E-03 0.800000E-03 0.128000E-02 0.560000E-03 0.560000E-03 0.104000E-02 0.880000E-03 0.720000E-03 0.560000E-03 0.720000E-03 0.640000E-03 0.320000E-03 0.240000E-03 0.320000E-03 0.880000E-03 0.480000E-03 0.160000E-03 0.400000E-03 0.160000E-03 0.560000E-03 0.480000E-03 0.000000E+00 0.800000E-04 0.000000E+00 0.800000E-04 0.000000E+00 0.800000E-04 0.160000E-03 0.160000E-03 0.000000E+00 0.800000E-04 0.000000E+00 0.160000E-03 0.000000E+00 0.000000E+00 0.000000E+00 0.000000E+00 0.000000E+00 0.000000E+00 0.000000E+00 0.000000E+00 0.000000E+00 0.000000E+00 0.000000E+00 0.000000E+00
 0.232560E+00 0.254000E+00 0.226000E+00 0.204560E+00 0.191760E+00 0.183200E+00 0.170000E+00 0.161600E+00 0.152160E+00 0.142000E+00 0.143200E+00 0.137680E+00 0.129680E+00 0.127760E+00 0.119440E+00 0.114080E+00 0.114320E+00 0.107840E+00 0.107920E+00 0.107920E+00 0.106400E+00 0.986400E-01 0.102640E+00 0.932000E-01 0.930400E-01 0.960000E-01 0.897600E-01 0.901600E-01 0.848800E-01 0.879200E-01 0.840800E-01 0.839200E-01 0.790400E-01 0.794400E-01 0.723200E-01 0.751200E-01 0.717600E-01 0.708800E-01 0.699200E-01 0.677600E-01 0.610400E-01 0.664800E-01 0.606400E-01 0.648800E-01 0.612800E-01 0.568800E-01 0.576800E-01 0.550400E-01 0.549600E-01 0.540800E-01 0.560800E-01 0.553600E-01 0.512000E-01 0.493600E-01 0.493600E-01 0.484000E-01 0.467200E-01 0.463200E-01 0.476000E-01 0.428800E-01 0.484800E-01 0.450400E-01 0.414400E-01 0.421600E-01 0.408800E-01 0.362400E-01 0.379200E-01 0.368800E-01 0.351200E-01 0.336800E-01 0.343200E-01 0.324800E-01 0.332800E-01 0.324000E-01 0.304000E-01 0.294400E-01 0.299200E-01 0.292800E-01 0.279200E-01 0.294400E-01 0.275200E-01 0.249600E-01 0.273600E-01 0.255200E-01 0.232000E-01 0.257600E-01 0.209600E-01 0.250400E-01 0.229600E-01 0.229600E-01 0.205600E-01 0.185600E-01 0.181600E-01 0.178400E-01 0.188000E-01 0.176000E-01 0.179200E-01 0.171200E-01 0.199200E-01 0.142400E-01 0.165600E-01 0.140000E-01 0.130400E-01 0.144800E-01 0.146400E-01 0.126400E-01 0.123200E-01 0.120800E-01 0.101600E-01 0.119200E-01 0.115200E-01 0.115200E-01 0.936000E-02 0.872000E-02 0.108000E-01 0.928000E-02 0.880000E-02 0.728000E-02 0.752000E-02 0.848000E-02 0.760000E-02 0.704000E-02 0.664000E-02 0.704000E-02 0.696000E-02 0.632000E-02 0.608000E-02 0.632000E-02 0.616000E-02 0.552000E-02 0.480000E-02 0.344000E-02 0.384000E-02 0.496000E-02 0.344000E-02 0.304000E-02 0.296000E-02 0.392000E-02 0.336000E-02 0.312000E-02 0.328000E-02 0.320000E-02 0.248000E-02 0.296000E-02 0.232000E-02 0.176000E-02 0.280000E-02 0.136000E-02 0.184000E-02 0.144000E-02 0.176000E-02 0.240000E-02 0.160000E-02 0.104000E-02 0.216000E-02 0.184000E-02 0.128000E-02 0.152000E-02 0.152000E-02 0.880000E-03 0.880000E-03 0.560000E-03 0.880000E-03 0.960000E-03 0.720000E-03 0.320000E-03 0.800000E-03 0.400000E-03 0.160000E-03 0.320000E-03 0.400000E-03 0.320000E-03 0.400000E-03 0.160000E-03 0.800000E-04 0.800000E-04 0.800000E-04 0.160000E-03 0.800000E-04 0.240000E-03 0.000000E+00 0.000000E+00 0.000000E+00 0.000000E+00 0.800000E-04 0.000000E+00 0.000000E+00 0.800000E-04 0.800000E-04 0.800000E-04 0.000000E+00 0.000000E+00 0.000000E+00 0.000000E+00 0.000000E+00 0.000000E+00 0.000000E+00 0.000000E+00 0.000000E+00 0.000000E+00
 0.524160E+00 0.615200E+00 0.507200E+00 0.419280E+00 0.380240E+00 0.341760E+00 0.314240E+00 0.301760E+00 0.271600E+00 0.252960E+00 0.231760E+00 0.222400E+00 0.207200E+00 0.201360E+00 0.195520E+00 0.185280E+00 0.176000E+00 0.166640E+00 0.168800E+00 0.160000E+00 0.149440E+00 0.147200E+00 0.141520E+00 0.136960E+00 0.130320E+00 0.129840E+00 0.119760E+00 0.118560E+00 0.117760E+00 0.110720E+00 0.105360E+00 0.103760E+00 0.101440E+00 0.979200E-01 0.984800E-01 0.917600E-01 0.924800E-01 0.844800E-01 0.815200E-01 0.854400E-01 0.818400E-01 0.776000E-01 0.772000E-01 0.797600E-01 0.689600E-01 0.690400E-01 0.681600E-01 0.665600E-01 0.683200E-01 0.606400E-01 0.601600E-01 0.624000E-01 0.599200E-01 0.548000E-01 0.525600E-01 0.526400E-01 0.492000E-01 0.511200E-01 0.476000E-01 0.455200E-01 0.451200E-01 0.429600E-01 0.389600E-01 0.406400E-01 0.424800E-01 0.395200E-01 0.369600E-01 0.398400E-01 0.378400E-01 0.377600E-01 0.334400E-01 0.347200E-01 0.325600E-01 0.335200E-01 0.316800E-01 0.300800E-01 0.284800E-01 0.280000E-01 0.275200E-01 0.232800E-01 0.247200E-01 0.248800E-01 0.246400E-01 0.236800E-01 0.212000E-01 0.216800E-01 0.237600E-01 0.208000E-01 0.198400E-01 0.196800E-01 0.189600E-01 0.172000E-01 0.182400E-01 0.156800E-01 0.168800E-01 0.141600E-01 0.140000E-01 0.141600E-01 0.156800E-01 0.144000E-01 0.131200E-01 0.120800E-01 0.104000E-01 0.128000E-01 0.976000E-02 0.101600E-01 0.120800E-01 0.952000E-02 0.107200E-01 0.952000E-02 0.960000E-02 0.101600E-01 0.824000E-02 0.864000E-02 0.952000E-02 0.928000E-02 0.824000E-02 0.792000E-02 0.584000E-02 0.672000E-02 0.728000E-02 0.584000E-02 0.592000E-02 0.464000E-02 0.608000E-02 0.632000E-02 0.520000E-02 0.480000E-02 0.480000E-02 0.496000E-02 0.344000E-02 0.432000E-02 0.312000E-02 0.384000E-02 0.280000E-02 0.368000E-02 0.328000E-02 0.232000E-02 0.264000E-02 0.272000E-02 0.192000E-02 0.248000E-02 0.224000E-02 0.208000E-02 0.192000E-02 0.176000E-02 0.144000E-02 0.160000E-02 0.144000E-02 0.216000E-02 0.880000E-03 0.112000E-02 0.880000E-03 0.112000E-02 0.960000E-03 0.112000E-02 0.960000E-03 0.880000E-03 0.480000E-03 0.880000E-03 0.480000E-03 0.480000E-03 0.560000E-03 0.880000E-03 0.320000E-03 0.880000E-03 0.240000E-03 0.320000E-03 0.560000E-03 0.480000E-03 0.240000E-03 0.400000E-03 0.160000E-03 0.320000E-03 0.160000E-03 0.160000E-03 0.160000E-03 0.800000E-04 0.800000E-04 0.000000E+00 0.800000E-04 0.800000E-04 0.800000E-04 0.800000E-04 0.000000E+00 0.000000E+00 0.000000E+00 0.000000E+00 0.000000E+00 0.000000E+00 0.000000E+00 0.000000E+00 0.000000E+00 0.000000E+00 0.000000E+00 0.000000E+00 0.000000E+00 0.000000E+00 0.000000E+00 0.000000E+00
 0.509824E+01 0.391048E+01 0.328360E+01 0.269552E+01 0.177032E+01 0.160400E+01 0.146984E+01 0.133584E+01 0.123712E+01 0.117608E+01 0.111016E+01 0.103632E+01 0.989440E+00 0.934320E+00 0.890960E+00 0.842800E+00 0.814080E+00 0.784320E+00 0.758800E+00 0.720800E+00 0.704560E+00 0.671200E+00 0.654720E+00 0.616960E+00 0.598480E+00 0.585200E+00 0.577680E+00 0.562400E+00 0.530640E+00 0.518720E+00 0.507280E+00 0.501040E+00 0.484320E+00 0.460720E+00 0.456960E+00 0.451440E+00 0.427120E+00 0.421680E+00 0.401440E+00 0.394080E+00 0.378880E+00 0.372960E+00 0.364320E+00 0.363200E+00 0.354560E+00 0.347760E+00 0.330640E+00 0.324720E+00 0.307600E+00 0.304800E+00 0.306000E+00 0.297360E+00 0.285840E+00 0.277760E+00 0.277200E+00 0.258880E+00 0.270320E+00 0.258080E+00 0.260480E+00 0.241200E+00 0.237520E+00 0.230320E+00 0.225680E+00 0.228400E+00 0.221600E+00 0.211120E+00 0.208320E+00 0.200320E+00 0.195200E+00 0.198880E+00 0.192240E+00 0.184160E+00 0.183280E+00 0.179600E+00 0.168320E+00 0.173200E+00 0.160000E+00 0.160880E+00 0.157760E+00 0.154480E+00 0.150960E+00 0.145760E+00 0.145520E+00 0.147520E+00 0.134560E+00 0.125840E+00 0.137040E+00 0.130160E+00 0.134000E+00 0.125280E+00 0.120720E+00 0.116160E+00 0.118560E+00 0.116320E+00 0.110960E+00 0.111840E+00 0.104720E+00 0.993600E-01 0.104640E+00 0.953600E-01 0.928800E-01 0.939200E-01 0.948800E-01 0.826400E-01 0.888800E-01 0.864000E-01 0.793600E-01 0.793600E-01 0.784800E-01 0.787200E-01 0.716800E-01 0.724800E-01 0.736800E-01 0.677600E-01 0.644800E-01 0.647200E-01 0.636800E-01 0.637600E-01 0.587200E-01 0.582400E-01 0.596000E-01 0.580000E-01 0.555200E-01 0.516000E-01 0.516800E-01 0.475200E-01 0.464800E-01 0.448800E-01 0.476800E-01 0.437600E-01 0.410400E-01 0.413600E-01 0.401600E-01 0.384000E-01 0.352800E-01 0.347200E-01 0.376800E-01 0.311200E-01 0.306400E-01 0.297600E-01 0.276000E-01 0.284000E-01 0.264800E-01 0.263200E-01 0.210400E-01 0.264000E-01 0.232800E-01 0.230400E-01 0.204000E-01 0.209600E-01 0.209600E-01 0.201600E-01 0.185600E-01 0.175200E-01 0.181600E-01 0.175200E-01 0.138400E-01 0.155200E-01 0.127200E-01 0.137600E-01 0.115200E-01 0.116000E-01 0.109600E-01 0.968000E-02 0.944000E-02 0.100000E-01 0.856000E-02 0.776000E-02 0.752000E-02 0.672000E-02 0.688000E-02 0.496000E-02 0.592000E-02 0.544000E-02 0.552000E-02 0.344000E-02 0.440000E-02 0.400000E-02 0.512000E-02 0.352000E-02 0.344000E-02 0.280000E-02 0.280000E-02 0.272000E-02 0.240000E-02 0.232000E-02 0.232000E-02 0.160000E-02 0.136000E-02 0.160000E-02 0.152000E-02 0.800000E-03 0.112000E-02 0.960000E-03 0.720000E-03 0.800000E-04 0.320000E-03 0.240000E-03 0.000000E+00 0.000000E+00
 0.161592E+01 0.145392E+01 0.137472E+01 0.120224E+01 0.909200E+00 0.842320E+00 0.801280E+00 0.747280E+00 0.721920E+00 0.689440E+00 0.666160E+00 0.646720E+00 0.625120E+00 0.606560E+00 0.575360E+00 0.550880E+00 0.547920E+00 0.524800E+00 0.524240E+00 0.509360E+00 0.501040E+00 0.486640E+00 0.476240E+00 0.456240E+00 0.457040E+00 0.446320E+00 0.446160E+00 0.426640E+00 0.423840E+00 0.407040E+00 0.397760E+00 0.385680E+00 0.380640E+00 0.385200E+00 0.379040E+00 0.370480E+00 0.354160E+00 0.349120E+00 0.347680E+00 0.335040E+00 0.334720E+00 0.330560E+00 0.332880E+00 0.322240E+00 0.308320E+00 0.309360E+00 0.302480E+00 0.303120E+00 0.292000E+00 0.279760E+00 0.289280E+00 0.267840E+00 0.264240E+00 0.264640E+00 0.263200E+00 0.267360E+00 0.255520E+00 0.248320E+00 0.249760E+00 0.238640E+00 0.241120E+00 0.237600E+00 0.231680E+00 0.223600E+00 0.223680E+00 0.215680E+00 0.212720E+00 0.215520E+00 0.200960E+00 0.197360E+00 0.199680E+00 0.198160E+00 0.191200E+00 0.189760E+00 0.185680E+00 0.186560E+00 0.175120E+00 0.180000E+00 0.176880E+00 0.173120E+00 0.162720E+00 0.161520E+00 0.158080E+00 0.159840E+00 0.159840E+00 0.152640E+00 0.151120E+00 0.153280E+00 0.147280E+00 0.145520E+00 0.141200E+00 0.140880E+00 0.140800E+00 0.134960E+00 0.124160E+00 0.128000E+00 0.128560E+00 0.127120E+00 0.117680E+00 0.117520E+00 0.117680E+00 0.117120E+00 0.111360E+00 0.108400E+00 0.106800E+00 0.109040E+00 0.101920E+00 0.102400E+00 0.943200E-01 0.932000E-01 0.936000E-01 0.936000E-01 0.930400E-01 0.853600E-01 0.849600E-01 0.813600E-01 0.797600E-01 0.833600E-01 0.784800E-01 0.754400E-01 0.717600E-01 0.705600E-01 0.707200E-01 0.696800E-01 0.662400E-01 0.699200E-01 0.663200E-01 0.609600E-01 0.639200E-01 0.613600E-01 0.595200E-01 0.553600E-01 0.556000E-01 0.558400E-01 0.534400E-01 0.519200E-01 0.499200E-01 0.480000E-01 0.456000E-01 0.417600E-01 0.427200E-01 0.415200E-01 0.419200E-01 0.387200E-01 0.368800E-01 0.348000E-01 0.349600E-01 0.311200E-01 0.311200E-01 0.336000E-01 0.277600E-01 0.300000E-01 0.264000E-01 0.231200E-01 0.252800E-01 0.244000E-01 0.196800E-01 0.198400E-01 0.203200E-01 0.171200E-01 0.202400E-01 0.170400E-01 0.172800E-01 0.143200E-01 0.144800E-01 0.128000E-01 0.122400E-01 0.130400E-01 0.124000E-01 0.119200E-01 0.104000E-01 0.912000E-02 0.984000E-02 0.728000E-02 0.784000E-02 0.744000E-02 0.632000E-02 0.680000E-02 0.816000E-02 0.584000E-02 0.544000E-02 0.576000E-02 0.480000E-02 0.472000E-02 0.424000E-02 0.424000E-02 0.376000E-02 0.328000E-02 0.256000E-02 0.168000E-02 0.184000E-02 0.184000E-02 0.152000E-02 0.104000E-02 0.800000E-03 0.960000E-03 0.720000E-03 0.240000E-03 0.000000E+00 0.000000E+00
