### Run with WimpAnn version = wimpann-2.08                            
###   Using Pythia version   = Pythia 6.400    
###   Using nusigma version  = nusigma-1.15-pyr                        
###   Using DarkSUSY version = ds-4.1.6                                
###   WimpAnn run started at date 2007-09-07; time 01:13:02
### Neutrino oscillation parameters
#      theta_12 =  0.00000000E+00
#      theta_13 =  0.00000000E+00
#      theta_23 =  0.00000000E+00
#         delta =  0.00000000E+00
#  delta_m^2_21 =  0.81000000E-04
#  delta_m^2_31 =  0.22000000E-02
### WimpAnn run parameters
#  Annihilation channel =         3
#  Generated particles =  t                tbar            
#  WIMP mass =  0.10000000E+05
#  Number of annihilations =   2500000
#  Source = Earth
#...dPhi/dz in  200 bins from 0 to 1
#...Line  1- 6: flux at centre of Earth for neutrino 1-6
 0.245730E+02 0.104395E+02 0.653896E+01 0.455888E+01 0.340040E+01 0.267600E+01 0.212968E+01 0.175456E+01 0.148936E+01 0.125448E+01 0.110560E+01 0.985680E+00 0.886400E+00 0.786960E+00 0.702880E+00 0.665680E+00 0.611200E+00 0.561440E+00 0.524720E+00 0.491840E+00 0.463360E+00 0.432800E+00 0.404720E+00 0.386640E+00 0.368880E+00 0.359520E+00 0.337840E+00 0.329120E+00 0.313440E+00 0.312800E+00 0.304480E+00 0.285120E+00 0.287040E+00 0.273680E+00 0.273120E+00 0.276320E+00 0.257440E+00 0.250000E+00 0.245280E+00 0.248080E+00 0.239840E+00 0.235120E+00 0.226000E+00 0.226800E+00 0.226240E+00 0.218720E+00 0.205920E+00 0.208240E+00 0.207520E+00 0.205520E+00 0.206400E+00 0.192160E+00 0.195360E+00 0.187680E+00 0.188160E+00 0.193360E+00 0.184880E+00 0.190000E+00 0.175520E+00 0.178800E+00 0.172160E+00 0.168320E+00 0.167840E+00 0.161840E+00 0.163760E+00 0.160720E+00 0.157760E+00 0.154400E+00 0.150880E+00 0.150880E+00 0.151280E+00 0.143680E+00 0.143520E+00 0.140640E+00 0.139040E+00 0.135360E+00 0.135840E+00 0.127840E+00 0.134080E+00 0.126400E+00 0.125840E+00 0.123360E+00 0.122400E+00 0.121440E+00 0.118160E+00 0.118640E+00 0.113280E+00 0.114240E+00 0.105760E+00 0.105520E+00 0.100400E+00 0.102960E+00 0.102160E+00 0.971200E-01 0.928800E-01 0.100000E+00 0.919200E-01 0.916800E-01 0.924000E-01 0.836000E-01 0.856000E-01 0.825600E-01 0.817600E-01 0.864800E-01 0.760800E-01 0.784800E-01 0.761600E-01 0.750400E-01 0.697600E-01 0.700800E-01 0.663200E-01 0.668800E-01 0.669600E-01 0.613600E-01 0.622400E-01 0.628000E-01 0.581600E-01 0.566400E-01 0.563200E-01 0.568000E-01 0.528800E-01 0.536800E-01 0.492000E-01 0.496800E-01 0.488000E-01 0.447200E-01 0.459200E-01 0.428000E-01 0.432000E-01 0.398400E-01 0.392800E-01 0.393600E-01 0.373600E-01 0.367200E-01 0.344800E-01 0.376800E-01 0.341600E-01 0.336000E-01 0.340800E-01 0.326400E-01 0.293600E-01 0.297600E-01 0.280800E-01 0.269600E-01 0.273600E-01 0.259200E-01 0.243200E-01 0.224000E-01 0.223200E-01 0.212000E-01 0.213600E-01 0.192000E-01 0.192000E-01 0.188800E-01 0.168800E-01 0.152000E-01 0.160800E-01 0.140800E-01 0.152000E-01 0.123200E-01 0.118400E-01 0.132000E-01 0.123200E-01 0.115200E-01 0.103200E-01 0.109600E-01 0.832000E-02 0.968000E-02 0.808000E-02 0.680000E-02 0.728000E-02 0.608000E-02 0.704000E-02 0.704000E-02 0.592000E-02 0.600000E-02 0.552000E-02 0.400000E-02 0.424000E-02 0.440000E-02 0.352000E-02 0.280000E-02 0.208000E-02 0.176000E-02 0.192000E-02 0.168000E-02 0.144000E-02 0.112000E-02 0.880000E-03 0.480000E-03 0.480000E-03 0.400000E-03 0.320000E-03 0.320000E-03 0.000000E+00 0.240000E-03 0.000000E+00 0.160000E-03 0.000000E+00 0.000000E+00
 0.245361E+02 0.104262E+02 0.658040E+01 0.459328E+01 0.341896E+01 0.269096E+01 0.215568E+01 0.176832E+01 0.149552E+01 0.128616E+01 0.112544E+01 0.987360E+00 0.876320E+00 0.780480E+00 0.708160E+00 0.652640E+00 0.604800E+00 0.556480E+00 0.524160E+00 0.496000E+00 0.459920E+00 0.440400E+00 0.413760E+00 0.388640E+00 0.377760E+00 0.363360E+00 0.344960E+00 0.329680E+00 0.323760E+00 0.303040E+00 0.310880E+00 0.283760E+00 0.290640E+00 0.280080E+00 0.265440E+00 0.272960E+00 0.268000E+00 0.256720E+00 0.248480E+00 0.255680E+00 0.242080E+00 0.237840E+00 0.237440E+00 0.236080E+00 0.230480E+00 0.226480E+00 0.221920E+00 0.213840E+00 0.210720E+00 0.214000E+00 0.205920E+00 0.206800E+00 0.205360E+00 0.196800E+00 0.188560E+00 0.183760E+00 0.186320E+00 0.182960E+00 0.174640E+00 0.169200E+00 0.176080E+00 0.175840E+00 0.164400E+00 0.164240E+00 0.158640E+00 0.164080E+00 0.154480E+00 0.156000E+00 0.148640E+00 0.156160E+00 0.142320E+00 0.145120E+00 0.141200E+00 0.137040E+00 0.145440E+00 0.141040E+00 0.135440E+00 0.132240E+00 0.121600E+00 0.124320E+00 0.123760E+00 0.128480E+00 0.123040E+00 0.117760E+00 0.118320E+00 0.113680E+00 0.112000E+00 0.110560E+00 0.108400E+00 0.104560E+00 0.100320E+00 0.103360E+00 0.100640E+00 0.992800E-01 0.954400E-01 0.916000E-01 0.868800E-01 0.924800E-01 0.899200E-01 0.852800E-01 0.804000E-01 0.808000E-01 0.811200E-01 0.767200E-01 0.763200E-01 0.753600E-01 0.736800E-01 0.772000E-01 0.723200E-01 0.741600E-01 0.660000E-01 0.713600E-01 0.708000E-01 0.633600E-01 0.644800E-01 0.648800E-01 0.556800E-01 0.593600E-01 0.585600E-01 0.595200E-01 0.555200E-01 0.548800E-01 0.464000E-01 0.519200E-01 0.468800E-01 0.487200E-01 0.483200E-01 0.460800E-01 0.442400E-01 0.418400E-01 0.412000E-01 0.406400E-01 0.391200E-01 0.350400E-01 0.343200E-01 0.333600E-01 0.300000E-01 0.332000E-01 0.332000E-01 0.312800E-01 0.288800E-01 0.276000E-01 0.252800E-01 0.260000E-01 0.273600E-01 0.240800E-01 0.244800E-01 0.212800E-01 0.194400E-01 0.212000E-01 0.177600E-01 0.181600E-01 0.164000E-01 0.165600E-01 0.172000E-01 0.172000E-01 0.152000E-01 0.143200E-01 0.124800E-01 0.136800E-01 0.137600E-01 0.109600E-01 0.120800E-01 0.118400E-01 0.113600E-01 0.976000E-02 0.960000E-02 0.792000E-02 0.776000E-02 0.768000E-02 0.784000E-02 0.760000E-02 0.568000E-02 0.472000E-02 0.392000E-02 0.552000E-02 0.528000E-02 0.400000E-02 0.392000E-02 0.328000E-02 0.256000E-02 0.184000E-02 0.216000E-02 0.248000E-02 0.152000E-02 0.160000E-02 0.152000E-02 0.880000E-03 0.640000E-03 0.160000E-03 0.480000E-03 0.320000E-03 0.800000E-04 0.320000E-03 0.320000E-03 0.800000E-04 0.800000E-04 0.000000E+00 0.000000E+00 0.000000E+00
 0.247082E+02 0.104358E+02 0.650664E+01 0.454536E+01 0.337536E+01 0.265232E+01 0.213328E+01 0.175400E+01 0.147736E+01 0.126800E+01 0.109816E+01 0.982240E+00 0.884800E+00 0.765840E+00 0.716960E+00 0.640560E+00 0.610320E+00 0.558800E+00 0.518160E+00 0.479920E+00 0.457680E+00 0.432800E+00 0.410800E+00 0.386320E+00 0.366560E+00 0.353360E+00 0.345760E+00 0.333840E+00 0.312480E+00 0.313280E+00 0.303200E+00 0.288800E+00 0.284160E+00 0.270960E+00 0.272240E+00 0.266400E+00 0.259360E+00 0.245040E+00 0.246480E+00 0.246560E+00 0.244320E+00 0.238240E+00 0.224880E+00 0.228400E+00 0.227760E+00 0.222000E+00 0.216880E+00 0.213120E+00 0.211680E+00 0.213280E+00 0.199440E+00 0.203680E+00 0.195680E+00 0.196400E+00 0.195360E+00 0.184480E+00 0.182160E+00 0.182400E+00 0.180880E+00 0.174400E+00 0.173520E+00 0.167760E+00 0.166080E+00 0.170560E+00 0.164000E+00 0.158400E+00 0.158720E+00 0.152560E+00 0.151840E+00 0.158000E+00 0.144960E+00 0.148720E+00 0.142640E+00 0.137280E+00 0.136640E+00 0.138560E+00 0.135280E+00 0.135040E+00 0.129120E+00 0.131520E+00 0.129120E+00 0.122000E+00 0.125920E+00 0.120000E+00 0.115440E+00 0.111520E+00 0.114800E+00 0.108560E+00 0.109520E+00 0.111600E+00 0.996800E-01 0.105680E+00 0.103520E+00 0.981600E-01 0.914400E-01 0.958400E-01 0.935200E-01 0.942400E-01 0.862400E-01 0.890400E-01 0.816800E-01 0.837600E-01 0.856000E-01 0.800800E-01 0.780800E-01 0.755200E-01 0.734400E-01 0.745600E-01 0.727200E-01 0.688000E-01 0.717600E-01 0.665600E-01 0.670400E-01 0.641600E-01 0.647200E-01 0.605600E-01 0.569600E-01 0.580000E-01 0.554400E-01 0.532800E-01 0.538400E-01 0.496800E-01 0.517600E-01 0.528000E-01 0.503200E-01 0.442400E-01 0.482400E-01 0.445600E-01 0.418400E-01 0.412000E-01 0.384000E-01 0.372800E-01 0.379200E-01 0.371200E-01 0.376800E-01 0.329600E-01 0.364800E-01 0.332800E-01 0.333600E-01 0.289600E-01 0.282400E-01 0.270400E-01 0.280800E-01 0.265600E-01 0.279200E-01 0.248800E-01 0.249600E-01 0.224800E-01 0.223200E-01 0.200000E-01 0.213600E-01 0.202400E-01 0.185600E-01 0.176000E-01 0.189600E-01 0.185600E-01 0.156000E-01 0.153600E-01 0.144000E-01 0.124000E-01 0.117600E-01 0.124800E-01 0.130400E-01 0.107200E-01 0.928000E-02 0.880000E-02 0.960000E-02 0.936000E-02 0.680000E-02 0.768000E-02 0.696000E-02 0.656000E-02 0.664000E-02 0.512000E-02 0.472000E-02 0.616000E-02 0.336000E-02 0.368000E-02 0.296000E-02 0.376000E-02 0.288000E-02 0.216000E-02 0.216000E-02 0.176000E-02 0.128000E-02 0.104000E-02 0.960000E-03 0.880000E-03 0.560000E-03 0.800000E-03 0.560000E-03 0.400000E-03 0.400000E-03 0.320000E-03 0.320000E-03 0.000000E+00 0.000000E+00 0.000000E+00 0.000000E+00 0.000000E+00
 0.247102E+02 0.104495E+02 0.647944E+01 0.453224E+01 0.339408E+01 0.264200E+01 0.214408E+01 0.175680E+01 0.149016E+01 0.127264E+01 0.110712E+01 0.952720E+00 0.883440E+00 0.785760E+00 0.719840E+00 0.644400E+00 0.608080E+00 0.555280E+00 0.520160E+00 0.474720E+00 0.452320E+00 0.442800E+00 0.403680E+00 0.395840E+00 0.370080E+00 0.361760E+00 0.346000E+00 0.324880E+00 0.312560E+00 0.309840E+00 0.305760E+00 0.304720E+00 0.290160E+00 0.289600E+00 0.271520E+00 0.266320E+00 0.257920E+00 0.252160E+00 0.246640E+00 0.248880E+00 0.237680E+00 0.239520E+00 0.233440E+00 0.225360E+00 0.224320E+00 0.214640E+00 0.216240E+00 0.218960E+00 0.210960E+00 0.208960E+00 0.199440E+00 0.195600E+00 0.196240E+00 0.192400E+00 0.193280E+00 0.181200E+00 0.178880E+00 0.177920E+00 0.184160E+00 0.176720E+00 0.174400E+00 0.167200E+00 0.168080E+00 0.157440E+00 0.162320E+00 0.159280E+00 0.160800E+00 0.153280E+00 0.157520E+00 0.148000E+00 0.154320E+00 0.142640E+00 0.141200E+00 0.138720E+00 0.136960E+00 0.142320E+00 0.134640E+00 0.130560E+00 0.133280E+00 0.127600E+00 0.122160E+00 0.123680E+00 0.120000E+00 0.121440E+00 0.121440E+00 0.110080E+00 0.119040E+00 0.115120E+00 0.106320E+00 0.104960E+00 0.105840E+00 0.103200E+00 0.992800E-01 0.976800E-01 0.100960E+00 0.904800E-01 0.923200E-01 0.966400E-01 0.888000E-01 0.858400E-01 0.871200E-01 0.832800E-01 0.821600E-01 0.790400E-01 0.831200E-01 0.737600E-01 0.793600E-01 0.738400E-01 0.717600E-01 0.696000E-01 0.655200E-01 0.690400E-01 0.672000E-01 0.667200E-01 0.632000E-01 0.609600E-01 0.608000E-01 0.582400E-01 0.600800E-01 0.555200E-01 0.500800E-01 0.508000E-01 0.497600E-01 0.514400E-01 0.500000E-01 0.472800E-01 0.434400E-01 0.448000E-01 0.417600E-01 0.437600E-01 0.392000E-01 0.414400E-01 0.388800E-01 0.378400E-01 0.356000E-01 0.361600E-01 0.322400E-01 0.320800E-01 0.296000E-01 0.300000E-01 0.305600E-01 0.259200E-01 0.289600E-01 0.250400E-01 0.234400E-01 0.236800E-01 0.243200E-01 0.235200E-01 0.207200E-01 0.208000E-01 0.198400E-01 0.196800E-01 0.177600E-01 0.196000E-01 0.178400E-01 0.179200E-01 0.131200E-01 0.154400E-01 0.135200E-01 0.138400E-01 0.116800E-01 0.121600E-01 0.108800E-01 0.121600E-01 0.111200E-01 0.116800E-01 0.896000E-02 0.920000E-02 0.944000E-02 0.768000E-02 0.696000E-02 0.608000E-02 0.584000E-02 0.352000E-02 0.584000E-02 0.408000E-02 0.496000E-02 0.552000E-02 0.400000E-02 0.336000E-02 0.256000E-02 0.272000E-02 0.160000E-02 0.136000E-02 0.160000E-02 0.120000E-02 0.128000E-02 0.104000E-02 0.144000E-02 0.720000E-03 0.800000E-03 0.480000E-03 0.480000E-03 0.240000E-03 0.160000E-03 0.000000E+00 0.000000E+00 0.000000E+00 0.000000E+00 0.000000E+00
 0.966096E+01 0.525840E+01 0.381376E+01 0.299304E+01 0.241888E+01 0.203824E+01 0.175104E+01 0.156120E+01 0.136512E+01 0.124328E+01 0.111344E+01 0.101704E+01 0.943120E+00 0.880720E+00 0.826080E+00 0.770240E+00 0.713440E+00 0.687120E+00 0.638640E+00 0.608240E+00 0.583040E+00 0.560000E+00 0.532880E+00 0.502720E+00 0.502240E+00 0.469680E+00 0.464160E+00 0.444640E+00 0.425040E+00 0.415840E+00 0.399920E+00 0.381200E+00 0.377200E+00 0.374800E+00 0.353760E+00 0.341520E+00 0.339680E+00 0.334960E+00 0.309200E+00 0.319840E+00 0.309040E+00 0.310000E+00 0.300400E+00 0.292160E+00 0.280160E+00 0.283760E+00 0.272480E+00 0.265520E+00 0.254560E+00 0.250000E+00 0.241360E+00 0.244960E+00 0.237440E+00 0.237120E+00 0.232800E+00 0.222640E+00 0.220480E+00 0.213280E+00 0.212080E+00 0.203440E+00 0.196560E+00 0.197520E+00 0.187600E+00 0.192480E+00 0.181440E+00 0.186640E+00 0.182320E+00 0.179520E+00 0.176560E+00 0.172240E+00 0.163200E+00 0.163440E+00 0.159120E+00 0.156080E+00 0.153040E+00 0.149920E+00 0.147280E+00 0.148080E+00 0.136880E+00 0.139760E+00 0.132960E+00 0.128000E+00 0.132400E+00 0.128640E+00 0.126000E+00 0.121840E+00 0.116080E+00 0.121280E+00 0.116000E+00 0.118320E+00 0.114880E+00 0.111520E+00 0.112720E+00 0.101440E+00 0.998400E-01 0.104480E+00 0.961600E-01 0.931200E-01 0.944000E-01 0.926400E-01 0.896000E-01 0.860800E-01 0.894400E-01 0.866400E-01 0.796800E-01 0.815200E-01 0.796800E-01 0.753600E-01 0.750400E-01 0.776800E-01 0.710400E-01 0.709600E-01 0.680000E-01 0.658400E-01 0.660000E-01 0.644000E-01 0.596000E-01 0.598400E-01 0.579200E-01 0.558400E-01 0.516800E-01 0.522400E-01 0.488800E-01 0.546400E-01 0.527200E-01 0.444800E-01 0.422400E-01 0.465600E-01 0.412800E-01 0.408000E-01 0.424800E-01 0.417600E-01 0.384000E-01 0.431200E-01 0.393600E-01 0.338400E-01 0.352800E-01 0.331200E-01 0.324000E-01 0.310400E-01 0.329600E-01 0.289600E-01 0.274400E-01 0.247200E-01 0.259200E-01 0.264000E-01 0.242400E-01 0.211200E-01 0.210400E-01 0.219200E-01 0.190400E-01 0.219200E-01 0.192800E-01 0.179200E-01 0.185600E-01 0.162400E-01 0.146400E-01 0.131200E-01 0.131200E-01 0.114400E-01 0.133600E-01 0.109600E-01 0.104000E-01 0.112000E-01 0.115200E-01 0.100800E-01 0.776000E-02 0.768000E-02 0.760000E-02 0.792000E-02 0.784000E-02 0.712000E-02 0.568000E-02 0.600000E-02 0.512000E-02 0.552000E-02 0.336000E-02 0.352000E-02 0.368000E-02 0.384000E-02 0.312000E-02 0.304000E-02 0.264000E-02 0.160000E-02 0.176000E-02 0.184000E-02 0.136000E-02 0.136000E-02 0.720000E-03 0.640000E-03 0.480000E-03 0.800000E-04 0.240000E-03 0.000000E+00 0.800000E-04 0.800000E-04 0.800000E-04 0.000000E+00 0.000000E+00 0.000000E+00
 0.966120E+01 0.528760E+01 0.382600E+01 0.300584E+01 0.243352E+01 0.203920E+01 0.175504E+01 0.153208E+01 0.136528E+01 0.123200E+01 0.111808E+01 0.101248E+01 0.928240E+00 0.860320E+00 0.816640E+00 0.760720E+00 0.730800E+00 0.682560E+00 0.646960E+00 0.618400E+00 0.586080E+00 0.548080E+00 0.534800E+00 0.514800E+00 0.487920E+00 0.467520E+00 0.467520E+00 0.448480E+00 0.433440E+00 0.425360E+00 0.398240E+00 0.390400E+00 0.374800E+00 0.369280E+00 0.354720E+00 0.343520E+00 0.338000E+00 0.336080E+00 0.317200E+00 0.314960E+00 0.319840E+00 0.306640E+00 0.292080E+00 0.286960E+00 0.288560E+00 0.282720E+00 0.269280E+00 0.258640E+00 0.261600E+00 0.247040E+00 0.251120E+00 0.247520E+00 0.240960E+00 0.230800E+00 0.221360E+00 0.219440E+00 0.211760E+00 0.226400E+00 0.216880E+00 0.201840E+00 0.204160E+00 0.201920E+00 0.190640E+00 0.193840E+00 0.184320E+00 0.184320E+00 0.175440E+00 0.176720E+00 0.174640E+00 0.168400E+00 0.171040E+00 0.164640E+00 0.163120E+00 0.157280E+00 0.154320E+00 0.155520E+00 0.145920E+00 0.147520E+00 0.139120E+00 0.132240E+00 0.134640E+00 0.133760E+00 0.133920E+00 0.128560E+00 0.126480E+00 0.123200E+00 0.119920E+00 0.113200E+00 0.119040E+00 0.116560E+00 0.110320E+00 0.109280E+00 0.106400E+00 0.102800E+00 0.102160E+00 0.102080E+00 0.101200E+00 0.969600E-01 0.920000E-01 0.873600E-01 0.875200E-01 0.903200E-01 0.844800E-01 0.836000E-01 0.769600E-01 0.768800E-01 0.740800E-01 0.776000E-01 0.743200E-01 0.699200E-01 0.715200E-01 0.722400E-01 0.683200E-01 0.643200E-01 0.668000E-01 0.648000E-01 0.591200E-01 0.568800E-01 0.564800E-01 0.572000E-01 0.540800E-01 0.548800E-01 0.501600E-01 0.506400E-01 0.513600E-01 0.488800E-01 0.467200E-01 0.447200E-01 0.453600E-01 0.426400E-01 0.413600E-01 0.376800E-01 0.377600E-01 0.369600E-01 0.368800E-01 0.356800E-01 0.340000E-01 0.352800E-01 0.329600E-01 0.304800E-01 0.280000E-01 0.266400E-01 0.266400E-01 0.269600E-01 0.226400E-01 0.240800E-01 0.224800E-01 0.232800E-01 0.203200E-01 0.216800E-01 0.185600E-01 0.195200E-01 0.178400E-01 0.173600E-01 0.187200E-01 0.159200E-01 0.154400E-01 0.136000E-01 0.138400E-01 0.148800E-01 0.105600E-01 0.120800E-01 0.117600E-01 0.992000E-02 0.912000E-02 0.928000E-02 0.832000E-02 0.904000E-02 0.840000E-02 0.840000E-02 0.608000E-02 0.656000E-02 0.600000E-02 0.576000E-02 0.536000E-02 0.560000E-02 0.336000E-02 0.344000E-02 0.336000E-02 0.272000E-02 0.336000E-02 0.320000E-02 0.224000E-02 0.216000E-02 0.200000E-02 0.720000E-03 0.152000E-02 0.112000E-02 0.960000E-03 0.960000E-03 0.400000E-03 0.720000E-03 0.240000E-03 0.320000E-03 0.240000E-03 0.000000E+00 0.800000E-04 0.000000E+00 0.000000E+00 0.000000E+00
