### Run with WimpAnn version = wimpann-2.08                            
###   Using Pythia version   = Pythia 6.400    
###   Using nusigma version  = nusigma-1.15-pyr                        
###   Using DarkSUSY version = ds-4.1.6                                
###   WimpAnn run started at date 2007-09-10; time 14:31:13
### Neutrino oscillation parameters
#      theta_12 =  0.00000000E+00
#      theta_13 =  0.00000000E+00
#      theta_23 =  0.00000000E+00
#         delta =  0.00000000E+00
#  delta_m^2_21 =  0.81000000E-04
#  delta_m^2_31 =  0.22000000E-02
### WimpAnn run parameters
#  Annihilation channel =         2
#  Generated particles =  b                bbar            
#  WIMP mass =  0.50000000E+02
#  Number of annihilations =   2500000
#  Source = Sun
#...dPhi/dz in  200 bins from 0 to 1
#...Line  1- 6: flux at centre of Sun for neutrino 1-6
#...Line  7-12: flux at surface of Sun for neutrino 1-6
#...Line 13-18: flux at 1 AU from the Sun for neutrino 1-6
#...Line 19-24: flux at surface of Sun for secondary neutrino 1-6
#...Line 25-30: flux at 1 AU from the Sun for secondary neutrino 1-6
 0.163184E+01 0.199888E+01 0.192192E+01 0.185480E+01 0.176368E+01 0.166992E+01 0.158128E+01 0.149616E+01 0.140192E+01 0.133704E+01 0.124440E+01 0.118744E+01 0.112432E+01 0.106968E+01 0.100352E+01 0.959200E+00 0.893280E+00 0.865040E+00 0.827040E+00 0.766640E+00 0.736640E+00 0.711920E+00 0.665440E+00 0.623520E+00 0.583120E+00 0.571040E+00 0.534800E+00 0.512160E+00 0.495520E+00 0.470640E+00 0.460960E+00 0.429600E+00 0.411200E+00 0.392640E+00 0.371360E+00 0.358800E+00 0.350240E+00 0.336400E+00 0.319840E+00 0.305680E+00 0.298080E+00 0.282160E+00 0.260160E+00 0.256480E+00 0.240480E+00 0.231840E+00 0.234240E+00 0.219760E+00 0.204240E+00 0.199040E+00 0.194000E+00 0.181520E+00 0.176480E+00 0.168560E+00 0.154560E+00 0.156480E+00 0.150640E+00 0.139360E+00 0.133920E+00 0.132720E+00 0.122320E+00 0.125680E+00 0.117120E+00 0.110480E+00 0.101520E+00 0.972800E-01 0.972800E-01 0.912800E-01 0.910400E-01 0.828000E-01 0.775200E-01 0.746400E-01 0.724000E-01 0.658400E-01 0.656800E-01 0.596800E-01 0.608800E-01 0.547200E-01 0.553600E-01 0.495200E-01 0.488000E-01 0.458400E-01 0.417600E-01 0.423200E-01 0.389600E-01 0.376000E-01 0.382400E-01 0.304800E-01 0.310400E-01 0.313600E-01 0.269600E-01 0.254400E-01 0.253600E-01 0.241600E-01 0.215200E-01 0.212000E-01 0.175200E-01 0.179200E-01 0.172000E-01 0.145600E-01 0.131200E-01 0.128000E-01 0.135200E-01 0.132800E-01 0.984000E-02 0.944000E-02 0.102400E-01 0.912000E-02 0.880000E-02 0.624000E-02 0.784000E-02 0.656000E-02 0.704000E-02 0.496000E-02 0.616000E-02 0.424000E-02 0.488000E-02 0.472000E-02 0.328000E-02 0.360000E-02 0.312000E-02 0.272000E-02 0.264000E-02 0.184000E-02 0.184000E-02 0.160000E-02 0.152000E-02 0.112000E-02 0.104000E-02 0.800000E-03 0.104000E-02 0.480000E-03 0.480000E-03 0.480000E-03 0.480000E-03 0.560000E-03 0.400000E-03 0.480000E-03 0.320000E-03 0.400000E-03 0.240000E-03 0.320000E-03 0.800000E-04 0.800000E-04 0.160000E-03 0.800000E-04 0.000000E+00 0.800000E-04 0.160000E-03 0.000000E+00 0.000000E+00 0.800000E-04 0.000000E+00 0.000000E+00 0.000000E+00 0.000000E+00 0.000000E+00 0.000000E+00 0.000000E+00 0.000000E+00 0.000000E+00 0.000000E+00 0.000000E+00 0.000000E+00 0.000000E+00 0.000000E+00 0.000000E+00 0.000000E+00 0.000000E+00 0.000000E+00 0.000000E+00 0.000000E+00 0.000000E+00 0.000000E+00 0.000000E+00 0.000000E+00 0.000000E+00 0.000000E+00 0.000000E+00 0.000000E+00 0.000000E+00 0.000000E+00 0.000000E+00 0.000000E+00 0.000000E+00 0.000000E+00 0.000000E+00 0.000000E+00 0.000000E+00 0.000000E+00 0.000000E+00 0.000000E+00 0.000000E+00 0.000000E+00 0.000000E+00 0.000000E+00 0.000000E+00 0.000000E+00 0.000000E+00 0.000000E+00
 0.165856E+01 0.196344E+01 0.194728E+01 0.182616E+01 0.175968E+01 0.168112E+01 0.157472E+01 0.148496E+01 0.139328E+01 0.131664E+01 0.125272E+01 0.118800E+01 0.112144E+01 0.106840E+01 0.998880E+00 0.952720E+00 0.892320E+00 0.861280E+00 0.825360E+00 0.774800E+00 0.728160E+00 0.689360E+00 0.665840E+00 0.630400E+00 0.586800E+00 0.564000E+00 0.544240E+00 0.531440E+00 0.490960E+00 0.474160E+00 0.450640E+00 0.440640E+00 0.408320E+00 0.392160E+00 0.381280E+00 0.356560E+00 0.341840E+00 0.322960E+00 0.324640E+00 0.302880E+00 0.296480E+00 0.289920E+00 0.268800E+00 0.256880E+00 0.239840E+00 0.235920E+00 0.233120E+00 0.209840E+00 0.208480E+00 0.197120E+00 0.194320E+00 0.188320E+00 0.178880E+00 0.166160E+00 0.159200E+00 0.150880E+00 0.148080E+00 0.141280E+00 0.135680E+00 0.135680E+00 0.124000E+00 0.120960E+00 0.112480E+00 0.106640E+00 0.103520E+00 0.962400E-01 0.916000E-01 0.960800E-01 0.882400E-01 0.863200E-01 0.797600E-01 0.760000E-01 0.719200E-01 0.746400E-01 0.620000E-01 0.597600E-01 0.635200E-01 0.582400E-01 0.544800E-01 0.510400E-01 0.497600E-01 0.462400E-01 0.459200E-01 0.457600E-01 0.412800E-01 0.353600E-01 0.378400E-01 0.318400E-01 0.300000E-01 0.317600E-01 0.291200E-01 0.256800E-01 0.234400E-01 0.242400E-01 0.221600E-01 0.198400E-01 0.204000E-01 0.188800E-01 0.168000E-01 0.174400E-01 0.159200E-01 0.141600E-01 0.128000E-01 0.110400E-01 0.112800E-01 0.117600E-01 0.848000E-02 0.800000E-02 0.712000E-02 0.656000E-02 0.752000E-02 0.696000E-02 0.592000E-02 0.544000E-02 0.496000E-02 0.384000E-02 0.320000E-02 0.480000E-02 0.352000E-02 0.336000E-02 0.320000E-02 0.280000E-02 0.232000E-02 0.224000E-02 0.192000E-02 0.168000E-02 0.112000E-02 0.176000E-02 0.136000E-02 0.960000E-03 0.720000E-03 0.112000E-02 0.880000E-03 0.720000E-03 0.240000E-03 0.240000E-03 0.400000E-03 0.240000E-03 0.560000E-03 0.400000E-03 0.000000E+00 0.160000E-03 0.160000E-03 0.800000E-04 0.000000E+00 0.800000E-04 0.000000E+00 0.000000E+00 0.000000E+00 0.000000E+00 0.800000E-04 0.000000E+00 0.000000E+00 0.000000E+00 0.000000E+00 0.000000E+00 0.000000E+00 0.000000E+00 0.000000E+00 0.000000E+00 0.000000E+00 0.000000E+00 0.000000E+00 0.000000E+00 0.000000E+00 0.000000E+00 0.000000E+00 0.000000E+00 0.000000E+00 0.000000E+00 0.000000E+00 0.000000E+00 0.000000E+00 0.000000E+00 0.000000E+00 0.000000E+00 0.000000E+00 0.000000E+00 0.000000E+00 0.000000E+00 0.000000E+00 0.000000E+00 0.000000E+00 0.000000E+00 0.000000E+00 0.000000E+00 0.000000E+00 0.000000E+00 0.000000E+00 0.000000E+00 0.000000E+00 0.000000E+00 0.000000E+00 0.000000E+00 0.000000E+00 0.000000E+00 0.000000E+00 0.000000E+00 0.000000E+00 0.000000E+00
 0.165168E+01 0.199640E+01 0.195280E+01 0.185152E+01 0.176024E+01 0.167040E+01 0.158904E+01 0.149072E+01 0.143376E+01 0.133664E+01 0.124184E+01 0.120008E+01 0.113544E+01 0.105472E+01 0.988560E+00 0.953200E+00 0.902720E+00 0.853840E+00 0.807920E+00 0.755520E+00 0.714480E+00 0.682720E+00 0.656640E+00 0.633120E+00 0.596080E+00 0.564080E+00 0.536400E+00 0.515440E+00 0.490640E+00 0.467120E+00 0.453440E+00 0.430160E+00 0.402000E+00 0.397360E+00 0.382960E+00 0.363360E+00 0.344720E+00 0.324960E+00 0.313520E+00 0.295680E+00 0.292400E+00 0.274320E+00 0.264160E+00 0.250880E+00 0.246720E+00 0.244080E+00 0.224880E+00 0.218560E+00 0.208560E+00 0.205200E+00 0.189840E+00 0.186400E+00 0.171680E+00 0.169360E+00 0.166560E+00 0.159440E+00 0.147920E+00 0.142480E+00 0.137520E+00 0.127760E+00 0.123360E+00 0.117920E+00 0.113040E+00 0.105280E+00 0.100160E+00 0.988800E-01 0.994400E-01 0.912800E-01 0.890400E-01 0.804000E-01 0.784800E-01 0.723200E-01 0.754400E-01 0.674400E-01 0.697600E-01 0.636800E-01 0.620000E-01 0.545600E-01 0.557600E-01 0.469600E-01 0.496800E-01 0.480000E-01 0.433600E-01 0.416800E-01 0.385600E-01 0.365600E-01 0.336800E-01 0.322400E-01 0.316800E-01 0.284000E-01 0.264800E-01 0.254400E-01 0.220000E-01 0.225600E-01 0.193600E-01 0.210400E-01 0.173600E-01 0.192800E-01 0.180000E-01 0.178400E-01 0.133600E-01 0.108000E-01 0.126400E-01 0.960000E-02 0.920000E-02 0.106400E-01 0.100800E-01 0.880000E-02 0.768000E-02 0.720000E-02 0.744000E-02 0.664000E-02 0.552000E-02 0.408000E-02 0.480000E-02 0.504000E-02 0.376000E-02 0.352000E-02 0.296000E-02 0.392000E-02 0.304000E-02 0.312000E-02 0.256000E-02 0.216000E-02 0.192000E-02 0.208000E-02 0.128000E-02 0.960000E-03 0.208000E-02 0.720000E-03 0.960000E-03 0.400000E-03 0.720000E-03 0.560000E-03 0.320000E-03 0.400000E-03 0.480000E-03 0.480000E-03 0.240000E-03 0.240000E-03 0.240000E-03 0.800000E-04 0.160000E-03 0.240000E-03 0.000000E+00 0.800000E-04 0.000000E+00 0.160000E-03 0.800000E-04 0.000000E+00 0.800000E-04 0.000000E+00 0.000000E+00 0.800000E-04 0.000000E+00 0.000000E+00 0.000000E+00 0.000000E+00 0.000000E+00 0.000000E+00 0.000000E+00 0.000000E+00 0.000000E+00 0.000000E+00 0.000000E+00 0.000000E+00 0.000000E+00 0.000000E+00 0.000000E+00 0.000000E+00 0.000000E+00 0.000000E+00 0.000000E+00 0.000000E+00 0.000000E+00 0.000000E+00 0.000000E+00 0.000000E+00 0.000000E+00 0.000000E+00 0.000000E+00 0.000000E+00 0.000000E+00 0.000000E+00 0.000000E+00 0.000000E+00 0.000000E+00 0.000000E+00 0.000000E+00 0.000000E+00 0.000000E+00 0.000000E+00 0.000000E+00 0.000000E+00 0.000000E+00 0.000000E+00 0.000000E+00 0.000000E+00 0.000000E+00 0.000000E+00
 0.166536E+01 0.199264E+01 0.196216E+01 0.185808E+01 0.178432E+01 0.168128E+01 0.156928E+01 0.150000E+01 0.141848E+01 0.135608E+01 0.125768E+01 0.117856E+01 0.113224E+01 0.105232E+01 0.101440E+01 0.940400E+00 0.898480E+00 0.839440E+00 0.810640E+00 0.762560E+00 0.727040E+00 0.692400E+00 0.644880E+00 0.625280E+00 0.595120E+00 0.564320E+00 0.545760E+00 0.504960E+00 0.482640E+00 0.477600E+00 0.456000E+00 0.427040E+00 0.410160E+00 0.389680E+00 0.387120E+00 0.354320E+00 0.343520E+00 0.327280E+00 0.311920E+00 0.296720E+00 0.297200E+00 0.267520E+00 0.267360E+00 0.271600E+00 0.249120E+00 0.233040E+00 0.234320E+00 0.216640E+00 0.212240E+00 0.200400E+00 0.184480E+00 0.186160E+00 0.169440E+00 0.174960E+00 0.164560E+00 0.156800E+00 0.149200E+00 0.140960E+00 0.135360E+00 0.128160E+00 0.126720E+00 0.121680E+00 0.118720E+00 0.109280E+00 0.994400E-01 0.955200E-01 0.937600E-01 0.864800E-01 0.913600E-01 0.830400E-01 0.819200E-01 0.767200E-01 0.724000E-01 0.710400E-01 0.630400E-01 0.625600E-01 0.596800E-01 0.579200E-01 0.562400E-01 0.523200E-01 0.474400E-01 0.444000E-01 0.419200E-01 0.408000E-01 0.382400E-01 0.379200E-01 0.336000E-01 0.352000E-01 0.290400E-01 0.279200E-01 0.250400E-01 0.287200E-01 0.264000E-01 0.235200E-01 0.215200E-01 0.231200E-01 0.201600E-01 0.169600E-01 0.140000E-01 0.147200E-01 0.148000E-01 0.130400E-01 0.142400E-01 0.106400E-01 0.109600E-01 0.100800E-01 0.784000E-02 0.920000E-02 0.688000E-02 0.776000E-02 0.616000E-02 0.736000E-02 0.632000E-02 0.536000E-02 0.544000E-02 0.520000E-02 0.384000E-02 0.376000E-02 0.320000E-02 0.248000E-02 0.248000E-02 0.248000E-02 0.224000E-02 0.192000E-02 0.104000E-02 0.160000E-02 0.152000E-02 0.184000E-02 0.960000E-03 0.960000E-03 0.128000E-02 0.560000E-03 0.800000E-03 0.800000E-03 0.480000E-03 0.000000E+00 0.400000E-03 0.480000E-03 0.560000E-03 0.240000E-03 0.240000E-03 0.800000E-04 0.000000E+00 0.800000E-04 0.160000E-03 0.800000E-04 0.800000E-04 0.000000E+00 0.800000E-04 0.000000E+00 0.000000E+00 0.000000E+00 0.000000E+00 0.000000E+00 0.000000E+00 0.000000E+00 0.000000E+00 0.000000E+00 0.000000E+00 0.000000E+00 0.000000E+00 0.000000E+00 0.000000E+00 0.000000E+00 0.000000E+00 0.000000E+00 0.000000E+00 0.000000E+00 0.000000E+00 0.000000E+00 0.000000E+00 0.000000E+00 0.000000E+00 0.000000E+00 0.000000E+00 0.000000E+00 0.000000E+00 0.000000E+00 0.000000E+00 0.000000E+00 0.000000E+00 0.000000E+00 0.000000E+00 0.000000E+00 0.000000E+00 0.000000E+00 0.000000E+00 0.000000E+00 0.000000E+00 0.000000E+00 0.000000E+00 0.000000E+00 0.000000E+00 0.000000E+00 0.000000E+00 0.000000E+00 0.000000E+00 0.000000E+00 0.000000E+00 0.000000E+00
 0.608720E+00 0.743360E+00 0.720800E+00 0.705200E+00 0.675920E+00 0.650720E+00 0.629040E+00 0.604640E+00 0.577520E+00 0.566400E+00 0.521840E+00 0.499440E+00 0.494080E+00 0.466320E+00 0.448720E+00 0.429360E+00 0.411760E+00 0.383440E+00 0.373120E+00 0.353360E+00 0.340960E+00 0.318480E+00 0.302160E+00 0.299840E+00 0.281120E+00 0.263680E+00 0.252720E+00 0.229520E+00 0.230240E+00 0.214000E+00 0.206080E+00 0.197360E+00 0.182720E+00 0.174640E+00 0.154880E+00 0.158800E+00 0.147760E+00 0.143040E+00 0.129120E+00 0.122160E+00 0.115360E+00 0.102400E+00 0.100720E+00 0.862400E-01 0.971200E-01 0.832800E-01 0.866400E-01 0.747200E-01 0.704000E-01 0.636800E-01 0.577600E-01 0.574400E-01 0.521600E-01 0.440000E-01 0.452000E-01 0.394400E-01 0.373600E-01 0.368800E-01 0.305600E-01 0.298400E-01 0.281600E-01 0.274400E-01 0.211200E-01 0.233600E-01 0.195200E-01 0.176000E-01 0.158400E-01 0.149600E-01 0.135200E-01 0.125600E-01 0.100000E-01 0.952000E-02 0.936000E-02 0.944000E-02 0.696000E-02 0.704000E-02 0.608000E-02 0.472000E-02 0.432000E-02 0.440000E-02 0.512000E-02 0.304000E-02 0.304000E-02 0.256000E-02 0.264000E-02 0.168000E-02 0.192000E-02 0.168000E-02 0.120000E-02 0.240000E-02 0.960000E-03 0.128000E-02 0.136000E-02 0.960000E-03 0.104000E-02 0.800000E-03 0.640000E-03 0.320000E-03 0.400000E-03 0.560000E-03 0.640000E-03 0.560000E-03 0.800000E-04 0.400000E-03 0.400000E-03 0.240000E-03 0.240000E-03 0.800000E-04 0.240000E-03 0.240000E-03 0.240000E-03 0.800000E-04 0.000000E+00 0.800000E-04 0.320000E-03 0.240000E-03 0.000000E+00 0.000000E+00 0.240000E-03 0.000000E+00 0.000000E+00 0.000000E+00 0.800000E-04 0.000000E+00 0.000000E+00 0.800000E-04 0.000000E+00 0.000000E+00 0.000000E+00 0.000000E+00 0.000000E+00 0.000000E+00 0.000000E+00 0.000000E+00 0.000000E+00 0.000000E+00 0.000000E+00 0.000000E+00 0.000000E+00 0.000000E+00 0.000000E+00 0.000000E+00 0.000000E+00 0.000000E+00 0.000000E+00 0.000000E+00 0.000000E+00 0.000000E+00 0.000000E+00 0.000000E+00 0.000000E+00 0.000000E+00 0.000000E+00 0.000000E+00 0.000000E+00 0.000000E+00 0.000000E+00 0.000000E+00 0.000000E+00 0.000000E+00 0.000000E+00 0.000000E+00 0.000000E+00 0.000000E+00 0.000000E+00 0.000000E+00 0.000000E+00 0.000000E+00 0.000000E+00 0.000000E+00 0.000000E+00 0.000000E+00 0.000000E+00 0.000000E+00 0.000000E+00 0.000000E+00 0.000000E+00 0.000000E+00 0.000000E+00 0.000000E+00 0.000000E+00 0.000000E+00 0.000000E+00 0.000000E+00 0.000000E+00 0.000000E+00 0.000000E+00 0.000000E+00 0.000000E+00 0.000000E+00 0.000000E+00 0.000000E+00 0.000000E+00 0.000000E+00 0.000000E+00 0.000000E+00 0.000000E+00 0.000000E+00 0.000000E+00 0.000000E+00
 0.606480E+00 0.745120E+00 0.732880E+00 0.699280E+00 0.679520E+00 0.660800E+00 0.641920E+00 0.605040E+00 0.577760E+00 0.558160E+00 0.532960E+00 0.502160E+00 0.477280E+00 0.459840E+00 0.451040E+00 0.433440E+00 0.401760E+00 0.388640E+00 0.375520E+00 0.350080E+00 0.339040E+00 0.317760E+00 0.307920E+00 0.292800E+00 0.273840E+00 0.267360E+00 0.243360E+00 0.230880E+00 0.217040E+00 0.222560E+00 0.205120E+00 0.189360E+00 0.185040E+00 0.170560E+00 0.163040E+00 0.152080E+00 0.146560E+00 0.139040E+00 0.133360E+00 0.124000E+00 0.114080E+00 0.107360E+00 0.103760E+00 0.932800E-01 0.960800E-01 0.843200E-01 0.800000E-01 0.740000E-01 0.674400E-01 0.648800E-01 0.603200E-01 0.531200E-01 0.536800E-01 0.430400E-01 0.452000E-01 0.406400E-01 0.379200E-01 0.368000E-01 0.336800E-01 0.322400E-01 0.276000E-01 0.237600E-01 0.250400E-01 0.229600E-01 0.194400E-01 0.183200E-01 0.166400E-01 0.146400E-01 0.139200E-01 0.116000E-01 0.832000E-02 0.111200E-01 0.944000E-02 0.832000E-02 0.720000E-02 0.776000E-02 0.600000E-02 0.608000E-02 0.424000E-02 0.416000E-02 0.456000E-02 0.304000E-02 0.240000E-02 0.360000E-02 0.280000E-02 0.192000E-02 0.256000E-02 0.152000E-02 0.208000E-02 0.128000E-02 0.120000E-02 0.144000E-02 0.800000E-03 0.960000E-03 0.880000E-03 0.560000E-03 0.640000E-03 0.104000E-02 0.560000E-03 0.560000E-03 0.320000E-03 0.560000E-03 0.320000E-03 0.720000E-03 0.320000E-03 0.400000E-03 0.320000E-03 0.240000E-03 0.160000E-03 0.000000E+00 0.160000E-03 0.240000E-03 0.160000E-03 0.160000E-03 0.800000E-04 0.240000E-03 0.160000E-03 0.000000E+00 0.000000E+00 0.160000E-03 0.800000E-04 0.800000E-04 0.800000E-04 0.000000E+00 0.000000E+00 0.000000E+00 0.000000E+00 0.000000E+00 0.000000E+00 0.000000E+00 0.000000E+00 0.000000E+00 0.000000E+00 0.800000E-04 0.000000E+00 0.000000E+00 0.000000E+00 0.000000E+00 0.000000E+00 0.000000E+00 0.000000E+00 0.000000E+00 0.000000E+00 0.000000E+00 0.000000E+00 0.000000E+00 0.000000E+00 0.000000E+00 0.000000E+00 0.000000E+00 0.000000E+00 0.000000E+00 0.000000E+00 0.000000E+00 0.000000E+00 0.000000E+00 0.000000E+00 0.000000E+00 0.000000E+00 0.000000E+00 0.000000E+00 0.000000E+00 0.000000E+00 0.000000E+00 0.000000E+00 0.000000E+00 0.000000E+00 0.000000E+00 0.000000E+00 0.000000E+00 0.000000E+00 0.000000E+00 0.000000E+00 0.000000E+00 0.000000E+00 0.000000E+00 0.000000E+00 0.000000E+00 0.000000E+00 0.000000E+00 0.000000E+00 0.000000E+00 0.000000E+00 0.000000E+00 0.000000E+00 0.000000E+00 0.000000E+00 0.000000E+00 0.000000E+00 0.000000E+00 0.000000E+00 0.000000E+00 0.000000E+00 0.000000E+00 0.000000E+00 0.000000E+00 0.000000E+00 0.000000E+00 0.000000E+00 0.000000E+00
 0.164408E+01 0.200592E+01 0.192072E+01 0.185696E+01 0.176376E+01 0.166832E+01 0.157688E+01 0.148728E+01 0.139640E+01 0.132328E+01 0.123240E+01 0.117328E+01 0.110736E+01 0.105280E+01 0.984640E+00 0.940240E+00 0.874000E+00 0.843440E+00 0.804640E+00 0.744960E+00 0.715200E+00 0.691040E+00 0.645440E+00 0.603280E+00 0.563120E+00 0.551760E+00 0.514960E+00 0.491280E+00 0.474160E+00 0.449920E+00 0.440400E+00 0.408160E+00 0.389680E+00 0.375280E+00 0.351600E+00 0.341840E+00 0.331120E+00 0.317760E+00 0.301360E+00 0.287360E+00 0.281840E+00 0.263600E+00 0.242320E+00 0.239200E+00 0.225200E+00 0.216160E+00 0.215840E+00 0.204080E+00 0.189280E+00 0.182160E+00 0.175680E+00 0.166080E+00 0.162080E+00 0.156000E+00 0.140640E+00 0.142800E+00 0.136160E+00 0.125040E+00 0.122160E+00 0.120480E+00 0.110960E+00 0.113840E+00 0.106000E+00 0.991200E-01 0.900000E-01 0.868000E-01 0.868800E-01 0.829600E-01 0.809600E-01 0.740800E-01 0.668800E-01 0.672800E-01 0.642400E-01 0.582400E-01 0.577600E-01 0.529600E-01 0.540800E-01 0.479200E-01 0.485600E-01 0.437600E-01 0.421600E-01 0.401600E-01 0.369600E-01 0.356800E-01 0.340000E-01 0.328000E-01 0.332800E-01 0.268000E-01 0.258400E-01 0.269600E-01 0.222400E-01 0.215200E-01 0.220000E-01 0.198400E-01 0.178400E-01 0.180000E-01 0.146400E-01 0.155200E-01 0.144800E-01 0.119200E-01 0.109600E-01 0.976000E-02 0.116000E-01 0.112000E-01 0.784000E-02 0.800000E-02 0.904000E-02 0.760000E-02 0.728000E-02 0.536000E-02 0.680000E-02 0.544000E-02 0.600000E-02 0.416000E-02 0.464000E-02 0.344000E-02 0.400000E-02 0.408000E-02 0.280000E-02 0.328000E-02 0.256000E-02 0.232000E-02 0.208000E-02 0.136000E-02 0.152000E-02 0.136000E-02 0.128000E-02 0.800000E-03 0.960000E-03 0.640000E-03 0.800000E-03 0.160000E-03 0.480000E-03 0.400000E-03 0.320000E-03 0.560000E-03 0.400000E-03 0.400000E-03 0.240000E-03 0.400000E-03 0.160000E-03 0.320000E-03 0.000000E+00 0.000000E+00 0.160000E-03 0.800000E-04 0.000000E+00 0.800000E-04 0.160000E-03 0.000000E+00 0.000000E+00 0.800000E-04 0.000000E+00 0.000000E+00 0.000000E+00 0.000000E+00 0.000000E+00 0.000000E+00 0.000000E+00 0.000000E+00 0.000000E+00 0.000000E+00 0.000000E+00 0.000000E+00 0.000000E+00 0.000000E+00 0.000000E+00 0.000000E+00 0.000000E+00 0.000000E+00 0.000000E+00 0.000000E+00 0.000000E+00 0.000000E+00 0.000000E+00 0.000000E+00 0.000000E+00 0.000000E+00 0.000000E+00 0.000000E+00 0.000000E+00 0.000000E+00 0.000000E+00 0.000000E+00 0.000000E+00 0.000000E+00 0.000000E+00 0.000000E+00 0.000000E+00 0.000000E+00 0.000000E+00 0.000000E+00 0.000000E+00 0.000000E+00 0.000000E+00 0.000000E+00 0.000000E+00 0.000000E+00 0.000000E+00 0.000000E+00
 0.165824E+01 0.196368E+01 0.194312E+01 0.182536E+01 0.175784E+01 0.167920E+01 0.157016E+01 0.147880E+01 0.138752E+01 0.130968E+01 0.124600E+01 0.117904E+01 0.111232E+01 0.105720E+01 0.989200E+00 0.940880E+00 0.879200E+00 0.850480E+00 0.812880E+00 0.760160E+00 0.716240E+00 0.679520E+00 0.652960E+00 0.620480E+00 0.576160E+00 0.553200E+00 0.531440E+00 0.520320E+00 0.479840E+00 0.463120E+00 0.438800E+00 0.425600E+00 0.397120E+00 0.380400E+00 0.370240E+00 0.345520E+00 0.331120E+00 0.313520E+00 0.313920E+00 0.291600E+00 0.287360E+00 0.278720E+00 0.257520E+00 0.247040E+00 0.230160E+00 0.226800E+00 0.224480E+00 0.199120E+00 0.198320E+00 0.187200E+00 0.185680E+00 0.178080E+00 0.169760E+00 0.157600E+00 0.151840E+00 0.142880E+00 0.140160E+00 0.133440E+00 0.128720E+00 0.128400E+00 0.116320E+00 0.112560E+00 0.104320E+00 0.988000E-01 0.971200E-01 0.904000E-01 0.851200E-01 0.909600E-01 0.815200E-01 0.807200E-01 0.752800E-01 0.689600E-01 0.664000E-01 0.694400E-01 0.568000E-01 0.552000E-01 0.581600E-01 0.536000E-01 0.516000E-01 0.480000E-01 0.460800E-01 0.424800E-01 0.419200E-01 0.420800E-01 0.375200E-01 0.328800E-01 0.350400E-01 0.293600E-01 0.277600E-01 0.287200E-01 0.259200E-01 0.236800E-01 0.215200E-01 0.218400E-01 0.204800E-01 0.185600E-01 0.181600E-01 0.172800E-01 0.156000E-01 0.162400E-01 0.143200E-01 0.128800E-01 0.116000E-01 0.101600E-01 0.103200E-01 0.104000E-01 0.776000E-02 0.712000E-02 0.640000E-02 0.560000E-02 0.616000E-02 0.632000E-02 0.488000E-02 0.504000E-02 0.480000E-02 0.344000E-02 0.304000E-02 0.416000E-02 0.328000E-02 0.296000E-02 0.256000E-02 0.272000E-02 0.192000E-02 0.184000E-02 0.152000E-02 0.144000E-02 0.960000E-03 0.144000E-02 0.120000E-02 0.720000E-03 0.640000E-03 0.960000E-03 0.720000E-03 0.720000E-03 0.160000E-03 0.160000E-03 0.400000E-03 0.240000E-03 0.400000E-03 0.320000E-03 0.000000E+00 0.160000E-03 0.160000E-03 0.800000E-04 0.000000E+00 0.000000E+00 0.000000E+00 0.000000E+00 0.000000E+00 0.000000E+00 0.800000E-04 0.000000E+00 0.000000E+00 0.000000E+00 0.000000E+00 0.000000E+00 0.000000E+00 0.000000E+00 0.000000E+00 0.000000E+00 0.000000E+00 0.000000E+00 0.000000E+00 0.000000E+00 0.000000E+00 0.000000E+00 0.000000E+00 0.000000E+00 0.000000E+00 0.000000E+00 0.000000E+00 0.000000E+00 0.000000E+00 0.000000E+00 0.000000E+00 0.000000E+00 0.000000E+00 0.000000E+00 0.000000E+00 0.000000E+00 0.000000E+00 0.000000E+00 0.000000E+00 0.000000E+00 0.000000E+00 0.000000E+00 0.000000E+00 0.000000E+00 0.000000E+00 0.000000E+00 0.000000E+00 0.000000E+00 0.000000E+00 0.000000E+00 0.000000E+00 0.000000E+00 0.000000E+00 0.000000E+00 0.000000E+00 0.000000E+00
 0.166528E+01 0.200456E+01 0.194936E+01 0.185200E+01 0.175944E+01 0.166712E+01 0.158048E+01 0.148424E+01 0.142464E+01 0.132440E+01 0.122752E+01 0.118280E+01 0.111552E+01 0.103816E+01 0.972800E+00 0.934160E+00 0.882880E+00 0.835600E+00 0.785920E+00 0.736960E+00 0.693600E+00 0.662560E+00 0.636480E+00 0.613920E+00 0.576000E+00 0.543680E+00 0.517200E+00 0.493440E+00 0.471520E+00 0.448640E+00 0.433280E+00 0.412080E+00 0.385520E+00 0.378160E+00 0.362400E+00 0.340400E+00 0.325040E+00 0.305120E+00 0.295760E+00 0.276640E+00 0.275600E+00 0.259760E+00 0.247600E+00 0.232800E+00 0.228880E+00 0.226320E+00 0.210080E+00 0.204800E+00 0.192880E+00 0.190160E+00 0.175520E+00 0.172240E+00 0.157840E+00 0.154480E+00 0.151040E+00 0.147280E+00 0.134400E+00 0.126960E+00 0.122400E+00 0.116880E+00 0.109280E+00 0.106240E+00 0.102240E+00 0.948800E-01 0.886400E-01 0.895200E-01 0.876800E-01 0.816800E-01 0.800000E-01 0.700800E-01 0.682400E-01 0.644000E-01 0.670400E-01 0.602400E-01 0.616000E-01 0.565600E-01 0.540000E-01 0.478400E-01 0.480800E-01 0.420800E-01 0.437600E-01 0.416800E-01 0.383200E-01 0.360800E-01 0.320800E-01 0.318400E-01 0.290400E-01 0.268000E-01 0.271200E-01 0.245600E-01 0.225600E-01 0.225600E-01 0.188800E-01 0.184800E-01 0.161600E-01 0.175200E-01 0.144000E-01 0.160000E-01 0.148000E-01 0.143200E-01 0.119200E-01 0.888000E-02 0.104000E-01 0.784000E-02 0.768000E-02 0.888000E-02 0.816000E-02 0.784000E-02 0.648000E-02 0.608000E-02 0.544000E-02 0.624000E-02 0.440000E-02 0.320000E-02 0.400000E-02 0.400000E-02 0.328000E-02 0.272000E-02 0.224000E-02 0.328000E-02 0.248000E-02 0.272000E-02 0.192000E-02 0.200000E-02 0.160000E-02 0.176000E-02 0.960000E-03 0.720000E-03 0.192000E-02 0.640000E-03 0.640000E-03 0.400000E-03 0.480000E-03 0.400000E-03 0.240000E-03 0.400000E-03 0.320000E-03 0.240000E-03 0.240000E-03 0.160000E-03 0.240000E-03 0.800000E-04 0.160000E-03 0.160000E-03 0.000000E+00 0.000000E+00 0.000000E+00 0.160000E-03 0.800000E-04 0.000000E+00 0.800000E-04 0.000000E+00 0.000000E+00 0.000000E+00 0.000000E+00 0.000000E+00 0.000000E+00 0.000000E+00 0.000000E+00 0.000000E+00 0.000000E+00 0.000000E+00 0.000000E+00 0.000000E+00 0.000000E+00 0.000000E+00 0.000000E+00 0.000000E+00 0.000000E+00 0.000000E+00 0.000000E+00 0.000000E+00 0.000000E+00 0.000000E+00 0.000000E+00 0.000000E+00 0.000000E+00 0.000000E+00 0.000000E+00 0.000000E+00 0.000000E+00 0.000000E+00 0.000000E+00 0.000000E+00 0.000000E+00 0.000000E+00 0.000000E+00 0.000000E+00 0.000000E+00 0.000000E+00 0.000000E+00 0.000000E+00 0.000000E+00 0.000000E+00 0.000000E+00 0.000000E+00 0.000000E+00 0.000000E+00 0.000000E+00 0.000000E+00
 0.166464E+01 0.199200E+01 0.195824E+01 0.185584E+01 0.178256E+01 0.167856E+01 0.156368E+01 0.149344E+01 0.141344E+01 0.134544E+01 0.124752E+01 0.116880E+01 0.112128E+01 0.104232E+01 0.100232E+01 0.929200E+00 0.887680E+00 0.829040E+00 0.798160E+00 0.749600E+00 0.715760E+00 0.680800E+00 0.633760E+00 0.610080E+00 0.582720E+00 0.552160E+00 0.533120E+00 0.493120E+00 0.470880E+00 0.466320E+00 0.443760E+00 0.414320E+00 0.398320E+00 0.377120E+00 0.374880E+00 0.342000E+00 0.333040E+00 0.315840E+00 0.298320E+00 0.287120E+00 0.287120E+00 0.258080E+00 0.258640E+00 0.261040E+00 0.238560E+00 0.221840E+00 0.225440E+00 0.207040E+00 0.201680E+00 0.190400E+00 0.176720E+00 0.177760E+00 0.161600E+00 0.164720E+00 0.156000E+00 0.148400E+00 0.141920E+00 0.133280E+00 0.126080E+00 0.121200E+00 0.119920E+00 0.115760E+00 0.111840E+00 0.102480E+00 0.942400E-01 0.901600E-01 0.874400E-01 0.806400E-01 0.861600E-01 0.769600E-01 0.754400E-01 0.716800E-01 0.660000E-01 0.666400E-01 0.592800E-01 0.572800E-01 0.552000E-01 0.534400E-01 0.508000E-01 0.483200E-01 0.434400E-01 0.407200E-01 0.389600E-01 0.366400E-01 0.355200E-01 0.351200E-01 0.302400E-01 0.316000E-01 0.264800E-01 0.245600E-01 0.227200E-01 0.248000E-01 0.240800E-01 0.215200E-01 0.194400E-01 0.212800E-01 0.179200E-01 0.154400E-01 0.121600E-01 0.131200E-01 0.132800E-01 0.116800E-01 0.127200E-01 0.960000E-02 0.992000E-02 0.904000E-02 0.664000E-02 0.824000E-02 0.632000E-02 0.696000E-02 0.536000E-02 0.648000E-02 0.536000E-02 0.496000E-02 0.520000E-02 0.432000E-02 0.312000E-02 0.312000E-02 0.256000E-02 0.216000E-02 0.224000E-02 0.224000E-02 0.192000E-02 0.168000E-02 0.880000E-03 0.144000E-02 0.128000E-02 0.168000E-02 0.960000E-03 0.880000E-03 0.128000E-02 0.480000E-03 0.560000E-03 0.720000E-03 0.400000E-03 0.000000E+00 0.400000E-03 0.480000E-03 0.480000E-03 0.240000E-03 0.240000E-03 0.800000E-04 0.000000E+00 0.800000E-04 0.160000E-03 0.800000E-04 0.800000E-04 0.000000E+00 0.800000E-04 0.000000E+00 0.000000E+00 0.000000E+00 0.000000E+00 0.000000E+00 0.000000E+00 0.000000E+00 0.000000E+00 0.000000E+00 0.000000E+00 0.000000E+00 0.000000E+00 0.000000E+00 0.000000E+00 0.000000E+00 0.000000E+00 0.000000E+00 0.000000E+00 0.000000E+00 0.000000E+00 0.000000E+00 0.000000E+00 0.000000E+00 0.000000E+00 0.000000E+00 0.000000E+00 0.000000E+00 0.000000E+00 0.000000E+00 0.000000E+00 0.000000E+00 0.000000E+00 0.000000E+00 0.000000E+00 0.000000E+00 0.000000E+00 0.000000E+00 0.000000E+00 0.000000E+00 0.000000E+00 0.000000E+00 0.000000E+00 0.000000E+00 0.000000E+00 0.000000E+00 0.000000E+00 0.000000E+00 0.000000E+00 0.000000E+00 0.000000E+00 0.000000E+00
 0.625360E+00 0.758480E+00 0.725920E+00 0.709360E+00 0.685440E+00 0.659680E+00 0.637920E+00 0.610480E+00 0.583120E+00 0.569520E+00 0.525120E+00 0.502800E+00 0.496000E+00 0.469200E+00 0.451840E+00 0.430400E+00 0.413040E+00 0.384000E+00 0.372320E+00 0.353120E+00 0.341200E+00 0.317120E+00 0.303840E+00 0.298880E+00 0.279280E+00 0.262480E+00 0.250800E+00 0.226880E+00 0.227600E+00 0.211520E+00 0.202560E+00 0.195200E+00 0.180880E+00 0.172240E+00 0.153040E+00 0.157040E+00 0.145600E+00 0.140560E+00 0.126800E+00 0.119360E+00 0.111440E+00 0.100080E+00 0.984800E-01 0.846400E-01 0.940800E-01 0.815200E-01 0.840000E-01 0.710400E-01 0.683200E-01 0.611200E-01 0.559200E-01 0.556800E-01 0.500000E-01 0.420800E-01 0.436000E-01 0.380800E-01 0.357600E-01 0.352800E-01 0.295200E-01 0.287200E-01 0.268800E-01 0.255200E-01 0.195200E-01 0.216800E-01 0.180000E-01 0.160800E-01 0.149600E-01 0.141600E-01 0.122400E-01 0.117600E-01 0.952000E-02 0.888000E-02 0.920000E-02 0.896000E-02 0.656000E-02 0.640000E-02 0.568000E-02 0.424000E-02 0.416000E-02 0.424000E-02 0.448000E-02 0.264000E-02 0.288000E-02 0.232000E-02 0.248000E-02 0.176000E-02 0.168000E-02 0.168000E-02 0.104000E-02 0.208000E-02 0.880000E-03 0.120000E-02 0.128000E-02 0.800000E-03 0.960000E-03 0.640000E-03 0.640000E-03 0.240000E-03 0.320000E-03 0.560000E-03 0.560000E-03 0.480000E-03 0.800000E-04 0.320000E-03 0.400000E-03 0.240000E-03 0.240000E-03 0.800000E-04 0.800000E-04 0.240000E-03 0.160000E-03 0.000000E+00 0.000000E+00 0.800000E-04 0.320000E-03 0.240000E-03 0.000000E+00 0.000000E+00 0.800000E-04 0.000000E+00 0.000000E+00 0.000000E+00 0.000000E+00 0.000000E+00 0.000000E+00 0.800000E-04 0.000000E+00 0.000000E+00 0.000000E+00 0.000000E+00 0.000000E+00 0.000000E+00 0.000000E+00 0.000000E+00 0.000000E+00 0.000000E+00 0.000000E+00 0.000000E+00 0.000000E+00 0.000000E+00 0.000000E+00 0.000000E+00 0.000000E+00 0.000000E+00 0.000000E+00 0.000000E+00 0.000000E+00 0.000000E+00 0.000000E+00 0.000000E+00 0.000000E+00 0.000000E+00 0.000000E+00 0.000000E+00 0.000000E+00 0.000000E+00 0.000000E+00 0.000000E+00 0.000000E+00 0.000000E+00 0.000000E+00 0.000000E+00 0.000000E+00 0.000000E+00 0.000000E+00 0.000000E+00 0.000000E+00 0.000000E+00 0.000000E+00 0.000000E+00 0.000000E+00 0.000000E+00 0.000000E+00 0.000000E+00 0.000000E+00 0.000000E+00 0.000000E+00 0.000000E+00 0.000000E+00 0.000000E+00 0.000000E+00 0.000000E+00 0.000000E+00 0.000000E+00 0.000000E+00 0.000000E+00 0.000000E+00 0.000000E+00 0.000000E+00 0.000000E+00 0.000000E+00 0.000000E+00 0.000000E+00 0.000000E+00 0.000000E+00 0.000000E+00 0.000000E+00 0.000000E+00 0.000000E+00 0.000000E+00
 0.614160E+00 0.752320E+00 0.734320E+00 0.702560E+00 0.684160E+00 0.665840E+00 0.645840E+00 0.608480E+00 0.581600E+00 0.559440E+00 0.534400E+00 0.504000E+00 0.478640E+00 0.462720E+00 0.452240E+00 0.434320E+00 0.402720E+00 0.390160E+00 0.375920E+00 0.350480E+00 0.340400E+00 0.318560E+00 0.308080E+00 0.293920E+00 0.273760E+00 0.266400E+00 0.242480E+00 0.230480E+00 0.216240E+00 0.221120E+00 0.203600E+00 0.187680E+00 0.184560E+00 0.169360E+00 0.162480E+00 0.149120E+00 0.144160E+00 0.137520E+00 0.132000E+00 0.121920E+00 0.111840E+00 0.106400E+00 0.102240E+00 0.918400E-01 0.945600E-01 0.833600E-01 0.783200E-01 0.730400E-01 0.651200E-01 0.626400E-01 0.598400E-01 0.517600E-01 0.532000E-01 0.411200E-01 0.440800E-01 0.395200E-01 0.366400E-01 0.358400E-01 0.328000E-01 0.309600E-01 0.265600E-01 0.232000E-01 0.241600E-01 0.220000E-01 0.188800E-01 0.176800E-01 0.162400E-01 0.140800E-01 0.136000E-01 0.107200E-01 0.840000E-02 0.105600E-01 0.904000E-02 0.824000E-02 0.712000E-02 0.744000E-02 0.568000E-02 0.600000E-02 0.384000E-02 0.400000E-02 0.432000E-02 0.296000E-02 0.232000E-02 0.344000E-02 0.288000E-02 0.176000E-02 0.240000E-02 0.152000E-02 0.208000E-02 0.120000E-02 0.112000E-02 0.136000E-02 0.640000E-03 0.800000E-03 0.880000E-03 0.560000E-03 0.720000E-03 0.104000E-02 0.480000E-03 0.560000E-03 0.320000E-03 0.400000E-03 0.240000E-03 0.720000E-03 0.240000E-03 0.320000E-03 0.320000E-03 0.240000E-03 0.160000E-03 0.000000E+00 0.160000E-03 0.240000E-03 0.160000E-03 0.160000E-03 0.800000E-04 0.160000E-03 0.800000E-04 0.000000E+00 0.000000E+00 0.160000E-03 0.800000E-04 0.800000E-04 0.800000E-04 0.000000E+00 0.000000E+00 0.000000E+00 0.000000E+00 0.000000E+00 0.000000E+00 0.000000E+00 0.000000E+00 0.000000E+00 0.000000E+00 0.800000E-04 0.000000E+00 0.000000E+00 0.000000E+00 0.000000E+00 0.000000E+00 0.000000E+00 0.000000E+00 0.000000E+00 0.000000E+00 0.000000E+00 0.000000E+00 0.000000E+00 0.000000E+00 0.000000E+00 0.000000E+00 0.000000E+00 0.000000E+00 0.000000E+00 0.000000E+00 0.000000E+00 0.000000E+00 0.000000E+00 0.000000E+00 0.000000E+00 0.000000E+00 0.000000E+00 0.000000E+00 0.000000E+00 0.000000E+00 0.000000E+00 0.000000E+00 0.000000E+00 0.000000E+00 0.000000E+00 0.000000E+00 0.000000E+00 0.000000E+00 0.000000E+00 0.000000E+00 0.000000E+00 0.000000E+00 0.000000E+00 0.000000E+00 0.000000E+00 0.000000E+00 0.000000E+00 0.000000E+00 0.000000E+00 0.000000E+00 0.000000E+00 0.000000E+00 0.000000E+00 0.000000E+00 0.000000E+00 0.000000E+00 0.000000E+00 0.000000E+00 0.000000E+00 0.000000E+00 0.000000E+00 0.000000E+00 0.000000E+00 0.000000E+00 0.000000E+00 0.000000E+00 0.000000E+00
 0.164408E+01 0.200592E+01 0.192072E+01 0.185696E+01 0.176376E+01 0.166832E+01 0.157688E+01 0.148728E+01 0.139640E+01 0.132328E+01 0.123240E+01 0.117328E+01 0.110736E+01 0.105280E+01 0.984640E+00 0.940240E+00 0.874000E+00 0.843440E+00 0.804640E+00 0.744960E+00 0.715200E+00 0.691040E+00 0.645440E+00 0.603280E+00 0.563120E+00 0.551760E+00 0.514960E+00 0.491280E+00 0.474160E+00 0.449920E+00 0.440400E+00 0.408160E+00 0.389680E+00 0.375280E+00 0.351600E+00 0.341840E+00 0.331120E+00 0.317760E+00 0.301360E+00 0.287360E+00 0.281840E+00 0.263600E+00 0.242320E+00 0.239200E+00 0.225200E+00 0.216160E+00 0.215840E+00 0.204080E+00 0.189280E+00 0.182160E+00 0.175680E+00 0.166080E+00 0.162080E+00 0.156000E+00 0.140640E+00 0.142800E+00 0.136160E+00 0.125040E+00 0.122160E+00 0.120480E+00 0.110960E+00 0.113840E+00 0.106000E+00 0.991200E-01 0.900000E-01 0.868000E-01 0.868800E-01 0.829600E-01 0.809600E-01 0.740800E-01 0.668800E-01 0.672800E-01 0.642400E-01 0.582400E-01 0.577600E-01 0.529600E-01 0.540800E-01 0.479200E-01 0.485600E-01 0.437600E-01 0.421600E-01 0.401600E-01 0.369600E-01 0.356800E-01 0.340000E-01 0.328000E-01 0.332800E-01 0.268000E-01 0.258400E-01 0.269600E-01 0.222400E-01 0.215200E-01 0.220000E-01 0.198400E-01 0.178400E-01 0.180000E-01 0.146400E-01 0.155200E-01 0.144800E-01 0.119200E-01 0.109600E-01 0.976000E-02 0.116000E-01 0.112000E-01 0.784000E-02 0.800000E-02 0.904000E-02 0.760000E-02 0.728000E-02 0.536000E-02 0.680000E-02 0.544000E-02 0.600000E-02 0.416000E-02 0.464000E-02 0.344000E-02 0.400000E-02 0.408000E-02 0.280000E-02 0.328000E-02 0.256000E-02 0.232000E-02 0.208000E-02 0.136000E-02 0.152000E-02 0.136000E-02 0.128000E-02 0.800000E-03 0.960000E-03 0.640000E-03 0.800000E-03 0.160000E-03 0.480000E-03 0.400000E-03 0.320000E-03 0.560000E-03 0.400000E-03 0.400000E-03 0.240000E-03 0.400000E-03 0.160000E-03 0.320000E-03 0.000000E+00 0.000000E+00 0.160000E-03 0.800000E-04 0.000000E+00 0.800000E-04 0.160000E-03 0.000000E+00 0.000000E+00 0.800000E-04 0.000000E+00 0.000000E+00 0.000000E+00 0.000000E+00 0.000000E+00 0.000000E+00 0.000000E+00 0.000000E+00 0.000000E+00 0.000000E+00 0.000000E+00 0.000000E+00 0.000000E+00 0.000000E+00 0.000000E+00 0.000000E+00 0.000000E+00 0.000000E+00 0.000000E+00 0.000000E+00 0.000000E+00 0.000000E+00 0.000000E+00 0.000000E+00 0.000000E+00 0.000000E+00 0.000000E+00 0.000000E+00 0.000000E+00 0.000000E+00 0.000000E+00 0.000000E+00 0.000000E+00 0.000000E+00 0.000000E+00 0.000000E+00 0.000000E+00 0.000000E+00 0.000000E+00 0.000000E+00 0.000000E+00 0.000000E+00 0.000000E+00 0.000000E+00 0.000000E+00 0.000000E+00 0.000000E+00 0.000000E+00
 0.165824E+01 0.196368E+01 0.194312E+01 0.182536E+01 0.175784E+01 0.167920E+01 0.157016E+01 0.147880E+01 0.138752E+01 0.130968E+01 0.124600E+01 0.117904E+01 0.111232E+01 0.105720E+01 0.989200E+00 0.940880E+00 0.879200E+00 0.850480E+00 0.812880E+00 0.760160E+00 0.716240E+00 0.679520E+00 0.652960E+00 0.620480E+00 0.576160E+00 0.553200E+00 0.531440E+00 0.520320E+00 0.479840E+00 0.463120E+00 0.438800E+00 0.425600E+00 0.397120E+00 0.380400E+00 0.370240E+00 0.345520E+00 0.331120E+00 0.313520E+00 0.313920E+00 0.291600E+00 0.287360E+00 0.278720E+00 0.257520E+00 0.247040E+00 0.230160E+00 0.226800E+00 0.224480E+00 0.199120E+00 0.198320E+00 0.187200E+00 0.185680E+00 0.178080E+00 0.169760E+00 0.157600E+00 0.151840E+00 0.142880E+00 0.140160E+00 0.133440E+00 0.128720E+00 0.128400E+00 0.116320E+00 0.112560E+00 0.104320E+00 0.988000E-01 0.971200E-01 0.904000E-01 0.851200E-01 0.909600E-01 0.815200E-01 0.807200E-01 0.752800E-01 0.689600E-01 0.664000E-01 0.694400E-01 0.568000E-01 0.552000E-01 0.581600E-01 0.536000E-01 0.516000E-01 0.480000E-01 0.460800E-01 0.424800E-01 0.419200E-01 0.420800E-01 0.375200E-01 0.328800E-01 0.350400E-01 0.293600E-01 0.277600E-01 0.287200E-01 0.259200E-01 0.236800E-01 0.215200E-01 0.218400E-01 0.204800E-01 0.185600E-01 0.181600E-01 0.172800E-01 0.156000E-01 0.162400E-01 0.143200E-01 0.128800E-01 0.116000E-01 0.101600E-01 0.103200E-01 0.104000E-01 0.776000E-02 0.712000E-02 0.640000E-02 0.560000E-02 0.616000E-02 0.632000E-02 0.488000E-02 0.504000E-02 0.480000E-02 0.344000E-02 0.304000E-02 0.416000E-02 0.328000E-02 0.296000E-02 0.256000E-02 0.272000E-02 0.192000E-02 0.184000E-02 0.152000E-02 0.144000E-02 0.960000E-03 0.144000E-02 0.120000E-02 0.720000E-03 0.640000E-03 0.960000E-03 0.720000E-03 0.720000E-03 0.160000E-03 0.160000E-03 0.400000E-03 0.240000E-03 0.400000E-03 0.320000E-03 0.000000E+00 0.160000E-03 0.160000E-03 0.800000E-04 0.000000E+00 0.000000E+00 0.000000E+00 0.000000E+00 0.000000E+00 0.000000E+00 0.800000E-04 0.000000E+00 0.000000E+00 0.000000E+00 0.000000E+00 0.000000E+00 0.000000E+00 0.000000E+00 0.000000E+00 0.000000E+00 0.000000E+00 0.000000E+00 0.000000E+00 0.000000E+00 0.000000E+00 0.000000E+00 0.000000E+00 0.000000E+00 0.000000E+00 0.000000E+00 0.000000E+00 0.000000E+00 0.000000E+00 0.000000E+00 0.000000E+00 0.000000E+00 0.000000E+00 0.000000E+00 0.000000E+00 0.000000E+00 0.000000E+00 0.000000E+00 0.000000E+00 0.000000E+00 0.000000E+00 0.000000E+00 0.000000E+00 0.000000E+00 0.000000E+00 0.000000E+00 0.000000E+00 0.000000E+00 0.000000E+00 0.000000E+00 0.000000E+00 0.000000E+00 0.000000E+00 0.000000E+00 0.000000E+00 0.000000E+00
 0.166528E+01 0.200456E+01 0.194936E+01 0.185200E+01 0.175944E+01 0.166712E+01 0.158048E+01 0.148424E+01 0.142464E+01 0.132440E+01 0.122752E+01 0.118280E+01 0.111552E+01 0.103816E+01 0.972800E+00 0.934160E+00 0.882880E+00 0.835600E+00 0.785920E+00 0.736960E+00 0.693600E+00 0.662560E+00 0.636480E+00 0.613920E+00 0.576000E+00 0.543680E+00 0.517200E+00 0.493440E+00 0.471520E+00 0.448640E+00 0.433280E+00 0.412080E+00 0.385520E+00 0.378160E+00 0.362400E+00 0.340400E+00 0.325040E+00 0.305120E+00 0.295760E+00 0.276640E+00 0.275600E+00 0.259760E+00 0.247600E+00 0.232800E+00 0.228880E+00 0.226320E+00 0.210080E+00 0.204800E+00 0.192880E+00 0.190160E+00 0.175520E+00 0.172240E+00 0.157840E+00 0.154480E+00 0.151040E+00 0.147280E+00 0.134400E+00 0.126960E+00 0.122400E+00 0.116880E+00 0.109280E+00 0.106240E+00 0.102240E+00 0.948800E-01 0.886400E-01 0.895200E-01 0.876800E-01 0.816800E-01 0.800000E-01 0.700800E-01 0.682400E-01 0.644000E-01 0.670400E-01 0.602400E-01 0.616000E-01 0.565600E-01 0.540000E-01 0.478400E-01 0.480800E-01 0.420800E-01 0.437600E-01 0.416800E-01 0.383200E-01 0.360800E-01 0.320800E-01 0.318400E-01 0.290400E-01 0.268000E-01 0.271200E-01 0.245600E-01 0.225600E-01 0.225600E-01 0.188800E-01 0.184800E-01 0.161600E-01 0.175200E-01 0.144000E-01 0.160000E-01 0.148000E-01 0.143200E-01 0.119200E-01 0.888000E-02 0.104000E-01 0.784000E-02 0.768000E-02 0.888000E-02 0.816000E-02 0.784000E-02 0.648000E-02 0.608000E-02 0.544000E-02 0.624000E-02 0.440000E-02 0.320000E-02 0.400000E-02 0.400000E-02 0.328000E-02 0.272000E-02 0.224000E-02 0.328000E-02 0.248000E-02 0.272000E-02 0.192000E-02 0.200000E-02 0.160000E-02 0.176000E-02 0.960000E-03 0.720000E-03 0.192000E-02 0.640000E-03 0.640000E-03 0.400000E-03 0.480000E-03 0.400000E-03 0.240000E-03 0.400000E-03 0.320000E-03 0.240000E-03 0.240000E-03 0.160000E-03 0.240000E-03 0.800000E-04 0.160000E-03 0.160000E-03 0.000000E+00 0.000000E+00 0.000000E+00 0.160000E-03 0.800000E-04 0.000000E+00 0.800000E-04 0.000000E+00 0.000000E+00 0.000000E+00 0.000000E+00 0.000000E+00 0.000000E+00 0.000000E+00 0.000000E+00 0.000000E+00 0.000000E+00 0.000000E+00 0.000000E+00 0.000000E+00 0.000000E+00 0.000000E+00 0.000000E+00 0.000000E+00 0.000000E+00 0.000000E+00 0.000000E+00 0.000000E+00 0.000000E+00 0.000000E+00 0.000000E+00 0.000000E+00 0.000000E+00 0.000000E+00 0.000000E+00 0.000000E+00 0.000000E+00 0.000000E+00 0.000000E+00 0.000000E+00 0.000000E+00 0.000000E+00 0.000000E+00 0.000000E+00 0.000000E+00 0.000000E+00 0.000000E+00 0.000000E+00 0.000000E+00 0.000000E+00 0.000000E+00 0.000000E+00 0.000000E+00 0.000000E+00 0.000000E+00 0.000000E+00
 0.166464E+01 0.199200E+01 0.195824E+01 0.185584E+01 0.178256E+01 0.167856E+01 0.156368E+01 0.149344E+01 0.141344E+01 0.134544E+01 0.124752E+01 0.116880E+01 0.112128E+01 0.104232E+01 0.100232E+01 0.929200E+00 0.887680E+00 0.829040E+00 0.798160E+00 0.749600E+00 0.715760E+00 0.680800E+00 0.633760E+00 0.610080E+00 0.582720E+00 0.552160E+00 0.533120E+00 0.493120E+00 0.470880E+00 0.466320E+00 0.443760E+00 0.414320E+00 0.398320E+00 0.377120E+00 0.374880E+00 0.342000E+00 0.333040E+00 0.315840E+00 0.298320E+00 0.287120E+00 0.287120E+00 0.258080E+00 0.258640E+00 0.261040E+00 0.238560E+00 0.221840E+00 0.225440E+00 0.207040E+00 0.201680E+00 0.190400E+00 0.176720E+00 0.177760E+00 0.161600E+00 0.164720E+00 0.156000E+00 0.148400E+00 0.141920E+00 0.133280E+00 0.126080E+00 0.121200E+00 0.119920E+00 0.115760E+00 0.111840E+00 0.102480E+00 0.942400E-01 0.901600E-01 0.874400E-01 0.806400E-01 0.861600E-01 0.769600E-01 0.754400E-01 0.716800E-01 0.660000E-01 0.666400E-01 0.592800E-01 0.572800E-01 0.552000E-01 0.534400E-01 0.508000E-01 0.483200E-01 0.434400E-01 0.407200E-01 0.389600E-01 0.366400E-01 0.355200E-01 0.351200E-01 0.302400E-01 0.316000E-01 0.264800E-01 0.245600E-01 0.227200E-01 0.248000E-01 0.240800E-01 0.215200E-01 0.194400E-01 0.212800E-01 0.179200E-01 0.154400E-01 0.121600E-01 0.131200E-01 0.132800E-01 0.116800E-01 0.127200E-01 0.960000E-02 0.992000E-02 0.904000E-02 0.664000E-02 0.824000E-02 0.632000E-02 0.696000E-02 0.536000E-02 0.648000E-02 0.536000E-02 0.496000E-02 0.520000E-02 0.432000E-02 0.312000E-02 0.312000E-02 0.256000E-02 0.216000E-02 0.224000E-02 0.224000E-02 0.192000E-02 0.168000E-02 0.880000E-03 0.144000E-02 0.128000E-02 0.168000E-02 0.960000E-03 0.880000E-03 0.128000E-02 0.480000E-03 0.560000E-03 0.720000E-03 0.400000E-03 0.000000E+00 0.400000E-03 0.480000E-03 0.480000E-03 0.240000E-03 0.240000E-03 0.800000E-04 0.000000E+00 0.800000E-04 0.160000E-03 0.800000E-04 0.800000E-04 0.000000E+00 0.800000E-04 0.000000E+00 0.000000E+00 0.000000E+00 0.000000E+00 0.000000E+00 0.000000E+00 0.000000E+00 0.000000E+00 0.000000E+00 0.000000E+00 0.000000E+00 0.000000E+00 0.000000E+00 0.000000E+00 0.000000E+00 0.000000E+00 0.000000E+00 0.000000E+00 0.000000E+00 0.000000E+00 0.000000E+00 0.000000E+00 0.000000E+00 0.000000E+00 0.000000E+00 0.000000E+00 0.000000E+00 0.000000E+00 0.000000E+00 0.000000E+00 0.000000E+00 0.000000E+00 0.000000E+00 0.000000E+00 0.000000E+00 0.000000E+00 0.000000E+00 0.000000E+00 0.000000E+00 0.000000E+00 0.000000E+00 0.000000E+00 0.000000E+00 0.000000E+00 0.000000E+00 0.000000E+00 0.000000E+00 0.000000E+00 0.000000E+00 0.000000E+00 0.000000E+00
 0.625360E+00 0.758480E+00 0.725920E+00 0.709360E+00 0.685440E+00 0.659680E+00 0.637920E+00 0.610480E+00 0.583120E+00 0.569520E+00 0.525120E+00 0.502800E+00 0.496000E+00 0.469200E+00 0.451840E+00 0.430400E+00 0.413040E+00 0.384000E+00 0.372320E+00 0.353120E+00 0.341200E+00 0.317120E+00 0.303840E+00 0.298880E+00 0.279280E+00 0.262480E+00 0.250800E+00 0.226880E+00 0.227600E+00 0.211520E+00 0.202560E+00 0.195200E+00 0.180880E+00 0.172240E+00 0.153040E+00 0.157040E+00 0.145600E+00 0.140560E+00 0.126800E+00 0.119360E+00 0.111440E+00 0.100080E+00 0.984800E-01 0.846400E-01 0.940800E-01 0.815200E-01 0.840000E-01 0.710400E-01 0.683200E-01 0.611200E-01 0.559200E-01 0.556800E-01 0.500000E-01 0.420800E-01 0.436000E-01 0.380800E-01 0.357600E-01 0.352800E-01 0.295200E-01 0.287200E-01 0.268800E-01 0.255200E-01 0.195200E-01 0.216800E-01 0.180000E-01 0.160800E-01 0.149600E-01 0.141600E-01 0.122400E-01 0.117600E-01 0.952000E-02 0.888000E-02 0.920000E-02 0.896000E-02 0.656000E-02 0.640000E-02 0.568000E-02 0.424000E-02 0.416000E-02 0.424000E-02 0.448000E-02 0.264000E-02 0.288000E-02 0.232000E-02 0.248000E-02 0.176000E-02 0.168000E-02 0.168000E-02 0.104000E-02 0.208000E-02 0.880000E-03 0.120000E-02 0.128000E-02 0.800000E-03 0.960000E-03 0.640000E-03 0.640000E-03 0.240000E-03 0.320000E-03 0.560000E-03 0.560000E-03 0.480000E-03 0.800000E-04 0.320000E-03 0.400000E-03 0.240000E-03 0.240000E-03 0.800000E-04 0.800000E-04 0.240000E-03 0.160000E-03 0.000000E+00 0.000000E+00 0.800000E-04 0.320000E-03 0.240000E-03 0.000000E+00 0.000000E+00 0.800000E-04 0.000000E+00 0.000000E+00 0.000000E+00 0.000000E+00 0.000000E+00 0.000000E+00 0.800000E-04 0.000000E+00 0.000000E+00 0.000000E+00 0.000000E+00 0.000000E+00 0.000000E+00 0.000000E+00 0.000000E+00 0.000000E+00 0.000000E+00 0.000000E+00 0.000000E+00 0.000000E+00 0.000000E+00 0.000000E+00 0.000000E+00 0.000000E+00 0.000000E+00 0.000000E+00 0.000000E+00 0.000000E+00 0.000000E+00 0.000000E+00 0.000000E+00 0.000000E+00 0.000000E+00 0.000000E+00 0.000000E+00 0.000000E+00 0.000000E+00 0.000000E+00 0.000000E+00 0.000000E+00 0.000000E+00 0.000000E+00 0.000000E+00 0.000000E+00 0.000000E+00 0.000000E+00 0.000000E+00 0.000000E+00 0.000000E+00 0.000000E+00 0.000000E+00 0.000000E+00 0.000000E+00 0.000000E+00 0.000000E+00 0.000000E+00 0.000000E+00 0.000000E+00 0.000000E+00 0.000000E+00 0.000000E+00 0.000000E+00 0.000000E+00 0.000000E+00 0.000000E+00 0.000000E+00 0.000000E+00 0.000000E+00 0.000000E+00 0.000000E+00 0.000000E+00 0.000000E+00 0.000000E+00 0.000000E+00 0.000000E+00 0.000000E+00 0.000000E+00 0.000000E+00 0.000000E+00 0.000000E+00 0.000000E+00
 0.614160E+00 0.752320E+00 0.734320E+00 0.702560E+00 0.684160E+00 0.665840E+00 0.645840E+00 0.608480E+00 0.581600E+00 0.559440E+00 0.534400E+00 0.504000E+00 0.478640E+00 0.462720E+00 0.452240E+00 0.434320E+00 0.402720E+00 0.390160E+00 0.375920E+00 0.350480E+00 0.340400E+00 0.318560E+00 0.308080E+00 0.293920E+00 0.273760E+00 0.266400E+00 0.242480E+00 0.230480E+00 0.216240E+00 0.221120E+00 0.203600E+00 0.187680E+00 0.184560E+00 0.169360E+00 0.162480E+00 0.149120E+00 0.144160E+00 0.137520E+00 0.132000E+00 0.121920E+00 0.111840E+00 0.106400E+00 0.102240E+00 0.918400E-01 0.945600E-01 0.833600E-01 0.783200E-01 0.730400E-01 0.651200E-01 0.626400E-01 0.598400E-01 0.517600E-01 0.532000E-01 0.411200E-01 0.440800E-01 0.395200E-01 0.366400E-01 0.358400E-01 0.328000E-01 0.309600E-01 0.265600E-01 0.232000E-01 0.241600E-01 0.220000E-01 0.188800E-01 0.176800E-01 0.162400E-01 0.140800E-01 0.136000E-01 0.107200E-01 0.840000E-02 0.105600E-01 0.904000E-02 0.824000E-02 0.712000E-02 0.744000E-02 0.568000E-02 0.600000E-02 0.384000E-02 0.400000E-02 0.432000E-02 0.296000E-02 0.232000E-02 0.344000E-02 0.288000E-02 0.176000E-02 0.240000E-02 0.152000E-02 0.208000E-02 0.120000E-02 0.112000E-02 0.136000E-02 0.640000E-03 0.800000E-03 0.880000E-03 0.560000E-03 0.720000E-03 0.104000E-02 0.480000E-03 0.560000E-03 0.320000E-03 0.400000E-03 0.240000E-03 0.720000E-03 0.240000E-03 0.320000E-03 0.320000E-03 0.240000E-03 0.160000E-03 0.000000E+00 0.160000E-03 0.240000E-03 0.160000E-03 0.160000E-03 0.800000E-04 0.160000E-03 0.800000E-04 0.000000E+00 0.000000E+00 0.160000E-03 0.800000E-04 0.800000E-04 0.800000E-04 0.000000E+00 0.000000E+00 0.000000E+00 0.000000E+00 0.000000E+00 0.000000E+00 0.000000E+00 0.000000E+00 0.000000E+00 0.000000E+00 0.800000E-04 0.000000E+00 0.000000E+00 0.000000E+00 0.000000E+00 0.000000E+00 0.000000E+00 0.000000E+00 0.000000E+00 0.000000E+00 0.000000E+00 0.000000E+00 0.000000E+00 0.000000E+00 0.000000E+00 0.000000E+00 0.000000E+00 0.000000E+00 0.000000E+00 0.000000E+00 0.000000E+00 0.000000E+00 0.000000E+00 0.000000E+00 0.000000E+00 0.000000E+00 0.000000E+00 0.000000E+00 0.000000E+00 0.000000E+00 0.000000E+00 0.000000E+00 0.000000E+00 0.000000E+00 0.000000E+00 0.000000E+00 0.000000E+00 0.000000E+00 0.000000E+00 0.000000E+00 0.000000E+00 0.000000E+00 0.000000E+00 0.000000E+00 0.000000E+00 0.000000E+00 0.000000E+00 0.000000E+00 0.000000E+00 0.000000E+00 0.000000E+00 0.000000E+00 0.000000E+00 0.000000E+00 0.000000E+00 0.000000E+00 0.000000E+00 0.000000E+00 0.000000E+00 0.000000E+00 0.000000E+00 0.000000E+00 0.000000E+00 0.000000E+00 0.000000E+00 0.000000E+00 0.000000E+00
 0.960000E-03 0.240000E-03 0.480000E-03 0.400000E-03 0.560000E-03 0.400000E-03 0.480000E-03 0.480000E-03 0.640000E-03 0.480000E-03 0.320000E-03 0.240000E-03 0.160000E-03 0.240000E-03 0.320000E-03 0.000000E+00 0.240000E-03 0.160000E-03 0.240000E-03 0.000000E+00 0.160000E-03 0.000000E+00 0.160000E-03 0.000000E+00 0.000000E+00 0.000000E+00 0.800000E-04 0.800000E-04 0.800000E-04 0.000000E+00 0.000000E+00 0.000000E+00 0.000000E+00 0.000000E+00 0.000000E+00 0.000000E+00 0.000000E+00 0.000000E+00 0.000000E+00 0.000000E+00 0.000000E+00 0.800000E-04 0.000000E+00 0.000000E+00 0.000000E+00 0.000000E+00 0.000000E+00 0.000000E+00 0.000000E+00 0.000000E+00 0.000000E+00 0.000000E+00 0.000000E+00 0.000000E+00 0.000000E+00 0.000000E+00 0.000000E+00 0.000000E+00 0.000000E+00 0.000000E+00 0.000000E+00 0.000000E+00 0.000000E+00 0.000000E+00 0.000000E+00 0.000000E+00 0.000000E+00 0.000000E+00 0.000000E+00 0.000000E+00 0.000000E+00 0.000000E+00 0.000000E+00 0.000000E+00 0.000000E+00 0.000000E+00 0.000000E+00 0.000000E+00 0.000000E+00 0.000000E+00 0.000000E+00 0.000000E+00 0.000000E+00 0.000000E+00 0.000000E+00 0.000000E+00 0.000000E+00 0.000000E+00 0.000000E+00 0.000000E+00 0.000000E+00 0.000000E+00 0.000000E+00 0.000000E+00 0.000000E+00 0.000000E+00 0.000000E+00 0.000000E+00 0.000000E+00 0.000000E+00 0.000000E+00 0.000000E+00 0.000000E+00 0.000000E+00 0.000000E+00 0.000000E+00 0.000000E+00 0.000000E+00 0.000000E+00 0.000000E+00 0.000000E+00 0.000000E+00 0.000000E+00 0.000000E+00 0.000000E+00 0.000000E+00 0.000000E+00 0.000000E+00 0.000000E+00 0.000000E+00 0.000000E+00 0.000000E+00 0.000000E+00 0.000000E+00 0.000000E+00 0.000000E+00 0.000000E+00 0.000000E+00 0.000000E+00 0.000000E+00 0.000000E+00 0.000000E+00 0.000000E+00 0.000000E+00 0.000000E+00 0.000000E+00 0.000000E+00 0.000000E+00 0.000000E+00 0.000000E+00 0.000000E+00 0.000000E+00 0.000000E+00 0.000000E+00 0.000000E+00 0.000000E+00 0.000000E+00 0.000000E+00 0.000000E+00 0.000000E+00 0.000000E+00 0.000000E+00 0.000000E+00 0.000000E+00 0.000000E+00 0.000000E+00 0.000000E+00 0.000000E+00 0.000000E+00 0.000000E+00 0.000000E+00 0.000000E+00 0.000000E+00 0.000000E+00 0.000000E+00 0.000000E+00 0.000000E+00 0.000000E+00 0.000000E+00 0.000000E+00 0.000000E+00 0.000000E+00 0.000000E+00 0.000000E+00 0.000000E+00 0.000000E+00 0.000000E+00 0.000000E+00 0.000000E+00 0.000000E+00 0.000000E+00 0.000000E+00 0.000000E+00 0.000000E+00 0.000000E+00 0.000000E+00 0.000000E+00 0.000000E+00 0.000000E+00 0.000000E+00 0.000000E+00 0.000000E+00 0.000000E+00 0.000000E+00 0.000000E+00 0.000000E+00 0.000000E+00 0.000000E+00 0.000000E+00 0.000000E+00
 0.240000E-03 0.112000E-02 0.800000E-03 0.640000E-03 0.960000E-03 0.400000E-03 0.480000E-03 0.240000E-03 0.240000E-03 0.320000E-03 0.240000E-03 0.800000E-04 0.800000E-04 0.480000E-03 0.800000E-04 0.160000E-03 0.000000E+00 0.160000E-03 0.000000E+00 0.000000E+00 0.000000E+00 0.320000E-03 0.000000E+00 0.800000E-04 0.000000E+00 0.800000E-04 0.800000E-04 0.800000E-04 0.000000E+00 0.000000E+00 0.000000E+00 0.000000E+00 0.000000E+00 0.000000E+00 0.000000E+00 0.000000E+00 0.000000E+00 0.000000E+00 0.000000E+00 0.000000E+00 0.800000E-04 0.000000E+00 0.000000E+00 0.000000E+00 0.000000E+00 0.000000E+00 0.000000E+00 0.000000E+00 0.000000E+00 0.000000E+00 0.000000E+00 0.000000E+00 0.000000E+00 0.000000E+00 0.000000E+00 0.000000E+00 0.000000E+00 0.000000E+00 0.000000E+00 0.000000E+00 0.000000E+00 0.000000E+00 0.000000E+00 0.800000E-04 0.000000E+00 0.000000E+00 0.000000E+00 0.000000E+00 0.000000E+00 0.000000E+00 0.000000E+00 0.000000E+00 0.000000E+00 0.000000E+00 0.000000E+00 0.000000E+00 0.000000E+00 0.000000E+00 0.000000E+00 0.000000E+00 0.000000E+00 0.000000E+00 0.000000E+00 0.000000E+00 0.000000E+00 0.000000E+00 0.000000E+00 0.000000E+00 0.000000E+00 0.000000E+00 0.000000E+00 0.000000E+00 0.000000E+00 0.000000E+00 0.000000E+00 0.000000E+00 0.000000E+00 0.000000E+00 0.000000E+00 0.000000E+00 0.000000E+00 0.000000E+00 0.000000E+00 0.000000E+00 0.000000E+00 0.000000E+00 0.000000E+00 0.000000E+00 0.000000E+00 0.000000E+00 0.000000E+00 0.000000E+00 0.000000E+00 0.000000E+00 0.000000E+00 0.000000E+00 0.000000E+00 0.000000E+00 0.000000E+00 0.000000E+00 0.000000E+00 0.000000E+00 0.000000E+00 0.000000E+00 0.000000E+00 0.000000E+00 0.000000E+00 0.000000E+00 0.000000E+00 0.000000E+00 0.000000E+00 0.000000E+00 0.000000E+00 0.000000E+00 0.000000E+00 0.000000E+00 0.000000E+00 0.000000E+00 0.000000E+00 0.000000E+00 0.000000E+00 0.000000E+00 0.000000E+00 0.000000E+00 0.000000E+00 0.000000E+00 0.000000E+00 0.000000E+00 0.000000E+00 0.000000E+00 0.000000E+00 0.000000E+00 0.000000E+00 0.000000E+00 0.000000E+00 0.000000E+00 0.000000E+00 0.000000E+00 0.000000E+00 0.000000E+00 0.000000E+00 0.000000E+00 0.000000E+00 0.000000E+00 0.000000E+00 0.000000E+00 0.000000E+00 0.000000E+00 0.000000E+00 0.000000E+00 0.000000E+00 0.000000E+00 0.000000E+00 0.000000E+00 0.000000E+00 0.000000E+00 0.000000E+00 0.000000E+00 0.000000E+00 0.000000E+00 0.000000E+00 0.000000E+00 0.000000E+00 0.000000E+00 0.000000E+00 0.000000E+00 0.000000E+00 0.000000E+00 0.000000E+00 0.000000E+00 0.000000E+00 0.000000E+00 0.000000E+00 0.000000E+00 0.000000E+00 0.000000E+00 0.000000E+00 0.000000E+00 0.000000E+00 0.000000E+00
 0.800000E-04 0.560000E-03 0.560000E-03 0.400000E-03 0.480000E-03 0.320000E-03 0.400000E-03 0.400000E-03 0.320000E-03 0.320000E-03 0.160000E-03 0.320000E-03 0.240000E-03 0.400000E-03 0.240000E-03 0.800000E-04 0.000000E+00 0.160000E-03 0.000000E+00 0.240000E-03 0.240000E-03 0.160000E-03 0.000000E+00 0.800000E-04 0.800000E-04 0.000000E+00 0.000000E+00 0.000000E+00 0.800000E-04 0.000000E+00 0.000000E+00 0.000000E+00 0.000000E+00 0.000000E+00 0.000000E+00 0.000000E+00 0.000000E+00 0.800000E-04 0.000000E+00 0.000000E+00 0.000000E+00 0.000000E+00 0.000000E+00 0.000000E+00 0.000000E+00 0.000000E+00 0.000000E+00 0.000000E+00 0.000000E+00 0.000000E+00 0.000000E+00 0.000000E+00 0.000000E+00 0.000000E+00 0.000000E+00 0.000000E+00 0.000000E+00 0.000000E+00 0.000000E+00 0.000000E+00 0.000000E+00 0.000000E+00 0.000000E+00 0.000000E+00 0.000000E+00 0.000000E+00 0.000000E+00 0.000000E+00 0.000000E+00 0.000000E+00 0.000000E+00 0.000000E+00 0.000000E+00 0.000000E+00 0.000000E+00 0.000000E+00 0.000000E+00 0.000000E+00 0.000000E+00 0.000000E+00 0.000000E+00 0.000000E+00 0.000000E+00 0.000000E+00 0.000000E+00 0.000000E+00 0.000000E+00 0.000000E+00 0.000000E+00 0.000000E+00 0.000000E+00 0.000000E+00 0.000000E+00 0.000000E+00 0.000000E+00 0.000000E+00 0.000000E+00 0.000000E+00 0.000000E+00 0.000000E+00 0.000000E+00 0.000000E+00 0.000000E+00 0.000000E+00 0.000000E+00 0.000000E+00 0.000000E+00 0.000000E+00 0.000000E+00 0.000000E+00 0.000000E+00 0.000000E+00 0.000000E+00 0.000000E+00 0.000000E+00 0.000000E+00 0.000000E+00 0.000000E+00 0.000000E+00 0.000000E+00 0.000000E+00 0.000000E+00 0.000000E+00 0.000000E+00 0.000000E+00 0.000000E+00 0.000000E+00 0.000000E+00 0.000000E+00 0.000000E+00 0.000000E+00 0.000000E+00 0.000000E+00 0.000000E+00 0.000000E+00 0.000000E+00 0.000000E+00 0.000000E+00 0.000000E+00 0.000000E+00 0.000000E+00 0.000000E+00 0.000000E+00 0.000000E+00 0.000000E+00 0.000000E+00 0.000000E+00 0.000000E+00 0.000000E+00 0.000000E+00 0.000000E+00 0.000000E+00 0.000000E+00 0.000000E+00 0.000000E+00 0.000000E+00 0.000000E+00 0.000000E+00 0.000000E+00 0.000000E+00 0.000000E+00 0.000000E+00 0.000000E+00 0.000000E+00 0.000000E+00 0.000000E+00 0.000000E+00 0.000000E+00 0.000000E+00 0.000000E+00 0.000000E+00 0.000000E+00 0.000000E+00 0.000000E+00 0.000000E+00 0.000000E+00 0.000000E+00 0.000000E+00 0.000000E+00 0.000000E+00 0.000000E+00 0.000000E+00 0.000000E+00 0.000000E+00 0.000000E+00 0.000000E+00 0.000000E+00 0.000000E+00 0.000000E+00 0.000000E+00 0.000000E+00 0.000000E+00 0.000000E+00 0.000000E+00 0.000000E+00 0.000000E+00 0.000000E+00 0.000000E+00 0.000000E+00 0.000000E+00
 0.320000E-03 0.640000E-03 0.880000E-03 0.640000E-03 0.640000E-03 0.320000E-03 0.560000E-03 0.800000E-04 0.800000E-04 0.720000E-03 0.320000E-03 0.240000E-03 0.240000E-03 0.160000E-03 0.800000E-04 0.400000E-03 0.240000E-03 0.160000E-03 0.800000E-04 0.800000E-04 0.160000E-03 0.160000E-03 0.000000E+00 0.800000E-04 0.000000E+00 0.000000E+00 0.000000E+00 0.240000E-03 0.000000E+00 0.000000E+00 0.000000E+00 0.800000E-04 0.000000E+00 0.000000E+00 0.000000E+00 0.800000E-04 0.000000E+00 0.000000E+00 0.000000E+00 0.000000E+00 0.800000E-04 0.000000E+00 0.000000E+00 0.000000E+00 0.000000E+00 0.000000E+00 0.000000E+00 0.000000E+00 0.000000E+00 0.000000E+00 0.000000E+00 0.000000E+00 0.000000E+00 0.000000E+00 0.000000E+00 0.000000E+00 0.000000E+00 0.000000E+00 0.000000E+00 0.000000E+00 0.000000E+00 0.000000E+00 0.000000E+00 0.000000E+00 0.000000E+00 0.000000E+00 0.000000E+00 0.000000E+00 0.000000E+00 0.000000E+00 0.000000E+00 0.000000E+00 0.000000E+00 0.000000E+00 0.000000E+00 0.000000E+00 0.000000E+00 0.000000E+00 0.000000E+00 0.000000E+00 0.000000E+00 0.000000E+00 0.000000E+00 0.000000E+00 0.000000E+00 0.000000E+00 0.000000E+00 0.000000E+00 0.000000E+00 0.000000E+00 0.000000E+00 0.000000E+00 0.000000E+00 0.000000E+00 0.000000E+00 0.000000E+00 0.000000E+00 0.000000E+00 0.000000E+00 0.000000E+00 0.000000E+00 0.000000E+00 0.000000E+00 0.000000E+00 0.000000E+00 0.000000E+00 0.000000E+00 0.000000E+00 0.000000E+00 0.000000E+00 0.000000E+00 0.000000E+00 0.000000E+00 0.000000E+00 0.000000E+00 0.000000E+00 0.000000E+00 0.000000E+00 0.000000E+00 0.000000E+00 0.000000E+00 0.000000E+00 0.000000E+00 0.000000E+00 0.000000E+00 0.000000E+00 0.000000E+00 0.000000E+00 0.000000E+00 0.000000E+00 0.000000E+00 0.000000E+00 0.000000E+00 0.000000E+00 0.000000E+00 0.000000E+00 0.000000E+00 0.000000E+00 0.000000E+00 0.000000E+00 0.000000E+00 0.000000E+00 0.000000E+00 0.000000E+00 0.000000E+00 0.000000E+00 0.000000E+00 0.000000E+00 0.000000E+00 0.000000E+00 0.000000E+00 0.000000E+00 0.000000E+00 0.000000E+00 0.000000E+00 0.000000E+00 0.000000E+00 0.000000E+00 0.000000E+00 0.000000E+00 0.000000E+00 0.000000E+00 0.000000E+00 0.000000E+00 0.000000E+00 0.000000E+00 0.000000E+00 0.000000E+00 0.000000E+00 0.000000E+00 0.000000E+00 0.000000E+00 0.000000E+00 0.000000E+00 0.000000E+00 0.000000E+00 0.000000E+00 0.000000E+00 0.000000E+00 0.000000E+00 0.000000E+00 0.000000E+00 0.000000E+00 0.000000E+00 0.000000E+00 0.000000E+00 0.000000E+00 0.000000E+00 0.000000E+00 0.000000E+00 0.000000E+00 0.000000E+00 0.000000E+00 0.000000E+00 0.000000E+00 0.000000E+00 0.000000E+00 0.000000E+00 0.000000E+00 0.000000E+00
 0.116000E-01 0.136800E-01 0.504000E-02 0.400000E-02 0.336000E-02 0.328000E-02 0.384000E-02 0.240000E-02 0.240000E-02 0.136000E-02 0.128000E-02 0.160000E-02 0.168000E-02 0.128000E-02 0.800000E-03 0.480000E-03 0.320000E-03 0.112000E-02 0.240000E-03 0.400000E-03 0.560000E-03 0.640000E-03 0.880000E-03 0.320000E-03 0.400000E-03 0.480000E-03 0.320000E-03 0.240000E-03 0.320000E-03 0.000000E+00 0.000000E+00 0.160000E-03 0.320000E-03 0.160000E-03 0.400000E-03 0.000000E+00 0.800000E-04 0.160000E-03 0.160000E-03 0.000000E+00 0.000000E+00 0.800000E-04 0.160000E-03 0.160000E-03 0.800000E-04 0.000000E+00 0.000000E+00 0.000000E+00 0.000000E+00 0.000000E+00 0.000000E+00 0.160000E-03 0.000000E+00 0.000000E+00 0.000000E+00 0.000000E+00 0.000000E+00 0.000000E+00 0.000000E+00 0.000000E+00 0.000000E+00 0.000000E+00 0.000000E+00 0.000000E+00 0.000000E+00 0.000000E+00 0.000000E+00 0.000000E+00 0.000000E+00 0.000000E+00 0.000000E+00 0.000000E+00 0.000000E+00 0.000000E+00 0.000000E+00 0.000000E+00 0.000000E+00 0.000000E+00 0.000000E+00 0.000000E+00 0.000000E+00 0.000000E+00 0.000000E+00 0.000000E+00 0.000000E+00 0.000000E+00 0.000000E+00 0.000000E+00 0.000000E+00 0.000000E+00 0.000000E+00 0.000000E+00 0.000000E+00 0.000000E+00 0.000000E+00 0.000000E+00 0.000000E+00 0.000000E+00 0.000000E+00 0.000000E+00 0.000000E+00 0.000000E+00 0.000000E+00 0.000000E+00 0.000000E+00 0.000000E+00 0.000000E+00 0.000000E+00 0.000000E+00 0.000000E+00 0.000000E+00 0.000000E+00 0.000000E+00 0.000000E+00 0.000000E+00 0.000000E+00 0.000000E+00 0.000000E+00 0.000000E+00 0.000000E+00 0.000000E+00 0.000000E+00 0.000000E+00 0.000000E+00 0.000000E+00 0.000000E+00 0.000000E+00 0.000000E+00 0.000000E+00 0.000000E+00 0.000000E+00 0.000000E+00 0.000000E+00 0.000000E+00 0.000000E+00 0.000000E+00 0.000000E+00 0.000000E+00 0.000000E+00 0.000000E+00 0.000000E+00 0.000000E+00 0.000000E+00 0.000000E+00 0.000000E+00 0.000000E+00 0.000000E+00 0.000000E+00 0.000000E+00 0.000000E+00 0.000000E+00 0.000000E+00 0.000000E+00 0.000000E+00 0.000000E+00 0.000000E+00 0.000000E+00 0.000000E+00 0.000000E+00 0.000000E+00 0.000000E+00 0.000000E+00 0.000000E+00 0.000000E+00 0.000000E+00 0.000000E+00 0.000000E+00 0.000000E+00 0.000000E+00 0.000000E+00 0.000000E+00 0.000000E+00 0.000000E+00 0.000000E+00 0.000000E+00 0.000000E+00 0.000000E+00 0.000000E+00 0.000000E+00 0.000000E+00 0.000000E+00 0.000000E+00 0.000000E+00 0.000000E+00 0.000000E+00 0.000000E+00 0.000000E+00 0.000000E+00 0.000000E+00 0.000000E+00 0.000000E+00 0.000000E+00 0.000000E+00 0.000000E+00 0.000000E+00 0.000000E+00 0.000000E+00 0.000000E+00 0.000000E+00 0.000000E+00
 0.712000E-02 0.784000E-02 0.344000E-02 0.328000E-02 0.288000E-02 0.240000E-02 0.264000E-02 0.152000E-02 0.216000E-02 0.152000E-02 0.160000E-02 0.880000E-03 0.104000E-02 0.144000E-02 0.640000E-03 0.880000E-03 0.560000E-03 0.640000E-03 0.960000E-03 0.800000E-03 0.640000E-03 0.640000E-03 0.720000E-03 0.640000E-03 0.320000E-03 0.480000E-03 0.480000E-03 0.240000E-03 0.800000E-04 0.160000E-03 0.240000E-03 0.160000E-03 0.240000E-03 0.880000E-03 0.160000E-03 0.320000E-03 0.800000E-04 0.800000E-04 0.800000E-04 0.800000E-04 0.000000E+00 0.800000E-04 0.800000E-04 0.320000E-03 0.000000E+00 0.800000E-04 0.800000E-04 0.000000E+00 0.000000E+00 0.000000E+00 0.160000E-03 0.000000E+00 0.000000E+00 0.000000E+00 0.000000E+00 0.800000E-04 0.800000E-04 0.800000E-04 0.000000E+00 0.000000E+00 0.000000E+00 0.000000E+00 0.000000E+00 0.000000E+00 0.000000E+00 0.000000E+00 0.000000E+00 0.000000E+00 0.000000E+00 0.000000E+00 0.000000E+00 0.000000E+00 0.000000E+00 0.000000E+00 0.000000E+00 0.000000E+00 0.000000E+00 0.000000E+00 0.000000E+00 0.000000E+00 0.000000E+00 0.000000E+00 0.000000E+00 0.000000E+00 0.000000E+00 0.000000E+00 0.000000E+00 0.000000E+00 0.000000E+00 0.000000E+00 0.000000E+00 0.000000E+00 0.000000E+00 0.000000E+00 0.000000E+00 0.000000E+00 0.000000E+00 0.000000E+00 0.000000E+00 0.000000E+00 0.000000E+00 0.000000E+00 0.000000E+00 0.000000E+00 0.000000E+00 0.000000E+00 0.000000E+00 0.000000E+00 0.000000E+00 0.000000E+00 0.000000E+00 0.000000E+00 0.000000E+00 0.000000E+00 0.000000E+00 0.000000E+00 0.000000E+00 0.000000E+00 0.000000E+00 0.000000E+00 0.000000E+00 0.000000E+00 0.000000E+00 0.000000E+00 0.000000E+00 0.000000E+00 0.000000E+00 0.000000E+00 0.000000E+00 0.000000E+00 0.000000E+00 0.000000E+00 0.000000E+00 0.000000E+00 0.000000E+00 0.000000E+00 0.000000E+00 0.000000E+00 0.000000E+00 0.000000E+00 0.000000E+00 0.000000E+00 0.000000E+00 0.000000E+00 0.000000E+00 0.000000E+00 0.000000E+00 0.000000E+00 0.000000E+00 0.000000E+00 0.000000E+00 0.000000E+00 0.000000E+00 0.000000E+00 0.000000E+00 0.000000E+00 0.000000E+00 0.000000E+00 0.000000E+00 0.000000E+00 0.000000E+00 0.000000E+00 0.000000E+00 0.000000E+00 0.000000E+00 0.000000E+00 0.000000E+00 0.000000E+00 0.000000E+00 0.000000E+00 0.000000E+00 0.000000E+00 0.000000E+00 0.000000E+00 0.000000E+00 0.000000E+00 0.000000E+00 0.000000E+00 0.000000E+00 0.000000E+00 0.000000E+00 0.000000E+00 0.000000E+00 0.000000E+00 0.000000E+00 0.000000E+00 0.000000E+00 0.000000E+00 0.000000E+00 0.000000E+00 0.000000E+00 0.000000E+00 0.000000E+00 0.000000E+00 0.000000E+00 0.000000E+00 0.000000E+00 0.000000E+00 0.000000E+00 0.000000E+00
 0.960000E-03 0.240000E-03 0.480000E-03 0.400000E-03 0.560000E-03 0.400000E-03 0.480000E-03 0.480000E-03 0.640000E-03 0.480000E-03 0.320000E-03 0.240000E-03 0.160000E-03 0.240000E-03 0.320000E-03 0.000000E+00 0.240000E-03 0.160000E-03 0.240000E-03 0.000000E+00 0.160000E-03 0.000000E+00 0.160000E-03 0.000000E+00 0.000000E+00 0.000000E+00 0.800000E-04 0.800000E-04 0.800000E-04 0.000000E+00 0.000000E+00 0.000000E+00 0.000000E+00 0.000000E+00 0.000000E+00 0.000000E+00 0.000000E+00 0.000000E+00 0.000000E+00 0.000000E+00 0.000000E+00 0.800000E-04 0.000000E+00 0.000000E+00 0.000000E+00 0.000000E+00 0.000000E+00 0.000000E+00 0.000000E+00 0.000000E+00 0.000000E+00 0.000000E+00 0.000000E+00 0.000000E+00 0.000000E+00 0.000000E+00 0.000000E+00 0.000000E+00 0.000000E+00 0.000000E+00 0.000000E+00 0.000000E+00 0.000000E+00 0.000000E+00 0.000000E+00 0.000000E+00 0.000000E+00 0.000000E+00 0.000000E+00 0.000000E+00 0.000000E+00 0.000000E+00 0.000000E+00 0.000000E+00 0.000000E+00 0.000000E+00 0.000000E+00 0.000000E+00 0.000000E+00 0.000000E+00 0.000000E+00 0.000000E+00 0.000000E+00 0.000000E+00 0.000000E+00 0.000000E+00 0.000000E+00 0.000000E+00 0.000000E+00 0.000000E+00 0.000000E+00 0.000000E+00 0.000000E+00 0.000000E+00 0.000000E+00 0.000000E+00 0.000000E+00 0.000000E+00 0.000000E+00 0.000000E+00 0.000000E+00 0.000000E+00 0.000000E+00 0.000000E+00 0.000000E+00 0.000000E+00 0.000000E+00 0.000000E+00 0.000000E+00 0.000000E+00 0.000000E+00 0.000000E+00 0.000000E+00 0.000000E+00 0.000000E+00 0.000000E+00 0.000000E+00 0.000000E+00 0.000000E+00 0.000000E+00 0.000000E+00 0.000000E+00 0.000000E+00 0.000000E+00 0.000000E+00 0.000000E+00 0.000000E+00 0.000000E+00 0.000000E+00 0.000000E+00 0.000000E+00 0.000000E+00 0.000000E+00 0.000000E+00 0.000000E+00 0.000000E+00 0.000000E+00 0.000000E+00 0.000000E+00 0.000000E+00 0.000000E+00 0.000000E+00 0.000000E+00 0.000000E+00 0.000000E+00 0.000000E+00 0.000000E+00 0.000000E+00 0.000000E+00 0.000000E+00 0.000000E+00 0.000000E+00 0.000000E+00 0.000000E+00 0.000000E+00 0.000000E+00 0.000000E+00 0.000000E+00 0.000000E+00 0.000000E+00 0.000000E+00 0.000000E+00 0.000000E+00 0.000000E+00 0.000000E+00 0.000000E+00 0.000000E+00 0.000000E+00 0.000000E+00 0.000000E+00 0.000000E+00 0.000000E+00 0.000000E+00 0.000000E+00 0.000000E+00 0.000000E+00 0.000000E+00 0.000000E+00 0.000000E+00 0.000000E+00 0.000000E+00 0.000000E+00 0.000000E+00 0.000000E+00 0.000000E+00 0.000000E+00 0.000000E+00 0.000000E+00 0.000000E+00 0.000000E+00 0.000000E+00 0.000000E+00 0.000000E+00 0.000000E+00 0.000000E+00 0.000000E+00 0.000000E+00 0.000000E+00 0.000000E+00 0.000000E+00
 0.240000E-03 0.112000E-02 0.800000E-03 0.640000E-03 0.960000E-03 0.400000E-03 0.480000E-03 0.240000E-03 0.240000E-03 0.320000E-03 0.240000E-03 0.800000E-04 0.800000E-04 0.480000E-03 0.800000E-04 0.160000E-03 0.000000E+00 0.160000E-03 0.000000E+00 0.000000E+00 0.000000E+00 0.320000E-03 0.000000E+00 0.800000E-04 0.000000E+00 0.800000E-04 0.800000E-04 0.800000E-04 0.000000E+00 0.000000E+00 0.000000E+00 0.000000E+00 0.000000E+00 0.000000E+00 0.000000E+00 0.000000E+00 0.000000E+00 0.000000E+00 0.000000E+00 0.000000E+00 0.800000E-04 0.000000E+00 0.000000E+00 0.000000E+00 0.000000E+00 0.000000E+00 0.000000E+00 0.000000E+00 0.000000E+00 0.000000E+00 0.000000E+00 0.000000E+00 0.000000E+00 0.000000E+00 0.000000E+00 0.000000E+00 0.000000E+00 0.000000E+00 0.000000E+00 0.000000E+00 0.000000E+00 0.000000E+00 0.000000E+00 0.800000E-04 0.000000E+00 0.000000E+00 0.000000E+00 0.000000E+00 0.000000E+00 0.000000E+00 0.000000E+00 0.000000E+00 0.000000E+00 0.000000E+00 0.000000E+00 0.000000E+00 0.000000E+00 0.000000E+00 0.000000E+00 0.000000E+00 0.000000E+00 0.000000E+00 0.000000E+00 0.000000E+00 0.000000E+00 0.000000E+00 0.000000E+00 0.000000E+00 0.000000E+00 0.000000E+00 0.000000E+00 0.000000E+00 0.000000E+00 0.000000E+00 0.000000E+00 0.000000E+00 0.000000E+00 0.000000E+00 0.000000E+00 0.000000E+00 0.000000E+00 0.000000E+00 0.000000E+00 0.000000E+00 0.000000E+00 0.000000E+00 0.000000E+00 0.000000E+00 0.000000E+00 0.000000E+00 0.000000E+00 0.000000E+00 0.000000E+00 0.000000E+00 0.000000E+00 0.000000E+00 0.000000E+00 0.000000E+00 0.000000E+00 0.000000E+00 0.000000E+00 0.000000E+00 0.000000E+00 0.000000E+00 0.000000E+00 0.000000E+00 0.000000E+00 0.000000E+00 0.000000E+00 0.000000E+00 0.000000E+00 0.000000E+00 0.000000E+00 0.000000E+00 0.000000E+00 0.000000E+00 0.000000E+00 0.000000E+00 0.000000E+00 0.000000E+00 0.000000E+00 0.000000E+00 0.000000E+00 0.000000E+00 0.000000E+00 0.000000E+00 0.000000E+00 0.000000E+00 0.000000E+00 0.000000E+00 0.000000E+00 0.000000E+00 0.000000E+00 0.000000E+00 0.000000E+00 0.000000E+00 0.000000E+00 0.000000E+00 0.000000E+00 0.000000E+00 0.000000E+00 0.000000E+00 0.000000E+00 0.000000E+00 0.000000E+00 0.000000E+00 0.000000E+00 0.000000E+00 0.000000E+00 0.000000E+00 0.000000E+00 0.000000E+00 0.000000E+00 0.000000E+00 0.000000E+00 0.000000E+00 0.000000E+00 0.000000E+00 0.000000E+00 0.000000E+00 0.000000E+00 0.000000E+00 0.000000E+00 0.000000E+00 0.000000E+00 0.000000E+00 0.000000E+00 0.000000E+00 0.000000E+00 0.000000E+00 0.000000E+00 0.000000E+00 0.000000E+00 0.000000E+00 0.000000E+00 0.000000E+00 0.000000E+00 0.000000E+00 0.000000E+00 0.000000E+00
 0.800000E-04 0.560000E-03 0.560000E-03 0.400000E-03 0.480000E-03 0.320000E-03 0.400000E-03 0.400000E-03 0.320000E-03 0.320000E-03 0.160000E-03 0.320000E-03 0.240000E-03 0.400000E-03 0.240000E-03 0.800000E-04 0.000000E+00 0.160000E-03 0.000000E+00 0.240000E-03 0.240000E-03 0.160000E-03 0.000000E+00 0.800000E-04 0.800000E-04 0.000000E+00 0.000000E+00 0.000000E+00 0.800000E-04 0.000000E+00 0.000000E+00 0.000000E+00 0.000000E+00 0.000000E+00 0.000000E+00 0.000000E+00 0.000000E+00 0.800000E-04 0.000000E+00 0.000000E+00 0.000000E+00 0.000000E+00 0.000000E+00 0.000000E+00 0.000000E+00 0.000000E+00 0.000000E+00 0.000000E+00 0.000000E+00 0.000000E+00 0.000000E+00 0.000000E+00 0.000000E+00 0.000000E+00 0.000000E+00 0.000000E+00 0.000000E+00 0.000000E+00 0.000000E+00 0.000000E+00 0.000000E+00 0.000000E+00 0.000000E+00 0.000000E+00 0.000000E+00 0.000000E+00 0.000000E+00 0.000000E+00 0.000000E+00 0.000000E+00 0.000000E+00 0.000000E+00 0.000000E+00 0.000000E+00 0.000000E+00 0.000000E+00 0.000000E+00 0.000000E+00 0.000000E+00 0.000000E+00 0.000000E+00 0.000000E+00 0.000000E+00 0.000000E+00 0.000000E+00 0.000000E+00 0.000000E+00 0.000000E+00 0.000000E+00 0.000000E+00 0.000000E+00 0.000000E+00 0.000000E+00 0.000000E+00 0.000000E+00 0.000000E+00 0.000000E+00 0.000000E+00 0.000000E+00 0.000000E+00 0.000000E+00 0.000000E+00 0.000000E+00 0.000000E+00 0.000000E+00 0.000000E+00 0.000000E+00 0.000000E+00 0.000000E+00 0.000000E+00 0.000000E+00 0.000000E+00 0.000000E+00 0.000000E+00 0.000000E+00 0.000000E+00 0.000000E+00 0.000000E+00 0.000000E+00 0.000000E+00 0.000000E+00 0.000000E+00 0.000000E+00 0.000000E+00 0.000000E+00 0.000000E+00 0.000000E+00 0.000000E+00 0.000000E+00 0.000000E+00 0.000000E+00 0.000000E+00 0.000000E+00 0.000000E+00 0.000000E+00 0.000000E+00 0.000000E+00 0.000000E+00 0.000000E+00 0.000000E+00 0.000000E+00 0.000000E+00 0.000000E+00 0.000000E+00 0.000000E+00 0.000000E+00 0.000000E+00 0.000000E+00 0.000000E+00 0.000000E+00 0.000000E+00 0.000000E+00 0.000000E+00 0.000000E+00 0.000000E+00 0.000000E+00 0.000000E+00 0.000000E+00 0.000000E+00 0.000000E+00 0.000000E+00 0.000000E+00 0.000000E+00 0.000000E+00 0.000000E+00 0.000000E+00 0.000000E+00 0.000000E+00 0.000000E+00 0.000000E+00 0.000000E+00 0.000000E+00 0.000000E+00 0.000000E+00 0.000000E+00 0.000000E+00 0.000000E+00 0.000000E+00 0.000000E+00 0.000000E+00 0.000000E+00 0.000000E+00 0.000000E+00 0.000000E+00 0.000000E+00 0.000000E+00 0.000000E+00 0.000000E+00 0.000000E+00 0.000000E+00 0.000000E+00 0.000000E+00 0.000000E+00 0.000000E+00 0.000000E+00 0.000000E+00 0.000000E+00 0.000000E+00 0.000000E+00 0.000000E+00
 0.320000E-03 0.640000E-03 0.880000E-03 0.640000E-03 0.640000E-03 0.320000E-03 0.560000E-03 0.800000E-04 0.800000E-04 0.720000E-03 0.320000E-03 0.240000E-03 0.240000E-03 0.160000E-03 0.800000E-04 0.400000E-03 0.240000E-03 0.160000E-03 0.800000E-04 0.800000E-04 0.160000E-03 0.160000E-03 0.000000E+00 0.800000E-04 0.000000E+00 0.000000E+00 0.000000E+00 0.240000E-03 0.000000E+00 0.000000E+00 0.000000E+00 0.800000E-04 0.000000E+00 0.000000E+00 0.000000E+00 0.800000E-04 0.000000E+00 0.000000E+00 0.000000E+00 0.000000E+00 0.800000E-04 0.000000E+00 0.000000E+00 0.000000E+00 0.000000E+00 0.000000E+00 0.000000E+00 0.000000E+00 0.000000E+00 0.000000E+00 0.000000E+00 0.000000E+00 0.000000E+00 0.000000E+00 0.000000E+00 0.000000E+00 0.000000E+00 0.000000E+00 0.000000E+00 0.000000E+00 0.000000E+00 0.000000E+00 0.000000E+00 0.000000E+00 0.000000E+00 0.000000E+00 0.000000E+00 0.000000E+00 0.000000E+00 0.000000E+00 0.000000E+00 0.000000E+00 0.000000E+00 0.000000E+00 0.000000E+00 0.000000E+00 0.000000E+00 0.000000E+00 0.000000E+00 0.000000E+00 0.000000E+00 0.000000E+00 0.000000E+00 0.000000E+00 0.000000E+00 0.000000E+00 0.000000E+00 0.000000E+00 0.000000E+00 0.000000E+00 0.000000E+00 0.000000E+00 0.000000E+00 0.000000E+00 0.000000E+00 0.000000E+00 0.000000E+00 0.000000E+00 0.000000E+00 0.000000E+00 0.000000E+00 0.000000E+00 0.000000E+00 0.000000E+00 0.000000E+00 0.000000E+00 0.000000E+00 0.000000E+00 0.000000E+00 0.000000E+00 0.000000E+00 0.000000E+00 0.000000E+00 0.000000E+00 0.000000E+00 0.000000E+00 0.000000E+00 0.000000E+00 0.000000E+00 0.000000E+00 0.000000E+00 0.000000E+00 0.000000E+00 0.000000E+00 0.000000E+00 0.000000E+00 0.000000E+00 0.000000E+00 0.000000E+00 0.000000E+00 0.000000E+00 0.000000E+00 0.000000E+00 0.000000E+00 0.000000E+00 0.000000E+00 0.000000E+00 0.000000E+00 0.000000E+00 0.000000E+00 0.000000E+00 0.000000E+00 0.000000E+00 0.000000E+00 0.000000E+00 0.000000E+00 0.000000E+00 0.000000E+00 0.000000E+00 0.000000E+00 0.000000E+00 0.000000E+00 0.000000E+00 0.000000E+00 0.000000E+00 0.000000E+00 0.000000E+00 0.000000E+00 0.000000E+00 0.000000E+00 0.000000E+00 0.000000E+00 0.000000E+00 0.000000E+00 0.000000E+00 0.000000E+00 0.000000E+00 0.000000E+00 0.000000E+00 0.000000E+00 0.000000E+00 0.000000E+00 0.000000E+00 0.000000E+00 0.000000E+00 0.000000E+00 0.000000E+00 0.000000E+00 0.000000E+00 0.000000E+00 0.000000E+00 0.000000E+00 0.000000E+00 0.000000E+00 0.000000E+00 0.000000E+00 0.000000E+00 0.000000E+00 0.000000E+00 0.000000E+00 0.000000E+00 0.000000E+00 0.000000E+00 0.000000E+00 0.000000E+00 0.000000E+00 0.000000E+00 0.000000E+00 0.000000E+00 0.000000E+00
 0.116000E-01 0.136800E-01 0.504000E-02 0.400000E-02 0.336000E-02 0.328000E-02 0.384000E-02 0.240000E-02 0.240000E-02 0.136000E-02 0.128000E-02 0.160000E-02 0.168000E-02 0.128000E-02 0.800000E-03 0.480000E-03 0.320000E-03 0.112000E-02 0.240000E-03 0.400000E-03 0.560000E-03 0.640000E-03 0.880000E-03 0.320000E-03 0.400000E-03 0.480000E-03 0.320000E-03 0.240000E-03 0.320000E-03 0.000000E+00 0.000000E+00 0.160000E-03 0.320000E-03 0.160000E-03 0.400000E-03 0.000000E+00 0.800000E-04 0.160000E-03 0.160000E-03 0.000000E+00 0.000000E+00 0.800000E-04 0.160000E-03 0.160000E-03 0.800000E-04 0.000000E+00 0.000000E+00 0.000000E+00 0.000000E+00 0.000000E+00 0.000000E+00 0.160000E-03 0.000000E+00 0.000000E+00 0.000000E+00 0.000000E+00 0.000000E+00 0.000000E+00 0.000000E+00 0.000000E+00 0.000000E+00 0.000000E+00 0.000000E+00 0.000000E+00 0.000000E+00 0.000000E+00 0.000000E+00 0.000000E+00 0.000000E+00 0.000000E+00 0.000000E+00 0.000000E+00 0.000000E+00 0.000000E+00 0.000000E+00 0.000000E+00 0.000000E+00 0.000000E+00 0.000000E+00 0.000000E+00 0.000000E+00 0.000000E+00 0.000000E+00 0.000000E+00 0.000000E+00 0.000000E+00 0.000000E+00 0.000000E+00 0.000000E+00 0.000000E+00 0.000000E+00 0.000000E+00 0.000000E+00 0.000000E+00 0.000000E+00 0.000000E+00 0.000000E+00 0.000000E+00 0.000000E+00 0.000000E+00 0.000000E+00 0.000000E+00 0.000000E+00 0.000000E+00 0.000000E+00 0.000000E+00 0.000000E+00 0.000000E+00 0.000000E+00 0.000000E+00 0.000000E+00 0.000000E+00 0.000000E+00 0.000000E+00 0.000000E+00 0.000000E+00 0.000000E+00 0.000000E+00 0.000000E+00 0.000000E+00 0.000000E+00 0.000000E+00 0.000000E+00 0.000000E+00 0.000000E+00 0.000000E+00 0.000000E+00 0.000000E+00 0.000000E+00 0.000000E+00 0.000000E+00 0.000000E+00 0.000000E+00 0.000000E+00 0.000000E+00 0.000000E+00 0.000000E+00 0.000000E+00 0.000000E+00 0.000000E+00 0.000000E+00 0.000000E+00 0.000000E+00 0.000000E+00 0.000000E+00 0.000000E+00 0.000000E+00 0.000000E+00 0.000000E+00 0.000000E+00 0.000000E+00 0.000000E+00 0.000000E+00 0.000000E+00 0.000000E+00 0.000000E+00 0.000000E+00 0.000000E+00 0.000000E+00 0.000000E+00 0.000000E+00 0.000000E+00 0.000000E+00 0.000000E+00 0.000000E+00 0.000000E+00 0.000000E+00 0.000000E+00 0.000000E+00 0.000000E+00 0.000000E+00 0.000000E+00 0.000000E+00 0.000000E+00 0.000000E+00 0.000000E+00 0.000000E+00 0.000000E+00 0.000000E+00 0.000000E+00 0.000000E+00 0.000000E+00 0.000000E+00 0.000000E+00 0.000000E+00 0.000000E+00 0.000000E+00 0.000000E+00 0.000000E+00 0.000000E+00 0.000000E+00 0.000000E+00 0.000000E+00 0.000000E+00 0.000000E+00 0.000000E+00 0.000000E+00 0.000000E+00 0.000000E+00 0.000000E+00
 0.712000E-02 0.784000E-02 0.344000E-02 0.328000E-02 0.288000E-02 0.240000E-02 0.264000E-02 0.152000E-02 0.216000E-02 0.152000E-02 0.160000E-02 0.880000E-03 0.104000E-02 0.144000E-02 0.640000E-03 0.880000E-03 0.560000E-03 0.640000E-03 0.960000E-03 0.800000E-03 0.640000E-03 0.640000E-03 0.720000E-03 0.640000E-03 0.320000E-03 0.480000E-03 0.480000E-03 0.240000E-03 0.800000E-04 0.160000E-03 0.240000E-03 0.160000E-03 0.240000E-03 0.880000E-03 0.160000E-03 0.320000E-03 0.800000E-04 0.800000E-04 0.800000E-04 0.800000E-04 0.000000E+00 0.800000E-04 0.800000E-04 0.320000E-03 0.000000E+00 0.800000E-04 0.800000E-04 0.000000E+00 0.000000E+00 0.000000E+00 0.160000E-03 0.000000E+00 0.000000E+00 0.000000E+00 0.000000E+00 0.800000E-04 0.800000E-04 0.800000E-04 0.000000E+00 0.000000E+00 0.000000E+00 0.000000E+00 0.000000E+00 0.000000E+00 0.000000E+00 0.000000E+00 0.000000E+00 0.000000E+00 0.000000E+00 0.000000E+00 0.000000E+00 0.000000E+00 0.000000E+00 0.000000E+00 0.000000E+00 0.000000E+00 0.000000E+00 0.000000E+00 0.000000E+00 0.000000E+00 0.000000E+00 0.000000E+00 0.000000E+00 0.000000E+00 0.000000E+00 0.000000E+00 0.000000E+00 0.000000E+00 0.000000E+00 0.000000E+00 0.000000E+00 0.000000E+00 0.000000E+00 0.000000E+00 0.000000E+00 0.000000E+00 0.000000E+00 0.000000E+00 0.000000E+00 0.000000E+00 0.000000E+00 0.000000E+00 0.000000E+00 0.000000E+00 0.000000E+00 0.000000E+00 0.000000E+00 0.000000E+00 0.000000E+00 0.000000E+00 0.000000E+00 0.000000E+00 0.000000E+00 0.000000E+00 0.000000E+00 0.000000E+00 0.000000E+00 0.000000E+00 0.000000E+00 0.000000E+00 0.000000E+00 0.000000E+00 0.000000E+00 0.000000E+00 0.000000E+00 0.000000E+00 0.000000E+00 0.000000E+00 0.000000E+00 0.000000E+00 0.000000E+00 0.000000E+00 0.000000E+00 0.000000E+00 0.000000E+00 0.000000E+00 0.000000E+00 0.000000E+00 0.000000E+00 0.000000E+00 0.000000E+00 0.000000E+00 0.000000E+00 0.000000E+00 0.000000E+00 0.000000E+00 0.000000E+00 0.000000E+00 0.000000E+00 0.000000E+00 0.000000E+00 0.000000E+00 0.000000E+00 0.000000E+00 0.000000E+00 0.000000E+00 0.000000E+00 0.000000E+00 0.000000E+00 0.000000E+00 0.000000E+00 0.000000E+00 0.000000E+00 0.000000E+00 0.000000E+00 0.000000E+00 0.000000E+00 0.000000E+00 0.000000E+00 0.000000E+00 0.000000E+00 0.000000E+00 0.000000E+00 0.000000E+00 0.000000E+00 0.000000E+00 0.000000E+00 0.000000E+00 0.000000E+00 0.000000E+00 0.000000E+00 0.000000E+00 0.000000E+00 0.000000E+00 0.000000E+00 0.000000E+00 0.000000E+00 0.000000E+00 0.000000E+00 0.000000E+00 0.000000E+00 0.000000E+00 0.000000E+00 0.000000E+00 0.000000E+00 0.000000E+00 0.000000E+00 0.000000E+00 0.000000E+00 0.000000E+00
