### Run with WimpAnn version = wimpann-2.08                            
###   Using Pythia version   = Pythia 6.400    
###   Using nusigma version  = nusigma-1.15-pyr                        
###   Using DarkSUSY version = ds-4.1.6                                
###   WimpAnn run started at date 2007-09-10; time 06:45:07
### Neutrino oscillation parameters
#      theta_12 =  0.00000000E+00
#      theta_13 =  0.00000000E+00
#      theta_23 =  0.00000000E+00
#         delta =  0.00000000E+00
#  delta_m^2_21 =  0.81000000E-04
#  delta_m^2_31 =  0.22000000E-02
### WimpAnn run parameters
#  Annihilation channel =        12
#  Generated particles =  g                g               
#  WIMP mass =  0.35000000E+03
#  Number of annihilations =   2500000
#  Source = Earth
#...dPhi/dz in  200 bins from 0 to 1
#...Line  1- 6: flux at centre of Earth for neutrino 1-6
 0.175736E+01 0.124584E+01 0.908080E+00 0.712480E+00 0.567760E+00 0.472960E+00 0.395920E+00 0.348560E+00 0.296320E+00 0.255360E+00 0.233440E+00 0.201840E+00 0.180560E+00 0.163840E+00 0.132560E+00 0.128320E+00 0.113680E+00 0.104400E+00 0.100800E+00 0.884800E-01 0.761600E-01 0.675200E-01 0.693600E-01 0.619200E-01 0.590400E-01 0.484000E-01 0.487200E-01 0.439200E-01 0.404000E-01 0.412800E-01 0.344800E-01 0.326400E-01 0.306400E-01 0.269600E-01 0.244000E-01 0.233600E-01 0.244000E-01 0.212800E-01 0.202400E-01 0.178400E-01 0.144000E-01 0.150400E-01 0.161600E-01 0.132800E-01 0.124800E-01 0.111200E-01 0.102400E-01 0.113600E-01 0.904000E-02 0.872000E-02 0.672000E-02 0.752000E-02 0.600000E-02 0.664000E-02 0.544000E-02 0.552000E-02 0.480000E-02 0.448000E-02 0.384000E-02 0.368000E-02 0.344000E-02 0.312000E-02 0.408000E-02 0.320000E-02 0.280000E-02 0.224000E-02 0.264000E-02 0.240000E-02 0.224000E-02 0.200000E-02 0.192000E-02 0.136000E-02 0.208000E-02 0.560000E-03 0.176000E-02 0.160000E-02 0.136000E-02 0.112000E-02 0.104000E-02 0.720000E-03 0.800000E-03 0.720000E-03 0.104000E-02 0.400000E-03 0.560000E-03 0.800000E-03 0.400000E-03 0.400000E-03 0.800000E-04 0.320000E-03 0.560000E-03 0.320000E-03 0.400000E-03 0.320000E-03 0.400000E-03 0.160000E-03 0.400000E-03 0.240000E-03 0.000000E+00 0.000000E+00 0.000000E+00 0.240000E-03 0.800000E-04 0.800000E-04 0.000000E+00 0.320000E-03 0.160000E-03 0.800000E-04 0.000000E+00 0.800000E-04 0.800000E-04 0.160000E-03 0.000000E+00 0.800000E-04 0.800000E-04 0.000000E+00 0.800000E-04 0.000000E+00 0.000000E+00 0.000000E+00 0.000000E+00 0.000000E+00 0.000000E+00 0.000000E+00 0.000000E+00 0.000000E+00 0.000000E+00 0.000000E+00 0.000000E+00 0.000000E+00 0.000000E+00 0.000000E+00 0.000000E+00 0.000000E+00 0.000000E+00 0.000000E+00 0.000000E+00 0.000000E+00 0.000000E+00 0.000000E+00 0.000000E+00 0.000000E+00 0.000000E+00 0.000000E+00 0.000000E+00 0.000000E+00 0.000000E+00 0.000000E+00 0.000000E+00 0.000000E+00 0.000000E+00 0.000000E+00 0.000000E+00 0.000000E+00 0.000000E+00 0.000000E+00 0.000000E+00 0.000000E+00 0.000000E+00 0.000000E+00 0.000000E+00 0.000000E+00 0.000000E+00 0.000000E+00 0.000000E+00 0.000000E+00 0.000000E+00 0.000000E+00 0.000000E+00 0.000000E+00 0.000000E+00 0.000000E+00 0.000000E+00 0.000000E+00 0.000000E+00 0.000000E+00 0.000000E+00 0.000000E+00 0.000000E+00 0.000000E+00 0.000000E+00 0.000000E+00 0.000000E+00 0.000000E+00 0.000000E+00 0.000000E+00 0.000000E+00 0.000000E+00 0.000000E+00 0.000000E+00 0.000000E+00 0.000000E+00 0.000000E+00 0.000000E+00 0.000000E+00 0.000000E+00 0.000000E+00 0.000000E+00 0.000000E+00 0.000000E+00
 0.175432E+01 0.123928E+01 0.909280E+00 0.695600E+00 0.566960E+00 0.462480E+00 0.399120E+00 0.343280E+00 0.295920E+00 0.255200E+00 0.233840E+00 0.216400E+00 0.180480E+00 0.157440E+00 0.148640E+00 0.136480E+00 0.118320E+00 0.111680E+00 0.916000E-01 0.856800E-01 0.779200E-01 0.737600E-01 0.679200E-01 0.614400E-01 0.545600E-01 0.550400E-01 0.496000E-01 0.424800E-01 0.381600E-01 0.367200E-01 0.343200E-01 0.328000E-01 0.277600E-01 0.269600E-01 0.243200E-01 0.240800E-01 0.195200E-01 0.204800E-01 0.168000E-01 0.152800E-01 0.162400E-01 0.155200E-01 0.133600E-01 0.130400E-01 0.120800E-01 0.110400E-01 0.102400E-01 0.936000E-02 0.912000E-02 0.928000E-02 0.896000E-02 0.824000E-02 0.664000E-02 0.648000E-02 0.592000E-02 0.496000E-02 0.616000E-02 0.440000E-02 0.424000E-02 0.376000E-02 0.512000E-02 0.320000E-02 0.336000E-02 0.272000E-02 0.240000E-02 0.240000E-02 0.280000E-02 0.216000E-02 0.184000E-02 0.168000E-02 0.232000E-02 0.136000E-02 0.184000E-02 0.160000E-02 0.168000E-02 0.880000E-03 0.144000E-02 0.136000E-02 0.176000E-02 0.720000E-03 0.480000E-03 0.120000E-02 0.560000E-03 0.400000E-03 0.320000E-03 0.400000E-03 0.480000E-03 0.480000E-03 0.640000E-03 0.160000E-03 0.480000E-03 0.320000E-03 0.160000E-03 0.240000E-03 0.160000E-03 0.160000E-03 0.160000E-03 0.160000E-03 0.800000E-04 0.160000E-03 0.240000E-03 0.800000E-04 0.800000E-04 0.000000E+00 0.160000E-03 0.800000E-04 0.000000E+00 0.000000E+00 0.160000E-03 0.800000E-04 0.000000E+00 0.800000E-04 0.800000E-04 0.800000E-04 0.000000E+00 0.800000E-04 0.000000E+00 0.800000E-04 0.000000E+00 0.000000E+00 0.000000E+00 0.160000E-03 0.000000E+00 0.000000E+00 0.000000E+00 0.000000E+00 0.000000E+00 0.000000E+00 0.000000E+00 0.000000E+00 0.000000E+00 0.000000E+00 0.000000E+00 0.000000E+00 0.000000E+00 0.000000E+00 0.000000E+00 0.000000E+00 0.000000E+00 0.000000E+00 0.000000E+00 0.000000E+00 0.000000E+00 0.000000E+00 0.000000E+00 0.000000E+00 0.000000E+00 0.000000E+00 0.000000E+00 0.000000E+00 0.000000E+00 0.000000E+00 0.000000E+00 0.000000E+00 0.000000E+00 0.000000E+00 0.000000E+00 0.000000E+00 0.000000E+00 0.000000E+00 0.000000E+00 0.000000E+00 0.000000E+00 0.000000E+00 0.000000E+00 0.000000E+00 0.000000E+00 0.000000E+00 0.000000E+00 0.000000E+00 0.000000E+00 0.000000E+00 0.000000E+00 0.000000E+00 0.000000E+00 0.000000E+00 0.000000E+00 0.000000E+00 0.000000E+00 0.000000E+00 0.000000E+00 0.000000E+00 0.000000E+00 0.000000E+00 0.000000E+00 0.000000E+00 0.000000E+00 0.000000E+00 0.000000E+00 0.000000E+00 0.000000E+00 0.000000E+00 0.000000E+00 0.000000E+00 0.000000E+00 0.000000E+00 0.000000E+00 0.000000E+00 0.000000E+00 0.000000E+00
 0.178952E+01 0.125128E+01 0.907280E+00 0.702800E+00 0.567920E+00 0.469600E+00 0.394240E+00 0.340640E+00 0.288880E+00 0.261920E+00 0.234800E+00 0.204080E+00 0.175360E+00 0.158560E+00 0.139040E+00 0.128080E+00 0.110480E+00 0.106240E+00 0.968000E-01 0.884000E-01 0.781600E-01 0.763200E-01 0.654400E-01 0.636000E-01 0.560800E-01 0.495200E-01 0.469600E-01 0.432800E-01 0.385600E-01 0.366400E-01 0.324000E-01 0.302400E-01 0.282400E-01 0.265600E-01 0.227200E-01 0.234400E-01 0.245600E-01 0.185600E-01 0.200800E-01 0.188000E-01 0.144800E-01 0.157600E-01 0.140000E-01 0.114400E-01 0.102400E-01 0.984000E-02 0.102400E-01 0.848000E-02 0.824000E-02 0.744000E-02 0.864000E-02 0.704000E-02 0.680000E-02 0.680000E-02 0.520000E-02 0.576000E-02 0.576000E-02 0.472000E-02 0.400000E-02 0.400000E-02 0.328000E-02 0.344000E-02 0.312000E-02 0.312000E-02 0.256000E-02 0.288000E-02 0.184000E-02 0.232000E-02 0.160000E-02 0.208000E-02 0.192000E-02 0.128000E-02 0.136000E-02 0.880000E-03 0.192000E-02 0.160000E-02 0.128000E-02 0.720000E-03 0.128000E-02 0.880000E-03 0.880000E-03 0.800000E-03 0.640000E-03 0.400000E-03 0.400000E-03 0.640000E-03 0.720000E-03 0.400000E-03 0.160000E-03 0.240000E-03 0.480000E-03 0.160000E-03 0.240000E-03 0.320000E-03 0.160000E-03 0.000000E+00 0.160000E-03 0.800000E-04 0.160000E-03 0.800000E-04 0.800000E-04 0.800000E-04 0.000000E+00 0.800000E-04 0.160000E-03 0.160000E-03 0.000000E+00 0.000000E+00 0.000000E+00 0.000000E+00 0.000000E+00 0.000000E+00 0.000000E+00 0.000000E+00 0.800000E-04 0.000000E+00 0.000000E+00 0.800000E-04 0.000000E+00 0.000000E+00 0.000000E+00 0.000000E+00 0.000000E+00 0.000000E+00 0.800000E-04 0.000000E+00 0.000000E+00 0.000000E+00 0.000000E+00 0.000000E+00 0.000000E+00 0.000000E+00 0.000000E+00 0.000000E+00 0.000000E+00 0.000000E+00 0.000000E+00 0.000000E+00 0.000000E+00 0.000000E+00 0.000000E+00 0.000000E+00 0.000000E+00 0.000000E+00 0.000000E+00 0.000000E+00 0.000000E+00 0.000000E+00 0.000000E+00 0.000000E+00 0.000000E+00 0.000000E+00 0.000000E+00 0.000000E+00 0.000000E+00 0.000000E+00 0.000000E+00 0.000000E+00 0.000000E+00 0.000000E+00 0.000000E+00 0.000000E+00 0.000000E+00 0.000000E+00 0.000000E+00 0.000000E+00 0.000000E+00 0.000000E+00 0.000000E+00 0.000000E+00 0.000000E+00 0.000000E+00 0.000000E+00 0.000000E+00 0.000000E+00 0.000000E+00 0.000000E+00 0.000000E+00 0.000000E+00 0.000000E+00 0.000000E+00 0.000000E+00 0.000000E+00 0.000000E+00 0.000000E+00 0.000000E+00 0.000000E+00 0.000000E+00 0.000000E+00 0.000000E+00 0.000000E+00 0.000000E+00 0.000000E+00 0.000000E+00 0.000000E+00 0.000000E+00 0.000000E+00 0.000000E+00 0.000000E+00 0.000000E+00
 0.180488E+01 0.125752E+01 0.898080E+00 0.713680E+00 0.568880E+00 0.470320E+00 0.399760E+00 0.339200E+00 0.293600E+00 0.256000E+00 0.223280E+00 0.194560E+00 0.177520E+00 0.158720E+00 0.135440E+00 0.125360E+00 0.115280E+00 0.104000E+00 0.938400E-01 0.850400E-01 0.827200E-01 0.720000E-01 0.640000E-01 0.559200E-01 0.539200E-01 0.532000E-01 0.446400E-01 0.436000E-01 0.384000E-01 0.363200E-01 0.343200E-01 0.306400E-01 0.287200E-01 0.270400E-01 0.221600E-01 0.226400E-01 0.224000E-01 0.202400E-01 0.184000E-01 0.159200E-01 0.176000E-01 0.137600E-01 0.137600E-01 0.150400E-01 0.112800E-01 0.112800E-01 0.100800E-01 0.104800E-01 0.952000E-02 0.912000E-02 0.640000E-02 0.784000E-02 0.632000E-02 0.696000E-02 0.560000E-02 0.632000E-02 0.520000E-02 0.392000E-02 0.424000E-02 0.288000E-02 0.336000E-02 0.376000E-02 0.288000E-02 0.240000E-02 0.200000E-02 0.224000E-02 0.264000E-02 0.224000E-02 0.208000E-02 0.224000E-02 0.184000E-02 0.184000E-02 0.144000E-02 0.112000E-02 0.960000E-03 0.640000E-03 0.136000E-02 0.144000E-02 0.800000E-03 0.640000E-03 0.480000E-03 0.480000E-03 0.720000E-03 0.880000E-03 0.560000E-03 0.560000E-03 0.320000E-03 0.480000E-03 0.160000E-03 0.240000E-03 0.240000E-03 0.560000E-03 0.640000E-03 0.160000E-03 0.240000E-03 0.800000E-04 0.160000E-03 0.800000E-04 0.000000E+00 0.240000E-03 0.800000E-04 0.160000E-03 0.160000E-03 0.800000E-04 0.800000E-04 0.800000E-04 0.800000E-04 0.800000E-04 0.160000E-03 0.000000E+00 0.000000E+00 0.800000E-04 0.800000E-04 0.800000E-04 0.000000E+00 0.000000E+00 0.800000E-04 0.000000E+00 0.000000E+00 0.000000E+00 0.800000E-04 0.000000E+00 0.000000E+00 0.000000E+00 0.000000E+00 0.000000E+00 0.000000E+00 0.000000E+00 0.000000E+00 0.000000E+00 0.000000E+00 0.000000E+00 0.000000E+00 0.000000E+00 0.000000E+00 0.000000E+00 0.000000E+00 0.000000E+00 0.000000E+00 0.000000E+00 0.000000E+00 0.000000E+00 0.000000E+00 0.000000E+00 0.000000E+00 0.000000E+00 0.000000E+00 0.000000E+00 0.000000E+00 0.000000E+00 0.000000E+00 0.000000E+00 0.000000E+00 0.000000E+00 0.000000E+00 0.000000E+00 0.000000E+00 0.000000E+00 0.000000E+00 0.000000E+00 0.000000E+00 0.000000E+00 0.000000E+00 0.000000E+00 0.000000E+00 0.000000E+00 0.000000E+00 0.000000E+00 0.000000E+00 0.000000E+00 0.000000E+00 0.000000E+00 0.000000E+00 0.000000E+00 0.000000E+00 0.000000E+00 0.000000E+00 0.000000E+00 0.000000E+00 0.000000E+00 0.000000E+00 0.000000E+00 0.000000E+00 0.000000E+00 0.000000E+00 0.000000E+00 0.000000E+00 0.000000E+00 0.000000E+00 0.000000E+00 0.000000E+00 0.000000E+00 0.000000E+00 0.000000E+00 0.000000E+00 0.000000E+00 0.000000E+00 0.000000E+00 0.000000E+00 0.000000E+00
 0.363040E+00 0.275440E+00 0.215120E+00 0.164560E+00 0.137840E+00 0.113040E+00 0.969600E-01 0.834400E-01 0.735200E-01 0.652000E-01 0.549600E-01 0.508000E-01 0.447200E-01 0.368800E-01 0.343200E-01 0.319200E-01 0.292800E-01 0.224000E-01 0.215200E-01 0.210400E-01 0.186400E-01 0.152800E-01 0.160800E-01 0.128000E-01 0.137600E-01 0.127200E-01 0.912000E-02 0.102400E-01 0.832000E-02 0.744000E-02 0.696000E-02 0.624000E-02 0.560000E-02 0.568000E-02 0.488000E-02 0.456000E-02 0.376000E-02 0.328000E-02 0.280000E-02 0.328000E-02 0.368000E-02 0.280000E-02 0.184000E-02 0.216000E-02 0.192000E-02 0.184000E-02 0.152000E-02 0.120000E-02 0.160000E-02 0.960000E-03 0.720000E-03 0.640000E-03 0.720000E-03 0.880000E-03 0.960000E-03 0.400000E-03 0.480000E-03 0.400000E-03 0.480000E-03 0.240000E-03 0.000000E+00 0.160000E-03 0.160000E-03 0.800000E-04 0.800000E-04 0.800000E-04 0.240000E-03 0.240000E-03 0.240000E-03 0.320000E-03 0.000000E+00 0.000000E+00 0.800000E-04 0.000000E+00 0.000000E+00 0.800000E-04 0.160000E-03 0.000000E+00 0.800000E-04 0.800000E-04 0.800000E-04 0.800000E-04 0.000000E+00 0.000000E+00 0.000000E+00 0.000000E+00 0.000000E+00 0.000000E+00 0.000000E+00 0.000000E+00 0.000000E+00 0.000000E+00 0.000000E+00 0.000000E+00 0.000000E+00 0.000000E+00 0.000000E+00 0.000000E+00 0.800000E-04 0.000000E+00 0.000000E+00 0.000000E+00 0.000000E+00 0.000000E+00 0.000000E+00 0.000000E+00 0.000000E+00 0.000000E+00 0.000000E+00 0.000000E+00 0.000000E+00 0.000000E+00 0.000000E+00 0.000000E+00 0.000000E+00 0.000000E+00 0.000000E+00 0.000000E+00 0.000000E+00 0.000000E+00 0.000000E+00 0.000000E+00 0.000000E+00 0.000000E+00 0.000000E+00 0.000000E+00 0.000000E+00 0.000000E+00 0.000000E+00 0.000000E+00 0.000000E+00 0.000000E+00 0.000000E+00 0.000000E+00 0.000000E+00 0.000000E+00 0.000000E+00 0.000000E+00 0.000000E+00 0.000000E+00 0.000000E+00 0.000000E+00 0.000000E+00 0.000000E+00 0.000000E+00 0.000000E+00 0.000000E+00 0.000000E+00 0.000000E+00 0.000000E+00 0.000000E+00 0.000000E+00 0.000000E+00 0.000000E+00 0.000000E+00 0.000000E+00 0.000000E+00 0.000000E+00 0.000000E+00 0.000000E+00 0.000000E+00 0.000000E+00 0.000000E+00 0.000000E+00 0.000000E+00 0.000000E+00 0.000000E+00 0.000000E+00 0.000000E+00 0.000000E+00 0.000000E+00 0.000000E+00 0.000000E+00 0.000000E+00 0.000000E+00 0.000000E+00 0.000000E+00 0.000000E+00 0.000000E+00 0.000000E+00 0.000000E+00 0.000000E+00 0.000000E+00 0.000000E+00 0.000000E+00 0.000000E+00 0.000000E+00 0.000000E+00 0.000000E+00 0.000000E+00 0.000000E+00 0.000000E+00 0.000000E+00 0.000000E+00 0.000000E+00 0.000000E+00 0.000000E+00 0.000000E+00 0.000000E+00 0.000000E+00
 0.360240E+00 0.277920E+00 0.212240E+00 0.168880E+00 0.136320E+00 0.112320E+00 0.933600E-01 0.873600E-01 0.739200E-01 0.634400E-01 0.571200E-01 0.508000E-01 0.426400E-01 0.409600E-01 0.339200E-01 0.304800E-01 0.253600E-01 0.253600E-01 0.224800E-01 0.190400E-01 0.218400E-01 0.156000E-01 0.167200E-01 0.136800E-01 0.112000E-01 0.112800E-01 0.848000E-02 0.896000E-02 0.872000E-02 0.720000E-02 0.768000E-02 0.592000E-02 0.600000E-02 0.544000E-02 0.480000E-02 0.528000E-02 0.336000E-02 0.336000E-02 0.344000E-02 0.240000E-02 0.256000E-02 0.272000E-02 0.344000E-02 0.208000E-02 0.224000E-02 0.136000E-02 0.216000E-02 0.136000E-02 0.640000E-03 0.800000E-03 0.120000E-02 0.960000E-03 0.640000E-03 0.720000E-03 0.800000E-03 0.800000E-03 0.480000E-03 0.720000E-03 0.480000E-03 0.640000E-03 0.400000E-03 0.240000E-03 0.240000E-03 0.160000E-03 0.720000E-03 0.160000E-03 0.000000E+00 0.160000E-03 0.800000E-04 0.800000E-04 0.000000E+00 0.000000E+00 0.240000E-03 0.800000E-04 0.000000E+00 0.000000E+00 0.000000E+00 0.000000E+00 0.000000E+00 0.000000E+00 0.160000E-03 0.000000E+00 0.000000E+00 0.000000E+00 0.160000E-03 0.000000E+00 0.000000E+00 0.000000E+00 0.000000E+00 0.000000E+00 0.000000E+00 0.000000E+00 0.000000E+00 0.000000E+00 0.000000E+00 0.000000E+00 0.000000E+00 0.000000E+00 0.000000E+00 0.000000E+00 0.000000E+00 0.000000E+00 0.000000E+00 0.000000E+00 0.000000E+00 0.000000E+00 0.000000E+00 0.000000E+00 0.000000E+00 0.000000E+00 0.000000E+00 0.000000E+00 0.000000E+00 0.000000E+00 0.000000E+00 0.000000E+00 0.000000E+00 0.000000E+00 0.000000E+00 0.000000E+00 0.000000E+00 0.000000E+00 0.000000E+00 0.000000E+00 0.000000E+00 0.000000E+00 0.000000E+00 0.000000E+00 0.000000E+00 0.000000E+00 0.000000E+00 0.000000E+00 0.000000E+00 0.000000E+00 0.000000E+00 0.000000E+00 0.000000E+00 0.000000E+00 0.000000E+00 0.000000E+00 0.000000E+00 0.000000E+00 0.000000E+00 0.000000E+00 0.000000E+00 0.000000E+00 0.000000E+00 0.000000E+00 0.000000E+00 0.000000E+00 0.000000E+00 0.000000E+00 0.000000E+00 0.000000E+00 0.000000E+00 0.000000E+00 0.000000E+00 0.000000E+00 0.000000E+00 0.000000E+00 0.000000E+00 0.000000E+00 0.000000E+00 0.000000E+00 0.000000E+00 0.000000E+00 0.000000E+00 0.000000E+00 0.000000E+00 0.000000E+00 0.000000E+00 0.000000E+00 0.000000E+00 0.000000E+00 0.000000E+00 0.000000E+00 0.000000E+00 0.000000E+00 0.000000E+00 0.000000E+00 0.000000E+00 0.000000E+00 0.000000E+00 0.000000E+00 0.000000E+00 0.000000E+00 0.000000E+00 0.000000E+00 0.000000E+00 0.000000E+00 0.000000E+00 0.000000E+00 0.000000E+00 0.000000E+00 0.000000E+00 0.000000E+00 0.000000E+00 0.000000E+00 0.000000E+00 0.000000E+00
